Vmax,Rmax,R34,fcor
28.292,111.12,319.47,7.2921e-05
28.292,111.12,342.62,7.450861e-05
28.292,111.12,365.77,7.5985095e-05
28.292,111.12,370.39996,7.719664e-05
28.292,111.12,375.02997,7.814606e-05
25.720001,101.86,377.34497,7.886704e-05
23.148,92.6,379.66,7.943125e-05
23.148,92.6,402.81,7.997978e-05
23.148,92.6,425.96,8.049559e-05
23.148,92.6,435.21997,8.1022336e-05
23.148,92.6,444.47998,8.155382e-05
24.1768,92.6,446.795,8.208037e-05
25.720001,92.6,449.11,8.2605824e-05
26.7488,92.6,449.11,8.318922e-05
28.292,92.6,449.11,8.365155e-05
29.3208,92.6,446.795,8.394224e-05
30.864,92.6,444.47998,8.3859915e-05
31.8928,92.6,458.37,8.3253515e-05
33.436,92.6,472.25998,8.239592e-05
33.436,92.6,479.205,8.167289e-05
33.436,92.6,486.15,8.0919635e-05
33.436,92.6,493.09497,8.0083584e-05
33.436,92.6,500.03998,7.921766e-05
31.8928,92.6,513.93,7.831061e-05
30.864,92.6,527.81995,7.750023e-05
29.3208,92.6,560.23,7.6833334e-05
28.292,92.6,592.64,7.641916e-05
28.292,92.6,592.64,7.638444e-05
28.292,92.6,592.64,7.641916e-05
28.292,92.6,592.64,7.630332e-05
28.292,92.6,592.64,7.576771e-05
26.7488,92.6,564.86,7.45617e-05
25.720001,92.6,537.08,7.2921e-05
25.720001,92.6,523.19,7.1281735e-05
25.720001,92.6,509.3,6.936598e-05
25.720001,92.6,481.52002,6.695099e-05
25.720001,92.6,453.74,6.461839e-05
25.720001,92.6,395.865,6.275327e-05
25.720001,92.6,337.99,6.1635496e-05
25.720001,92.6,261.595,6.147475e-05
25.720001,92.6,185.2,6.186609e-05
25.720001,92.6,185.2,6.219162e-05
25.720001,92.6,185.2,6.255676e-05
24.1768,92.6,164.36499,6.27687e-05
23.148,92.6,143.53,6.3016254e-05
23.148,92.6,134.27,6.3388565e-05
23.148,92.6,125.009995,6.393293e-05
23.148,83.34,157.42,6.459532e-05
23.148,74.08,185.20001,6.552959e-05
25.720001,59.264,185.20001,6.677138e-05
28.292,46.3,185.20001,6.8243826e-05
30.864,40.744,200.63335,6.9762384e-05
33.436,37.04,175.94,7.137252e-05
