Vmax,Rmax,R34,fcor
18.004,55.56,55.56,3.305528e-05
18.004,55.56,55.56,3.3216056e-05
18.004,55.56,55.56,3.330315e-05
19.0328,55.56,74.079994,3.345775e-05
20.576,55.56,92.600006,3.3798577e-05
20.576,55.56,92.600006,3.4429104e-05
20.576,55.56,92.600006,3.5282377e-05
21.604801,55.56,101.24267,3.6268746e-05
23.148,55.56,111.119995,3.7254722e-05
23.148,55.56,111.119995,3.8065482e-05
23.148,55.56,111.119995,3.872924e-05
23.148,55.56,111.119995,3.9237722e-05
23.148,55.56,111.119995,3.9709896e-05
23.148,55.56,111.119995,4.0375468e-05
23.148,55.56,111.119995,4.093299e-05
23.148,55.56,111.119995,4.110943e-05
23.148,55.56,111.119995,4.1177245e-05
23.148,55.56,111.119995,4.1402167e-05
23.148,55.56,111.119995,4.1665367e-05
23.148,55.56,111.119995,4.1907668e-05
23.148,55.56,111.119995,4.2152973e-05
23.148,55.56,111.119995,4.2322612e-05
23.148,55.56,111.119995,4.2640077e-05
23.148,55.56,111.119995,4.325946e-05
23.148,55.56,111.119995,4.409823e-05
23.148,55.56,111.119995,4.5103083e-05
23.148,55.56,111.119995,4.6034886e-05
25.720001,55.56,111.119995,4.6607132e-05
28.292,55.56,111.119995,4.6999867e-05
30.864,46.3,135.196,4.737844e-05
33.436,37.04,141.215,4.7722115e-05
37.0368,37.04,141.215,4.804642e-05
41.152,37.04,141.215,4.844305e-05
46.296,31.484,141.215,4.8936094e-05
