Vmax,Rmax,R34,fcor
18.004,46.3,46.3,2.8327528e-05
18.004,46.3,50.004,2.8214748e-05
18.004,46.3,55.56,2.8327528e-05
19.0328,46.3,86.118,2.8607861e-05
20.576,46.3,118.064995,2.9076216e-05
23.148,77.784,148.623,2.964302e-05
25.720001,111.12,180.57,3.0322259e-05
26.7488,96.304,180.57,3.1068135e-05
28.292,83.34,180.57,3.1814445e-05
29.3208,83.34,180.57,3.2472115e-05
30.864,83.34,180.57,3.305528e-05
31.8928,68.524,189.367,3.356955e-05
33.436,55.56,199.09,3.404614e-05
36.008,46.3,198.627,3.4521032e-05
38.58,37.04,199.09,3.5035337e-05
39.6088,37.04,199.09,3.565206e-05
41.152,37.04,199.09,3.626943e-05
42.1808,37.04,217.14699,3.676188e-05
43.724,37.04,236.13,3.7254722e-05
44.7528,31.484,236.13,3.786935e-05
46.296,27.78,236.13,3.8483773e-05
47.3248,31.484,244.927,3.8973612e-05
48.868,37.04,254.65,3.9464914e-05
49.8968,40.744,254.65,4.0022045e-05
51.440002,46.3,254.65,4.0688625e-05
52.4688,40.744,254.65,4.1505875e-05
54.012,37.04,254.65,4.239659e-05
