Vmax,Rmax,R34,fcor
18.004,55.56,74.08,2.6327272e-05
18.004,50.004,74.08,2.672107e-05
18.004,46.3,74.08,2.707799e-05
19.0328,46.3,74.08,2.7414992e-05
20.576,46.3,74.08,2.7827968e-05
20.576,46.3,74.08,2.8377177e-05
20.576,46.3,74.08,2.9076216e-05
20.576,50.004,74.08,2.9891693e-05
20.576,55.56,74.08,3.0820032e-05
20.576,55.56,74.08,3.179486e-05
20.576,55.56,74.08,3.280731e-05
21.604801,55.56,83.340004,3.38162e-05
23.148,55.56,92.6,3.47882e-05
23.148,55.56,101.86001,3.567121e-05
23.148,55.56,111.119995,3.651592e-05
23.148,55.56,108.033325,3.737665e-05
23.148,55.56,104.94666,3.8238195e-05
21.604801,55.56,104.94666,3.907746e-05
20.576,55.56,104.94666,3.995476e-05
20.576,55.56,104.94666,4.08407e-05
20.576,55.56,104.94666,4.1909232e-05
20.576,64.82,114.206665,4.3278185e-05
20.576,74.08,123.466675,4.4825505e-05
20.576,92.6,138.90001,4.6413843e-05
20.576,111.12,154.33333,4.796257e-05
20.576,111.12,166.68001,4.9318107e-05
20.576,111.12,179.02666,5.059779e-05
20.576,111.12,179.02666,5.188052e-05
20.576,111.12,179.02666,5.321436e-05
20.576,111.12,179.02666,5.4161024e-05
21.0904,111.12,179.02666,5.466658e-05
23.148,111.12,179.02666,5.6281307e-05
25.720001,83.34,175.93999,5.7926467e-05
28.292,55.56,172.85333,5.9551734e-05
29.3208,46.3,172.85333,6.105808e-05
30.864,37.04,172.85333,6.255676e-05
