Vmax,Rmax,R34,fcor
18.004,92.6,74.08,7.6852295e-05
18.004,92.6,74.08,7.8526115e-05
18.004,92.6,74.08,8.028322e-05
18.004,83.34,83.34,8.208025e-05
18.004,74.08,92.6,8.3859915e-05
18.004,64.82,92.6,8.557953e-05
18.004,55.56,92.6,8.7158856e-05
19.0328,55.56,92.6,8.863074e-05
20.576,55.56,86.42667,8.9789304e-05
20.576,55.56,92.6,9.050971e-05
20.576,55.56,98.77334,9.098784e-05
20.576,55.56,98.77334,9.15283e-05
20.576,55.56,98.77334,9.197902e-05
20.576,55.56,98.77334,9.233426e-05
20.576,55.56,98.77334,9.257037e-05
20.576,55.56,98.77334,9.279974e-05
20.576,55.56,92.600006,9.2766924e-05
20.576,55.56,94.91501,9.227831e-05
20.576,55.56,97.23001,9.1583395e-05
20.576,55.56,99.545,9.0928006e-05
20.576,55.56,101.86,9.038981e-05
21.604801,55.56,106.490005,9.008325e-05
23.148,55.56,111.119995,8.998974e-05
24.1768,55.56,111.119995,8.999616e-05
25.720001,55.56,111.119995,9.0189926e-05
28.292,55.56,111.119995,9.047194e-05
30.864,55.56,111.119995,9.098784e-05
33.436,55.56,111.119995,9.178795e-05
36.008,55.56,111.119995,9.2766924e-05
