Vmax,Rmax,R34,fcor
20.576,166.68,231.5,4.458322e-05
20.576,175.94,254.65,4.5448105e-05
20.576,185.2,277.8,4.651767e-05
21.604801,161.124,277.8,4.7911577e-05
23.148,138.9,277.8,4.9402213e-05
23.148,138.9,277.8,5.0679937e-05
23.148,138.9,277.8,5.178951e-05
23.148,138.9,277.8,5.2027382e-05
23.148,138.9,277.8,5.318456e-05
23.148,138.9,277.8,5.4161024e-05
23.148,111.12,259.28,5.546331e-05
23.148,83.34,240.76,5.6516048e-05
23.148,83.34,240.76,5.6891036e-05
23.148,83.34,194.45999,5.698501e-05
23.148,83.34,192.145,5.7166144e-05
23.148,83.34,189.83,5.7453286e-05
25.720001,83.34,196.775,5.7966517e-05
28.292,83.34,203.72,5.862087e-05
29.3208,55.56,212.98001,5.9301605e-05
30.864,27.78,222.24,6.0016075e-05
31.8928,31.484,212.98001,6.072869e-05
33.436,37.04,203.72,6.14047e-05
34.4648,37.04,203.72,6.199819e-05
36.008,37.04,203.72,6.255676e-05
