Vmax,Rmax,R34,fcor
18.004,92.6,111.12,5.6046403e-05
19.0328,83.34,115.75,5.685016e-05
20.576,74.08,120.380005,5.768715e-05
21.604801,74.08,120.380005,5.859172e-05
23.148,74.08,120.380005,5.9319285e-05
23.148,74.08,125.009995,5.9638845e-05
23.148,74.08,129.64,5.9784e-05
23.148,92.6,148.16,5.9998667e-05
23.148,111.12,166.68001,6.0247978e-05
24.1768,111.12,166.68001,6.059546e-05
25.720001,111.12,166.68001,6.0942573e-05
25.720001,129.64,194.45999,6.119107e-05
25.720001,148.16,222.23999,6.14047e-05
29.3208,105.564,222.23999,6.1583625e-05
33.436,64.82,152.79,6.186609e-05
33.436,68.524,157.42,6.228639e-05
33.436,74.08,162.05,6.3016254e-05
33.436,74.08,162.05,6.4121574e-05
33.436,74.08,162.05,6.552959e-05
33.436,83.34,199.09,6.70659e-05
33.436,92.6,236.13,6.869332e-05
34.4648,77.784,245.39001,7.03098e-05
36.008,64.82,254.65001,7.181604e-05
36.008,64.82,247.705,7.309763e-05
36.008,64.82,240.76,7.423962e-05
36.008,64.82,240.76,7.539739e-05
36.008,64.82,240.76,7.641916e-05
34.4648,64.82,233.81499,7.714338e-05
33.436,64.82,226.87,7.793102e-05
33.436,64.82,226.87,7.912063e-05
33.436,64.82,226.87,8.049559e-05
33.436,64.82,226.87,8.182255e-05
33.436,64.82,226.87,8.3234e-05
34.4648,59.264,226.87,8.480172e-05
36.008,55.56,226.87,8.6340384e-05
