Vmax,Rmax,R34,fcor
18.004,74.08,55.56,2.9824112e-05
19.0328,64.82,68.524,2.9805062e-05
20.576,55.56,74.079994,2.9824112e-05
23.148,55.56,78.40133,2.9928955e-05
25.720001,55.56,76.395,3.0073232e-05
25.720001,55.56,76.395,3.015993e-05
25.720001,55.56,76.395,3.0322259e-05
25.720001,46.3,76.395,3.0619976e-05
25.720001,37.04,76.395,3.1068776e-05
26.7488,37.04,79.636,3.170779e-05
28.292,37.04,83.34,3.231108e-05
29.3208,37.04,83.34,3.261482e-05
30.864,37.04,83.34,3.280731e-05
33.436,37.04,86.58099,3.303563e-05
36.008,37.04,90.284996,3.330315e-05
38.58,31.484,109.731,3.3654545e-05
41.152,27.78,129.63998,3.404614e-05
41.152,27.78,146.771,3.4435117e-05
41.152,27.78,164.365,3.47882e-05
41.152,18.52,164.365,3.5052897e-05
41.152,9.26,164.365,3.5282377e-05
41.152,9.26,167.606,3.5528403e-05
41.152,9.26,171.31,3.577612e-05
43.724,12.964,185.2,3.5984664e-05
46.296,18.52,199.09,3.626943e-05
51.440002,22.223999,217.61,3.6780115e-05
56.584,27.78,236.13,3.7254722e-05
60.1848,22.223999,252.33499,3.743221e-05
64.3,18.52,268.53998,3.7500762e-05
69.444,18.52,268.53998,3.7567796e-05
74.588,18.52,268.53998,3.7746686e-05
74.588,18.52,273.16998,3.816363e-05
74.588,18.52,277.8,3.872924e-05
70.4728,18.52,273.17,3.9378698e-05
66.872,18.52,268.53998,3.995476e-05
64.3,18.52,261.595,4.023537e-05
61.728,18.52,254.65,4.0444127e-05
61.728,18.52,254.65,4.0773422e-05
61.728,18.52,254.65,4.1177245e-05
62.7568,22.223999,261.595,4.166474e-05
64.3,27.78,268.53998,4.2152973e-05
64.3,37.04,255.57599,4.2517266e-05
64.3,46.3,243.07498,4.288343e-05
64.3,40.744,243.07498,4.3404958e-05
64.3,37.04,243.07498,4.385554e-05
65.328804,37.04,243.07498,4.401339e-05
66.872,37.04,243.07498,4.409823e-05
66.872,37.04,238.445,4.4320735e-05
66.872,37.04,233.81499,4.458322e-05
67.9008,27.78,233.81499,4.482475e-05
69.444,18.52,233.81499,4.506766e-05
72.016,22.223999,235.66699,4.5272376e-05
74.588,27.78,238.44499,4.5551555e-05
