Vmax,Rmax,R34,fcor
18.004,46.3,46.300003,2.7827968e-05
19.0328,46.3,46.300003,2.7827817e-05
20.576,46.3,46.300003,2.7827968e-05
21.604801,46.3,52.782,2.7827218e-05
23.148,46.3,60.19,2.7827968e-05
23.148,40.744,60.19,2.7827631e-05
23.148,37.04,60.19,2.7827968e-05
23.148,37.04,69.913,2.780848e-05
23.148,37.04,81.025,2.7827968e-05
23.148,37.04,89.822,2.79334e-05
23.148,37.04,99.545006,2.807779e-05
24.1768,59.264,106.027,2.8183602e-05
25.720001,83.34,113.435005,2.8327528e-05
26.7488,87.044,132.88101,2.8558272e-05
28.292,92.6,152.79001,2.882674e-05
31.8928,92.6,152.79001,2.9056597e-05
36.008,92.6,152.79001,2.9325609e-05
37.0368,64.82,152.79001,2.9582876e-05
38.58,37.04,152.79001,3.0073232e-05
38.58,33.336,151.86401,3.0322259e-05
40.1232,27.78,150.475,3.0753545e-05
43.724,18.52,148.16,3.131743e-05
47.3248,12.964,144.456,3.195195e-05
51.440002,9.26,141.215,3.2559245e-05
54.012,9.26,148.16,3.307348e-05
56.584,9.26,155.10501,3.3550914e-05
57.6128,9.26,158.346,3.4045243e-05
59.156002,9.26,162.05,3.454095e-05
59.156002,9.26,164.365,3.5034616e-05
59.156002,9.26,166.68001,3.5529305e-05
54.012,9.26,164.36499,3.6022284e-05
48.868,9.26,162.05,3.651592e-05
52.4688,12.964,162.05,3.698923e-05
56.584,18.52,162.05,3.7500762e-05
59.156002,18.52,164.365,3.809643e-05
61.728,18.52,166.68,3.872924e-05
64.3,18.52,166.68,3.9341554e-05
66.872,18.52,166.68,3.995476e-05
67.9008,18.52,168.995,4.0529078e-05
69.444,18.52,171.31,4.1177245e-05
