Vmax,Rmax,R34,fcor
18.004,74.08,138.9,3.280731e-05
20.576,105.564,138.9,3.3072807e-05
23.148,138.9,111.119995,3.330315e-05
23.148,124.084,120.38,3.354971e-05
23.148,111.12,129.64,3.3798577e-05
21.604801,111.12,135.81334,3.406468e-05
20.576,111.12,141.98666,3.4293596e-05
20.576,111.12,148.15999,3.4434677e-05
20.576,111.12,154.33333,3.454095e-05
20.576,68.524,157.42,3.4682373e-05
20.576,27.78,160.50667,3.47882e-05
20.576,31.484,151.24666,3.478711e-05
20.576,37.04,141.98666,3.47882e-05
21.604801,37.04,141.98666,3.4855886e-05
23.148,37.04,141.98666,3.5035337e-05
23.148,37.04,141.98666,3.5349374e-05
23.148,37.04,141.98666,3.577612e-05
23.148,37.04,141.98666,3.624965e-05
23.148,37.04,141.98668,3.67623e-05
23.148,40.744,141.98668,3.7327605e-05
23.148,46.3,141.98668,3.7746686e-05
23.148,55.56,138.90001,3.7819816e-05
23.148,64.82,135.81334,3.7746686e-05
23.148,87.044,135.81334,3.7728347e-05
23.148,111.12,135.81334,3.7746686e-05
23.148,92.6,135.81334,3.7850063e-05
23.148,74.08,135.81334,3.7992504e-05
23.148,55.56,135.81334,3.8096096e-05
23.148,37.04,135.81334,3.8238195e-05
24.1768,37.04,129.64,3.8446477e-05
25.720001,37.04,123.46667,3.872924e-05
26.7488,37.04,123.46667,3.9041486e-05
28.292,37.04,123.46667,3.9464914e-05
28.292,37.04,123.46667,4.0040595e-05
28.292,37.04,123.46667,4.0688625e-05
28.292,37.04,123.46667,4.1280593e-05
28.292,37.04,123.46667,4.1909232e-05
28.292,31.484,132.72667,4.263986e-05
28.292,27.78,120.380005,4.3369746e-05
30.864,27.78,131.95499,4.3976208e-05
33.436,27.78,143.53,4.458322e-05
36.008,27.78,152.79001,4.5345594e-05
38.58,27.78,162.05,4.6034886e-05
39.6088,22.223999,171.31,4.6539106e-05
41.152,18.52,180.57,4.675884e-05
41.152,18.52,180.57,4.675884e-05
