Vmax,Rmax,R34,fcor
18.004,55.56,55.56,2.6827835e-05
18.004,55.56,55.56,2.7077813e-05
18.004,55.56,55.56,2.7328068e-05
18.004,55.56,55.56,2.7577498e-05
18.004,55.56,55.56,2.7827968e-05
19.0328,55.56,55.56,2.8077788e-05
20.576,55.56,55.56,2.8327528e-05
21.604801,55.56,55.56,2.857676e-05
23.148,55.56,55.56,2.882674e-05
23.148,55.56,64.82,2.9057088e-05
23.148,55.56,64.82,2.9325609e-05
23.148,55.56,64.82,2.9680712e-05
23.148,55.56,64.82,3.0073232e-05
23.148,55.56,64.82,3.042774e-05
23.148,55.56,64.82,3.0820032e-05
23.148,50.004,64.82,3.1298605e-05
23.148,46.3,64.82,3.1814445e-05
23.148,46.3,64.82,3.231086e-05
23.148,46.3,64.82,3.280731e-05
23.148,46.3,60.19,3.305528e-05
23.148,46.3,60.19,3.3350185e-05
23.148,46.3,60.19,3.404614e-05
23.148,46.3,60.19,3.460929e-05
23.148,46.3,60.19,3.5282377e-05
23.148,46.3,60.19,3.577612e-05
23.148,46.3,64.82001,3.6909e-05
23.148,46.3,69.45,3.7746686e-05
24.1768,40.744,69.45,3.8624843e-05
25.720001,37.04,69.45,3.9464914e-05
26.7488,37.04,71.765,4.0284907e-05
28.292,37.04,74.08,4.1177245e-05
29.3208,37.04,74.08,4.2250827e-05
30.864,37.04,74.08,4.3369746e-05
32.9216,27.78,81.488,4.4359578e-05
33.436,27.78,83.340004,4.458322e-05
36.008,27.78,83.340004,4.6034886e-05
37.0368,27.78,83.340004,4.7167025e-05
38.58,27.78,83.340004,4.796257e-05
38.58,27.78,92.59999,4.8886846e-05
38.58,27.78,101.86,4.9880902e-05
38.58,27.78,101.86,5.1039155e-05
38.58,27.78,101.86,5.22651e-05
38.58,27.78,106.49,5.348652e-05
38.58,27.78,111.119995,5.4633376e-05
39.6088,22.223999,111.119995,5.5628738e-05
41.152,18.52,111.119995,5.6516048e-05
43.724,18.52,120.38,5.7336405e-05
46.296,18.52,129.64,5.8154368e-05
47.3248,18.52,131.955,5.912113e-05
48.868,18.52,134.27,6.0016075e-05
49.8968,18.52,138.9,6.0647446e-05
51.440002,18.52,143.53,6.1173734e-05
55.040802,18.52,145.845,6.178485e-05
59.156002,18.52,148.16,6.2326726e-05
60.1848,18.52,148.16,6.270628e-05
61.728,18.52,148.16,6.3016254e-05
62.7568,18.52,155.105,6.3376916e-05
64.3,18.52,162.04999,6.370404e-05
65.328804,18.52,162.04999,6.3950334e-05
66.872,18.52,162.04999,6.416161e-05
67.9008,18.52,166.68,6.440633e-05
69.444,18.52,171.31,6.461839e-05
72.016,18.52,173.625,6.474955e-05
74.588,18.52,175.94,6.4846485e-05
77.16,12.964,175.94,6.497992e-05
79.732,9.26,175.94,6.507438e-05
