Vmax,Rmax,R34,fcor
18.004,138.9,55.56,2.9824112e-05
18.004,138.9,55.56,3.0496378e-05
18.004,138.9,55.56,3.131743e-05
18.004,138.9,55.56,3.2310774e-05
18.004,138.9,55.56,3.330315e-05
20.576,111.12,55.56,3.4119756e-05
23.148,83.34,69.45,3.47882e-05
24.1768,77.784,79.173004,3.5300585e-05
25.720001,74.08,90.284996,3.577612e-05
26.7488,50.004,90.284996,3.6373636e-05
28.292,27.78,90.284996,3.700857e-05
30.864,22.223999,93.526,3.7678627e-05
33.436,18.52,97.229996,3.8238195e-05
36.008,22.223999,110.194,3.8538208e-05
38.58,27.78,125.009995,3.872924e-05
39.6088,27.78,131.492,3.8900085e-05
41.152,27.78,138.9,3.9219805e-05
38.58,31.484,152.79,3.9843686e-05
36.008,37.04,166.68,4.0688625e-05
34.4648,37.04,166.68,4.164688e-05
33.436,37.04,166.68,4.2640077e-05
34.4648,37.04,166.68,4.350855e-05
36.008,37.04,166.68,4.4340795e-05
36.008,37.04,166.68,4.51338e-05
36.008,37.04,166.68,4.6034886e-05
36.008,37.04,166.68,4.7131907e-05
36.008,37.04,166.68,4.844305e-05
37.0368,37.04,166.68,4.994604e-05
38.58,37.04,166.68,5.155148e-05
39.6088,37.04,190.756,5.313103e-05
41.152,37.04,215.295,5.4633376e-05
42.1808,37.04,215.295,5.5999306e-05
43.724,37.04,215.295,5.721923e-05
43.724,37.04,215.295,5.8322705e-05
43.724,37.04,215.295,5.9319285e-05
44.7528,31.484,215.295,6.0265455e-05
46.296,27.78,215.295,6.1173734e-05
47.3248,31.484,228.72198,6.21304e-05
48.868,37.04,243.075,6.3016254e-05
52.4688,37.04,243.075,6.378967e-05
56.584,37.04,243.075,6.43901e-05
56.584,31.484,250.02,6.473239e-05
56.584,27.78,256.965,6.507438e-05
