Vmax,Rmax,R34,fcor
18.004,74.08,74.08,4.3126656e-05
18.004,74.08,92.6,4.3751992e-05
18.004,74.08,111.12,4.4340795e-05
19.0328,74.08,111.12,4.504899e-05
20.576,74.08,111.12,4.5793287e-05
20.576,74.08,111.12,4.6498815e-05
20.576,74.08,101.86,4.7240763e-05
20.576,74.08,101.86,4.804653e-05
20.576,74.08,101.86,4.892293e-05
21.604801,74.08,106.490005,4.9826605e-05
23.148,74.08,111.12,5.083645e-05
23.148,74.08,111.12,5.2009247e-05
23.148,74.08,111.12,5.321436e-05
24.1768,55.56,111.12,5.433175e-05
25.720001,37.04,111.12,5.5340646e-05
26.7488,37.04,134.26999,5.6198878e-05
28.292,37.04,134.26999,5.698501e-05
29.3208,31.484,159.735,5.780353e-05
30.864,27.78,185.20001,5.862087e-05
33.436,22.223999,185.20001,5.9435537e-05
36.008,18.52,185.20001,6.0247978e-05
37.0368,18.52,185.20001,6.105741e-05
38.58,18.52,185.20001,6.186609e-05
39.6088,18.52,185.20001,6.267092e-05
41.152,18.52,185.20001,6.3474974e-05
42.1808,27.78,203.72,6.431014e-05
43.724,37.04,222.24,6.507438e-05
44.7528,37.04,222.24,6.564254e-05
46.296,37.04,222.24,6.621089e-05
47.3248,37.04,240.76,6.69526e-05
48.868,37.04,259.28,6.7793495e-05
48.868,37.04,259.28,6.8642104e-05
48.868,37.04,259.28,6.958979e-05
49.8968,37.04,259.28,7.065548e-05
51.440002,37.04,259.28,7.181604e-05
