Vmax,Rmax,R34,fcor
18.004,129.64,175.94,4.2152973e-05
18.004,148.16,175.94,4.2377378e-05
18.004,166.68,175.94,4.2640077e-05
19.0328,166.68,180.57,4.2986805e-05
20.576,166.68,185.2,4.3369746e-05
20.576,166.68,191.682,4.3697037e-05
20.576,166.68,199.09,4.409823e-05
20.576,166.68,228.72198,4.4686538e-05
20.576,166.68,203.72002,4.5309676e-05
21.604801,166.68,238.908,4.579299e-05
23.148,166.68,274.71335,4.627635e-05
23.148,151.864,301.876,4.689717e-05
23.148,138.9,330.27335,4.748151e-05
23.148,138.9,359.288,4.7878122e-05
23.148,138.9,388.92,4.8202877e-05
23.148,138.9,422.256,4.8563008e-05
23.148,138.9,456.82666,4.892293e-05
21.604801,161.124,490.1627,4.926396e-05
20.576,185.2,524.73334,4.9641636e-05
20.576,185.2,524.73334,5.006561e-05
20.576,185.2,524.73334,5.059779e-05
20.576,185.2,524.73334,5.1277668e-05
20.576,185.2,524.73334,5.2027382e-05
20.576,185.2,524.73334,5.280983e-05
20.576,185.2,524.73334,5.345127e-05
20.576,185.2,524.73334,5.375974e-05
20.576,185.2,524.73334,5.392461e-05
21.604801,185.2,516.708,5.405387e-05
23.148,185.2,509.30002,5.439729e-05
24.1768,129.64,485.8413,5.518005e-05
25.720001,74.08,375.03,5.6281307e-05
25.720001,77.784,372.25198,5.760625e-05
25.720001,83.34,370.4,5.8853857e-05
25.720001,83.34,367.622,5.962051e-05
25.720001,83.34,365.77002,6.0247978e-05
25.720001,83.34,365.77002,6.097135e-05
25.720001,83.34,365.77002,6.186609e-05
28.292,83.34,344.472,6.3096115e-05
30.864,83.34,324.1,6.43901e-05
33.436,77.784,314.84,6.543294e-05
36.008,74.08,305.58002,6.643758e-05
37.0368,64.82,308.82098,6.7517336e-05
38.58,55.56,312.52502,6.869332e-05
