Vmax,Rmax,R34,fcor
18.004,129.64,166.68,4.0444127e-05
19.0328,120.38,175.94,4.1158415e-05
20.576,111.12,203.72,4.1909232e-05
21.604801,92.6,203.72,4.2743108e-05
23.148,74.08,172.85333,4.3612705e-05
24.1768,64.82,179.02667,4.4461318e-05
25.720001,55.56,157.42,4.5309676e-05
25.720001,50.004,166.68,4.620502e-05
25.720001,46.3,175.94,4.6999867e-05
25.720001,46.3,166.68001,4.7611724e-05
25.720001,46.3,164.365,4.7722115e-05
25.720001,55.56,171.31001,4.796257e-05
23.148,55.56,188.28667,4.842293e-05
20.576,55.56,172.85333,4.892293e-05
19.0328,55.56,172.85333,4.929972e-05
18.004,55.56,172.85333,4.9641636e-05
19.0328,111.12,191.37334,5.0017963e-05
20.576,166.68,209.89333,5.035898e-05
24.1768,120.38,203.71999,5.068748e-05
28.292,74.08,197.54668,5.083645e-05
29.3208,64.82,203.71999,5.063283e-05
30.864,55.56,175.94,5.035898e-05
31.8928,55.56,175.94,5.0304825e-05
33.436,55.56,175.94,5.035898e-05
