Vmax,Rmax,R34,fcor
18.004,74.08,80.253334,3.6022833e-05
18.004,74.08,80.253334,3.6268964e-05
18.004,74.08,80.253334,3.651592e-05
18.004,74.08,80.253334,3.676114e-05
18.004,74.08,80.253334,3.700857e-05
19.0328,74.08,80.253334,3.7254118e-05
20.576,74.08,80.253334,3.7500762e-05
20.576,74.08,101.24267,3.7745704e-05
20.576,74.08,123.46667,3.7992504e-05
20.576,92.6,123.46667,3.823781e-05
20.576,111.12,123.46667,3.8483773e-05
20.576,111.12,126.55332,3.8728227e-05
20.576,111.12,129.64,3.897458e-05
20.576,111.12,129.64,3.9237286e-05
20.576,111.12,111.119995,3.9464914e-05
20.576,111.12,111.119995,3.960502e-05
20.576,111.12,111.119995,3.9709896e-05
20.576,111.12,131.492,3.983109e-05
20.576,111.12,152.79,3.995476e-05
21.604801,96.304,152.79,4.007627e-05
23.148,83.34,152.79,4.0199502e-05
24.1768,68.524,152.79,4.0320705e-05
25.720001,55.56,152.79,4.0444127e-05
25.720001,55.56,155.105,4.0565257e-05
25.720001,55.56,157.42,4.0688625e-05
25.720001,50.004,157.42,4.079185e-05
25.720001,46.3,157.42,4.093299e-05
26.7488,46.3,171.31,4.1157735e-05
28.292,46.3,185.2,4.142137e-05
28.292,46.3,187.515,4.164643e-05
28.292,46.3,189.83,4.1909232e-05
30.864,37.04,189.83,4.225583e-05
33.436,27.78,189.83,4.2640077e-05
36.008,31.484,206.035,4.2985943e-05
38.58,37.04,222.23999,4.3369746e-05
41.152,37.04,224.555,4.3836815e-05
43.724,37.04,226.87,4.4340795e-05
46.296,46.3,226.87,4.482516e-05
48.868,55.56,226.87,4.5309676e-05
51.440002,50.004,247.70502,4.57747e-05
54.012,46.3,268.53998,4.627635e-05
56.584,40.744,270.85498,4.684267e-05
59.156002,37.04,273.16998,4.748151e-05
59.156002,37.04,275.485,4.8184465e-05
59.156002,37.04,277.8,4.892293e-05
59.156002,37.04,282.43,4.9623286e-05
59.156002,37.04,287.06,5.035898e-05
59.156002,37.04,287.06,5.1176172e-05
59.156002,37.04,287.06,5.2027382e-05
59.156002,37.04,305.58,5.282237e-05
59.156002,37.04,324.1,5.3688025e-05
57.6128,37.04,324.1,5.4680222e-05
56.584,37.04,324.1,5.581132e-05
55.040802,37.04,333.36002,5.7066758e-05
54.012,37.04,342.62,5.83877e-05
55.040802,37.04,342.62,5.965001e-05
56.584,37.04,342.62,6.0942573e-05
57.6128,37.04,342.62,6.229227e-05
59.156002,37.04,342.62,6.370404e-05
60.1848,37.04,333.36002,6.515336e-05
61.728,37.04,324.1,6.666408e-05
