Vmax,Rmax,R34,fcor
18.004,111.12,64.82,3.0322259e-05
19.0328,92.6,64.82,3.0943764e-05
20.576,74.08,64.82,3.156599e-05
21.604801,55.56,71.765,3.21861e-05
23.148,37.04,78.71,3.280731e-05
25.720001,37.04,83.34,3.344541e-05
28.292,37.04,87.97,3.404614e-05
28.292,37.04,87.97,3.4577195e-05
28.292,37.04,87.97,3.5035337e-05
28.292,37.04,87.97,3.536823e-05
28.292,37.04,87.97,3.577612e-05
29.3208,37.04,87.97,3.6386176e-05
30.864,37.04,87.97,3.7254722e-05
31.8928,37.04,108.805,3.8391157e-05
33.436,37.04,129.64,3.9709896e-05
33.436,37.04,138.90001,4.103618e-05
33.436,37.04,148.16,4.239659e-05
33.436,37.04,152.79,4.3770106e-05
33.436,37.04,157.42,4.506766e-05
33.436,37.04,157.42,4.6191475e-05
33.436,37.04,157.42,4.7240763e-05
31.8928,50.004,155.10501,4.826892e-05
30.864,64.82,152.79001,4.9402213e-05
29.3208,64.82,148.16,5.0764047e-05
28.292,64.82,143.53,5.22651e-05
28.292,64.82,143.53,5.3788244e-05
28.292,64.82,143.53,5.5340646e-05
28.292,64.82,145.845,5.6885186e-05
28.292,64.82,148.16,5.83877e-05
28.292,59.264,150.475,5.983522e-05
28.292,55.56,152.79001,6.1173734e-05
28.292,55.56,152.79001,6.237849e-05
28.292,55.56,152.79001,6.3474974e-05
28.292,55.56,143.53,6.4537926e-05
28.292,55.56,134.26999,6.552959e-05
28.292,55.56,134.26999,6.648775e-05
28.292,55.56,134.26999,6.734234e-05
29.3208,46.3,134.26999,6.80531e-05
30.864,37.04,134.27,6.869332e-05
31.8928,37.04,143.53,6.936507e-05
33.436,37.04,152.79,7.003676e-05
36.008,31.484,159.735,7.070547e-05
38.58,27.78,166.68001,7.137252e-05
39.6088,27.78,168.995,7.207044e-05
41.152,27.78,171.31,7.270045e-05
43.724,27.78,173.625,7.320727e-05
46.296,27.78,175.94,7.3581316e-05
48.868,27.78,180.57,7.3850424e-05
51.440002,27.78,185.20001,7.402041e-05
