Vmax,Rmax,R34,fcor
18.004,74.08,86.42667,4.1177245e-05
19.0328,64.82,86.42667,4.1158575e-05
20.576,55.56,86.42667,4.1177245e-05
21.604801,55.56,86.42667,4.126247e-05
23.148,55.56,86.42667,4.142137e-05
25.720001,50.004,92.6,4.1628544e-05
28.292,46.3,83.340004,4.1909232e-05
30.864,37.04,97.229996,4.227451e-05
33.436,27.78,111.12,4.2640077e-05
33.436,27.78,111.12,4.288343e-05
33.436,25.928,112.97199,4.300873e-05
36.008,18.52,129.64,4.409823e-05
37.5512,18.52,129.64,4.47211e-05
38.58,18.52,129.64,4.5309676e-05
38.58,18.52,129.64,4.5551555e-05
41.152,27.78,134.26999,4.5793287e-05
43.724,22.223999,134.26999,4.675874e-05
46.296,18.52,134.26999,4.7722115e-05
47.3248,18.52,134.26999,4.8664973e-05
48.868,18.52,134.26999,4.9641636e-05
49.8968,18.52,134.26999,5.0698964e-05
51.440002,18.52,134.26999,5.178951e-05
55.040802,18.52,143.53,5.287619e-05
59.156002,18.52,152.79001,5.392461e-05
59.156002,18.52,152.79001,5.4922366e-05
59.156002,18.52,152.79001,5.581132e-05
59.156002,12.964,164.365,5.653345e-05
59.156002,9.26,175.94,5.721923e-05
57.6128,12.964,175.94,5.8037633e-05
56.584,18.52,175.94,5.8853857e-05
56.584,18.52,180.57,5.9568985e-05
56.584,18.52,185.19998,6.0247978e-05
57.6128,18.52,192.14499,6.094251e-05
59.156002,18.52,199.09,6.1635496e-05
