Vmax,Rmax,R34,fcor
18.004,83.34,92.6,5.012002e-05
18.004,68.524,92.6,5.0615785e-05
18.004,55.56,92.6,5.1074945e-05
19.0328,55.56,92.6,5.1485422e-05
20.576,55.56,80.253334,5.178951e-05
21.604801,55.56,86.42667,5.1926254e-05
23.148,55.56,92.600006,5.2027382e-05
23.148,59.264,101.24267,5.221106e-05
23.148,64.82,111.119995,5.250265e-05
23.148,64.82,132.10933,5.2976928e-05
23.148,64.82,154.33333,5.345127e-05
23.148,64.82,176.55733,5.374118e-05
23.148,64.82,200.63335,5.392461e-05
23.148,64.82,208.04134,5.406047e-05
23.148,64.82,216.06665,5.4161024e-05
23.148,64.82,223.47466,5.4243174e-05
23.148,64.82,231.5,5.439729e-05
23.148,77.784,238.908,5.469821e-05
23.148,92.6,246.93333,5.510506e-05
24.1768,92.6,259.28,5.5540062e-05
25.720001,92.6,271.62668,5.6046403e-05
24.1768,114.824,262.36667,5.6633e-05
23.148,138.9,253.10667,5.721923e-05
21.604801,138.9,237.67334,5.7757454e-05
20.576,138.9,222.24,5.8154368e-05
20.576,138.9,203.72002,5.835865e-05
20.576,138.9,173.625,5.83877e-05
21.604801,114.824,173.625,5.8340487e-05
23.148,92.6,173.625,5.8154368e-05
24.1768,92.6,182.885,5.785631e-05
25.720001,92.6,192.145,5.7453286e-05
28.292,92.6,196.77501,5.7020097e-05
30.864,92.6,201.40501,5.6516048e-05
33.436,92.6,203.72,5.5946537e-05
36.008,92.6,206.03499,5.5340646e-05
