Vmax,Rmax,R34,fcor
18.004,129.64,129.64,6.14047e-05
18.004,129.64,129.64,6.242438e-05
18.004,129.64,129.64,6.3474974e-05
18.004,129.64,129.64,6.4618434e-05
18.004,129.64,129.64,6.575688e-05
18.004,120.38,129.64,6.681101e-05
18.004,111.12,129.64,6.7793495e-05
19.0328,111.12,138.9,6.8726935e-05
20.576,111.12,129.64,6.958979e-05
21.604801,111.12,129.64,7.042155e-05
23.148,111.12,129.64,7.115043e-05
24.1768,101.86,129.64,7.173845e-05
25.720001,92.6,129.64,7.2258685e-05
26.7488,83.34,143.53,7.279422e-05
28.292,74.08,115.75,7.336144e-05
29.3208,64.82,118.065,7.398751e-05
30.864,55.56,120.38,7.467736e-05
31.8928,50.004,122.695,7.5408505e-05
33.436,46.3,125.01,7.620224e-05
34.4648,46.3,129.63998,7.703608e-05
36.008,46.3,134.26999,7.793102e-05
36.008,40.744,138.9,7.886426e-05
36.008,37.04,143.53,7.9857724e-05
37.0368,37.04,143.53,8.087091e-05
38.58,37.04,143.53,8.197536e-05
39.6088,31.484,148.16,8.3168954e-05
41.152,27.78,152.79001,8.448353e-05
42.1808,22.223999,157.42,8.589701e-05
43.724,18.52,162.05,8.7362794e-05
