Vmax,Rmax,R34,fcor
18.004,46.3,43.213337,7.533226e-05
19.0328,46.3,43.213337,7.49723e-05
20.576,46.3,43.213337,7.467736e-05
21.604801,46.3,43.213337,7.442575e-05
23.148,46.3,43.213337,7.423962e-05
23.148,46.3,46.3,7.411359e-05
23.148,46.3,49.38667,7.402041e-05
25.720001,46.3,83.34,7.39267e-05
28.292,46.3,98.77334,7.380098e-05
28.292,40.744,101.85999,7.358171e-05
28.292,37.04,104.94666,7.336144e-05
28.292,37.04,104.94666,7.3234485e-05
28.292,37.04,104.94666,7.314133e-05
28.292,37.04,104.94666,7.303103e-05
28.292,37.04,104.94666,7.2921e-05
29.3208,37.04,104.94666,7.282695e-05
30.864,37.04,97.23,7.270045e-05
30.864,40.744,97.23,7.2495735e-05
30.864,46.3,97.23,7.2258685e-05
30.864,46.3,104.175,7.200404e-05
30.864,46.3,111.12001,7.181604e-05
30.864,46.3,111.12001,7.176578e-05
30.864,46.3,111.12001,7.181604e-05
29.3208,46.3,111.119995,7.190976e-05
28.292,46.3,111.119995,7.2037474e-05
28.292,50.004,111.119995,7.211485e-05
28.292,55.56,111.119995,7.2258685e-05
28.292,55.56,111.119995,7.25895e-05
28.292,55.56,111.119995,7.2921e-05
28.292,55.56,115.75,7.296547e-05
28.292,55.56,120.380005,7.314133e-05
29.3208,55.56,131.95499,7.379506e-05
30.864,55.56,143.53,7.467736e-05
30.864,55.56,143.53,7.551736e-05
30.864,55.56,143.53,7.641916e-05
30.864,55.56,143.53,7.734356e-05
30.864,55.56,143.53,7.8360856e-05
30.864,55.56,143.53,7.939388e-05
30.864,55.56,143.53,8.070772e-05
