Vmax,Rmax,R34,fcor
18.004,277.8,296.32,3.156599e-05
18.004,277.8,296.32,3.2377022e-05
18.004,277.8,296.32,3.330315e-05
19.0328,277.8,314.84,3.4415025e-05
20.576,277.8,333.36002,3.5529305e-05
20.576,277.8,333.36002,3.6484515e-05
20.576,277.8,333.36002,3.7254722e-05
20.576,277.8,333.36002,3.785632e-05
20.576,277.8,333.36002,3.8238195e-05
20.576,277.8,361.14,3.834169e-05
20.576,277.8,388.91998,3.8483773e-05
21.604801,277.8,416.69998,3.8949467e-05
23.148,277.8,444.47998,3.9709896e-05
24.1768,222.24,444.47998,4.0718514e-05
25.720001,166.68,333.36,4.1909232e-05
26.7488,157.42,333.36,4.311126e-05
28.292,148.16,333.36,4.4340795e-05
28.292,148.16,333.36,4.539547e-05
28.292,148.16,333.36,4.6034886e-05
30.864,148.16,296.31998,4.7240763e-05
31.8928,92.6,277.80002,4.870951e-05
33.436,37.04,208.34999,4.9641636e-05
34.4648,37.04,212.98,5.037504e-05
36.008,37.04,217.60999,5.1074945e-05
36.008,37.04,217.60999,5.2027382e-05
33.436,37.04,217.60999,5.2977284e-05
34.4648,31.484,196.775,5.392453e-05
36.008,27.78,175.94,5.4869302e-05
37.0368,27.78,175.94,5.5828277e-05
38.58,27.78,175.94,5.6750614e-05
38.58,22.223999,175.94,5.7587524e-05
38.58,18.52,175.94,5.83877e-05
37.0368,18.52,157.42,5.923377e-05
36.008,18.52,138.9,6.0016075e-05
36.008,18.52,138.9,6.0247978e-05
33.9504,24.076,164.21066,6.0649334e-05
30.864,37.04,160.50667,6.1173734e-05
30.864,37.04,160.50667,6.173014e-05
30.864,37.04,160.50667,6.2326726e-05
29.3208,55.56,154.33333,6.298156e-05
28.292,74.08,148.15999,6.370404e-05
28.292,64.82,148.15999,6.447008e-05
28.292,55.56,148.15999,6.530208e-05
29.3208,55.56,148.15999,6.619382e-05
30.864,55.56,148.15999,6.711647e-05
30.864,55.56,148.15999,6.800184e-05
30.864,55.56,148.15999,6.8917754e-05
30.864,55.56,157.42,6.989164e-05
30.864,55.56,166.68,7.092813e-05
30.864,55.56,166.68,7.2004215e-05
30.864,55.56,166.68,7.314133e-05
31.8928,46.3,169.76666,7.425047e-05
33.436,37.04,148.16,7.5550095e-05
