Vmax,Rmax,R34,fcor
18.004,46.3,74.08,3.8238195e-05
19.0328,46.3,74.08,3.8464757e-05
20.576,46.3,74.08,3.872924e-05
21.604801,46.3,83.34,3.9096067e-05
23.148,46.3,92.6,3.9464914e-05
23.148,50.004,129.64,3.9728115e-05
23.148,55.56,120.38,3.995476e-05
23.148,92.6,157.42,4.0308634e-05
23.148,129.64,194.45999,4.0444127e-05
23.148,129.64,222.24,4.0119205e-05
23.148,129.64,250.01999,3.9464914e-05
23.148,129.64,245.39,3.8513223e-05
23.148,129.64,179.02666,3.7746686e-05
23.148,129.64,182.11333,3.76484e-05
23.148,129.64,185.20001,3.7992504e-05
23.148,129.64,188.28667,3.8605627e-05
23.148,129.64,191.37334,3.9219805e-05
23.148,129.64,197.54665,3.9489027e-05
23.148,129.64,166.68,3.9464914e-05
23.148,129.64,180.56999,3.9059792e-05
23.148,129.64,194.45999,3.872924e-05
24.1768,120.38,206.035,3.8876697e-05
25.720001,111.12,217.60999,3.9464914e-05
26.7488,111.12,233.815,4.0492418e-05
28.292,111.12,250.01999,4.1665367e-05
28.292,105.564,266.225,4.2499523e-05
28.292,101.86,282.43,4.3369746e-05
28.292,92.6,263.91,4.447384e-05
28.292,83.34,245.38998,4.5793287e-05
26.7488,96.304,236.12997,4.738585e-05
25.720001,111.12,226.86998,4.892293e-05
25.720001,111.12,226.86998,5.012002e-05
25.720001,111.12,226.87,5.178951e-05
25.720001,111.12,236.13,5.3089785e-05
25.720001,111.12,245.39,5.4161024e-05
26.7488,111.12,236.12999,5.527493e-05
28.292,111.12,226.87,5.6281307e-05
28.292,111.12,226.87,5.7207508e-05
28.292,111.12,226.87,5.7920843e-05
26.7488,101.86,229.185,5.8304984e-05
25.720001,92.6,231.49998,5.862087e-05
25.720001,92.6,238.44499,5.911516e-05
25.720001,92.6,245.38998,5.9784e-05
25.720001,83.34,254.65,6.0675593e-05
25.720001,74.08,263.90997,6.1635496e-05
26.7488,74.08,266.22498,6.247616e-05
28.292,74.08,268.53998,6.324571e-05
29.3208,64.82,270.85498,6.396665e-05
30.864,55.56,273.16998,6.461839e-05
30.864,55.56,277.8,6.5188025e-05
30.864,55.56,282.43,6.575688e-05
30.864,55.56,282.43,6.642039e-05
30.864,55.56,282.43,6.711647e-05
31.8928,64.82,282.43,6.779324e-05
33.436,74.08,282.43,6.8468675e-05
