Vmax,Rmax,R34,fcor
18.004,83.34,111.12,3.2559245e-05
18.004,96.304,124.084,3.293065e-05
18.004,111.12,138.9,3.330315e-05
19.0328,111.12,138.9,3.3779743e-05
20.576,111.12,138.9,3.4293596e-05
20.576,111.12,151.864,3.4787165e-05
20.576,111.12,138.9,3.5282377e-05
20.576,111.12,138.9,3.577553e-05
20.576,111.12,138.9,3.626943e-05
21.604801,111.12,138.9,3.6706588e-05
23.148,111.12,138.9,3.7254722e-05
24.1768,77.784,143.22133,3.80594e-05
25.720001,46.3,125.009995,3.897458e-05
26.7488,46.3,137.511,3.981383e-05
28.292,46.3,150.47499,4.0688625e-05
29.3208,46.3,162.976,4.1665076e-05
30.864,46.3,175.94,4.2640077e-05
30.864,46.3,187.978,4.3508862e-05
30.864,46.3,201.405,4.4340795e-05
31.8928,46.3,213.44301,4.52248e-05
33.436,46.3,226.87,4.6034886e-05
33.436,46.3,226.87,4.6674042e-05
33.436,46.3,226.87,4.7240763e-05
34.4648,40.744,226.87,4.784222e-05
36.008,37.04,226.87,4.844305e-05
37.0368,37.04,226.87,4.906075e-05
38.58,37.04,226.87,4.9641636e-05
39.6088,37.04,226.87,5.011972e-05
41.152,37.04,226.87,5.059779e-05
43.724,37.04,226.87,5.115832e-05
46.296,37.04,226.87,5.178951e-05
48.868,40.744,240.297,5.248476e-05
51.440002,46.3,254.65001,5.321436e-05
