Vmax,Rmax,R34,fcor
18.004,129.64,123.46667,6.3016254e-05
18.004,120.38,129.64,6.3457934e-05
18.004,111.12,135.81334,6.393293e-05
19.0328,111.12,141.98666,6.4486994e-05
20.576,111.12,148.15999,6.507438e-05
21.604801,105.564,154.33333,6.564321e-05
23.148,101.86,160.50667,6.621089e-05
24.1768,96.304,163.59334,6.677708e-05
25.720001,92.6,166.68,6.734234e-05
25.720001,83.34,169.76666,6.7889225e-05
25.720001,74.08,172.85333,6.8468675e-05
26.7488,68.524,172.85333,6.9141985e-05
28.292,64.82,172.85333,6.981338e-05
29.3208,59.264,175.94,7.045497e-05
30.864,55.56,152.79,7.092813e-05
31.8928,50.004,152.79,7.107258e-05
33.436,46.3,152.79,7.115043e-05
34.4648,46.3,159.735,7.145016e-05
36.008,46.3,166.68,7.181604e-05
37.0368,40.744,166.68,7.2148054e-05
38.58,37.04,166.68,7.247968e-05
38.58,37.04,173.625,7.282703e-05
38.58,37.04,180.57,7.314133e-05
39.6088,37.04,182.88501,7.337785e-05
41.152,37.04,185.20001,7.3581316e-05
42.1808,37.04,189.83,7.380048e-05
43.724,37.04,194.46,7.402041e-05
44.7528,37.04,203.72,7.423959e-05
46.296,37.04,212.98,7.4458614e-05
47.3248,31.484,224.555,7.465983e-05
48.868,27.78,236.13,7.4895885e-05
49.8968,27.78,243.075,7.5207055e-05
51.440002,27.78,250.01999,7.5550095e-05
52.4688,27.78,254.65,7.5842596e-05
54.012,27.78,259.28,7.620224e-05
54.012,31.484,270.855,7.671094e-05
54.012,37.04,282.43,7.728449e-05
