Vmax,Rmax,R34,fcor
23.148,111.12,138.9,3.7746686e-05
23.148,101.86,165.754,3.901884e-05
23.148,92.6,194.45999,4.0199502e-05
23.148,92.6,189.82999,4.123163e-05
23.148,92.6,185.2,4.2152973e-05
24.1768,92.6,185.2,4.309081e-05
25.720001,92.6,135.81334,4.385554e-05
28.292,74.08,145.07333,4.4252127e-05
30.864,61.116,150.62933,4.458322e-05
30.864,55.56,129.64,4.4825505e-05
30.864,40.744,143.53,4.4942408e-05
30.864,29.632,154.642,4.5309676e-05
33.436,27.78,157.42,4.5551555e-05
34.4648,27.78,164.36499,4.655339e-05
36.008,27.78,171.31,4.7240763e-05
37.0368,27.78,166.68,4.7776e-05
38.58,27.78,162.05,4.8202877e-05
39.6088,27.78,168.995,4.868247e-05
41.152,27.78,175.94,4.916265e-05
41.152,27.78,208.34999,4.9659448e-05
41.152,27.78,240.76,5.012002e-05
41.152,27.78,240.76,5.04964e-05
41.152,27.78,240.76,5.083645e-05
41.152,31.484,240.76,5.119359e-05
41.152,37.04,240.76,5.155148e-05
41.152,37.04,252.33499,5.1908508e-05
41.152,37.04,263.90997,5.22651e-05
44.7528,37.04,263.90997,5.2567524e-05
48.868,37.04,263.90997,5.2977284e-05
