Vmax,Rmax,R34,fcor
20.576,46.3,83.340004,3.7992504e-05
21.604801,46.3,100.007996,3.8096165e-05
23.148,46.3,118.064995,3.8238195e-05
24.1768,46.3,128.251,3.848331e-05
25.720001,46.3,138.9,3.872924e-05
25.720001,46.3,138.9,3.88325e-05
25.720001,46.3,138.9,3.897458e-05
28.292,46.3,138.9,3.9268132e-05
30.864,46.3,138.9,3.9709896e-05
31.8928,46.3,138.9,4.030317e-05
33.436,46.3,138.9,4.093299e-05
34.4648,40.744,138.9,4.14578e-05
36.008,37.04,138.9,4.1909232e-05
39.6088,37.04,138.9,4.2292253e-05
43.724,37.04,138.9,4.2640077e-05
47.3248,37.04,150.012,4.300494e-05
51.440002,37.04,162.04999,4.3369746e-05
54.012,37.04,162.04999,4.375183e-05
56.584,37.04,162.04999,4.409823e-05
56.584,37.04,162.04999,4.4358603e-05
56.584,37.04,162.04999,4.458322e-05
56.584,37.04,162.04999,4.4825276e-05
56.584,37.04,162.04999,4.506766e-05
57.6128,37.04,162.04999,4.532762e-05
59.156002,37.04,162.04999,4.5551555e-05
60.1848,37.04,179.644,4.567175e-05
61.728,37.04,199.09,4.5793287e-05
61.728,31.484,196.31198,4.6016718e-05
61.728,27.78,194.45999,4.627635e-05
61.728,27.78,186.126,4.649925e-05
61.728,27.78,178.25499,4.675884e-05
