Vmax,Rmax,R34,fcor
18.004,148.16,111.12,6.5983986e-05
18.004,129.64,111.12,6.5495486e-05
18.004,111.12,111.12,6.507438e-05
20.576,101.86,120.38,6.469819e-05
23.148,92.6,129.64,6.43901e-05
25.720001,83.34,138.9,6.414434e-05
28.292,74.08,129.64,6.393293e-05
29.3208,64.82,134.27,6.3738444e-05
30.864,55.56,97.229996,6.3474974e-05
31.8928,55.56,106.490005,6.306788e-05
33.436,55.56,115.75,6.255676e-05
34.4648,46.3,131.955,6.199852e-05
36.008,37.04,148.16,6.14047e-05
38.58,37.04,162.05,6.0826773e-05
41.152,37.04,175.94,6.0247978e-05
46.296,31.484,182.885,5.9650472e-05
51.440002,27.78,189.83,5.9086666e-05
54.012,27.78,199.09001,5.8603327e-05
56.584,27.78,208.35,5.8154368e-05
57.6128,27.78,217.61,5.7634414e-05
59.156002,27.78,226.87,5.721923e-05
59.156002,27.78,231.5,5.7049623e-05
59.156002,27.78,236.13,5.698501e-05
60.1848,31.484,243.075,5.6832472e-05
61.728,37.04,250.02,5.6750614e-05
61.728,37.04,254.65001,5.6780005e-05
61.728,37.04,259.28,5.698501e-05
60.1848,31.484,261.595,5.742477e-05
59.156002,27.78,263.91,5.7920843e-05
57.0984,27.78,263.91,5.8228325e-05
56.584,27.78,263.91,5.83877e-05
56.584,27.78,268.54,5.8853857e-05
56.584,27.78,268.54,5.9551734e-05
59.156002,27.78,268.54,6.0016075e-05
60.1848,27.78,270.855,6.0555773e-05
61.728,27.78,273.16998,6.1173734e-05
