Vmax,Rmax,R34,fcor
18.004,74.08,55.56,2.7827968e-05
19.0328,64.82,55.56,2.8432856e-05
20.576,55.56,55.56,2.9076216e-05
21.604801,55.56,69.45,2.96808e-05
23.148,55.56,74.079994,3.0322259e-05
24.1768,46.3,83.340004,3.106777e-05
25.720001,37.04,78.71,3.1814445e-05
25.720001,37.04,83.340004,3.2453212e-05
25.720001,37.04,87.97,3.305528e-05
26.7488,37.04,92.6,3.3692544e-05
28.292,37.04,97.23,3.4293596e-05
28.292,37.04,108.80499,3.4805926e-05
28.292,37.04,120.38,3.5282377e-05
29.3208,37.04,132.881,3.577549e-05
30.864,37.04,145.845,3.626943e-05
31.8928,37.04,153.716,3.6779806e-05
33.436,37.04,162.05,3.7254722e-05
33.436,37.04,166.68,3.765985e-05
33.436,37.04,171.31,3.7992504e-05
33.436,37.04,178.255,3.8219197e-05
33.436,37.04,185.2,3.8483773e-05
33.436,37.04,189.83,3.891868e-05
33.436,37.04,194.45999,3.9464914e-05
33.436,37.04,196.775,4.0040133e-05
33.436,37.04,199.09,4.0688625e-05
33.436,37.04,201.405,4.1402553e-05
33.436,37.04,203.71999,4.2152973e-05
33.436,40.744,206.03499,4.2882777e-05
33.436,46.3,208.34999,4.3612705e-05
33.436,46.3,210.665,4.4376906e-05
33.436,46.3,212.98,4.506766e-05
33.436,46.3,212.98,4.5587683e-05
33.436,46.3,212.98,4.6034886e-05
33.436,46.3,212.98,4.6481266e-05
33.436,46.3,212.98,4.6999867e-05
33.436,50.004,212.98,4.77037e-05
33.436,55.56,212.98,4.844305e-05
33.436,55.56,212.98,4.9060553e-05
33.436,55.56,212.98,4.9641636e-05
34.4648,55.56,212.98,5.020367e-05
36.008,55.56,212.98,5.083645e-05
37.0368,55.56,212.98,5.165219e-05
38.58,55.56,212.98,5.250265e-05
41.152,55.56,215.29498,5.323198e-05
43.724,55.56,217.60999,5.392461e-05
44.7528,55.56,217.60999,5.461538e-05
46.296,55.56,217.60999,5.5340646e-05
46.296,55.56,222.23999,5.616343e-05
46.296,55.56,226.87,5.698501e-05
47.3248,55.56,229.185,5.7704467e-05
48.868,55.56,231.5,5.83877e-05
49.8968,55.56,238.445,5.9086597e-05
51.440002,55.56,245.39001,5.9784e-05
54.012,55.56,247.70502,6.044465e-05
56.584,55.56,250.01999,6.1173734e-05
