Vmax,Rmax,R34,fcor
18.004,55.56,74.08,3.0322259e-05
19.0328,55.56,74.08,3.0645733e-05
20.576,55.56,83.34,3.0820032e-05
21.604801,50.004,83.34,3.080112e-05
23.148,46.3,74.079994,3.0820032e-05
24.1768,46.3,77.166664,3.1080835e-05
25.720001,46.3,80.253334,3.156599e-05
26.7488,46.3,83.34,3.225484e-05
28.292,46.3,83.34,3.305528e-05
30.864,37.04,87.97,3.3835004e-05
33.436,27.78,92.600006,3.454095e-05
34.4648,27.78,99.545,3.509051e-05
36.008,27.78,106.490005,3.5529305e-05
38.58,27.78,113.435,3.5917514e-05
41.152,27.78,120.38,3.626943e-05
43.724,27.78,125.009995,3.661998e-05
46.296,27.78,129.64,3.700857e-05
48.868,27.78,134.27,3.7481437e-05
51.440002,27.78,138.9,3.7992504e-05
52.4688,27.78,141.215,3.8483195e-05
54.012,27.78,143.53,3.897458e-05
56.584,27.78,152.79,3.950126e-05
59.156002,27.78,162.05,3.995476e-05
62.7568,27.78,166.68,4.0217004e-05
66.872,27.78,171.31,4.0444127e-05
