Vmax,Rmax,R34,fcor
18.004,83.34,92.6,3.0073232e-05
19.0328,77.784,92.6,3.0539373e-05
20.576,74.08,92.6,3.0820032e-05
21.604801,74.08,83.34,3.110537e-05
23.148,74.08,86.42667,3.131743e-05
25.720001,55.56,89.51333,3.1441246e-05
28.292,37.04,97.229996,3.156599e-05
29.3208,37.04,92.6,3.1776064e-05
30.864,37.04,87.97,3.206281e-05
31.8928,31.484,92.6,3.241579e-05
33.436,27.78,97.229996,3.280731e-05
34.4648,27.78,145.845,3.3178716e-05
36.008,27.78,194.46,3.3550914e-05
36.008,31.484,194.46,3.3921664e-05
36.008,37.04,194.46,3.4293596e-05
37.0368,37.04,194.46,3.468241e-05
38.58,37.04,194.46,3.5035337e-05
39.6088,37.04,187.51501,3.5281835e-05
41.152,37.04,180.56999,3.5529305e-05
41.152,37.04,180.56999,3.5880497e-05
41.152,37.04,180.56999,3.626943e-05
42.1808,40.744,187.515,3.660147e-05
43.724,46.3,194.45999,3.700857e-05
47.3248,40.744,199.09,3.7567792e-05
51.440002,37.04,203.72,3.8238195e-05
52.4688,37.04,199.09,3.8955717e-05
54.012,37.04,194.45999,3.9709896e-05
