Vmax,Rmax,R34,fcor
18.004,101.86,111.12,6.0479695e-05
19.0328,101.86,111.12,6.153706e-05
20.576,101.86,111.12,6.255676e-05
21.604801,101.86,111.12,6.338362e-05
23.148,101.86,111.12,6.393293e-05
24.1768,77.784,111.12,6.4132815e-05
25.720001,55.56,111.12,6.416161e-05
26.7488,40.744,111.12,6.429277e-05
28.292,27.78,92.600006,6.43901e-05
29.3208,27.78,104.175,6.445906e-05
30.864,27.78,115.75,6.43901e-05
33.9504,22.223999,111.12,6.413069e-05
36.008,20.372,108.805,6.393293e-05
36.008,18.52,106.490005,6.370404e-05
34.4648,27.78,103.712,6.313143e-05
33.436,37.04,101.86,6.255676e-05
36.008,37.04,101.396996,6.215934e-05
38.58,37.04,101.85999,6.186609e-05
41.152,31.484,106.49,6.163513e-05
43.724,27.78,111.119995,6.14047e-05
44.7528,27.78,128.25099,6.1058105e-05
46.296,27.78,145.845,6.0711227e-05
47.3248,22.223999,174.088,6.042739e-05
48.868,18.52,203.72,6.0247978e-05
49.8968,18.52,203.72,6.0195747e-05
51.440002,18.52,203.72,6.0247978e-05
51.440002,37.04,206.035,6.0311475e-05
51.440002,55.56,208.35,6.0479695e-05
51.440002,55.56,215.29501,6.077449e-05
51.440002,55.56,222.23999,6.1173734e-05
57.6128,50.004,246.31601,6.1600585e-05
64.3,46.3,270.855,6.20965e-05
69.444,40.744,280.115,6.263734e-05
74.588,37.04,289.375,6.324571e-05
