Vmax,Rmax,R34,fcor
18.004,120.38,87.97,4.2517506e-05
20.576,111.12,175.94,4.2640077e-05
20.576,111.12,185.2,4.2787233e-05
20.576,111.12,185.2,4.288343e-05
20.576,111.12,185.2,4.288343e-05
20.576,111.12,185.2,4.2883155e-05
20.576,111.12,185.2,4.288343e-05
20.576,185.2,333.36,4.288343e-05
20.576,185.2,333.36,4.3139557e-05
20.576,185.2,333.36,4.3612705e-05
21.604801,185.2,333.36,4.399421e-05
23.148,185.2,333.36,4.4340795e-05
23.148,166.68,333.36,4.458272e-05
23.148,148.16,333.36,4.4825505e-05
23.148,129.64,277.8,4.5177072e-05
23.148,111.12,185.20001,4.5551555e-05
23.148,111.12,185.20001,4.5846053e-05
23.148,111.12,185.20001,4.6034886e-05
23.148,111.12,185.20001,4.627635e-05
23.148,101.86,179.02667,4.6624133e-05
23.148,92.6,172.85333,4.6999867e-05
25.720001,74.08,172.85333,4.7703612e-05
28.292,55.56,172.85333,4.844305e-05
28.292,50.004,172.85333,4.889654e-05
28.292,46.3,172.85333,4.9402213e-05
28.292,46.3,172.85333,4.9880902e-05
27.2632,46.3,230.574,5.003534e-05
25.720001,46.3,259.28,5.035898e-05
25.720001,46.3,263.91,5.0992265e-05
25.720001,46.3,268.53998,5.178951e-05
25.720001,50.004,268.53998,5.2584353e-05
25.720001,55.56,268.53998,5.345127e-05
26.7488,55.56,268.53998,5.443236e-05
28.292,55.56,268.53998,5.5340646e-05
29.3208,74.08,268.53998,5.5962748e-05
30.864,92.6,189.82999,5.6516048e-05
31.8928,83.34,196.77498,5.718338e-05
33.436,74.08,203.71999,5.7920843e-05
34.4648,64.82,203.71999,5.8701364e-05
36.008,55.56,203.71999,5.9551734e-05
37.0368,55.56,203.71999,6.0479415e-05
38.58,55.56,203.71999,6.14047e-05
42.1808,55.56,203.71999,6.221096e-05
46.296,55.56,203.71999,6.3016254e-05
48.868,55.56,208.34999,6.389803e-05
51.440002,55.56,212.98,6.4846485e-05
56.584,40.744,224.55501,6.580258e-05
61.728,27.78,236.12999,6.689037e-05
