Vmax,Rmax,R34,fcor
18.004,166.68,37.04,2.7827968e-05
19.0328,101.86,37.04,2.7933747e-05
20.576,37.04,37.04,2.807779e-05
21.604801,37.04,46.3,2.8183467e-05
23.148,37.04,49.38667,2.8327528e-05
24.1768,37.04,86.42667,2.852066e-05
25.720001,37.04,123.466675,2.882674e-05
26.7488,31.484,138.90001,2.9287581e-05
28.292,27.78,154.33333,2.9824112e-05
28.292,27.78,197.54668,3.0322046e-05
28.292,27.78,240.76,3.0820032e-05
28.292,27.78,256.19333,3.1317068e-05
28.292,27.78,271.62665,3.1814445e-05
29.3208,27.78,287.06,3.231047e-05
30.864,27.78,236.13,3.280731e-05
33.436,31.484,238.445,3.328394e-05
36.008,37.04,240.76001,3.3798577e-05
37.0368,37.04,236.13,3.4398345e-05
38.58,37.04,231.5,3.5035337e-05
39.6088,37.04,238.445,3.5726185e-05
41.152,37.04,245.38998,3.626943e-05
42.1808,37.04,252.33499,3.6447887e-05
43.724,37.04,259.28,3.651592e-05
46.296,37.04,259.28,3.668805e-05
48.868,37.04,259.28,3.700857e-05
51.440002,37.04,284.745,3.7512622e-05
54.012,37.04,310.21,3.8238195e-05
56.584,37.04,310.21,3.9109276e-05
59.156002,37.04,310.21,4.0199502e-05
61.728,37.04,324.1,4.1506435e-05
64.3,37.04,337.99,4.288343e-05
64.3,37.04,342.62,4.4152643e-05
64.3,37.04,347.25,4.5309676e-05
62.7568,37.04,356.51,4.6330544e-05
61.728,37.04,365.77002,4.7240763e-05
59.156002,37.04,368.08502,4.810066e-05
56.584,37.04,370.4,4.892293e-05
55.040802,37.04,368.085,4.9743336e-05
54.012,37.04,365.77002,5.059779e-05
52.4688,37.04,361.14,5.1515526e-05
51.440002,37.04,356.51,5.250265e-05
52.4688,37.04,349.565,5.35519e-05
54.012,37.04,342.62,5.4633376e-05
56.584,37.04,340.305,5.5693657e-05
59.156002,37.04,337.99,5.6750614e-05
62.7568,37.04,337.99,5.7780097e-05
