Vmax,Rmax,R34,fcor
18.004,222.24,277.8,4.6999867e-05
20.576,166.68,277.8,4.732553e-05
23.148,111.12,277.8,4.7722115e-05
24.1768,87.044,263.91,4.840676e-05
25.720001,64.82,208.34999,4.916265e-05
28.292,64.82,208.34999,4.9743267e-05
30.864,64.82,208.34999,5.035898e-05
31.8928,59.264,208.34999,5.114065e-05
33.436,55.56,208.34999,5.2027382e-05
36.008,50.004,206.03499,5.292387e-05
38.58,46.3,203.71999,5.392461e-05
41.152,40.744,215.295,5.5069493e-05
43.724,37.04,226.87,5.6281307e-05
43.724,37.04,233.815,5.747122e-05
43.724,37.04,240.76001,5.862087e-05
44.7528,31.484,238.445,5.966776e-05
46.296,27.78,236.13,6.0711227e-05
48.868,27.78,236.13,6.1848725e-05
51.440002,27.78,236.13,6.3016254e-05
54.012,27.78,236.13,6.414444e-05
56.584,27.78,236.13,6.530208e-05
59.156002,27.78,236.13,6.6499866e-05
61.728,27.78,236.13,6.7793495e-05
62.7568,22.223999,231.5,6.9257105e-05
64.3,18.52,226.87,7.07056e-05
