Vmax,Rmax,R34,fcor
18.004,46.3,129.64,4.385554e-05
20.576,50.004,138.9,4.456451e-05
23.148,55.56,106.49,4.5309676e-05
24.1768,46.3,122.69499,4.613724e-05
25.720001,37.04,138.9,4.6999867e-05
26.7488,37.04,145.845,4.7841888e-05
28.292,37.04,152.79,4.868306e-05
29.3208,31.484,166.68001,4.9503687e-05
30.864,27.78,180.57,5.035898e-05
30.864,27.78,189.83,5.1259103e-05
30.864,27.78,199.09,5.22651e-05
30.864,27.78,215.295,5.338013e-05
30.864,27.78,231.5,5.4633376e-05
30.864,27.78,247.705,5.601069e-05
30.864,27.78,263.90997,5.7453286e-05
30.864,27.78,268.53998,5.8853708e-05
30.864,27.78,273.16998,6.0247978e-05
30.864,27.78,273.16998,6.160091e-05
30.864,27.78,273.16998,6.3016254e-05
30.864,27.78,273.16998,6.460098e-05
30.864,27.78,273.16998,6.621089e-05
31.8928,27.78,273.16998,6.769768e-05
33.436,27.78,273.16998,6.914198e-05
34.4648,31.484,270.855,7.066021e-05
36.008,37.04,268.54,7.2037474e-05
36.008,37.04,273.16998,7.319599e-05
36.008,37.04,277.8,7.402041e-05
36.008,37.04,273.17,7.449665e-05
36.008,37.04,268.54,7.467736e-05
36.008,37.04,268.54,7.474214e-05
36.008,37.04,268.54,7.467736e-05
36.008,37.04,263.91,7.458166e-05
36.008,37.04,259.28,7.4458614e-05
34.4648,37.04,263.91,7.4331416e-05
33.436,37.04,268.54,7.423962e-05
33.436,37.04,268.54,7.4189236e-05
33.436,37.04,268.54,7.423962e-05
33.436,37.04,268.54,7.4409436e-05
33.436,37.04,268.54,7.467736e-05
31.8928,46.3,268.54,7.493626e-05
30.864,55.56,268.54,7.533226e-05
30.864,64.82,270.855,7.59035e-05
30.864,74.08,273.17,7.663584e-05
29.3208,74.08,273.17,7.749908e-05
28.292,74.08,273.17,7.8360856e-05
28.292,74.08,275.48502,7.906724e-05
28.292,74.08,277.8,7.9644604e-05
26.7488,74.08,277.8,8.010208e-05
25.720001,74.08,277.8,8.049559e-05
25.720001,83.34,282.43,8.0919475e-05
25.720001,92.6,287.06,8.134267e-05
25.720001,92.6,287.06,8.173296e-05
25.720001,92.6,287.06,8.2185776e-05
25.720001,111.12,317.155,8.278409e-05
25.720001,129.64,347.25,8.34429e-05
25.720001,129.64,347.25,8.4067855e-05
25.720001,129.64,347.25,8.469088e-05
25.720001,129.64,347.25,8.531141e-05
25.720001,129.64,347.25,8.592957e-05
25.720001,129.64,342.62,8.657606e-05
25.720001,129.64,337.99,8.7158856e-05
25.720001,129.64,337.99,8.764269e-05
25.720001,129.64,337.99,8.7973065e-05
25.720001,161.124,342.62,8.818083e-05
25.720001,194.46,347.25,8.8175955e-05
25.720001,194.46,340.305,8.7947505e-05
25.720001,194.46,333.36,8.756649e-05
25.720001,194.46,340.305,8.7158645e-05
25.720001,194.46,347.25,8.675015e-05
26.7488,188.904,361.14,8.642768e-05
28.292,185.2,375.02997,8.613512e-05
28.292,157.42,391.235,8.585698e-05
28.292,129.64,407.44,8.551773e-05
28.292,129.64,407.44,8.5079446e-05
28.292,129.64,407.44,8.448353e-05
26.7488,129.64,400.495,8.3729225e-05
25.720001,129.64,393.55,8.2815466e-05
25.720001,129.64,388.91998,8.181204e-05
25.720001,129.64,384.28998,8.070772e-05
24.1768,129.64,379.65997,7.9490055e-05
23.148,129.64,375.02997,7.8360856e-05
23.148,129.64,365.77,7.755941e-05
23.148,129.64,356.50998,7.6852295e-05
23.148,129.64,349.565,7.5952565e-05
23.148,129.64,342.62,7.511419e-05
23.148,129.64,340.305,7.445303e-05
23.148,129.64,337.99,7.402041e-05
23.148,114.824,337.99,7.382843e-05
23.148,101.86,337.99,7.380098e-05
24.1768,83.34,337.99,7.375159e-05
25.720001,64.82,337.99,7.380098e-05
25.720001,59.264,326.41498,7.397098e-05
25.720001,55.56,314.84,7.423962e-05
25.720001,55.56,310.21,7.456815e-05
25.720001,55.56,305.58,7.4895885e-05
24.1768,74.08,305.58,7.51304e-05
23.148,92.6,305.58,7.533226e-05
23.148,92.6,296.32,7.554987e-05
23.148,92.6,287.06,7.576771e-05
23.148,92.6,273.16998,7.596882e-05
23.148,92.6,259.27997,7.620224e-05
23.148,83.34,250.01999,7.651107e-05
23.148,74.08,240.76,7.6852295e-05
21.604801,74.08,233.815,7.7224904e-05
20.576,74.08,226.87,7.750023e-05
20.576,74.08,226.87,7.756504e-05
20.576,74.08,226.87,7.750023e-05
20.576,74.08,226.87,7.744068e-05
20.576,74.08,226.87,7.728449e-05
20.576,74.08,219.925,7.6992736e-05
20.576,74.08,212.98,7.663584e-05
20.576,74.08,203.71999,7.631074e-05
20.576,74.08,194.45999,7.5985095e-05
20.576,92.6,185.2,7.567523e-05
20.576,111.12,175.94,7.533226e-05
21.604801,92.6,175.94,7.492862e-05
23.148,74.08,175.94,7.4458614e-05
24.1768,74.08,175.94,7.39436e-05
25.720001,74.08,175.94,7.336144e-05
25.720001,74.08,173.625,7.27004e-05
25.720001,74.08,171.31,7.2037474e-05
25.720001,74.08,171.31,7.145012e-05
25.720001,74.08,171.31,7.092813e-05
25.720001,74.08,171.31,7.0432616e-05
25.720001,74.08,171.31,7.003676e-05
26.7488,64.82,178.255,6.974616e-05
28.292,55.56,185.20001,6.958979e-05
28.292,55.56,185.20001,6.952259e-05
28.292,55.56,185.20001,6.958979e-05
29.3208,55.56,180.57,6.97296e-05
30.864,55.56,175.94002,7.003676e-05
31.8928,50.004,168.995,7.054392e-05
33.436,46.3,162.05,7.115043e-05
33.436,46.3,162.05,7.165514e-05
33.436,46.3,162.05,7.2258685e-05
33.436,46.3,152.79,7.3075345e-05
33.436,46.3,143.53,7.402041e-05
33.436,46.3,143.53,7.493943e-05
33.436,46.3,143.53,7.5985095e-05
33.436,40.744,143.53,7.723578e-05
33.436,37.04,143.53,7.85754e-05
34.4648,37.04,143.53,7.985769e-05
36.008,37.04,143.53,8.113127e-05
37.0368,46.3,143.53,8.2427294e-05
38.58,55.56,143.53,8.365155e-05
38.58,50.004,143.53,8.475269e-05
38.58,46.3,143.53,8.5723776e-05
