Vmax,Rmax,R34,fcor
18.004,138.9,111.12,3.0073232e-05
19.0328,138.9,111.12,3.0551444e-05
20.576,138.9,111.12,3.1068776e-05
21.604801,105.564,124.084,3.1727024e-05
23.148,74.08,138.9,3.231108e-05
23.148,74.08,145.38199,3.2613887e-05
23.148,74.08,152.79,3.280731e-05
23.148,74.08,163.90201,3.309102e-05
23.148,74.08,175.94,3.330315e-05
23.148,74.08,199.09,3.3377026e-05
23.148,74.08,222.23999,3.330315e-05
21.604801,74.08,222.23999,3.3017426e-05
20.576,74.08,222.23999,3.280731e-05
20.576,74.08,214.832,3.2961227e-05
20.576,74.08,208.35,3.330315e-05
20.576,83.34,208.35,3.3636396e-05
20.576,92.6,208.35,3.404614e-05
20.576,92.6,212.98001,3.452184e-05
20.576,92.6,217.61,3.5035337e-05
21.604801,92.6,217.61,3.5491765e-05
23.148,92.6,217.61,3.6022833e-05
23.148,92.6,217.61,3.6743517e-05
23.148,92.6,182.11334,3.7500762e-05
23.148,101.86,209.276,3.8114875e-05
23.148,111.12,237.67334,3.872924e-05
23.148,111.12,223.47467,3.9390867e-05
23.148,111.12,209.89333,4.0199502e-05
23.148,129.64,277.8,4.124446e-05
23.148,148.16,277.8,4.239659e-05
23.148,148.16,277.8,4.3563825e-05
23.148,148.16,277.8,4.458322e-05
23.148,129.64,305.58,4.5279037e-05
23.148,111.12,236.12999,4.5793287e-05
24.1768,111.12,236.12999,4.6294295e-05
25.720001,111.12,236.12999,4.675884e-05
25.720001,111.12,242.612,4.7222646e-05
25.720001,111.12,212.97998,4.7722115e-05
25.720001,111.12,220.38799,4.8322774e-05
25.720001,111.12,228.41333,4.892293e-05
25.720001,111.12,228.41333,4.941985e-05
25.720001,111.12,228.41333,4.9880902e-05
25.720001,111.12,228.41333,5.0394814e-05
25.720001,111.12,228.41333,5.083645e-05
25.720001,148.16,219.15332,5.1111027e-05
25.720001,185.2,209.89333,5.131329e-05
25.720001,161.124,234.58667,5.155108e-05
25.720001,138.9,259.28,5.178951e-05
24.1768,138.9,268.54,5.200954e-05
23.148,138.9,277.80002,5.22651e-05
23.148,138.9,347.25,5.2585743e-05
23.148,138.9,333.36,5.2977284e-05
23.148,161.124,333.36,5.339793e-05
23.148,185.2,333.36,5.392461e-05
23.148,185.2,305.58,5.456246e-05
23.148,185.2,277.8,5.5340646e-05
23.148,185.2,277.8,5.624614e-05
23.148,185.2,222.23999,5.721923e-05
24.1768,148.16,222.23999,5.815441e-05
25.720001,111.12,222.23999,5.9086666e-05
25.720001,101.86,222.23999,5.9963815e-05
25.720001,92.6,222.23999,6.0942573e-05
26.7488,92.6,277.8,6.210789e-05
28.292,92.6,277.8,6.3474974e-05
29.3208,111.12,305.58,6.4989035e-05
30.864,129.64,333.36,6.666408e-05
30.864,129.64,333.36,6.835064e-05
30.864,129.64,333.36,7.025991e-05
30.864,129.64,333.36,7.239117e-05
30.864,129.64,333.36,7.4895885e-05
31.8928,96.304,333.36,7.77672e-05
33.436,64.82,222.23999,8.0919635e-05
