Vmax,Rmax,R34,fcor
18.004,74.08,37.04,3.07854e-05
20.576,74.08,74.08,3.0820032e-05
21.604801,64.82,74.08,3.099288e-05
23.148,55.56,67.90667,3.131743e-05
25.720001,46.3,77.166664,3.1758027e-05
28.292,37.04,86.42667,3.231108e-05
29.3208,37.04,89.513336,3.2949505e-05
30.864,37.04,83.340004,3.3550914e-05
31.8928,31.484,94.91499,3.3940916e-05
33.436,27.78,106.490005,3.4293596e-05
36.008,22.223999,113.435,3.4787576e-05
38.58,18.52,120.380005,3.5282377e-05
39.6088,18.52,120.380005,3.5689798e-05
41.152,18.52,120.380005,3.6022833e-05
46.296,18.52,143.53,3.6250534e-05
51.440002,18.52,166.68,3.651592e-05
54.012,18.52,168.995,3.697151e-05
56.584,18.52,171.31,3.7500762e-05
65.328804,18.52,175.93999,3.7966707e-05
74.588,18.52,180.56999,3.8483773e-05
74.588,18.52,180.56999,3.872924e-05
72.5304,18.52,181.95898,3.9024882e-05
69.444,18.52,185.2,3.9464914e-05
70.4728,12.964,187.515,3.9932504e-05
72.016,9.26,189.83,4.0444127e-05
73.0448,9.26,189.83,4.1054955e-05
74.588,9.26,189.83,4.1665367e-05
