Vmax,Rmax,R34,fcor
18.004,129.64,148.16,6.255676e-05
19.0328,129.64,157.42,6.37495e-05
20.576,129.64,166.68,6.4846485e-05
21.604801,129.64,175.94,6.57629e-05
23.148,129.64,185.2,6.643758e-05
24.1768,92.6,194.46,6.6945526e-05
25.720001,55.56,166.68,6.711647e-05
25.720001,64.82,168.995,6.703356e-05
25.720001,74.08,171.31,6.643758e-05
26.7488,59.264,162.05,6.5106775e-05
28.292,46.3,152.79,6.370404e-05
28.292,46.3,145.845,6.2923275e-05
28.292,46.3,138.9,6.255676e-05
29.3208,40.744,138.9,6.2417275e-05
30.864,37.04,138.9,6.255676e-05
31.8928,31.484,127.325005,6.2936626e-05
33.436,27.78,115.75,6.324571e-05
33.436,27.78,101.86,6.306784e-05
33.436,27.78,87.97001,6.278661e-05
34.4648,27.78,87.97001,6.271687e-05
36.008,27.78,87.97001,6.278661e-05
37.0368,22.223999,87.97001,6.292951e-05
38.58,18.52,87.97001,6.324571e-05
41.152,18.52,87.97001,6.3715444e-05
43.724,18.52,87.97001,6.43901e-05
