Vmax,Rmax,R34,fcor
18.004,27.78,49.38667,2.857718e-05
19.0328,27.78,52.47333,2.8614617e-05
20.576,27.78,50.93,2.857718e-05
21.604801,27.78,50.93,2.838371e-05
23.148,27.78,50.93,2.807779e-05
24.1768,22.223999,50.93,2.7703023e-05
25.720001,18.52,50.93,2.7328068e-05
26.7488,18.52,69.45,2.7059232e-05
28.292,18.52,87.97,2.6827835e-05
29.3208,18.52,90.284996,2.6521271e-05
30.864,18.52,92.6,2.6327272e-05
30.864,18.52,92.6,2.639613e-05
30.864,18.52,92.6,2.6577594e-05
30.864,18.52,92.6,2.6683903e-05
30.864,18.52,92.6,2.6827835e-05
30.864,18.52,92.6,2.7059263e-05
30.864,18.52,92.6,2.7328068e-05
30.864,22.223999,92.6,2.757789e-05
30.864,27.78,92.6,2.7827968e-05
31.8928,27.78,92.6,2.8115317e-05
33.436,27.78,92.6,2.8327528e-05
37.0368,22.223999,92.6,2.8383663e-05
41.152,18.52,92.6,2.8327528e-05
43.724,18.52,92.6,2.8221266e-05
46.296,18.52,92.6,2.807779e-05
