Vmax,Rmax,R34,fcor
18.004,74.08,92.6,5.22651e-05
20.576,74.08,157.42,5.345128e-05
23.148,74.08,166.68,5.4633376e-05
24.1768,68.524,166.68,5.582862e-05
25.720001,64.82,166.68,5.698501e-05
25.720001,64.82,175.94,5.8054975e-05
25.720001,64.82,185.20001,5.9086666e-05
25.720001,64.82,185.20001,6.0062004e-05
25.720001,64.82,185.20001,6.1173734e-05
25.720001,59.264,182.11334,6.263699e-05
25.720001,55.56,157.42,6.416161e-05
26.7488,55.56,228.41333,6.5448614e-05
28.292,55.56,277.8,6.666408e-05
28.292,46.3,277.8,6.79405e-05
28.292,37.04,231.49998,6.914198e-05
30.864,37.04,231.49998,7.019689e-05
33.436,37.04,231.49998,7.115043e-05
33.436,37.04,217.61,7.20549e-05
33.436,37.04,203.71999,7.2921e-05
30.864,37.04,203.71999,7.376695e-05
28.292,37.04,203.71999,7.467736e-05
28.292,37.04,203.71999,7.5767006e-05
28.292,37.04,203.71999,7.6852295e-05
26.7488,37.04,196.775,7.78934e-05
25.720001,37.04,189.82999,7.85754e-05
25.720001,37.04,204.183,7.861257e-05
25.720001,37.04,219.92499,7.8360856e-05
25.720001,37.04,219.92499,7.826896e-05
25.720001,37.04,219.92499,7.814606e-05
26.7488,37.04,225.48099,7.799508e-05
28.292,37.04,231.5,7.771575e-05
30.864,37.04,231.5,7.7240824e-05
33.436,37.04,231.5,7.663584e-05
33.436,37.04,245.853,7.603374e-05
33.436,37.04,261.595,7.533226e-05
36.008,37.04,261.595,7.439248e-05
38.58,37.04,261.595,7.3581316e-05
38.58,37.04,261.595,7.326115e-05
38.58,37.04,261.595,7.314133e-05
39.6088,37.04,269.466,7.293789e-05
41.152,37.04,277.8,7.270045e-05
41.152,37.04,277.8,7.236871e-05
41.152,37.04,277.8,7.2037474e-05
43.724,37.04,277.8,7.176609e-05
46.296,37.04,277.8,7.159438e-05
46.296,37.04,266.225,7.1526396e-05
46.296,37.04,254.65,7.159438e-05
48.868,37.04,266.225,7.1766604e-05
51.440002,37.04,277.8,7.2037474e-05
51.440002,37.04,277.8,7.2368144e-05
51.440002,37.04,277.8,7.270045e-05
51.440002,37.04,277.8,7.297035e-05
51.440002,37.04,277.8,7.314133e-05
52.4688,37.04,248.16798,7.315702e-05
54.012,37.04,219.925,7.314133e-05
