Vmax,Rmax,R34,fcor
18.004,92.6,111.12,6.8243826e-05
19.0328,92.6,111.12,6.9209374e-05
20.576,92.6,111.12,7.003676e-05
21.604801,92.6,103.712006,7.02821e-05
23.148,92.6,76.395004,7.025991e-05
23.148,59.264,76.395004,7.029332e-05
23.148,27.78,76.395004,7.025991e-05
24.1768,27.78,84.26601,7.01653e-05
25.720001,27.78,92.600006,7.003676e-05
26.7488,27.78,92.600006,6.9908274e-05
28.292,27.78,92.600006,6.981338e-05
29.3208,27.78,111.119995,6.97966e-05
30.864,27.78,129.64,6.981338e-05
31.8928,31.484,120.38,6.9763155e-05
33.436,37.04,111.12,6.981338e-05
30.864,37.04,108.80501,7.008136e-05
28.292,37.04,106.490005,7.048288e-05
28.292,37.04,108.80501,7.089453e-05
28.292,37.04,111.12,7.137252e-05
30.864,31.484,117.13899,7.19264e-05
33.436,27.78,125.009995,7.247968e-05
31.8928,27.78,127.325,7.288881e-05
30.864,27.78,129.64,7.336144e-05
30.864,40.744,141.67801,7.409673e-05
30.864,55.56,155.105,7.4895885e-05
31.8928,55.56,170.847,7.563139e-05
33.436,55.56,187.515,7.620224e-05
34.4648,50.004,197.23799,7.65005e-05
36.008,46.3,208.35,7.663584e-05
36.008,46.3,210.665,7.679279e-05
36.008,46.3,212.98,7.6852295e-05
