Vmax,Rmax,R34,fcor
18.004,207.424,80.562,4.0566374e-05
20.576,185.2,162.04999,4.093299e-05
23.148,114.824,162.04999,4.126266e-05
25.720001,46.3,145.07333,4.1665367e-05
25.720001,46.3,160.50667,4.2165186e-05
25.720001,46.3,175.93999,4.288343e-05
24.1768,50.004,203.72002,4.4016808e-05
23.148,55.56,231.5,4.506766e-05
23.148,64.82,235.204,4.5309676e-05
22.1192,83.34,243.22932,4.619613e-05
20.576,111.12,256.19333,4.796257e-05
21.604801,124.084,259.28,4.926049e-05
23.148,138.9,262.36667,5.035898e-05
23.148,124.084,262.36667,5.1473802e-05
23.148,111.12,262.36667,5.22651e-05
24.1768,77.784,262.36667,5.258002e-05
25.720001,46.3,262.36667,5.250265e-05
23.148,55.56,300.95,5.216394e-05
20.576,64.82,300.95,5.178951e-05
19.0328,114.824,300.024,5.1664134e-05
18.004,166.68,277.8,5.178951e-05
18.004,166.68,277.8,5.2158004e-05
18.004,166.68,277.8,5.2740055e-05
18.004,166.68,277.8,5.3397947e-05
18.004,166.68,277.8,5.4161024e-05
20.576,96.304,231.5,5.5075398e-05
23.148,27.78,160.50667,5.581132e-05
23.148,83.34,172.85333,5.599979e-05
23.148,138.9,185.2,5.6046403e-05
24.1768,114.824,196.92932,5.6328154e-05
25.720001,92.6,209.89333,5.6750614e-05
25.720001,92.6,209.89333,5.730118e-05
25.720001,92.6,209.89333,5.7920843e-05
25.720001,92.6,212.36267,5.8364945e-05
25.720001,92.6,216.06667,5.9086666e-05
25.720001,96.304,222.24,5.9551734e-05
26.2344,101.86,230.88268,6.0098904e-05
28.292,109.268,244.464,6.1635496e-05
28.292,111.12,199.09,6.186609e-05
31.8928,92.6,223.166,6.374445e-05
36.008,74.08,247.705,6.4846485e-05
36.008,59.264,284.28198,6.637453e-05
36.008,46.3,321.785,6.7793495e-05
36.008,64.82,333.36002,6.886752e-05
36.008,83.34,344.935,7.003676e-05
36.008,68.524,359.75098,7.1649614e-05
