Vmax,Rmax,R34,fcor
18.004,92.6,111.12,4.288343e-05
18.004,92.6,111.12,4.3090153e-05
18.004,92.6,111.12,4.3369746e-05
19.0328,92.6,120.38,4.371589e-05
20.576,92.6,111.119995,4.409823e-05
21.604801,92.6,129.64,4.444377e-05
23.148,92.6,141.98668,4.4825505e-05
24.1768,83.34,141.98668,4.5309498e-05
25.720001,74.08,115.75,4.5793287e-05
25.720001,74.08,115.75,4.6173736e-05
25.720001,74.08,115.75,4.651767e-05
25.720001,83.34,129.64,4.6879388e-05
25.720001,92.6,143.53,4.7240763e-05
25.720001,92.6,157.42,4.758341e-05
25.720001,92.6,171.31,4.796257e-05
25.720001,101.86,194.45999,4.8424947e-05
25.720001,111.12,217.60999,4.892293e-05
25.720001,111.12,217.60999,4.9402006e-05
25.720001,111.12,217.60999,4.9880902e-05
25.720001,111.12,217.60999,5.0358878e-05
25.720001,111.12,217.60999,5.083645e-05
25.720001,111.12,217.60999,5.129524e-05
25.720001,111.12,217.60999,5.178951e-05
24.1768,111.12,219.92499,5.236575e-05
23.148,111.12,222.23999,5.2977284e-05
23.148,111.12,222.23999,5.35696e-05
23.148,111.12,222.23999,5.4161024e-05
24.1768,92.6,222.23999,5.475106e-05
25.720001,74.08,222.23999,5.5340646e-05
26.7488,74.08,222.23999,5.591086e-05
28.292,74.08,222.23999,5.6516048e-05
28.292,74.08,222.23999,5.714894e-05
28.292,74.08,222.23999,5.7920843e-05
28.292,74.08,222.23999,5.8882262e-05
28.292,74.08,222.23999,6.0016075e-05
29.3208,74.08,224.555,6.127156e-05
30.864,74.08,226.87,6.255676e-05
30.864,74.08,226.87,6.3738364e-05
30.864,74.08,226.87,6.4846485e-05
30.864,74.08,226.87,6.592062e-05
30.864,74.08,226.87,6.689037e-05
30.864,74.08,226.87,6.773057e-05
30.864,74.08,226.87,6.8468675e-05
31.8928,55.56,233.815,6.9175585e-05
33.436,37.04,240.75998,6.981338e-05
33.436,37.04,240.75998,7.038753e-05
33.436,37.04,240.75998,7.092813e-05
34.4648,37.04,240.75998,7.146592e-05
36.008,37.04,240.75998,7.2037474e-05
37.0368,37.04,231.50002,7.2667404e-05
38.58,37.04,222.24,7.336144e-05
38.58,40.744,222.24,7.408024e-05
38.58,46.3,222.24,7.4895885e-05
39.6088,40.744,222.24,7.581066e-05
41.152,37.04,222.24,7.6852295e-05
43.724,37.04,222.24,7.793102e-05
43.724,37.04,222.24,7.799754e-05
43.724,37.04,222.24,7.921766e-05
