Vmax,Rmax,R34,fcor
18.004,74.08,74.08,7.511419e-05
18.004,74.08,74.08,7.466084e-05
18.004,74.08,74.08,7.423962e-05
18.004,74.08,78.71,7.3938456e-05
18.004,74.08,83.34,7.380098e-05
18.004,74.08,83.34,7.381184e-05
18.004,74.08,83.34,7.402041e-05
18.004,74.08,87.97,7.440938e-05
18.004,74.08,92.600006,7.4895885e-05
18.004,74.08,92.600006,7.533215e-05
18.004,74.08,92.600006,7.576771e-05
19.0328,68.524,97.229996,7.621856e-05
20.576,64.82,92.600006,7.663584e-05
20.576,64.82,98.77334,7.7041645e-05
20.576,64.82,92.6,7.728449e-05
21.604801,59.264,94.915,7.7273515e-05
23.148,55.56,97.229996,7.70685e-05
23.148,55.56,104.175,7.6776516e-05
23.148,55.56,111.12,7.641916e-05
23.148,50.004,111.12,7.610987e-05
23.148,46.3,111.12,7.576771e-05
24.1768,46.3,111.12,7.536476e-05
25.720001,46.3,111.12,7.4895885e-05
26.7488,46.3,111.12,7.434929e-05
28.292,46.3,111.12,7.380098e-05
29.3208,40.744,111.12,7.3311734e-05
30.864,37.04,111.12,7.2921e-05
31.8928,37.04,111.12,7.2617666e-05
33.436,37.04,111.12,7.247968e-05
34.4648,37.04,111.12,7.25073e-05
36.008,37.04,111.12,7.270045e-05
37.0368,31.484,111.12,7.301456e-05
38.58,27.78,111.12,7.336144e-05
39.6088,27.78,111.12,7.361428e-05
41.152,27.78,111.12,7.380098e-05
42.1808,27.78,120.38,7.394346e-05
43.724,27.78,129.64,7.402041e-05
44.7528,27.78,129.64,7.3971e-05
46.296,27.78,129.64,7.402041e-05
46.296,27.78,129.64,7.437609e-05
46.296,27.78,129.64,7.4895885e-05
43.724,27.78,134.27,7.54088e-05
41.152,27.78,138.90001,7.5985095e-05
41.152,27.78,141.215,7.66189e-05
41.152,27.78,143.53,7.728449e-05
42.1808,27.78,143.53,7.789656e-05
43.724,27.78,143.53,7.85754e-05
46.296,27.78,148.16,7.9399484e-05
48.868,27.78,152.79,8.028322e-05
