Vmax,Rmax,R34,fcor
18.004,222.24,277.8,3.700857e-05
18.004,250.02,277.8,3.737778e-05
18.004,277.8,277.8,3.7746686e-05
18.004,277.8,277.8,3.8115468e-05
18.004,277.8,277.8,3.8483773e-05
18.004,277.8,277.8,3.8704577e-05
18.004,277.8,277.8,3.9219805e-05
19.0328,277.8,277.8,4.040142e-05
20.576,277.8,277.8,4.1909232e-05
21.604801,222.24,277.8,4.338795e-05
23.148,166.68,277.8,4.4825505e-05
23.148,157.42,277.8,4.6107263e-05
23.148,148.16,277.8,4.7240763e-05
24.1768,138.9,277.8,4.8256898e-05
25.720001,129.64,222.23999,4.916265e-05
26.7488,129.64,234.58667,4.9982544e-05
28.292,129.64,246.93333,5.083645e-05
29.3208,101.86,246.93333,5.1908344e-05
30.864,74.08,246.93333,5.2977284e-05
31.8928,64.82,246.93333,5.3859607e-05
33.436,55.56,208.34999,5.4633376e-05
34.4648,55.56,226.87,5.528763e-05
36.008,55.56,245.38998,5.6046403e-05
37.0368,50.004,252.33499,5.7148925e-05
38.58,46.3,259.28,5.83877e-05
