Vmax,Rmax,R34,fcor
18.004,55.56,55.56,2.6577594e-05
20.576,55.56,64.82,2.6846228e-05
23.148,55.56,74.08,2.707799e-05
24.1768,46.3,83.34,2.7327853e-05
25.720001,37.04,80.253334,2.7578055e-05
28.292,31.484,70.99333,2.7808459e-05
30.864,27.78,55.559998,2.807779e-05
31.8928,27.78,64.82,2.8451874e-05
33.436,27.78,74.08,2.882674e-05
33.436,27.78,74.08,2.9076416e-05
33.436,27.78,74.08,2.9325609e-05
34.4648,27.78,76.395,2.966156e-05
36.008,27.78,78.71,3.0073232e-05
39.6088,27.78,78.71,3.0552346e-05
43.724,27.78,78.71,3.1068776e-05
46.296,27.78,78.71,3.1621505e-05
48.868,27.78,78.71,3.206281e-05
51.440002,27.78,78.71,3.2205382e-05
54.012,27.78,78.71,3.231108e-05
56.584,27.78,99.545,3.264614e-05
59.156002,27.78,120.380005,3.305528e-05
61.728,22.223999,120.380005,3.342666e-05
64.3,18.52,120.380005,3.3798577e-05
64.3,18.52,120.380005,3.4207027e-05
64.3,18.52,120.380005,3.454095e-05
65.328804,18.52,120.380005,3.4683133e-05
66.872,18.52,120.380005,3.47882e-05
