Vmax,Rmax,R34,fcor
18.004,83.34,129.64,5.510506e-05
20.576,68.524,138.28267,5.5357894e-05
23.148,55.56,148.15999,5.5576067e-05
24.1768,55.56,148.15999,5.5811077e-05
25.720001,55.56,148.15999,5.6046403e-05
26.7488,55.56,154.33333,5.626305e-05
28.292,55.56,143.53,5.6516048e-05
29.3208,50.004,145.845,5.6867644e-05
30.864,46.3,148.16,5.721923e-05
30.864,46.3,150.012,5.74697e-05
30.864,46.3,152.79001,5.768715e-05
30.864,55.56,152.79001,5.7920905e-05
30.864,64.82,152.79001,5.8154368e-05
33.436,64.82,156.957,5.8387086e-05
36.008,64.82,162.05,5.862087e-05
39.6088,64.82,169.921,5.8853162e-05
43.724,64.82,178.255,5.9086666e-05
46.296,50.004,178.255,5.933547e-05
48.868,37.04,178.255,5.9551734e-05
52.4688,31.484,178.255,5.970273e-05
56.584,27.78,178.255,5.9784e-05
59.156002,27.78,193.997,5.978363e-05
61.728,27.78,210.66501,5.9784e-05
67.9008,31.484,226.407,5.9864953e-05
74.588,37.04,243.075,6.0016075e-05
75.6168,40.744,250.946,6.0184117e-05
