Vmax,Rmax,R34,fcor
18.004,148.16,166.68,4.1909232e-05
18.004,138.9,166.68,4.142136e-05
18.004,129.64,166.68,4.093299e-05
18.004,129.64,166.68,4.0511353e-05
18.004,129.64,166.68,4.0199502e-05
18.004,129.64,166.68,4.004042e-05
18.004,129.64,166.68,3.995476e-05
18.004,129.64,166.68,3.9813895e-05
18.004,129.64,166.68,3.9709896e-05
19.0328,105.564,151.864,3.96915e-05
20.576,83.34,125.009995,3.9709896e-05
20.576,105.564,125.009995,3.970994e-05
20.576,129.64,125.009995,3.9709896e-05
21.604801,120.38,125.009995,3.969139e-05
23.148,111.12,125.009995,3.9709896e-05
24.1768,68.524,125.009995,3.981391e-05
25.720001,27.78,120.38,3.995476e-05
26.7488,27.78,124.70133,4.005858e-05
28.292,27.78,129.64,4.0199502e-05
29.3208,27.78,132.72667,4.040726e-05
30.864,27.78,120.380005,4.0688625e-05
31.8928,27.78,120.380005,4.1036546e-05
33.436,27.78,120.380005,4.142137e-05
36.008,27.78,122.69499,4.180566e-05
38.58,27.78,125.009995,4.2152973e-05
39.6088,27.78,125.009995,4.2414547e-05
41.152,27.78,125.009995,4.2640077e-05
