Vmax,Rmax,R34,fcor
18.004,37.04,111.12,6.278661e-05
18.004,74.08,120.38,6.281519e-05
18.004,111.12,129.64,6.3016254e-05
18.004,111.12,138.9,6.337152e-05
18.004,111.12,101.86,6.393293e-05
20.576,83.34,111.12,6.471514e-05
23.148,55.56,92.600006,6.552959e-05
24.1768,55.56,104.94666,6.614827e-05
25.720001,55.56,117.293335,6.666408e-05
25.720001,55.56,129.64,6.715028e-05
25.720001,55.56,141.98666,6.756802e-05
25.720001,55.56,151.24666,6.792261e-05
25.720001,55.56,160.50667,6.8243826e-05
26.7488,64.82,175.94,6.859776e-05
28.292,74.08,152.79,6.8917754e-05
30.864,74.08,155.105,6.915864e-05
33.436,74.08,157.42,6.936598e-05
36.008,50.004,157.42,6.9606496e-05
38.58,27.78,157.42,6.981338e-05
38.58,27.78,157.42,6.9941845e-05
38.58,27.78,157.42,7.003676e-05
37.0368,37.04,159.735,7.013161e-05
36.008,46.3,162.05,7.025991e-05
36.008,46.3,164.36499,7.044938e-05
36.008,46.3,166.68,7.07056e-05
36.008,40.744,166.68,7.1022616e-05
36.008,37.04,166.68,7.137252e-05
37.0368,37.04,168.995,7.170525e-05
38.58,37.04,171.31,7.2037474e-05
