Vmax,Rmax,R34,fcor
18.004,74.08,74.08,3.2559245e-05
18.004,74.08,74.08,3.2615044e-05
18.004,74.08,74.08,3.2559245e-05
18.004,74.08,83.34,3.2559226e-05
18.004,74.08,80.253334,3.2559245e-05
19.0328,83.34,98.77334,3.253988e-05
20.576,92.6,117.293335,3.2559245e-05
21.604801,83.34,129.64,3.2608445e-05
23.148,74.08,141.98666,3.280731e-05
24.1768,55.56,154.33333,3.324693e-05
25.720001,37.04,134.27,3.3798577e-05
26.7488,37.04,159.735,3.429375e-05
28.292,37.04,185.2,3.47882e-05
28.292,37.04,189.83,3.526354e-05
28.292,37.04,194.46,3.577612e-05
30.864,37.04,192.145,3.633698e-05
33.436,37.04,189.83,3.700857e-05
37.0368,37.04,189.83,3.7832568e-05
41.152,37.04,189.83,3.872924e-05
42.1808,37.04,199.09,3.958717e-05
43.724,37.04,208.34999,4.0444127e-05
43.724,37.04,226.87,4.131761e-05
43.724,37.04,245.39001,4.2152973e-05
43.724,37.04,254.65,4.288318e-05
43.724,37.04,263.91,4.3612705e-05
44.7528,37.04,263.91,4.4425535e-05
46.296,37.04,263.91,4.5309676e-05
48.868,37.04,268.54,4.6257806e-05
51.440002,37.04,273.16998,4.7240763e-05
55.040802,37.04,280.115,4.8221e-05
59.156002,37.04,287.06,4.916265e-05
