Vmax,Rmax,R34,fcor
18.004,111.12,111.12,4.506766e-05
19.0328,120.38,120.38,4.4649936e-05
20.576,129.64,129.64,4.4340795e-05
21.604801,129.64,129.64,4.4371056e-05
23.148,129.64,129.64,4.458322e-05
24.1768,129.64,157.42,4.4807333e-05
25.720001,129.64,135.81334,4.506766e-05
26.7488,111.12,138.90001,4.529148e-05
28.292,92.6,129.64,4.5551555e-05
30.864,74.08,129.64,4.5877645e-05
33.436,55.56,129.64,4.627635e-05
33.436,55.56,129.64,4.6722613e-05
33.436,55.56,129.64,4.7240763e-05
34.4648,46.3,138.90001,4.782431e-05
36.008,37.04,148.16,4.844305e-05
36.008,37.04,157.42,4.8983427e-05
36.008,37.04,166.68001,4.9641636e-05
37.5512,37.04,166.68001,5.0574894e-05
38.58,37.04,166.68001,5.083645e-05
33.436,37.04,171.31001,5.131329e-05
31.8928,37.04,171.31001,5.208076e-05
30.864,37.04,171.31001,5.2977284e-05
29.3208,37.04,171.31001,5.3989428e-05
28.292,37.04,171.31001,5.510506e-05
28.292,46.3,171.31001,5.6228087e-05
28.292,55.56,171.31001,5.7453286e-05
30.864,55.56,166.68,5.87492e-05
33.436,55.56,162.05,6.0247978e-05
37.0368,50.004,162.05,6.1957886e-05
41.152,46.3,162.05,6.393293e-05
44.7528,46.3,164.365,6.605609e-05
