Vmax,Rmax,R34,fcor
18.004,74.08,74.08,9.6655185e-06
20.576,77.784,115.75,1.0389253e-05
23.148,83.34,148.16,1.1188857e-05
24.1768,87.044,160.661,1.2038867e-05
25.720001,92.6,173.625,1.2964522e-05
26.7488,83.34,187.515,1.3940297e-05
28.292,74.08,201.405,1.4991469e-05
29.3208,64.82,196.312,1.6187283e-05
30.864,55.56,192.14499,1.7268272e-05
29.3208,55.56,189.36699,1.8013661e-05
28.292,55.56,187.51501,1.8531358e-05
26.7488,55.56,173.625,1.8966755e-05
25.720001,55.56,159.735,1.9288536e-05
24.1768,55.56,148.623,1.9578598e-05
23.148,55.56,138.9,1.9793031e-05
21.604801,59.264,117.602,1.9956942e-05
20.576,64.82,97.23,2.0045187e-05
19.0328,68.524,112.972,2.0082985e-05
18.004,74.08,106.49,2.0045187e-05
18.004,74.08,106.49,1.9938017e-05
18.004,74.08,106.49,1.9793031e-05
18.004,74.08,126.862,1.9648009e-05
18.004,74.08,117.293335,1.9540814e-05
19.0328,74.08,137.04799,1.9521887e-05
20.576,74.08,122.695,1.9540814e-05
21.604801,74.08,131.955,1.955972e-05
23.148,74.08,141.215,1.9540814e-05
24.1768,64.82,147.697,1.9376843e-05
25.720001,55.56,155.105,1.9288536e-05
26.7488,46.3,140.752,1.9465104e-05
28.292,37.04,127.325,1.9793031e-05
28.292,37.04,122.231995,2.0171216e-05
28.292,37.04,118.064995,2.0549318e-05
29.3208,37.04,109.268,2.0876863e-05
30.864,37.04,101.85999,2.1053198e-05
33.436,37.04,95.37799,2.1059515e-05
36.008,37.04,90.285,2.0801292e-05
37.0368,37.04,89.82199,2.0265705e-05
38.58,37.04,90.284996,1.9540814e-05
39.6088,37.04,95.840996,1.8821669e-05
41.152,37.04,101.86,1.8026287e-05
