Vmax,Rmax,R34,fcor
18.004,55.56,37.04,2.882674e-05
18.004,55.56,37.04,2.8614639e-05
18.004,55.56,37.04,2.8327528e-05
19.0328,55.56,43.522,2.7952487e-05
20.576,55.56,50.93,2.7578055e-05
21.604801,50.004,52.782,2.7234095e-05
23.148,46.3,55.56,2.707799e-05
23.148,46.3,55.56,2.7196755e-05
23.148,46.3,55.56,2.7578055e-05
24.1768,40.744,67.134995,2.8146109e-05
25.720001,37.04,78.71,2.882674e-05
25.720001,37.04,75.006,2.9431389e-05
25.720001,37.04,71.765,3.0073232e-05
25.720001,37.04,71.765,3.078259e-05
25.720001,37.04,71.765,3.156599e-05
25.720001,46.3,71.765,3.245365e-05
25.720001,55.56,71.765,3.330315e-05
26.7488,55.56,71.765,3.3940178e-05
28.292,55.56,71.765,3.454095e-05
29.3208,55.56,73.154,3.530141e-05
30.864,55.56,76.395004,3.6022833e-05
31.8928,46.3,106.953,3.6515266e-05
33.436,37.04,138.9,3.700857e-05
37.0368,27.78,138.9,3.7728096e-05
41.152,18.52,138.9,3.8483773e-05
