Vmax,Rmax,R34,fcor
33.436,444.48,222.24,2.4572832e-05
33.436,444.48,222.24,2.4817435e-05
33.436,444.48,222.24,2.53252e-05
36.008,444.48,222.24,2.5719342e-05
38.58,444.48,222.24,2.6076874e-05
38.58,444.48,222.24,2.6345999e-05
38.58,444.48,222.24,2.6577594e-05
38.58,444.48,222.24,2.6828064e-05
38.58,444.48,222.24,2.707799e-05
42.1808,444.48,250.02,2.7308914e-05
46.296,444.48,277.8,2.7578055e-05
46.296,444.48,277.8,2.7896409e-05
46.296,444.48,277.8,2.8327528e-05
48.868,444.48,277.8,2.8932973e-05
51.440002,444.48,277.8,2.9574905e-05
54.012,444.48,208.35,3.007322e-05
56.584,444.48,138.90001,3.0571195e-05
55.040802,235.204,138.90001,3.115553e-05
54.012,27.78,138.90001,3.1814445e-05
54.012,27.78,180.57,3.2540665e-05
54.012,27.78,222.23999,3.330315e-05
54.012,27.78,236.13,3.4064677e-05
54.012,27.78,250.01999,3.47882e-05
55.040802,27.78,250.01999,3.538726e-05
56.584,27.78,250.01999,3.6022833e-05
