Vmax,Rmax,R34,fcor
18.004,55.56,55.56,4.5793287e-05
19.0328,55.56,64.82,4.553341e-05
20.576,55.56,55.560005,4.5309676e-05
21.604801,46.3,60.190002,4.5170524e-05
23.148,37.04,64.82,4.506766e-05
24.1768,31.484,74.08,4.4964712e-05
25.720001,27.78,83.34,4.4825505e-05
26.7488,22.223999,92.6,4.4601322e-05
28.292,18.52,101.86,4.4340795e-05
29.3208,27.78,101.86,4.4079916e-05
30.864,37.04,101.86,4.385554e-05
30.864,37.04,101.86,4.3697524e-05
30.864,37.04,101.86,4.3612705e-05
30.864,40.744,111.119995,4.3576256e-05
30.864,46.3,120.380005,4.3612705e-05
30.864,46.3,120.380005,4.3715798e-05
30.864,46.3,120.380005,4.385554e-05
30.864,46.3,127.325,4.3976477e-05
30.864,46.3,134.27,4.409823e-05
31.8928,46.3,142.141,4.42194e-05
33.436,46.3,150.475,4.4340795e-05
37.0368,46.3,151.401,4.446177e-05
41.152,46.3,152.79001,4.458322e-05
48.868,40.744,162.05,4.468595e-05
56.584,37.04,171.31,4.4825505e-05
57.6128,37.04,180.56999,4.5049484e-05
59.156002,37.04,189.82999,4.5309676e-05
