Vmax,Rmax,R34,fcor
18.004,92.6,81.024994,2.7328068e-05
18.004,68.524,81.024994,2.8115106e-05
18.004,46.3,81.024994,2.882674e-05
19.0328,46.3,68.061,2.8920396e-05
20.576,46.3,55.559998,2.882674e-05
21.604801,46.3,69.45,2.895147e-05
23.148,46.3,83.340004,2.9076216e-05
23.148,46.3,83.340004,2.9057237e-05
23.148,46.3,83.340004,2.9076216e-05
24.1768,46.3,97.229996,2.9382152e-05
25.720001,46.3,111.12,2.9574905e-05
26.7488,37.04,122.231995,2.9088405e-05
28.292,27.78,134.26999,2.882674e-05
28.292,27.78,136.122,2.974942e-05
28.292,27.78,138.9,3.0820032e-05
28.292,27.78,134.26999,3.1056334e-05
28.292,27.78,129.64,3.1068776e-05
28.292,31.484,134.26999,3.129876e-05
28.292,37.04,138.90001,3.156599e-05
29.3208,31.484,155.568,3.1832646e-05
30.864,27.78,173.625,3.206281e-05
31.8928,27.78,173.625,3.2225278e-05
33.436,27.78,173.625,3.231108e-05
33.436,27.78,173.625,3.231066e-05
33.436,27.78,173.625,3.231108e-05
33.436,27.78,169.45801,3.2379503e-05
33.436,27.78,166.68001,3.2559245e-05
33.436,27.78,166.68001,3.287545e-05
33.436,27.78,166.68001,3.330315e-05
33.436,27.78,166.68001,3.377974e-05
33.436,27.78,166.68001,3.4293596e-05
30.864,27.78,166.68001,3.4862267e-05
28.292,27.78,166.68001,3.5282377e-05
28.292,27.78,157.42,3.539425e-05
28.292,27.78,148.16,3.5282377e-05
26.7488,27.78,143.53,3.5053064e-05
25.720001,27.78,138.9,3.47882e-05
26.7488,27.78,143.53,3.4590204e-05
28.292,27.78,148.16,3.454095e-05
29.3208,27.78,152.79001,3.4788165e-05
30.864,27.78,157.42,3.5035337e-05
31.8928,27.78,157.42,3.496726e-05
33.436,27.78,157.42,3.47882e-05
33.436,27.78,166.68,3.4682347e-05
33.436,27.78,175.94,3.454095e-05
33.436,27.78,175.94,3.4293942e-05
33.436,27.78,175.94,3.404614e-05
33.436,27.78,175.94,3.382911e-05
33.436,27.78,175.94,3.3798577e-05
33.436,27.78,175.94,3.4076787e-05
33.436,27.78,175.94,3.454095e-05
