Vmax,Rmax,R34,fcor
18.004,92.6,92.6,2.707799e-05
18.004,92.6,92.6,2.7077931e-05
18.004,92.6,92.6,2.707799e-05
18.004,92.6,92.6,2.7058768e-05
18.004,92.6,92.6,2.707799e-05
18.004,87.044,92.6,2.7184677e-05
18.004,83.34,92.6,2.7328068e-05
19.0328,83.34,92.6,2.7415133e-05
20.576,83.34,92.6,2.7578055e-05
21.604801,83.34,114.824,2.7933984e-05
23.148,83.34,138.9,2.8327528e-05
24.1768,77.784,138.9,2.859581e-05
25.720001,74.08,129.64,2.882674e-05
26.7488,74.08,133.96133,2.9075542e-05
28.292,74.08,131.95499,2.9325609e-05
29.3208,74.08,131.95499,2.9556748e-05
30.864,74.08,131.95499,2.9824112e-05
31.8928,74.08,135.196,3.0178988e-05
33.436,74.08,138.9,3.0571195e-05
34.4648,55.56,142.604,3.088795e-05
36.008,37.04,148.16,3.131743e-05
37.0368,31.484,148.16,3.202565e-05
38.58,27.78,148.16,3.280731e-05
39.6088,27.78,148.16,3.3464137e-05
41.152,27.78,148.16,3.404614e-05
42.1808,27.78,148.16,3.4503875e-05
43.724,27.78,148.16,3.5035337e-05
44.7528,27.78,148.16,3.584392e-05
46.296,27.78,148.16,3.67623e-05
