Vmax,Rmax,R34,fcor
18.004,74.08,80.253334,3.454095e-05
20.576,59.264,92.600006,3.5090892e-05
23.148,46.3,97.229996,3.5529305e-05
24.1768,46.3,99.545,3.5955003e-05
25.720001,46.3,101.86,3.626943e-05
25.720001,46.3,101.86,3.642965e-05
25.720001,46.3,101.86,3.651592e-05
25.720001,46.3,101.86,3.665756e-05
25.720001,46.3,101.86,3.67623e-05
25.720001,46.3,101.86,3.6762343e-05
25.720001,46.3,101.86,3.67623e-05
25.720001,40.744,101.86,3.6848538e-05
25.720001,37.04,101.86,3.700857e-05
28.292,37.04,104.174995,3.7254686e-05
30.864,37.04,106.49,3.7500762e-05
31.8928,37.04,111.12,3.7642178e-05
33.436,37.04,115.75,3.7746686e-05
36.008,37.04,120.380005,3.7851172e-05
38.58,37.04,125.009995,3.7992504e-05
38.58,37.04,125.009995,3.820136e-05
38.58,37.04,125.009995,3.8483773e-05
37.0368,37.04,122.69499,3.8815102e-05
36.008,37.04,120.38,3.9219805e-05
34.4648,31.484,113.435,3.9691462e-05
33.436,27.78,106.49,4.0199502e-05
33.436,27.78,97.229996,4.072527e-05
33.436,27.78,87.97,4.1177245e-05
31.8928,27.78,78.71,4.147626e-05
30.864,27.78,69.45,4.1665367e-05
30.864,27.78,67.135,4.1805535e-05
30.864,27.78,64.82,4.1909232e-05
30.864,22.223999,62.504997,4.203098e-05
30.864,18.52,60.19,4.2152973e-05
31.8928,18.52,55.56,4.227491e-05
33.436,18.52,50.93,4.239659e-05
33.436,18.52,50.93,4.2499913e-05
33.436,18.52,50.93,4.2640077e-05
34.4648,18.52,53.245,4.286514e-05
36.008,18.52,55.56,4.3126656e-05
37.0368,18.52,60.19,4.3351523e-05
38.58,18.52,64.82,4.3612705e-05
