Vmax,Rmax,R34,fcor
18.004,37.04,74.08,3.231108e-05
19.0328,37.04,74.08,3.195715e-05
20.576,37.04,74.08,3.156599e-05
23.148,27.78,75.932,3.117438e-05
25.720001,18.52,81.024994,3.0820032e-05
26.7488,18.52,83.80299,3.055255e-05
28.292,18.52,87.96999,3.0322259e-05
29.3208,18.52,91.211,3.007309e-05
30.864,18.52,94.915,2.9824112e-05
31.8928,18.52,100.008,2.9556137e-05
33.436,18.52,106.490005,2.9325609e-05
33.436,18.52,106.490005,2.9163377e-05
33.436,18.52,106.490005,2.9076216e-05
33.436,18.52,107.416,2.9057474e-05
33.436,18.52,108.805,2.9076216e-05
34.4648,18.52,109.731,2.9057337e-05
36.008,18.52,111.12,2.9076216e-05
37.0368,18.52,118.991,2.9200864e-05
38.58,18.52,127.325,2.9325609e-05
39.6088,18.52,132.418,2.934417e-05
41.152,18.52,138.9,2.9325609e-05
42.1808,18.52,138.9,2.9325467e-05
43.724,18.52,138.9,2.9325609e-05
43.724,18.52,138.9,2.9306771e-05
43.724,18.52,138.9,2.9325609e-05
43.724,18.52,141.215,2.9450128e-05
43.724,18.52,143.53,2.9574905e-05
42.1808,18.52,143.53,2.9574683e-05
41.152,18.52,143.53,2.9574905e-05
39.6088,18.52,143.53,2.9661955e-05
38.58,18.52,143.53,2.9824112e-05
41.152,18.52,151.401,3.0073004e-05
43.724,18.52,159.73499,3.0322259e-05
46.296,18.52,168.995,3.046513e-05
48.868,18.52,178.255,3.0571195e-05
47.3248,18.52,178.255,3.0695533e-05
46.296,18.52,178.255,3.0820032e-05
46.296,18.52,178.255,3.0962572e-05
46.296,18.52,178.255,3.1068776e-05
48.868,18.52,179.181,3.1050153e-05
51.440002,18.52,180.56999,3.1068776e-05
55.040802,18.52,174.551,3.12423e-05
59.156002,18.52,168.995,3.156599e-05
