Vmax,Rmax,R34,fcor
18.004,55.56,55.56,3.1814445e-05
19.0328,55.56,55.56,3.2236414e-05
20.576,55.56,55.56,3.280731e-05
20.576,55.56,64.82,3.3550525e-05
20.576,55.56,74.08,3.4293596e-05
20.576,55.56,83.34,3.4843903e-05
20.576,55.56,80.253334,3.5282377e-05
21.604801,40.744,95.68667,3.570823e-05
23.148,27.78,111.119995,3.6022833e-05
23.148,27.78,117.293335,3.6182486e-05
23.148,27.78,123.466675,3.626943e-05
24.1768,27.78,129.64,3.6373825e-05
25.720001,27.78,135.81334,3.651592e-05
25.720001,40.744,135.81334,3.6762107e-05
25.720001,55.56,135.81334,3.700857e-05
28.292,55.56,157.42,3.7168265e-05
30.864,55.56,152.79001,3.7254722e-05
31.8928,40.744,168.995,3.7254402e-05
33.436,27.78,185.19998,3.7254722e-05
34.4648,27.78,187.51498,3.7377435e-05
36.008,27.78,189.82999,3.7500762e-05
37.0368,27.78,189.82999,3.7500435e-05
38.58,27.78,189.82999,3.7500762e-05
39.6088,27.78,189.82999,3.760533e-05
41.152,27.78,189.82999,3.7746686e-05
