Vmax,Rmax,R34,fcor
18.004,46.3,83.34,2.5826394e-05
20.576,46.3,80.562,2.597019e-05
23.148,46.3,67.135,2.6076874e-05
24.1768,40.744,75.006,2.6076676e-05
25.720001,37.04,83.34,2.6076874e-05
28.292,37.04,83.34,2.6183066e-05
30.864,37.04,83.34,2.6327272e-05
31.8928,37.04,95.378,2.647089e-05
33.436,37.04,108.80499,2.6577594e-05
36.008,37.04,110.657,2.6596404e-05
38.58,37.04,113.435,2.6577594e-05
38.58,37.04,113.435,2.6596077e-05
38.58,37.04,113.435,2.6577594e-05
38.58,37.04,111.58301,2.645225e-05
38.58,37.04,111.119995,2.6327272e-05
36.008,31.484,106.953,2.6345855e-05
33.436,27.78,104.175,2.6327272e-05
29.3208,27.78,93.526,2.6114158e-05
25.720001,27.78,83.34,2.5826394e-05
24.1768,27.78,83.34,2.5575695e-05
23.148,27.78,83.34,2.53252e-05
23.148,27.78,83.34,2.5074349e-05
23.148,27.78,83.34,2.4823696e-05
25.720001,27.78,69.45,2.4535208e-05
28.292,27.78,55.56,2.432189e-05
28.292,27.78,55.56,2.4265117e-05
28.292,27.78,55.56,2.432189e-05
28.292,27.78,55.56,2.4409659e-05
28.292,27.78,55.56,2.4572832e-05
33.436,22.223999,60.190002,2.4823676e-05
38.58,18.52,64.82,2.5074483e-05
39.6088,18.52,64.82,2.5218602e-05
41.152,18.52,64.82,2.53252e-05
