Vmax,Rmax,R34,fcor
18.004,129.64,185.20001,3.0820032e-05
19.0328,120.38,203.71999,3.1826592e-05
20.576,111.12,222.24,3.305528e-05
21.604801,105.564,222.24,3.4169574e-05
23.148,101.86,222.24,3.5282377e-05
23.148,96.304,222.24,3.6466416e-05
23.148,92.6,222.24,3.7500762e-05
24.1768,87.044,203.72002,3.8170576e-05
25.720001,83.34,185.20001,3.872924e-05
26.7488,64.82,172.85333,3.948313e-05
28.292,46.3,134.27,4.0199502e-05
29.3208,46.3,143.53,4.0724928e-05
30.864,46.3,152.79001,4.1177245e-05
31.8928,46.3,164.365,4.1683536e-05
33.436,46.3,175.94,4.2152973e-05
34.4648,40.744,175.94,4.2591277e-05
36.008,37.04,175.94,4.288343e-05
36.008,37.04,175.94,4.291971e-05
36.008,37.04,175.94,4.288343e-05
37.0368,37.04,175.94,4.2950112e-05
38.58,37.04,175.94,4.3126656e-05
38.58,31.484,178.255,4.3454846e-05
38.58,27.78,180.57,4.385554e-05
39.6088,27.78,185.20001,4.42375e-05
41.152,27.78,189.83,4.458322e-05
44.7528,27.78,196.77501,4.486188e-05
48.868,27.78,203.72,4.506766e-05
