Vmax,Rmax,R34,fcor
18.004,55.56,55.56,2.6827835e-05
19.0328,64.82,67.90667,2.7021591e-05
20.576,74.08,80.253334,2.7328068e-05
21.604801,74.08,80.253334,2.7771539e-05
23.148,74.08,80.253334,2.8327528e-05
24.1768,64.82,84.57467,2.8932505e-05
25.720001,55.56,81.024994,2.9574905e-05
26.7488,55.56,81.024994,3.0216255e-05
28.292,55.56,81.024994,3.0820032e-05
30.864,37.04,94.452,3.1335738e-05
33.436,18.52,108.80499,3.1814445e-05
34.4648,18.52,127.325,3.2310814e-05
36.008,18.52,145.845,3.280731e-05
37.0368,22.223999,169.921,3.332133e-05
38.58,27.78,194.45999,3.3798577e-05
39.6088,31.484,194.45999,3.4188164e-05
41.152,37.04,194.45999,3.454095e-05
43.724,40.744,200.942,3.487434e-05
46.296,46.3,208.35,3.5282377e-05
47.3248,50.004,219.46199,3.5861915e-05
48.868,55.56,231.5,3.651592e-05
49.8968,46.3,231.5,3.7150017e-05
51.440002,37.04,231.5,3.7746686e-05
52.4688,37.04,233.35199,3.827443e-05
54.012,37.04,236.13,3.872924e-05
56.584,37.04,236.13,3.9088656e-05
