Vmax,Rmax,R34,fcor
18.004,55.56,55.56,3.1068776e-05
19.0328,55.56,62.042,3.1068335e-05
20.576,55.56,69.45,3.1068776e-05
21.604801,55.56,92.600006,3.0943975e-05
23.148,55.56,115.75,3.0820032e-05
25.720001,46.3,120.38,3.080128e-05
28.292,37.04,125.009995,3.0820032e-05
29.3208,37.04,128.251,3.0838484e-05
30.864,37.04,131.95499,3.0820032e-05
31.8928,37.04,141.678,3.0732863e-05
33.436,37.04,152.79,3.0571195e-05
34.4648,31.484,156.031,3.0321922e-05
36.008,27.78,159.73499,3.0073232e-05
37.0368,27.78,165.291,2.9911202e-05
38.58,27.78,171.31,2.9824112e-05
39.6088,27.78,175.94,2.9805224e-05
41.152,27.78,180.57,2.9824112e-05
42.1808,22.223999,175.94,2.9805313e-05
43.724,18.52,171.31,2.9824112e-05
46.296,31.484,178.255,2.9892644e-05
48.868,46.3,185.19998,3.0073232e-05
48.868,46.3,185.19998,3.0427811e-05
48.868,46.3,185.19998,3.0820032e-05
49.8968,46.3,194.45999,3.1087366e-05
51.440002,46.3,203.72,3.131743e-05
55.040802,46.3,203.72,3.1528478e-05
59.156002,46.3,203.72,3.1814445e-05
60.1848,46.3,203.72,3.2329495e-05
61.728,46.3,203.72,3.280731e-05
60.1848,46.3,203.72,3.2968368e-05
59.156002,46.3,203.72,3.305528e-05
60.1848,46.3,203.72,3.3321496e-05
61.728,46.3,203.72,3.3550914e-05
62.7568,50.004,203.72,3.355056e-05
64.3,55.56,203.72,3.3550914e-05
