Vmax,Rmax,R34,fcor
18.004,46.3,55.56,3.5035337e-05
20.576,40.744,64.82,3.540494e-05
23.148,37.04,67.90667,3.577612e-05
25.720001,37.04,86.42667,3.6250352e-05
28.292,37.04,92.6,3.67623e-05
29.3208,37.04,92.6,3.7310463e-05
30.864,37.04,92.6,3.7746686e-05
31.8928,37.04,97.23,3.792393e-05
33.436,37.04,101.86,3.7992504e-05
37.0368,37.04,97.23,3.8133756e-05
41.152,37.04,92.6,3.8238195e-05
42.1808,37.04,92.6,3.823797e-05
43.724,37.04,92.6,3.8238195e-05
46.296,37.04,101.86,3.8379236e-05
48.868,37.04,111.12001,3.8483773e-05
49.8968,31.484,97.229996,3.839762e-05
51.440002,27.78,83.34,3.8238195e-05
54.012,22.223999,83.34,3.8133563e-05
56.584,18.52,83.34,3.7992504e-05
57.6128,18.52,92.59999,3.7765047e-05
59.156002,18.52,101.86,3.7500762e-05
59.156002,18.52,92.59999,3.7236186e-05
59.156002,18.52,83.34,3.700857e-05
60.1848,18.52,83.34,3.686676e-05
61.728,18.52,83.34,3.67623e-05
