Vmax,Rmax,R34,fcor
18.004,37.04,46.300003,3.1068776e-05
20.576,40.744,50.93,3.181408e-05
23.148,46.3,55.56,3.2559245e-05
23.148,46.3,57.875,3.3302764e-05
23.148,46.3,60.19,3.404614e-05
24.1768,40.744,64.82,3.4806086e-05
25.720001,37.04,69.450005,3.5529305e-05
25.720001,37.04,69.450005,3.6182933e-05
25.720001,37.04,69.450005,3.67623e-05
26.7488,37.04,69.450005,3.72908e-05
28.292,37.04,69.450005,3.7746686e-05
28.292,37.04,71.765,3.815191e-05
28.292,37.04,74.08,3.8483773e-05
28.292,37.04,76.395004,3.8765735e-05
28.292,37.04,78.71001,3.897458e-05
29.3208,31.484,91.211,3.911533e-05
30.864,27.78,104.175,3.9219805e-05
31.8928,27.78,110.657,3.9342056e-05
33.436,27.78,118.064995,3.9464914e-05
36.008,27.78,118.064995,3.9568833e-05
38.58,27.78,118.064995,3.9709896e-05
38.58,27.78,118.064995,3.993586e-05
38.58,27.78,118.064995,4.0199502e-05
37.0368,27.78,118.064995,4.0462422e-05
36.008,27.78,118.064995,4.0688625e-05
36.008,27.78,115.287,4.0847313e-05
36.008,27.78,113.435005,4.093299e-05
34.4648,22.223999,119.917,4.095103e-05
33.436,18.52,127.325,4.093299e-05
33.436,18.52,136.122,4.0914107e-05
33.436,18.52,145.845,4.093299e-05
34.4648,18.52,145.845,4.1018524e-05
36.008,18.52,145.845,4.1177245e-05
37.0368,18.52,145.845,4.1384115e-05
38.58,18.52,145.845,4.1665367e-05
