Vmax,Rmax,R34,fcor
18.004,166.68,67.90667,3.5282377e-05
19.0328,101.86,67.90667,3.626924e-05
20.576,37.04,67.90667,3.7254722e-05
21.604801,37.04,67.90667,3.8237868e-05
23.148,37.04,67.90667,3.9219805e-05
23.148,37.04,80.253334,4.019916e-05
23.148,37.04,92.6,4.1177245e-05
23.148,37.04,101.85999,4.2207706e-05
23.148,37.04,97.229996,4.3126656e-05
24.1768,37.04,101.86,4.3824886e-05
25.720001,37.04,106.490005,4.4340795e-05
26.7488,37.04,111.119995,4.474044e-05
28.292,37.04,115.75,4.506766e-05
28.292,37.04,115.75,4.5430425e-05
28.292,37.04,115.75,4.5793287e-05
28.292,37.04,115.75,4.6137407e-05
28.292,37.04,115.75,4.651767e-05
28.292,37.04,115.75,4.699984e-05
28.292,37.04,115.75,4.748151e-05
28.292,37.04,115.75,4.7860154e-05
28.292,37.04,115.75,4.8202877e-05
28.292,37.04,118.065,4.8581125e-05
28.292,37.04,120.380005,4.892293e-05
28.292,46.3,115.75,4.9198497e-05
28.292,55.56,111.12001,4.9402213e-05
29.3208,46.3,111.12001,4.952176e-05
30.864,37.04,111.12001,4.9641636e-05
30.864,37.04,108.80501,4.988096e-05
30.864,37.04,106.490005,5.012002e-05
29.3208,37.04,106.490005,5.0257262e-05
28.292,37.04,106.490005,5.035898e-05
26.7488,37.04,106.490005,5.0460483e-05
25.720001,37.04,106.490005,5.059779e-05
24.1768,37.04,104.175,5.0818468e-05
23.148,37.04,101.86,5.1074945e-05
24.1768,37.04,101.86,5.1313025e-05
25.720001,37.04,101.86,5.155148e-05
26.7488,37.04,101.86,5.1789426e-05
28.292,37.04,101.86,5.2027382e-05
30.864,37.04,104.175,5.2264724e-05
33.436,37.04,106.490005,5.250265e-05
34.4648,37.04,115.75,5.2722196e-05
36.008,37.04,125.01,5.2977284e-05
