Vmax,Rmax,R34,fcor
18.004,64.82,74.08,3.231108e-05
18.004,64.82,74.08,3.22428e-05
18.004,64.82,74.08,3.206281e-05
19.0328,64.82,74.08,3.187013e-05
20.576,64.82,74.08,3.156599e-05
21.604801,64.82,74.08,3.1068743e-05
23.148,64.82,74.08,3.0571195e-05
23.148,59.264,76.395,3.0266068e-05
23.148,55.56,78.71,3.0073232e-05
23.148,50.004,78.71,2.9873934e-05
23.148,46.3,78.71,2.9824112e-05
24.1768,46.3,81.025,2.9979657e-05
25.720001,46.3,83.34001,3.0322259e-05
26.7488,40.744,85.655,3.0763993e-05
28.292,37.04,87.97,3.131743e-05
29.3208,37.04,92.6,3.1901232e-05
30.864,37.04,97.23,3.2559245e-05
33.436,31.484,99.545006,3.330314e-05
36.008,27.78,101.86001,3.404614e-05
37.0368,27.78,106.48999,3.4701414e-05
38.58,27.78,111.119995,3.5282377e-05
39.6088,27.78,115.75,3.5794463e-05
41.152,27.78,120.380005,3.626943e-05
41.152,31.484,120.380005,3.674366e-05
41.152,37.04,120.380005,3.7254722e-05
41.152,37.04,120.380005,3.7850998e-05
41.152,37.04,120.380005,3.8483773e-05
41.152,37.04,120.380005,3.907853e-05
41.152,37.04,120.380005,3.9709896e-05
41.152,31.484,118.065,4.0462346e-05
41.152,27.78,115.75,4.1177245e-05
41.152,27.78,113.435005,4.1720115e-05
41.152,27.78,111.12,4.2152973e-05
41.152,22.223999,106.49,4.2572716e-05
41.152,18.52,101.86,4.288343e-05
42.1808,18.52,94.91499,4.305953e-05
43.724,18.52,87.97001,4.3126656e-05
