Vmax,Rmax,R34,fcor
18.004,55.56,55.56,3.404614e-05
19.0328,50.004,55.56,3.3779765e-05
20.576,46.3,46.300003,3.3550914e-05
23.148,37.04,50.93,3.3216387e-05
25.720001,27.78,55.56,3.280731e-05
26.7488,27.78,64.82,3.232943e-05
28.292,27.78,74.08,3.1814445e-05
28.292,27.78,83.340004,3.126092e-05
28.292,27.78,92.6,3.0820032e-05
28.292,27.78,92.6,3.0676572e-05
28.292,27.78,92.6,3.0571195e-05
28.292,27.78,90.284996,3.0216139e-05
28.292,27.78,87.97,2.9824112e-05
29.3208,27.78,87.97,2.9462313e-05
30.864,27.78,87.97,2.9325609e-05
33.436,22.223999,97.23,2.958681e-05
36.008,18.52,106.490005,3.0073232e-05
38.58,22.223999,111.119995,3.053351e-05
41.152,27.78,115.75,3.1068776e-05
46.296,27.78,122.69501,3.1670927e-05
51.440002,27.78,129.64,3.231108e-05
52.4688,27.78,129.64,3.2930868e-05
54.012,27.78,129.64,3.3550914e-05
55.040802,27.78,129.64,3.4113753e-05
56.584,27.78,129.64,3.47882e-05
