Vmax,Rmax,R34,fcor
18.004,87.044,57.875,3.1795542e-05
20.576,37.04,115.75,3.231108e-05
21.604801,37.04,115.75,3.2807297e-05
23.148,37.04,115.75,3.330315e-05
24.1768,40.744,120.380005,3.3816952e-05
25.720001,46.3,125.009995,3.4293596e-05
26.7488,59.264,125.009995,3.4683027e-05
28.292,74.08,125.009995,3.5035337e-05
29.3208,64.82,125.009995,3.5386976e-05
30.864,55.56,125.009995,3.577612e-05
31.8928,40.744,120.380005,3.6287704e-05
33.436,27.78,115.75,3.67623e-05
34.4648,27.78,111.119995,3.7063925e-05
36.008,27.78,106.490005,3.7254722e-05
37.0368,27.78,106.490005,3.739598e-05
38.58,27.78,106.490005,3.7500762e-05
41.152,27.78,106.490005,3.762337e-05
43.724,27.78,106.490005,3.7746686e-05
46.296,27.78,106.490005,3.7869497e-05
48.868,27.78,106.490005,3.7992504e-05
48.868,27.78,113.435,3.8096714e-05
48.868,27.78,120.380005,3.8238195e-05
49.8968,27.78,125.009995,3.8446724e-05
51.440002,27.78,129.64,3.872924e-05
51.440002,27.78,129.64,3.909687e-05
51.440002,27.78,129.64,3.9464914e-05
51.440002,27.78,129.64,3.9746476e-05
51.440002,27.78,129.64,3.995476e-05
54.012,31.484,129.64,4.0095343e-05
56.584,37.04,129.64,4.0199502e-05
57.6128,37.04,129.64,4.0339943e-05
59.156002,37.04,129.64,4.0444127e-05
