Vmax,Rmax,R34,fcor
18.004,74.08,83.34,3.0571195e-05
19.0328,74.08,83.34,3.1193078e-05
20.576,74.08,83.34,3.1814445e-05
21.604801,74.08,83.34,3.241652e-05
23.148,74.08,76.395,3.305528e-05
24.1768,55.56,79.636,3.3761375e-05
25.720001,37.04,83.34,3.454095e-05
26.7488,37.04,103.24899,3.538711e-05
28.292,37.04,125.009995,3.626943e-05
28.292,37.04,125.009995,3.7186976e-05
28.292,37.04,125.009995,3.7992504e-05
28.292,37.04,125.009995,3.8594222e-05
28.292,37.04,125.009995,3.897458e-05
29.3208,37.04,125.009995,3.9133964e-05
30.864,37.04,125.009995,3.9219805e-05
31.8928,31.484,117.602005,3.9446484e-05
33.436,27.78,111.119995,3.9709896e-05
34.4648,27.78,111.119995,3.9973103e-05
36.008,27.78,111.119995,4.0199502e-05
37.0368,27.78,107.416,4.0358438e-05
38.58,27.78,104.174995,4.0444127e-05
39.6088,22.223999,107.416,4.0462437e-05
41.152,18.52,111.119995,4.0444127e-05
41.152,22.223999,117.602005,4.042568e-05
41.152,27.78,125.009995,4.0444127e-05
43.724,27.78,125.009995,4.0548024e-05
46.296,27.78,125.009995,4.0688625e-05
48.868,27.78,128.251,4.081074e-05
51.440002,27.78,131.955,4.093299e-05
52.4688,27.78,131.029,4.105507e-05
54.012,27.78,131.955,4.1177245e-05
