Vmax,Rmax,R34,fcor
18.004,64.82,61.733334,3.280731e-05
18.004,64.82,61.733334,3.3197517e-05
18.004,64.82,61.733334,3.3550914e-05
19.0328,59.264,61.733334,3.3816792e-05
20.576,55.56,61.733334,3.404614e-05
21.604801,46.3,61.733334,3.4293353e-05
23.148,37.04,55.559998,3.454095e-05
24.1768,37.04,62.504997,3.478783e-05
25.720001,37.04,69.45,3.5035337e-05
28.292,27.78,71.765,3.5300713e-05
30.864,18.52,74.08,3.5529305e-05
34.4648,18.52,81.025,3.5689303e-05
38.58,18.52,87.97,3.577612e-05
42.1808,18.52,87.97,3.581303e-05
46.296,18.52,87.97,3.577612e-05
46.296,18.52,90.284996,3.5652287e-05
46.296,18.52,92.6,3.5529305e-05
44.7528,18.52,92.6,3.5510602e-05
43.724,18.52,92.6,3.5529305e-05
42.1808,18.52,92.6,3.552893e-05
41.152,18.52,92.6,3.5529305e-05
43.724,18.52,92.6,3.5510533e-05
46.296,18.52,92.6,3.5529305e-05
48.868,18.52,97.229996,3.5652472e-05
51.440002,18.52,101.86,3.577612e-05
52.4688,18.52,106.49,3.579448e-05
54.012,18.52,111.12,3.577612e-05
54.012,18.52,115.75,3.5775804e-05
54.012,18.52,120.380005,3.577612e-05
55.040802,18.52,125.01001,3.57573e-05
56.584,18.52,129.64,3.577612e-05
56.584,18.52,134.26999,3.5899222e-05
56.584,18.52,138.9,3.6022833e-05
56.584,18.52,138.9,3.6041143e-05
56.584,18.52,138.9,3.6022833e-05
56.584,18.52,138.9,3.6022524e-05
56.584,18.52,138.9,3.6022833e-05
57.6128,18.52,138.9,3.598539e-05
59.156002,18.52,138.9,3.6022833e-05
60.1848,18.52,138.9,3.6232068e-05
61.728,18.52,138.9,3.651592e-05
62.7568,18.52,136.58499,3.676185e-05
64.3,18.52,134.26999,3.700857e-05
65.328804,22.223999,132.881,3.725468e-05
66.872,27.78,131.955,3.7500762e-05
