Vmax,Rmax,R34,fcor
18.004,55.56,30.866669,3.252813e-05
20.576,55.56,61.733337,3.2559245e-05
23.148,55.56,71.610664,3.257768e-05
25.720001,55.56,83.34,3.2559245e-05
26.7488,55.56,96.304,3.2540385e-05
28.292,55.56,111.12,3.2559245e-05
30.864,40.744,124.084,3.270196e-05
33.436,27.78,138.9,3.280731e-05
36.008,27.78,138.437,3.268319e-05
38.58,27.78,138.9,3.2559245e-05
38.58,27.78,138.9,3.2664262e-05
38.58,27.78,138.9,3.280731e-05
38.58,27.78,142.14099,3.278896e-05
38.58,27.78,145.845,3.280731e-05
41.152,27.78,154.179,3.2999047e-05
43.724,27.78,164.36499,3.330315e-05
48.868,27.78,165.29099,3.3693264e-05
54.012,27.78,166.68,3.404614e-05
55.040802,27.78,166.68,3.416963e-05
56.584,27.78,166.68,3.4293596e-05
56.584,27.78,171.31,3.4646124e-05
56.584,27.78,175.94,3.5035337e-05
56.584,27.78,171.31,3.531912e-05
56.584,27.78,166.68,3.5529305e-05
56.584,27.78,159.735,3.56897e-05
56.584,27.78,152.79001,3.577612e-05
