Vmax,Rmax,R34,fcor
18.004,92.6,64.82,3.4861972e-05
20.576,92.6,129.64,3.5529305e-05
21.604801,92.6,129.64,3.578177e-05
23.148,92.6,129.64,3.577612e-05
23.148,92.6,135.81334,3.5727146e-05
23.148,92.6,148.16,3.5529305e-05
24.1768,83.34,148.16,3.515884e-05
25.720001,74.08,148.16,3.47882e-05
28.292,64.82,148.16,3.4589964e-05
30.864,55.56,148.16,3.454095e-05
30.864,55.56,148.16,3.457185e-05
30.864,55.56,148.16,3.47882e-05
30.864,46.3,143.53,3.522654e-05
30.864,37.04,138.9,3.577612e-05
31.8928,37.04,141.215,3.6269426e-05
33.436,37.04,143.53,3.67623e-05
33.436,37.04,148.15999,3.7217633e-05
33.436,37.04,152.79,3.7746686e-05
36.008,37.04,164.365,3.8465136e-05
38.58,37.04,175.94,3.9219805e-05
39.6088,31.484,192.14499,3.9850416e-05
41.152,27.78,208.35,4.0444127e-05
43.724,27.78,208.35,4.103661e-05
46.296,27.78,208.35,4.1665367e-05
48.868,31.484,192.145,4.2396372e-05
51.440002,37.04,175.94,4.3126656e-05
52.4688,37.04,173.625,4.37519e-05
54.012,37.04,171.31,4.4340795e-05
55.040802,37.04,171.31,4.4964152e-05
56.584,37.04,171.31,4.5551555e-05
