Vmax,Rmax,R34,fcor
18.004,74.08,55.56,3.231108e-05
19.0328,74.08,55.56,3.1814146e-05
20.576,74.08,55.56,3.131743e-05
21.604801,74.08,62.505005,3.103145e-05
23.148,74.08,69.45,3.0820032e-05
24.1768,55.56,69.45,3.0571096e-05
25.720001,37.04,69.45,3.0322259e-05
26.7488,37.04,69.45,2.9998238e-05
28.292,37.04,69.45,2.9824112e-05
30.864,37.04,71.765,2.9979701e-05
33.436,37.04,74.08,3.0322259e-05
36.008,31.484,83.34,3.0676634e-05
38.58,27.78,92.6,3.1068776e-05
39.6088,27.78,104.175,3.144144e-05
41.152,27.78,115.75,3.1814445e-05
41.152,27.78,120.380005,3.2168125e-05
41.152,27.78,125.009995,3.2559245e-05
41.152,27.78,125.009995,3.3036344e-05
41.152,27.78,125.009995,3.3550914e-05
41.152,31.484,125.009995,3.404615e-05
41.152,37.04,125.009995,3.454095e-05
41.152,37.04,125.009995,3.5034973e-05
41.152,37.04,125.009995,3.5529305e-05
41.152,37.04,125.009995,3.6022528e-05
41.152,37.04,125.009995,3.651592e-05
41.152,37.04,131.95499,3.702698e-05
41.152,37.04,138.9,3.7500762e-05
41.152,40.744,150.475,3.7850994e-05
41.152,46.3,162.05,3.8238195e-05
46.296,40.744,166.68,3.8833492e-05
51.440002,37.04,171.31,3.9464914e-05
56.584,37.04,180.57,3.9954557e-05
61.728,37.04,189.82999,4.0444127e-05
61.728,37.04,192.14499,4.103686e-05
61.728,37.04,194.45999,4.1665367e-05
