Vmax,Rmax,R34,fcor
18.004,55.56,55.56,4.0199502e-05
20.576,55.56,60.190002,4.07438e-05
23.148,55.56,55.559998,4.1177245e-05
24.1768,46.3,60.190002,4.14576e-05
25.720001,37.04,64.82001,4.1665367e-05
25.720001,37.04,69.45,4.1890762e-05
25.720001,37.04,74.08,4.2152973e-05
25.720001,55.56,85.65501,4.2500058e-05
25.720001,74.08,97.23,4.288343e-05
26.7488,74.08,97.23,4.326623e-05
28.292,74.08,97.23,4.3612705e-05
29.3208,59.264,108.805,4.3873522e-05
30.864,46.3,120.380005,4.409823e-05
31.8928,46.3,120.380005,4.4377168e-05
33.436,46.3,120.380005,4.458322e-05
36.008,40.744,120.380005,4.461925e-05
38.58,37.04,120.380005,4.458322e-05
41.152,37.04,120.380005,4.456449e-05
43.724,37.04,120.380005,4.458322e-05
46.296,31.484,120.380005,4.4704215e-05
48.868,27.78,120.380005,4.4825505e-05
47.3248,27.78,127.325,4.4843327e-05
46.296,27.78,134.27,4.4825505e-05
44.7528,27.78,134.27,4.484315e-05
43.724,27.78,134.27,4.4825505e-05
41.152,27.78,134.27,4.470386e-05
38.58,27.78,134.27,4.458322e-05
38.58,27.78,134.27,4.4564338e-05
38.58,27.78,134.27,4.458322e-05
39.6088,27.78,134.27,4.456443e-05
41.152,27.78,134.27,4.458322e-05
44.7528,27.78,134.27,4.4685716e-05
48.868,27.78,134.27,4.4825505e-05
51.440002,27.78,134.27,4.496446e-05
54.012,27.78,134.27,4.506766e-05
56.584,27.78,136.58499,4.5066754e-05
59.156002,27.78,138.9,4.506766e-05
59.156002,27.78,138.9,4.5188157e-05
59.156002,27.78,138.9,4.5309676e-05
57.6128,27.78,138.9,4.5327295e-05
56.584,27.78,138.9,4.5309676e-05
55.040802,27.78,138.9,4.5345612e-05
54.012,27.78,138.9,4.5309676e-05
54.012,27.78,138.9,4.5085508e-05
54.012,27.78,138.9,4.4825505e-05
57.6128,27.78,138.9,4.46856e-05
61.728,27.78,138.9,4.458322e-05
