Vmax,Rmax,R34,fcor
18.004,74.08,74.08,3.5035337e-05
20.576,74.08,83.34,3.5775953e-05
23.148,74.08,74.08,3.651592e-05
23.148,74.08,74.08,3.7291586e-05
23.148,74.08,74.08,3.7992504e-05
24.1768,64.82,78.71,3.8557282e-05
25.720001,55.56,83.340004,3.897458e-05
25.720001,55.56,83.340004,3.9256523e-05
25.720001,55.56,83.340004,3.9464914e-05
25.720001,55.56,83.340004,3.969135e-05
25.720001,55.56,83.340004,3.995476e-05
25.720001,55.56,83.340004,4.0284867e-05
25.720001,55.56,83.340004,4.0688625e-05
26.7488,46.3,83.340004,4.11222e-05
28.292,37.04,83.340004,4.1665367e-05
29.3208,37.04,89.822,4.2396696e-05
30.864,37.04,97.229996,4.3126656e-05
34.4648,31.484,108.341995,4.364846e-05
38.58,27.78,120.380005,4.409823e-05
41.152,27.78,120.380005,4.4583543e-05
43.724,27.78,120.380005,4.506766e-05
47.3248,27.78,143.53,4.5569235e-05
51.440002,27.78,166.68,4.6034886e-05
54.012,27.78,171.31,4.6433015e-05
56.584,27.78,175.94,4.675884e-05
