Vmax,Rmax,R34,fcor
18.004,55.56,55.56,3.404614e-05
19.0328,55.56,55.56,3.4330344e-05
20.576,55.56,55.56,3.454095e-05
21.604801,46.3,64.82,3.468263e-05
23.148,37.04,64.82001,3.47882e-05
24.1768,37.04,67.135,3.4930035e-05
25.720001,37.04,69.45,3.5035337e-05
26.7488,37.04,76.395,3.5035056e-05
28.292,37.04,83.34,3.5035337e-05
28.292,37.04,83.34,3.515837e-05
28.292,37.04,83.34,3.5282377e-05
28.292,37.04,83.34,3.528201e-05
28.292,37.04,83.34,3.5282377e-05
28.292,37.04,83.34,3.5405486e-05
28.292,37.04,83.34,3.5529305e-05
28.292,37.04,87.97,3.5547586e-05
28.292,37.04,92.600006,3.5529305e-05
26.7488,40.744,97.229996,3.552887e-05
25.720001,46.3,101.86,3.5529305e-05
25.720001,46.3,101.86,3.554763e-05
25.720001,46.3,101.86,3.5529305e-05
26.7488,46.3,104.175,3.540569e-05
28.292,46.3,106.490005,3.5282377e-05
29.3208,46.3,108.80499,3.5263576e-05
30.864,46.3,111.119995,3.5282377e-05
31.8928,40.744,120.38,3.526364e-05
33.436,37.04,129.64,3.5282377e-05
33.436,37.04,134.27,3.535017e-05
33.436,37.04,138.9,3.5529305e-05
34.4648,37.04,136.58499,3.5825495e-05
36.008,37.04,134.27,3.626943e-05
36.008,37.04,134.27,3.6829973e-05
36.008,37.04,134.27,3.7500762e-05
37.0368,31.484,134.27,3.8219678e-05
38.58,27.78,134.27,3.897458e-05
38.58,27.78,134.27,3.967314e-05
38.58,27.78,134.27,4.0444127e-05
39.6088,27.78,138.9,4.1366446e-05
41.152,27.78,143.53,4.239659e-05
41.152,27.78,143.53,4.3473075e-05
41.152,27.78,143.53,4.458322e-05
