Vmax,Rmax,R34,fcor
18.004,55.56,55.56,3.5529305e-05
19.0328,55.56,58.801,3.5424247e-05
20.576,55.56,62.504997,3.5282377e-05
23.148,55.56,75.469,3.514024e-05
25.720001,55.56,90.284996,3.5035337e-05
25.720001,55.56,96.767006,3.5016834e-05
25.720001,55.56,104.175,3.5035337e-05
25.720001,46.3,100.471,3.501664e-05
25.720001,37.04,97.229996,3.5035337e-05
26.7488,37.04,103.712006,3.512165e-05
28.292,37.04,111.12,3.5282377e-05
28.292,37.04,117.602,3.551081e-05
28.292,37.04,125.009995,3.577612e-05
29.3208,37.04,116.676,3.6022728e-05
30.864,37.04,108.80499,3.626943e-05
30.864,31.484,105.101,3.649725e-05
30.864,27.78,101.86,3.67623e-05
31.8928,27.78,109.731,3.714993e-05
33.436,27.78,118.064995,3.7500762e-05
34.4648,27.78,118.064995,3.7642087e-05
36.008,27.78,118.064995,3.7746686e-05
37.0368,27.78,135.19598,3.7955524e-05
38.58,27.78,152.79,3.8238195e-05
42.1808,27.78,152.79,3.8587892e-05
46.296,27.78,152.79,3.897458e-05
48.868,27.78,163.90201,3.9342358e-05
51.440002,27.78,175.94,3.9709896e-05
54.012,27.78,194.46,4.007682e-05
56.584,27.78,212.98001,4.0444127e-05
