Vmax,Rmax,R34,fcor
18.004,55.56,55.56,3.1068776e-05
19.0328,46.3,55.56,3.2175103e-05
20.576,37.04,55.56,3.330315e-05
20.576,37.04,64.82,3.445428e-05
20.576,37.04,83.34,3.5529305e-05
21.604801,37.04,83.34,3.6374084e-05
23.148,37.04,83.34,3.7254722e-05
24.1768,37.04,90.285,3.8428007e-05
25.720001,37.04,97.23,3.9709896e-05
26.7488,37.04,97.23,4.0969575e-05
28.292,37.04,97.23,4.2152973e-05
29.3208,31.484,99.545,4.31632e-05
30.864,27.78,101.86,4.409823e-05
33.436,27.78,101.86,4.5049113e-05
36.008,27.78,101.86,4.6034886e-05
34.4648,27.78,92.6,4.7084053e-05
33.436,27.78,83.34,4.8202877e-05
31.8928,27.78,78.71,4.938386e-05
30.864,27.78,74.08,5.059779e-05
29.3208,27.78,74.08,5.1861385e-05
28.292,27.78,74.08,5.2977284e-05
28.292,27.78,74.08,5.3793934e-05
28.292,27.78,74.08,5.439729e-05
29.3208,27.78,67.134995,5.4922162e-05
30.864,27.78,60.190002,5.5340646e-05
31.8928,22.223999,60.190002,5.5693647e-05
33.436,18.52,60.190002,5.6046403e-05
