Vmax,Rmax,R34,fcor
18.004,92.6,129.64,3.872924e-05
19.0328,92.6,138.9,3.930545e-05
20.576,92.6,148.16,3.995476e-05
20.576,92.6,148.16,4.072499e-05
20.576,92.6,148.16,4.142137e-05
20.576,101.86,157.42,4.187893e-05
20.576,111.12,166.68,4.2152973e-05
20.576,111.12,171.31,4.2347678e-05
20.576,111.12,175.94,4.239659e-05
21.604801,111.12,175.94,4.231137e-05
23.148,111.12,175.94,4.2152973e-05
24.1768,83.34,185.2,4.2012613e-05
25.720001,55.56,166.68,4.1909232e-05
28.292,40.744,166.68,4.1872503e-05
30.864,27.78,166.68,4.1909232e-05
31.8928,27.78,164.365,4.201254e-05
33.436,27.78,162.05,4.2152973e-05
36.008,27.78,157.42,4.2293126e-05
38.58,27.78,152.79,4.239659e-05
42.1808,27.78,152.79,4.2432825e-05
46.296,27.78,152.79,4.239659e-05
48.868,27.78,155.105,4.2274503e-05
51.440002,27.78,157.42,4.2152973e-05
54.012,27.78,157.42,4.2134267e-05
56.584,27.78,157.42,4.2152973e-05
54.012,27.78,157.42,4.211621e-05
51.440002,27.78,157.42,4.2152973e-05
49.8968,27.78,157.42,4.235955e-05
48.868,27.78,157.42,4.2640077e-05
46.296,27.78,159.735,4.2865064e-05
43.724,27.78,162.05,4.3126656e-05
43.724,27.78,162.05,4.347235e-05
43.724,27.78,162.05,4.385554e-05
44.7528,27.78,162.05,4.421908e-05
46.296,27.78,162.05,4.458322e-05
48.868,27.78,162.05,4.4928092e-05
51.440002,27.78,162.05,4.5309676e-05
54.012,27.78,162.05,4.577464e-05
56.584,27.78,162.05,4.627635e-05
