Vmax,Rmax,R34,fcor
18.004,55.56,46.300003,2.3819783e-05
20.576,46.3,46.300003,2.369391e-05
23.148,37.04,50.93,2.3568628e-05
24.1768,31.484,60.19,2.3442968e-05
25.720001,27.78,69.450005,2.3317392e-05
25.720001,22.223999,71.765,2.3153832e-05
25.720001,18.52,74.08,2.306609e-05
26.7488,18.52,94.915,2.3153816e-05
28.292,18.52,115.75,2.3317392e-05
30.864,18.52,134.26999,2.344287e-05
33.436,18.52,152.79,2.3568628e-05
34.4648,18.52,152.79,2.3693945e-05
36.008,18.52,152.79,2.3819783e-05
37.0368,18.52,157.42001,2.3945262e-05
38.58,18.52,162.05,2.4070872e-05
41.152,18.52,157.42,2.4196226e-05
43.724,18.52,152.79,2.432189e-05
46.296,18.52,152.79,2.4447056e-05
48.868,18.52,152.79,2.4572832e-05
51.440002,18.52,152.79,2.4698136e-05
54.012,18.52,152.79,2.4823696e-05
56.584,18.52,152.79,2.494891e-05
59.156002,18.52,152.79,2.5074483e-05
59.156002,18.52,157.42,2.518082e-05
59.156002,18.52,162.05,2.53252e-05
