Vmax,Rmax,R34,fcor
18.004,111.12,166.68,3.0322259e-05
18.004,111.12,185.2,3.0316345e-05
18.004,111.12,203.72,3.0322259e-05
19.0328,111.12,203.72,3.0340834e-05
20.576,111.12,203.72,3.0322259e-05
21.604801,92.6,203.72,3.02348e-05
23.148,74.08,203.72,3.0073232e-05
24.1768,64.82,203.72,2.9823932e-05
25.720001,55.56,203.72,2.9574905e-05
26.7488,55.56,203.72,2.9431345e-05
28.292,55.56,172.85333,2.9325609e-05
28.292,55.56,172.85333,2.920077e-05
28.292,55.56,172.85333,2.9076216e-05
28.292,55.56,172.85333,2.8951237e-05
28.292,55.56,172.85333,2.882674e-05
29.3208,55.56,172.85333,2.8720322e-05
30.864,55.56,143.53,2.857718e-05
30.864,55.56,143.53,2.8346067e-05
30.864,55.56,143.53,2.807779e-05
31.8928,55.56,143.53,2.782788e-05
33.436,55.56,143.53,2.7578055e-05
36.008,46.3,157.42,2.7271411e-05
38.58,37.04,171.31,2.707799e-05
42.1808,37.04,171.31,2.7109061e-05
46.296,37.04,171.31,2.7328068e-05
49.8968,37.04,175.94,2.7646678e-05
54.012,37.04,180.56999,2.807779e-05
54.012,37.04,180.56999,2.8539564e-05
54.012,37.04,180.56999,2.9076216e-05
54.012,40.744,189.83,2.9680685e-05
54.012,46.3,199.09001,3.0322259e-05
54.012,46.3,199.09001,3.096295e-05
54.012,46.3,199.09001,3.156599e-05
55.040802,46.3,208.35,3.2044096e-05
56.584,46.3,217.61,3.2559245e-05
57.6128,40.744,217.61,3.326586e-05
59.156002,37.04,217.61,3.404614e-05
