Vmax,Rmax,R34,fcor
18.004,74.08,74.08,2.807779e-05
19.0328,74.08,74.08,2.7759233e-05
20.576,74.08,74.08,2.7328068e-05
21.604801,64.82,83.34,2.686534e-05
23.148,55.56,92.6,2.6327272e-05
23.148,55.56,92.6,2.56823e-05
23.148,55.56,92.6,2.5074483e-05
21.604801,55.56,92.6,2.4641855e-05
20.576,55.56,92.6,2.432189e-05
20.576,55.56,83.34,2.40143e-05
20.576,55.56,74.08,2.3819783e-05
19.0328,55.56,74.08,2.3744371e-05
18.004,55.56,74.08,2.3819783e-05
18.004,55.56,74.08,2.4033121e-05
18.004,55.56,74.08,2.432189e-05
19.0328,55.56,74.08,2.4535e-05
20.576,55.56,61.733337,2.4823696e-05
21.604801,40.744,70.99333,2.5268588e-05
23.148,27.78,74.08,2.5826394e-05
25.720001,27.78,85.655,2.6396143e-05
28.292,27.78,97.229996,2.707799e-05
30.864,22.223999,101.86,2.789633e-05
33.436,18.52,106.49,2.882674e-05
36.008,18.52,111.119995,2.978659e-05
38.58,18.52,115.75,3.0820032e-05
42.1808,12.964,129.64,3.1919866e-05
46.296,9.26,143.53,3.305528e-05
46.296,9.26,159.73502,3.4169687e-05
46.296,9.26,175.94,3.5282377e-05
46.296,12.964,175.94,3.6374116e-05
46.296,18.52,175.94,3.7500762e-05
