Vmax,Rmax,R34,fcor
18.004,55.56,113.435,1.1696372e-05
20.576,55.56,129.177,1.2273521e-05
23.148,55.56,145.845,1.2964522e-05
23.148,55.56,154.179,1.42314275e-05
23.148,55.56,164.365,1.5497764e-05
23.148,55.56,145.845,1.6263833e-05
23.148,55.56,127.325,1.6762664e-05
23.148,55.56,135.196,1.7160555e-05
23.148,55.56,143.53,1.7520999e-05
23.148,55.56,142.14099,1.800731e-05
23.148,55.56,141.215,1.8531358e-05
23.148,55.56,143.06702,1.9055122e-05
23.148,55.56,145.845,1.9540814e-05
23.148,55.56,136.122,1.9881298e-05
23.148,55.56,127.325,2.0297284e-05
23.148,55.56,130.566,2.0958707e-05
23.148,55.56,134.27,2.1808535e-05
24.1768,55.56,134.733,2.2758264e-05
25.720001,55.56,136.58499,2.3819783e-05
28.292,55.56,163.90201,2.496779e-05
30.864,55.56,192.145,2.6076874e-05
33.436,55.56,188.441,2.6953057e-05
36.008,55.56,185.2,2.7827968e-05
39.6088,31.484,179.64401,2.8913859e-05
43.724,9.26,175.93999,3.0073232e-05
44.7528,9.26,184.737,3.128625e-05
46.296,9.26,194.46,3.231108e-05
47.3248,14.816,184.737,3.2919204e-05
48.868,22.223999,175.94,3.330315e-05
51.440002,22.223999,182.422,3.3674507e-05
54.012,22.223999,189.83,3.404614e-05
54.012,22.223999,197.23799,3.4540906e-05
54.012,22.223999,206.035,3.5035337e-05
54.012,22.223999,200.016,3.536877e-05
54.012,22.223999,194.46,3.577612e-05
54.012,14.816,194.46,3.6497444e-05
54.012,9.26,194.46,3.7254722e-05
54.012,9.26,217.147,3.774664e-05
54.012,9.26,240.76,3.8238195e-05
55.040802,9.26,241.223,3.8864273e-05
56.584,9.26,243.07498,3.9709896e-05
59.156002,9.26,246.779,4.089635e-05
61.728,9.26,252.33499,4.2152973e-05
