Vmax,Rmax,R34,fcor
18.004,55.56,87.97,2.1556822e-05
20.576,55.56,87.97,2.2814505e-05
23.148,55.56,87.97,2.4070872e-05
23.148,55.56,95.841,2.5237674e-05
23.148,55.56,104.175,2.6327272e-05
23.148,46.3,117.602,2.7309152e-05
23.148,37.04,131.95499,2.8327528e-05
24.1768,46.3,130.566,2.953754e-05
25.720001,55.56,129.64,3.0820032e-05
26.7488,55.56,125.47301,3.2081054e-05
28.292,55.56,122.69499,3.330315e-05
26.7488,46.3,125.936,3.451049e-05
25.720001,37.04,129.64,3.5529305e-05
24.1768,46.3,128.714,3.6219728e-05
23.148,55.56,129.64,3.67623e-05
23.148,50.004,103.712,3.7415102e-05
23.148,46.3,78.71,3.7992504e-05
23.148,46.3,79.173004,3.837876e-05
23.148,46.3,81.025,3.872924e-05
23.148,46.3,79.636,3.923824e-05
23.148,46.3,78.71,3.9709896e-05
24.1768,37.04,78.71,3.9917897e-05
25.720001,27.78,78.71,4.0199502e-05
26.7488,27.78,92.600006,4.089621e-05
28.292,27.78,106.490005,4.1665367e-05
28.292,27.78,105.101,4.2226115e-05
28.292,27.78,104.175,4.2640077e-05
29.3208,27.78,102.323,4.2919834e-05
30.864,27.78,101.86001,4.3126656e-05
31.8928,27.78,96.767,4.3387812e-05
33.436,27.78,92.6,4.3612705e-05
34.4648,22.223999,96.767,4.3734122e-05
36.008,18.52,101.86,4.385554e-05
38.58,12.964,103.712,4.408002e-05
41.152,9.26,106.490005,4.4340795e-05
44.7528,9.26,111.583,4.458311e-05
48.868,9.26,118.065,4.4825505e-05
49.8968,9.26,115.287,4.5031236e-05
51.440002,9.26,113.435,4.5309676e-05
51.440002,9.26,106.02699,4.575719e-05
51.440002,9.26,99.545,4.627635e-05
