Vmax,Rmax,R34,fcor
18.004,46.3,25.002,2.7009191e-05
20.576,37.04,50.93,2.7328068e-05
21.604801,40.744,80.562004,2.7596803e-05
23.148,46.3,111.119995,2.7827968e-05
23.148,46.3,140.752,2.811524e-05
23.148,46.3,171.31,2.8327528e-05
23.148,46.3,163.90201,2.8346245e-05
23.148,46.3,157.42,2.8327528e-05
23.148,50.004,157.42,2.841485e-05
23.148,55.56,157.42,2.857718e-05
23.148,55.56,157.42,2.8789389e-05
23.148,55.56,157.42,2.9076216e-05
23.148,64.82,141.215,2.9431403e-05
23.148,74.08,125.01,2.9824112e-05
24.1768,74.08,145.845,3.019757e-05
25.720001,74.08,166.68,3.0571195e-05
26.7488,68.524,166.68,3.0963034e-05
28.292,64.82,166.68,3.131743e-05
28.292,64.82,166.68,3.1584495e-05
28.292,64.82,166.68,3.1814445e-05
29.3208,64.82,165.291,3.210002e-05
30.864,64.82,164.365,3.231108e-05
31.8928,55.56,159.272,3.2347885e-05
33.436,46.3,155.105,3.231108e-05
34.4648,46.3,155.105,3.2311294e-05
36.008,46.3,155.105,3.231108e-05
37.0368,46.3,155.105,3.227317e-05
38.58,46.3,155.105,3.231108e-05
38.58,40.744,156.031,3.2541207e-05
38.58,37.04,157.42,3.280731e-05
38.58,40.744,157.42,3.2967877e-05
38.58,46.3,157.42,3.305528e-05
39.6088,46.3,157.42,3.307251e-05
