Vmax,Rmax,R34,fcor
23.148,46.3,55.56,2.5826394e-05
24.1768,46.3,76.858,2.595162e-05
25.720001,46.3,99.545,2.6076874e-05
28.292,46.3,102.323006,2.6164596e-05
30.864,46.3,106.490005,2.6327272e-05
33.436,46.3,115.75,2.6646358e-05
36.008,46.3,125.009995,2.707799e-05
38.58,40.744,138.43701,2.7540507e-05
41.152,37.04,152.79001,2.807779e-05
47.3248,31.484,169.921,2.8701981e-05
54.012,27.78,187.515,2.9325609e-05
55.040802,27.78,189.367,2.9824094e-05
56.584,27.78,192.14499,3.0322259e-05
57.6128,22.223999,193.071,3.0925745e-05
59.156002,18.52,194.45999,3.156599e-05
59.156002,18.52,194.45999,3.2149743e-05
59.156002,18.52,194.45999,3.280731e-05
59.156002,18.52,206.961,3.365617e-05
59.156002,18.52,219.925,3.454095e-05
59.156002,18.52,220.851,3.528237e-05
59.156002,18.52,222.23999,3.6022833e-05
60.1848,31.484,225.018,3.684851e-05
61.728,46.3,229.185,3.7746686e-05
64.3,37.04,235.66699,3.8710838e-05
66.872,27.78,243.075,3.9709896e-05
