Vmax,Rmax,R34,fcor
18.004,64.82,34.262,2.6183301e-05
20.576,64.82,69.45,2.6827835e-05
23.148,64.82,69.45,2.7596761e-05
25.720001,64.82,69.45,2.8327528e-05
25.720001,64.82,96.767,2.8882941e-05
25.720001,64.82,125.009995,2.9325609e-05
25.720001,59.264,125.936,2.9736848e-05
25.720001,55.56,127.325,3.0073232e-05
25.720001,55.56,127.788,3.0340789e-05
25.720001,55.56,129.64,3.0571195e-05
26.7488,55.56,129.64,3.089467e-05
28.292,55.56,129.64,3.1068776e-05
29.3208,64.82,129.64,3.089469e-05
30.864,74.08,129.64,3.0571195e-05
31.8928,74.08,129.64,3.0266092e-05
33.436,74.08,129.64,3.0073232e-05
34.4648,64.82,157.42,3.012302e-05
36.008,55.56,185.19998,3.0322259e-05
37.0368,46.3,185.19998,3.0626965e-05
38.58,37.04,185.19998,3.0820032e-05
38.58,37.04,188.441,3.0627205e-05
38.58,37.04,192.14499,3.0322259e-05
41.152,40.744,192.14499,3.0160296e-05
43.724,46.3,192.14499,3.0073232e-05
