Vmax,Rmax,R34,fcor
18.004,64.82,74.08,2.4572832e-05
19.0328,64.82,80.562,2.4679459e-05
20.576,64.82,87.97,2.4823696e-05
21.604801,68.524,99.082,2.5055668e-05
23.148,74.08,111.12,2.53252e-05
24.1768,74.08,111.12,2.5575839e-05
25.720001,74.08,111.12,2.5826394e-05
26.7488,64.82,115.75,2.6039314e-05
28.292,55.56,120.38,2.6327272e-05
28.292,55.56,120.38,2.6771524e-05
28.292,55.56,120.38,2.7328068e-05
29.3208,46.3,137.974,2.7915423e-05
30.864,37.04,157.42,2.857718e-05
31.8928,37.04,161.124,2.932559e-05
33.436,37.04,166.68,3.0073232e-05
33.436,37.04,166.68,3.0714327e-05
33.436,37.04,166.68,3.131743e-05
33.436,37.04,166.68,3.1938616e-05
33.436,37.04,166.68,3.2559245e-05
33.436,37.04,166.68,3.3179236e-05
33.436,37.04,166.68,3.3798577e-05
31.8928,37.04,166.68,3.443583e-05
30.864,37.04,166.68,3.5035337e-05
30.864,37.04,171.31,3.5566318e-05
30.864,37.04,175.93999,3.6022833e-05
31.8928,31.484,168.53201,3.6429694e-05
33.436,27.78,162.04999,3.67623e-05
33.436,27.78,162.04999,3.7027014e-05
33.436,27.78,162.04999,3.7254722e-05
34.4648,27.78,162.04999,3.7463848e-05
36.008,27.78,162.04999,3.7746686e-05
