Vmax,Rmax,R34,fcor
23.148,37.04,60.190002,2.6327272e-05
23.6624,38.892,67.598,2.6715144e-05
24.1768,40.744,73.154,2.6971738e-05
24.6912,42.596,78.71,2.719184e-05
25.720001,46.3,87.97,2.7578055e-05
28.292,46.3,87.97,2.8364684e-05
29.835201,46.3,87.97,2.8940993e-05
30.864,46.3,87.97,2.9076216e-05
30.864,46.3,114.361,2.9543891e-05
30.864,46.3,141.215,2.9824112e-05
33.436,46.3,160.661,2.9967057e-05
33.436,46.3,160.661,2.9968607e-05
34.4648,46.3,169.92099,3.0013085e-05
35.4936,46.3,177.79199,3.0058203e-05
36.008,46.3,180.56999,3.0073232e-05
38.58,46.3,196.775,3.0247422e-05
38.58,46.3,197.23799,3.0260335e-05
41.152,46.3,212.98,3.0571195e-05
44.7528,37.04,226.87001,3.1167572e-05
47.3248,29.632,236.13,3.1639276e-05
48.868,27.78,240.75998,3.1814445e-05
50.4112,27.78,250.02,3.2196363e-05
51.440002,27.78,254.65,3.231108e-05
51.440002,22.223999,222.24,3.2559245e-05
52.4688,25.928,222.24,3.287988e-05
52.4688,25.928,222.24,3.290549e-05
54.012,31.484,222.24,3.330315e-05
59.156002,29.632,236.13,3.3674718e-05
64.3,27.78,250.01999,3.404614e-05
64.3,29.632,250.01999,3.44168e-05
64.3,31.484,250.01999,3.47882e-05
65.328804,29.632,259.28,3.51401e-05
66.872,27.78,268.54,3.5529305e-05
