Vmax,Rmax,R34,fcor
18.004,74.08,212.98001,2.231176e-05
19.0328,74.08,215.758,2.263241e-05
20.576,74.08,219.92502,2.306609e-05
21.604801,74.08,269.466,2.3580958e-05
23.148,74.08,319.47,2.432189e-05
24.1768,74.08,280.115,2.5450681e-05
25.720001,74.08,240.76001,2.6577594e-05
25.720001,74.08,209.276,2.7221759e-05
25.720001,74.08,178.25499,2.7827968e-05
25.720001,74.08,149.086,2.882657e-05
25.720001,74.08,120.380005,2.9824112e-05
25.720001,64.82,171.77298,3.053976e-05
25.720001,55.56,224.555,3.1068776e-05
26.7488,55.56,206.498,3.144162e-05
28.292,55.56,189.83,3.1814445e-05
29.3208,46.3,192.145,3.239785e-05
30.864,37.04,194.46,3.305528e-05
31.8928,37.04,198.164,3.36561e-05
33.436,37.04,203.72,3.4293596e-05
36.008,40.744,220.388,3.5016685e-05
38.58,46.3,238.44499,3.577612e-05
42.1808,46.3,248.631,3.6534195e-05
46.296,46.3,259.28,3.7254722e-05
48.868,48.152,256.50198,3.7888087e-05
51.440002,50.004,254.65,3.8483773e-05
