Vmax,Rmax,R34,fcor
23.148,37.04,55.56,2.4572832e-05
23.148,37.04,60.19,2.6827835e-05
23.148,37.04,60.19,2.848217e-05
23.148,37.04,60.19,3.0322259e-05
23.148,37.04,60.19,3.1168183e-05
23.148,37.04,60.19,3.305528e-05
25.720001,37.04,60.19,3.6022833e-05
25.720001,37.04,62.968002,3.7396665e-05
25.720001,37.04,67.135,3.7746686e-05
26.7488,37.04,67.135,3.8085607e-05
28.292,37.04,67.135,3.8238195e-05
29.3208,24.076,100.008,3.8446244e-05
30.864,12.964,134.27,3.872924e-05
31.8928,12.964,119.917,3.9183113e-05
33.436,12.964,106.49,3.9709896e-05
39.6088,12.964,141.67801,4.016248e-05
46.296,12.964,178.255,4.0688625e-05
44.7528,14.816,171.773,4.1366035e-05
44.2384,16.668,169.45801,4.161916e-05
43.724,18.52,166.68,4.2152973e-05
41.152,22.223999,166.68,4.3022683e-05
38.58,27.78,166.68,4.385554e-05
38.58,27.78,176.866,4.4554105e-05
38.58,27.78,187.515,4.506766e-05
38.58,27.78,187.515,4.5380813e-05
38.58,27.78,187.515,4.5551555e-05
39.6088,27.78,187.515,4.5709134e-05
41.152,27.78,187.515,4.5793287e-05
42.1808,27.78,186.126,4.575605e-05
43.724,27.78,185.20001,4.5793287e-05
44.7528,27.78,185.20001,4.6065295e-05
46.296,27.78,185.20001,4.651767e-05
47.3248,27.78,185.20001,4.7029404e-05
48.868,27.78,185.20001,4.7722115e-05
48.868,27.78,185.20001,4.8701506e-05
48.868,27.78,185.20001,4.9641636e-05
49.8968,22.223999,185.20001,5.013565e-05
51.440002,18.52,185.20001,5.059779e-05
51.440002,18.52,185.20001,5.131329e-05
54.012,18.52,185.20001,5.22651e-05
51.440002,18.52,185.20001,5.294734e-05
48.868,18.52,185.20001,5.345127e-05
46.296,18.52,180.107,5.3995733e-05
43.724,18.52,175.94,5.439729e-05
41.152,22.223999,149.086,5.4585897e-05
38.58,27.78,122.695,5.4633376e-05
37.0368,27.78,122.695,5.4668824e-05
36.008,27.78,122.695,5.4633376e-05
33.436,27.78,122.695,5.4550903e-05
30.864,27.78,122.695,5.439729e-05
30.864,27.78,122.695,5.4196324e-05
30.864,27.78,122.695,5.392461e-05
29.3208,27.78,113.435,5.356951e-05
28.292,27.78,104.174995,5.321436e-05
26.7488,27.78,104.174995,5.2959716e-05
25.720001,27.78,104.174995,5.2740055e-05
25.720001,27.78,104.174995,5.253815e-05
25.720001,27.78,104.174995,5.22651e-05
25.720001,37.04,110.194,5.1807354e-05
25.720001,46.3,97.229996,5.131329e-05
24.1768,46.3,97.229996,5.0955583e-05
23.148,46.3,97.229996,5.059779e-05
23.148,46.3,97.229996,5.0120078e-05
23.148,46.3,97.229996,4.9641636e-05
23.148,46.3,100.934006,4.924647e-05
23.148,46.3,97.23,4.892293e-05
23.148,46.3,97.693,4.868298e-05
23.148,46.3,99.545006,4.844305e-05
24.1768,46.3,99.545006,4.8100785e-05
25.720001,46.3,99.545006,4.7722115e-05
26.7488,46.3,99.545006,4.732505e-05
28.292,46.3,99.545006,4.6999867e-05
28.292,31.484,109.731,4.6861278e-05
28.292,18.52,120.38,4.675884e-05
28.292,27.78,126.86201,4.6517624e-05
28.292,37.04,134.27,4.627635e-05
29.3208,37.04,134.27,4.611942e-05
30.864,37.04,134.27,4.6034886e-05
33.436,37.04,110.657,4.601673e-05
36.008,37.04,87.97,4.6034886e-05
38.58,24.076,106.490005,4.599862e-05
41.152,12.964,125.009995,4.6034886e-05
42.1808,16.668,125.009995,4.6240137e-05
43.724,22.223999,125.009995,4.651767e-05
44.7528,20.372,128.71399,4.6758567e-05
46.296,18.52,134.27,4.6999867e-05
48.868,20.372,134.27,4.722299e-05
51.440002,22.223999,134.27,4.748151e-05
54.012,24.076,118.52799,4.7769972e-05
56.584,27.78,104.175,4.8202877e-05
