Vmax,Rmax,R34,fcor
23.148,64.82,74.08,4.3126656e-05
25.720001,64.82,85.192,4.3005035e-05
28.292,64.82,97.229996,4.288343e-05
28.292,46.3,112.972,4.265831e-05
28.292,27.78,129.64,4.239659e-05
28.292,27.78,129.64,4.2134696e-05
28.292,27.78,129.64,4.1909232e-05
33.436,27.78,138.9,4.173247e-05
38.58,27.78,148.16,4.1665367e-05
39.6088,24.076,151.864,4.175073e-05
41.152,22.223999,157.42,4.1909232e-05
43.724,22.223999,157.42,4.2031115e-05
46.296,22.223999,157.42,4.2152973e-05
46.296,22.223999,154.642,4.225644e-05
46.296,22.223999,152.79001,4.239659e-05
46.296,22.223999,150.475,4.258535e-05
46.296,22.223999,148.16,4.288343e-05
46.296,16.668,148.16,4.3333297e-05
46.296,12.964,148.16,4.385554e-05
48.868,14.816,157.883,4.434075e-05
51.440002,18.52,168.995,4.4825505e-05
54.012,20.372,175.47699,4.5291486e-05
56.584,22.223999,182.885,4.5793287e-05
57.6128,22.223999,182.422,4.6342673e-05
59.156002,22.223999,182.885,4.6999867e-05
60.1848,22.223999,180.107,4.7752026e-05
61.728,22.223999,178.255,4.868306e-05
