Vmax,Rmax,R34,fcor
20.576,74.08,69.450005,3.5282377e-05
21.604801,68.524,69.450005,3.5405803e-05
23.148,64.82,69.450005,3.5529305e-05
25.720001,55.56,83.34,3.5776113e-05
28.292,46.3,97.23,3.6022833e-05
30.864,46.3,130.566,3.6127643e-05
33.436,46.3,164.365,3.626943e-05
34.4648,46.3,168.995,3.6639136e-05
36.008,46.3,173.625,3.700857e-05
37.0368,46.3,197.701,3.716858e-05
38.58,46.3,222.23999,3.7254722e-05
38.58,46.3,222.23999,3.7377755e-05
38.58,46.3,222.23999,3.7500762e-05
38.58,46.3,222.23999,3.7531503e-05
38.58,46.3,222.23999,3.7746686e-05
37.0368,46.3,222.23999,3.8391707e-05
36.008,46.3,222.23999,3.9219805e-05
36.008,46.3,222.23999,3.9973107e-05
36.008,46.3,222.23999,4.0688625e-05
36.008,55.56,263.91,4.1299307e-05
36.008,64.82,305.58,4.1909232e-05
34.4648,64.82,305.58,4.258532e-05
33.436,64.82,305.58,4.3369746e-05
34.4648,64.82,305.58,4.432263e-05
36.008,64.82,305.58,4.5309676e-05
38.58,59.264,296.32,4.6173707e-05
41.152,55.56,287.06,4.6999867e-05
42.1808,64.82,296.32,4.7860347e-05
43.724,74.08,305.58,4.868306e-05
