Vmax,Rmax,R34,fcor
20.576,64.82,74.08,3.1068776e-05
21.604801,59.264,83.34,3.1248946e-05
23.148,55.56,92.6,3.131743e-05
25.720001,40.744,99.082,3.128021e-05
28.292,27.78,106.490005,3.131743e-05
29.3208,31.484,115.75,3.1615495e-05
29.835201,33.336,119.454,3.1813266e-05
30.864,37.04,125.009995,3.206281e-05
31.8928,40.744,137.974,3.2540636e-05
33.436,46.3,152.79001,3.305528e-05
33.436,46.3,152.79001,3.3550907e-05
33.436,46.3,152.79001,3.3795826e-05
33.436,46.3,152.79001,3.404614e-05
34.4648,46.3,160.198,3.4466713e-05
36.008,46.3,168.995,3.5035337e-05
36.008,40.744,184.737,3.5967296e-05
36.008,38.892,190.293,3.6358608e-05
36.008,37.04,201.405,3.700857e-05
38.58,37.04,201.405,3.785116e-05
41.152,37.04,201.405,3.872924e-05
41.152,37.04,201.405,3.986888e-05
41.152,37.04,201.405,4.049281e-05
41.152,37.04,201.405,4.093299e-05
41.152,35.188,203.72,4.1220188e-05
42.1808,31.484,211.59102,4.1616648e-05
43.724,27.78,222.23999,4.2152973e-05
44.7528,27.78,231.5,4.2780037e-05
45.2672,27.78,233.35199,4.2953558e-05
45.2672,27.78,235.20401,4.3119424e-05
46.296,27.78,240.76001,4.3369746e-05
49.8968,27.78,245.39,4.3873508e-05
54.012,27.78,250.01999,4.4340795e-05
56.584,27.78,274.096,4.4843662e-05
57.6128,27.78,285.208,4.506416e-05
59.156002,27.78,298.635,4.5309676e-05
