Vmax,Rmax,R34,fcor
18.004,83.34,148.16,3.206281e-05
19.0328,83.34,148.16,3.2366595e-05
20.576,83.34,148.16,3.2559245e-05
21.604801,83.34,148.16,3.2807304e-05
23.148,83.34,148.16,3.305528e-05
25.720001,83.34,148.16,3.3303095e-05
28.292,83.34,148.16,3.3550914e-05
29.3208,64.82,155.105,3.379865e-05
30.864,46.3,162.05,3.404614e-05
30.864,46.3,162.05,3.4293596e-05
33.436,46.3,162.05,3.3798577e-05
34.4648,46.3,204.183,3.3697328e-05
36.008,46.3,247.705,3.3798577e-05
37.0368,37.04,187.97801,3.376141e-05
38.58,27.78,129.64,3.3798577e-05
39.6088,31.484,239.371,3.400891e-05
41.152,37.04,349.565,3.4293596e-05
42.1808,40.744,349.565,3.4559584e-05
43.724,46.3,349.565,3.47882e-05
44.7528,46.3,349.565,3.4930123e-05
46.296,46.3,349.565,3.5035337e-05
46.296,46.3,349.565,3.5177352e-05
46.296,46.3,349.565,3.5282377e-05
47.3248,46.3,349.565,3.5282243e-05
48.868,46.3,349.565,3.5282377e-05
51.440002,46.3,349.565,3.5350382e-05
54.012,46.3,349.565,3.5529305e-05
59.156002,38.892,334.286,3.58805e-05
64.3,31.484,319.47,3.626943e-05
