Vmax,Rmax,R34,fcor
18.004,74.08,166.68,3.9464914e-05
20.576,74.08,192.14499,3.80277e-05
23.148,74.08,217.61,3.651592e-05
23.148,77.784,224.555,3.5660734e-05
23.148,83.34,231.5,3.5282377e-05
23.148,83.34,233.815,3.525518e-05
23.148,83.34,236.13,3.5529305e-05
24.1768,83.34,240.76,3.580702e-05
25.720001,83.34,245.39,3.626943e-05
26.7488,83.34,250.01999,3.6915473e-05
28.292,83.34,254.65,3.7746686e-05
29.3208,83.34,256.965,3.858267e-05
30.864,83.34,259.28,3.9709896e-05
31.8928,83.34,250.01999,4.132904e-05
33.436,83.34,240.76001,4.3126656e-05
34.4648,83.34,238.445,4.4776647e-05
36.008,83.34,236.12999,4.627635e-05
37.0368,64.82,236.13,4.753557e-05
38.58,46.3,236.13,4.868306e-05
41.152,46.3,233.815,4.9970262e-05
43.724,46.3,231.5,5.1074945e-05
44.7528,46.3,231.5,5.1777624e-05
46.296,46.3,231.5,5.22651e-05
47.3248,46.3,231.5,5.277477e-05
48.868,46.3,231.5,5.321436e-05
49.8968,46.3,238.445,5.3641183e-05
51.440002,46.3,245.38998,5.392461e-05
55.040802,46.3,247.70499,5.4012246e-05
59.156002,46.3,250.01999,5.392461e-05
