Vmax,Rmax,R34,fcor
18.004,83.34,138.9,4.3126656e-05
20.576,83.34,138.9,4.2761105e-05
23.148,83.34,138.9,4.239659e-05
23.148,83.34,180.56999,4.2305666e-05
23.148,83.34,222.23999,4.239659e-05
23.148,83.34,215.29498,4.2621705e-05
23.148,83.34,208.34999,4.288343e-05
23.148,83.34,173.625,4.30775e-05
23.148,83.34,138.9,4.3126656e-05
24.1768,83.34,138.9,4.2919404e-05
25.720001,83.34,138.9,4.2640077e-05
25.720001,68.524,166.68001,4.246295e-05
25.720001,55.56,194.45999,4.239659e-05
26.7488,64.82,194.45999,4.2481784e-05
28.292,74.08,194.45999,4.2640077e-05
29.3208,68.524,203.72,4.2761087e-05
30.864,64.82,212.98,4.288343e-05
30.864,59.264,212.98,4.2967888e-05
30.864,55.56,212.98,4.3126656e-05
33.436,55.56,218.536,4.3417953e-05
36.008,55.56,224.555,4.385554e-05
39.6088,46.3,232.426,4.442506e-05
43.724,37.04,240.76,4.506766e-05
47.3248,37.04,240.76,4.5708075e-05
51.440002,37.04,240.76,4.627635e-05
52.4688,37.04,250.02,4.6637644e-05
54.012,37.04,259.28,4.6999867e-05
54.012,37.04,262.984,4.7565834e-05
54.012,37.04,268.53998,4.8202877e-05
55.040802,37.04,268.53998,4.874788e-05
56.584,37.04,268.53998,4.9402213e-05
56.584,37.04,268.53998,5.0359326e-05
56.584,37.04,268.53998,5.131329e-05
