Vmax,Rmax,R34,fcor
20.576,55.56,46.300003,3.8483773e-05
20.576,55.56,123.620995,3.881511e-05
20.576,55.56,201.405,3.9219805e-05
21.604801,64.82,201.405,3.9814007e-05
23.148,74.08,201.405,4.0444127e-05
25.720001,59.264,153.25299,4.091465e-05
28.292,46.3,106.49,4.142137e-05
29.3208,46.3,106.49,4.2098163e-05
30.864,46.3,106.49,4.288343e-05
33.436,46.3,105.101006,4.3679505e-05
36.008,46.3,104.174995,4.458322e-05
41.152,40.744,130.103,4.561805e-05
46.296,37.04,157.42,4.675884e-05
49.8968,29.632,175.94,4.7944555e-05
54.012,22.223999,194.45999,4.916265e-05
56.584,22.223999,194.45999,5.028731e-05
59.156002,22.223999,194.45999,5.155148e-05
59.156002,22.223999,219.462,5.3196534e-05
59.156002,22.223999,245.39,5.4869302e-05
55.040802,20.372,200.016,5.6216577e-05
51.440002,18.52,155.105,5.7453286e-05
51.440002,20.372,155.105,5.8841564e-05
51.440002,22.223999,155.105,6.0016075e-05
49.8968,22.223999,174.551,6.068196e-05
48.868,22.223999,194.46,6.1173734e-05
47.3248,22.223999,206.035,6.195311e-05
46.296,22.223999,217.60999,6.255676e-05
43.724,33.336,226.87,6.276208e-05
41.152,46.3,236.13,6.255676e-05
38.58,50.004,223.166,6.200455e-05
36.008,55.56,210.66501,6.1173734e-05
34.4648,55.56,210.66501,6.033451e-05
33.436,55.56,210.66501,5.9319285e-05
30.864,59.264,216.221,5.81065e-05
28.292,64.82,222.23999,5.6750614e-05
26.7488,59.264,222.23999,5.5322842e-05
25.720001,55.56,222.23999,5.392461e-05
25.720001,50.004,216.221,5.268573e-05
25.720001,46.3,210.66501,5.155148e-05
24.1768,50.004,210.66501,5.0443112e-05
23.148,55.56,210.66501,4.9402213e-05
24.1768,64.82,240.76001,4.8388323e-05
25.720001,74.08,270.855,4.748151e-05
26.7488,55.56,270.855,4.670411e-05
28.292,37.04,270.855,4.6034886e-05
29.3208,31.484,237.056,4.53754e-05
30.864,27.78,203.72,4.4825505e-05
33.436,27.78,206.035,4.4389893e-05
36.008,27.78,208.35,4.409823e-05
38.58,27.78,208.35,4.39402e-05
41.152,27.78,208.35,4.385554e-05
42.1808,27.78,208.35,4.3733817e-05
43.724,27.78,208.35,4.3612705e-05
44.7528,27.78,208.35,4.34912e-05
46.296,27.78,208.35,4.3369746e-05
46.296,27.78,208.35,4.3248237e-05
46.296,27.78,208.35,4.3126656e-05
48.868,27.78,208.35,4.2986703e-05
51.440002,27.78,208.35,4.288343e-05
51.440002,27.78,208.35,4.284677e-05
51.440002,27.78,208.35,4.288343e-05
52.4688,29.632,208.35,4.2968426e-05
54.012,31.484,208.35,4.3126656e-05
54.012,29.632,208.35,4.3369404e-05
54.012,27.78,208.35,4.3612705e-05
55.040802,24.076,208.35,4.3788474e-05
56.584,22.223999,208.35,4.385554e-05
60.1848,22.223999,219.92499,4.378785e-05
64.3,22.223999,231.5,4.3612705e-05
65.328804,22.223999,231.5,4.3370383e-05
66.872,22.223999,231.5,4.3126656e-05
69.444,22.223999,247.705,4.2949017e-05
72.016,22.223999,263.91,4.288343e-05
74.588,22.223999,219.92499,4.294982e-05
77.16,22.223999,175.94,4.3126656e-05
