Vmax,Rmax,R34,fcor
18.004,83.34,46.3,3.3742635e-05
20.576,83.34,92.6,3.3550914e-05
21.604801,55.56,59.264,3.335257e-05
23.148,27.78,27.78,3.330315e-05
24.1768,27.78,43.522,3.3513206e-05
25.720001,27.78,60.190002,3.3798577e-05
28.292,31.484,87.97,3.3940283e-05
30.864,37.04,115.75,3.404614e-05
31.8928,37.04,125.009995,3.420593e-05
33.436,37.04,134.26999,3.4293596e-05
36.008,37.04,143.53,3.4188277e-05
38.58,37.04,152.79001,3.404614e-05
42.1808,37.04,162.04999,3.3989476e-05
46.296,37.04,171.31,3.404614e-05
46.296,33.336,193.534,3.4144443e-05
46.296,31.484,205.57199,3.421861e-05
46.296,27.78,240.76001,3.454095e-05
47.3248,27.78,262.984,3.5016095e-05
48.868,27.78,287.06,3.5529305e-05
49.8968,27.78,305.58002,3.586153e-05
51.440002,27.78,324.09998,3.626943e-05
56.584,27.78,337.99,3.691519e-05
61.728,27.78,351.88,3.7746686e-05
62.7568,22.223999,359.751,3.8728445e-05
64.3,18.52,368.085,3.9709896e-05
65.328804,18.52,371.326,4.0480332e-05
66.872,18.52,375.03,4.1177245e-05
