Vmax,Rmax,R34,fcor
20.576,74.08,74.08,3.6022833e-05
21.604801,68.524,92.6,3.6743793e-05
23.148,64.82,111.12,3.7500762e-05
25.720001,64.82,115.75,3.804774e-05
28.292,64.82,120.380005,3.8483773e-05
31.8928,64.82,133.344,3.883322e-05
36.008,64.82,148.16,3.9219805e-05
43.724,59.264,161.587,3.9758463e-05
51.440002,55.56,175.94,4.0444127e-05
55.040802,55.56,179.64401,4.1354448e-05
59.156002,55.56,185.2,4.2152973e-05
57.6128,40.744,187.515,4.2487784e-05
56.584,27.78,189.83,4.2640077e-05
55.040802,46.3,189.83,4.2901433e-05
54.012,64.82,189.83,4.3126656e-05
52.4688,64.82,189.83,4.326634e-05
51.440002,64.82,189.83,4.3369746e-05
51.440002,64.82,189.83,4.3472934e-05
51.440002,64.82,189.83,4.3612705e-05
51.440002,64.82,229.185,4.385532e-05
51.440002,64.82,268.53998,4.409823e-05
51.440002,64.82,300.487,4.420082e-05
51.440002,64.82,333.36,4.4340795e-05
54.012,64.82,356.51,4.470435e-05
56.584,64.82,379.66,4.506766e-05
57.6128,64.82,381.512,4.5206296e-05
59.156002,64.82,384.29,4.5309676e-05
59.156002,64.82,384.29,4.5496716e-05
59.156002,64.82,384.29,4.5793287e-05
