Vmax,Rmax,R34,fcor
20.576,74.08,108.805,3.454095e-05
21.604801,74.08,121.306,3.4540928e-05
23.148,74.08,134.26999,3.454095e-05
23.148,59.264,131.029,3.452241e-05
23.148,46.3,129.63998,3.454095e-05
23.148,46.3,129.63998,3.4646007e-05
23.148,46.3,129.63998,3.47882e-05
23.148,46.3,116.676,3.4893255e-05
23.148,46.3,104.175,3.5035337e-05
23.148,46.3,104.175,3.5263838e-05
23.148,46.3,104.175,3.5529305e-05
23.148,40.744,106.027,3.575761e-05
23.148,37.04,108.805,3.6022833e-05
23.148,37.04,115.287,3.63742e-05
23.148,37.04,122.69501,3.67623e-05
24.1768,40.744,122.69501,3.713167e-05
25.720001,46.3,122.69501,3.7500762e-05
26.7488,46.3,122.69501,3.7888036e-05
28.292,46.3,122.69501,3.8238195e-05
29.3208,40.744,122.69501,3.8520604e-05
30.864,37.04,122.69501,3.872924e-05
36.008,31.484,122.69501,3.88703e-05
41.152,27.78,122.69501,3.897458e-05
43.724,27.78,122.69501,3.909715e-05
46.296,27.78,122.69501,3.9219805e-05
47.3248,27.78,149.086,3.9360795e-05
48.868,27.78,175.94,3.9464914e-05
