Vmax,Rmax,R34,fcor
18.004,74.08,90.284996,2.6076874e-05
18.004,74.08,90.284996,2.6452442e-05
18.004,74.08,90.284996,2.6827835e-05
18.004,74.08,90.284996,2.7203037e-05
18.004,74.08,90.284996,2.7578055e-05
20.576,50.004,108.80499,2.797162e-05
23.148,27.78,127.325,2.8327528e-05
24.1768,27.78,137.048,2.8577171e-05
25.720001,27.78,148.16,2.882674e-05
26.7488,27.78,148.16,2.91822e-05
28.292,27.78,148.16,2.9574905e-05
29.3208,31.484,150.475,2.9967348e-05
30.864,37.04,152.79001,3.0322259e-05
31.8928,31.484,171.31,3.0571224e-05
33.436,27.78,189.83,3.0820032e-05
34.4648,27.78,189.83,3.117445e-05
36.008,27.78,189.83,3.156599e-05
37.0368,27.78,189.83,3.1938624e-05
38.58,27.78,189.83,3.231108e-05
38.58,27.78,199.09001,3.277624e-05
38.58,27.78,208.35,3.305528e-05
38.58,27.78,208.35,3.2788892e-05
38.58,27.78,208.35,3.2559245e-05
38.58,27.78,206.035,3.2980843e-05
38.58,27.78,203.72,3.3550914e-05
39.6088,22.223999,180.57,3.3798617e-05
41.152,18.52,157.42,3.404614e-05
43.724,18.52,182.42201,3.446675e-05
46.296,18.52,208.34999,3.5035337e-05
47.3248,18.52,202.331,3.5776127e-05
48.868,18.52,196.775,3.651592e-05
49.8968,18.52,204.18301,3.702702e-05
51.440002,18.52,212.98,3.7500762e-05
52.4688,18.52,212.98,3.8096918e-05
54.012,18.52,212.98,3.872924e-05
56.584,12.964,216.684,3.9397408e-05
59.156002,9.26,222.24,3.995476e-05
