Vmax,Rmax,R34,fcor
18.004,83.34,134.26999,3.5035337e-05
19.0328,77.784,200.942,3.49426e-05
20.576,74.08,231.5,3.5035337e-05
21.604801,64.82,219.925,3.514035e-05
23.148,55.56,208.35,3.5282377e-05
24.1768,55.56,205.572,3.538725e-05
25.720001,55.56,203.72,3.5529305e-05
25.720001,55.56,236.13,3.577618e-05
25.720001,55.56,268.53998,3.6022833e-05
25.720001,55.56,258.817,3.618311e-05
25.720001,55.56,250.02002,3.626943e-05
25.720001,55.56,241.22299,3.628791e-05
25.720001,55.56,233.81499,3.626943e-05
26.7488,55.56,313.451,3.6250975e-05
28.292,55.56,393.55002,3.626943e-05
28.292,55.56,388.92,3.6337206e-05
28.292,55.56,384.29,3.651592e-05
29.3208,55.56,287.52298,3.6866975e-05
30.864,55.56,192.14499,3.7254722e-05
30.864,55.56,225.018,3.7537644e-05
30.864,55.56,259.28,3.7746686e-05
30.864,55.56,260.206,3.79249e-05
30.864,55.56,261.59497,3.7992504e-05
30.864,55.56,259.74298,3.7851252e-05
30.864,55.56,259.28003,3.7746686e-05
31.8928,59.264,259.743,3.7955564e-05
33.436,64.82,261.595,3.8238195e-05
33.436,48.152,259.28,3.8397917e-05
33.436,31.484,256.96503,3.8483773e-05
33.436,33.336,259.743,3.8483737e-05
33.436,37.04,263.91,3.8483773e-05
33.436,37.04,261.13202,3.8606533e-05
33.436,37.04,259.28,3.872924e-05
33.436,37.04,257.891,3.876603e-05
33.436,37.04,256.965,3.872924e-05
31.8928,37.04,263.91,3.8606526e-05
30.864,37.04,270.855,3.8483773e-05
29.3208,37.04,275.02197,3.842852e-05
28.292,37.04,280.115,3.8483773e-05
28.292,37.04,275.022,3.8655675e-05
28.292,37.04,270.855,3.897458e-05
28.292,37.04,293.542,3.9428196e-05
28.292,37.04,317.155,3.995476e-05
26.7488,46.3,295.857,4.0407416e-05
25.720001,55.56,275.485,4.093299e-05
25.720001,64.82,271.318,4.1628722e-05
25.720001,74.08,268.54,4.239659e-05
24.1768,74.08,296.32,4.3144926e-05
23.148,74.08,324.1,4.385554e-05
23.148,74.08,329.656,4.448015e-05
23.148,74.08,335.67502,4.506766e-05
24.1768,64.82,316.69202,4.5672437e-05
25.720001,55.56,298.635,4.627635e-05
26.7488,55.56,298.635,4.686122e-05
28.292,55.56,298.635,4.748151e-05
