Vmax,Rmax,R34,fcor
18.004,83.34,129.64,2.3568628e-05
20.576,83.34,134.26999,2.4121002e-05
23.148,83.34,138.9,2.4823696e-05
24.1768,83.34,138.9,2.5431671e-05
25.720001,83.34,138.9,2.6076874e-05
25.720001,83.34,138.9,2.6846594e-05
25.720001,83.34,138.9,2.7578055e-05
25.720001,83.34,138.9,2.8115257e-05
25.720001,83.34,138.9,2.857718e-05
26.7488,77.784,148.16,2.901991e-05
28.292,74.08,157.42,2.9574905e-05
29.3208,74.08,157.42,3.040936e-05
30.864,74.08,157.42,3.131743e-05
28.292,74.08,159.735,3.210021e-05
25.720001,74.08,162.04999,3.280731e-05
26.7488,59.264,162.04999,3.3463915e-05
28.292,46.3,162.04999,3.404614e-05
30.864,46.3,162.04999,3.45592e-05
33.436,46.3,162.04999,3.5035337e-05
34.4648,46.3,162.04999,3.5547455e-05
36.008,46.3,162.04999,3.6022833e-05
33.436,46.3,162.04999,3.6429672e-05
30.864,46.3,162.04999,3.67623e-05
29.3208,50.004,164.36499,3.7045116e-05
28.292,55.56,166.68,3.7254722e-05
30.864,55.56,168.995,3.7414888e-05
33.436,55.56,171.31,3.7500762e-05
34.4648,46.3,173.625,3.7426125e-05
36.008,37.04,175.94,3.7500762e-05
39.6088,31.484,185.20001,3.809626e-05
43.724,27.78,194.46,3.872924e-05
46.296,18.52,203.72,3.901771e-05
48.868,9.26,212.98001,3.897458e-05
49.8968,9.26,224.55501,3.8501657e-05
51.440002,9.26,236.13,3.7992504e-05
51.440002,9.26,245.39,3.801023e-05
51.440002,9.26,254.65,3.7992504e-05
52.4688,9.26,256.965,3.7395603e-05
54.012,9.26,259.28,3.67623e-05
56.584,9.26,261.595,3.6546244e-05
59.156002,9.26,263.91,3.651592e-05
60.1848,9.26,263.91,3.6515612e-05
61.728,9.26,263.91,3.651592e-05
62.7568,9.26,273.16998,3.633638e-05
64.3,9.26,282.43,3.626943e-05
65.328804,9.26,284.745,3.6564863e-05
66.872,9.26,287.06,3.700857e-05
69.444,18.52,294.005,3.7340244e-05
72.016,27.78,300.95,3.7746686e-05
