Vmax,Rmax,R34,fcor
23.148,74.08,92.6,3.5529305e-05
24.1768,74.08,92.6,3.563355e-05
25.720001,74.08,92.6,3.577612e-05
29.3208,55.56,129.64,3.5985635e-05
33.436,37.04,166.68,3.626943e-05
34.4648,37.04,175.94,3.6601752e-05
36.008,37.04,185.2,3.700857e-05
38.58,37.04,194.45999,3.7463218e-05
41.152,37.04,203.72,3.7992504e-05
42.1808,37.04,222.23999,3.855123e-05
43.724,37.04,240.76001,3.9219805e-05
44.7528,31.484,245.39,4.014988e-05
46.296,27.78,250.01999,4.093299e-05
46.296,27.78,254.65,4.11287e-05
46.296,27.78,259.28,4.1177245e-05
48.868,31.484,258.354,4.1488067e-05
51.440002,37.04,259.28,4.1909232e-05
51.440002,27.78,256.502,4.235971e-05
51.440002,18.52,254.65001,4.288343e-05
49.8968,18.52,264.373,4.347288e-05
48.868,18.52,275.485,4.409823e-05
48.868,12.964,280.578,4.4704226e-05
48.868,9.26,287.06,4.5309676e-05
47.3248,18.52,277.337,4.595008e-05
46.296,27.78,268.53998,4.651767e-05
46.296,31.484,268.077,4.7005906e-05
46.296,37.04,268.54,4.7240763e-05
46.296,31.484,269.003,4.712646e-05
46.296,27.78,270.855,4.675884e-05
47.3248,31.484,269.466,4.6203666e-05
48.868,37.04,268.54,4.5793287e-05
