Vmax,Rmax,R34,fcor
20.576,46.3,67.135,4.7722115e-05
21.604801,55.56,81.488,4.7740137e-05
22.1192,57.412,85.655,4.7741218e-05
23.148,64.82,97.23,4.7722115e-05
22.6336,64.82,95.841,4.7700865e-05
21.604801,64.82,95.378006,4.765698e-05
21.604801,64.82,95.378006,4.7637932e-05
20.576,64.82,94.91499,4.748151e-05
20.576,55.56,92.13699,4.722266e-05
20.576,50.004,90.748,4.707552e-05
20.576,46.3,90.285,4.6999867e-05
21.604801,46.3,100.008,4.6927613e-05
23.148,46.3,111.12,4.6999867e-05
25.720001,40.744,125.009995,4.7186564e-05
27.2632,37.04,133.344,4.7373174e-05
28.292,37.04,138.9,4.748151e-05
29.3208,37.04,138.9,4.7770085e-05
30.864,37.04,138.9,4.8202877e-05
30.864,37.04,137.974,4.8869053e-05
30.864,37.04,137.974,4.908068e-05
30.864,37.04,137.974,4.931834e-05
30.864,37.04,138.9,4.9641636e-05
31.8928,37.04,138.9,5.0412695e-05
33.436,37.04,138.9,5.1074945e-05
33.436,37.04,163.439,5.148586e-05
33.436,37.04,189.82999,5.178951e-05
34.979202,38.892,187.51501,5.2039242e-05
36.008,40.744,187.05199,5.211076e-05
38.58,46.3,185.2,5.250265e-05
39.6088,40.744,219.92499,5.302224e-05
39.6088,40.744,221.77701,5.304227e-05
