Vmax,Rmax,R34,fcor
18.004,92.6,83.34,4.2640077e-05
20.576,92.6,100.934006,4.3163083e-05
21.604801,92.6,111.12,4.3437467e-05
23.148,92.6,120.380005,4.3612705e-05
24.1768,74.08,138.9,4.3752403e-05
25.720001,55.56,157.42,4.385554e-05
28.292,59.264,157.42,4.4183114e-05
28.8064,61.116,157.42,4.4292174e-05
28.8064,61.116,157.42,4.430105e-05
30.864,64.82,157.42,4.458322e-05
31.8928,64.82,166.68,4.494657e-05
33.436,64.82,175.93999,4.5309676e-05
33.9504,57.412,175.93999,4.5519373e-05
34.4648,55.56,175.93999,4.565436e-05
34.979202,50.004,175.93999,4.5819637e-05
36.008,46.3,175.93999,4.6034886e-05
37.0368,46.3,175.93999,4.653571e-05
38.58,46.3,175.93999,4.6999867e-05
38.58,46.3,175.93999,4.7276888e-05
38.58,46.3,175.93999,4.7325528e-05
38.58,46.3,175.93999,4.748151e-05
38.58,46.3,166.68,4.7740155e-05
38.58,46.3,157.42,4.796257e-05
41.152,46.3,166.68,4.8118778e-05
43.724,46.3,175.93999,4.8202877e-05
