Vmax,Rmax,R34,fcor
23.148,55.56,53.245003,2.2814716e-05
25.720001,46.3,88.896,2.3210549e-05
28.292,37.04,125.01,2.3568628e-05
28.8064,37.04,125.01,2.3870009e-05
29.3208,37.04,125.01,2.403321e-05
30.864,37.04,125.01,2.4572832e-05
31.8928,37.04,125.936,2.5199799e-05
33.436,37.04,127.325,2.5826394e-05
36.008,37.04,202.331,2.6383741e-05
38.58,37.04,277.8,2.6827835e-05
41.152,37.04,277.8,2.711188e-05
43.724,37.04,277.8,2.7328068e-05
43.724,37.04,277.8,2.7578055e-05
51.440002,37.04,277.8,2.7827968e-05
52.4688,37.04,269.466,2.7827944e-05
54.012,37.04,261.595,2.7827968e-05
55.040802,37.04,261.595,2.809029e-05
56.584,37.04,261.595,2.857718e-05
57.6128,37.04,269.466,2.9232124e-05
58.1272,37.04,271.781,2.9494913e-05
59.156002,37.04,277.8,3.0073232e-05
59.670403,37.04,277.8,3.071129e-05
60.1848,37.04,277.8,3.1050135e-05
61.728,37.04,277.8,3.206281e-05
62.7568,31.484,286.597,3.291265e-05
64.3,27.78,296.32,3.3798577e-05
66.872,27.78,305.58002,3.491186e-05
69.444,27.78,314.83997,3.6022833e-05
70.4728,24.076,314.83997,3.6885445e-05
72.016,22.223999,314.83997,3.7746686e-05
72.016,22.223999,314.83997,3.8471586e-05
72.016,22.223999,314.83997,3.885186e-05
72.016,22.223999,314.83997,3.995476e-05
73.559204,22.223999,314.83997,4.0524465e-05
