Vmax,Rmax,R34,fcor
19.0328,64.82,32.410004,3.5387235e-05
23.148,55.56,64.82001,3.5529305e-05
24.1768,46.3,69.45,3.6041143e-05
25.720001,37.04,74.08,3.651592e-05
26.7488,37.04,101.86,3.6608224e-05
28.292,37.04,129.64,3.651592e-05
28.292,37.04,129.64,3.6392623e-05
28.292,37.04,129.64,3.626943e-05
25.720001,37.04,129.64,3.625086e-05
23.148,37.04,129.64,3.626943e-05
21.604801,37.04,96.304,3.6269263e-05
20.576,37.04,64.82,3.626943e-05
23.148,37.04,81.025,3.6250774e-05
25.720001,37.04,97.229996,3.626943e-05
25.720001,37.04,104.175,3.639262e-05
25.720001,37.04,111.119995,3.651592e-05
25.720001,37.04,111.119995,3.6552494e-05
25.720001,37.04,111.119995,3.651592e-05
26.7488,37.04,111.119995,3.6337213e-05
28.292,37.04,111.119995,3.626943e-05
28.292,37.04,120.843,3.6546706e-05
28.292,37.04,131.955,3.700857e-05
26.7488,37.04,131.955,3.7555707e-05
25.720001,37.04,131.955,3.7992504e-05
24.1768,37.04,124.084,3.8084658e-05
23.148,37.04,118.065,3.7992504e-05
23.148,40.744,114.361,3.786954e-05
23.148,46.3,111.119995,3.7746686e-05
25.720001,46.3,118.991,3.7654416e-05
28.292,46.3,127.325,3.7746686e-05
29.3208,40.744,139.363,3.8127557e-05
30.864,37.04,152.79001,3.872924e-05
31.8928,37.04,152.79001,3.9391376e-05
33.436,37.04,152.79001,4.0199502e-05
34.4648,37.04,153.716,4.1104144e-05
36.008,37.04,155.105,4.2152973e-05
37.0368,37.04,172.23601,4.333328e-05
38.58,37.04,189.83,4.458322e-05
40.1232,37.04,191.682,4.4980625e-05
41.6664,37.04,194.46,4.5377223e-05
43.724,37.04,196.31201,4.5775225e-05
45.2672,37.04,199.09001,4.617686e-05
46.810402,37.04,200.942,4.6584337e-05
48.868,37.04,203.72,4.6999867e-05
49.8968,37.04,202.794,4.7421297e-05
51.440002,37.04,202.794,4.7850303e-05
52.4688,37.04,202.794,4.8286867e-05
54.012,37.04,202.794,4.873096e-05
