Vmax,Rmax,R34,fcor
20.576,55.56,83.34,3.330315e-05
23.148,55.56,83.34,3.4206616e-05
25.720001,55.56,83.34,3.5035337e-05
26.7488,55.56,111.12,3.5671164e-05
28.292,55.56,138.9,3.626943e-05
28.292,55.56,138.9,3.700842e-05
28.292,55.56,138.9,3.7746686e-05
28.292,55.56,138.9,3.8416256e-05
28.292,55.56,138.9,3.897458e-05
29.3208,55.56,142.604,3.939744e-05
30.864,55.56,148.16,3.9709896e-05
30.864,55.56,133.344,4.0028182e-05
30.864,55.56,120.38,4.0199502e-05
30.864,46.3,120.38,4.015061e-05
30.864,37.04,120.38,3.995476e-05
31.8928,37.04,142.604,3.9728213e-05
33.436,37.04,166.68,3.9464914e-05
33.436,31.484,166.68,3.921979e-05
33.436,27.78,166.68,3.897458e-05
31.8928,27.78,166.68,3.8729282e-05
30.864,27.78,166.68,3.8483773e-05
29.3208,31.484,167.60599,3.8238133e-05
28.292,37.04,168.995,3.7992504e-05
29.3208,40.744,168.995,3.7728223e-05
30.864,46.3,168.995,3.7500762e-05
33.436,46.3,168.995,3.7359307e-05
36.008,46.3,168.995,3.7254722e-05
37.0368,37.04,169.921,3.715009e-05
38.58,27.78,171.31,3.700857e-05
41.152,27.78,174.551,3.676229e-05
43.724,27.78,178.25502,3.651592e-05
43.724,22.223999,174.551,3.6374193e-05
43.724,18.52,171.31,3.626943e-05
43.724,18.52,178.255,3.614615e-05
43.724,18.52,185.2,3.6022833e-05
43.724,27.78,185.2,3.5880985e-05
43.724,37.04,185.2,3.577612e-05
42.1808,37.04,185.2,3.5757592e-05
41.152,37.04,185.2,3.577612e-05
37.0368,37.04,177.792,3.579461e-05
33.436,37.04,171.31,3.577612e-05
31.8928,40.744,161.587,3.5634133e-05
30.864,46.3,152.79001,3.5529305e-05
29.3208,46.3,152.79001,3.5633948e-05
28.292,46.3,152.79001,3.577612e-05
25.720001,46.3,152.79001,3.588739e-05
23.148,46.3,152.79001,3.577612e-05
21.604801,50.004,135.196,3.5214358e-05
20.576,55.56,118.065,3.454095e-05
21.604801,59.264,118.065,3.409534e-05
23.148,64.82,118.065,3.3798577e-05
25.720001,50.004,106.953,3.3618988e-05
28.292,37.04,97.229996,3.3550914e-05
28.292,37.04,101.86,3.349498e-05
28.292,37.04,106.48999,3.3550914e-05
30.864,40.744,137.048,3.3742792e-05
33.436,46.3,168.995,3.404614e-05
34.4648,40.744,168.995,3.4379933e-05
36.008,37.04,168.995,3.47882e-05
37.0368,31.484,175.94,3.5263747e-05
38.58,27.78,182.885,3.577612e-05
41.152,27.78,218.073,3.6232243e-05
43.724,27.78,254.65,3.67623e-05
43.724,31.484,254.65,3.7482103e-05
43.724,37.04,254.65,3.8238195e-05
43.724,31.484,254.65,3.8906892e-05
43.724,27.78,254.65,3.9464914e-05
46.296,27.78,254.65,3.990577e-05
48.868,27.78,254.65,4.0199502e-05
48.868,27.78,254.65,4.0358183e-05
48.868,27.78,254.65,4.0444127e-05
51.440002,31.484,270.392,4.0529576e-05
54.012,37.04,287.06,4.0688625e-05
