Vmax,Rmax,R34,fcor
20.576,74.08,97.229996,3.3798577e-05
21.604801,74.08,96.304,3.4064476e-05
23.148,74.08,97.229996,3.4293596e-05
23.148,74.08,97.229996,3.4454544e-05
23.148,74.08,97.229996,3.454095e-05
23.148,74.08,97.229996,3.4559285e-05
23.148,74.08,97.229996,3.454095e-05
24.1768,74.08,97.229996,3.4522436e-05
25.720001,74.08,97.229996,3.454095e-05
26.7488,68.524,97.229996,3.457175e-05
28.292,64.82,97.229996,3.47882e-05
28.292,64.82,97.229996,3.5282377e-05
28.292,46.3,97.229996,3.5282377e-05
28.292,46.3,99.082,3.521769e-05
28.292,46.3,101.86,3.5035337e-05
28.292,46.3,101.86,3.4664583e-05
28.292,46.3,101.86,3.4293596e-05
28.292,46.3,101.86,3.413275e-05
28.292,46.3,101.86,3.404614e-05
28.292,46.3,106.490005,3.3922384e-05
28.292,46.3,111.119995,3.3798577e-05
28.292,46.3,112.972,3.3693326e-05
28.292,46.3,115.75,3.3550914e-05
28.292,46.3,115.75,3.328455e-05
28.292,46.3,115.75,3.305528e-05
26.7488,46.3,115.75,3.2999516e-05
25.720001,46.3,115.75,3.305528e-05
24.1768,46.3,115.75,3.3197604e-05
23.148,46.3,115.75,3.330315e-05
23.148,46.3,122.231995,3.3179393e-05
23.148,46.3,129.64,3.305528e-05
21.604801,46.3,129.64,3.3142e-05
20.576,46.3,129.64,3.330315e-05
20.576,46.3,129.177,3.3426568e-05
20.576,46.3,129.64,3.3550914e-05
21.604801,46.3,129.64,3.367528e-05
23.148,46.3,129.64,3.3798577e-05
23.148,46.3,129.64,3.3922068e-05
23.148,46.3,129.64,3.404614e-05
23.148,46.3,129.64,3.4169807e-05
23.148,46.3,129.64,3.4293596e-05
24.1768,46.3,129.64,3.439866e-05
25.720001,46.3,129.64,3.454095e-05
26.7488,46.3,129.64,3.4788212e-05
28.292,46.3,129.64,3.5035337e-05
26.7488,46.3,135.196,3.515043e-05
25.720001,46.3,141.215,3.5282377e-05
25.720001,46.3,141.215,3.5529305e-05
23.148,46.3,141.215,3.577612e-05
23.148,46.3,141.215,3.577612e-05
23.148,64.82,175.94,3.6022833e-05
23.148,64.82,175.94,3.626944e-05
23.148,64.82,175.94,3.651592e-05
21.604801,64.82,175.94,3.6762296e-05
20.576,64.82,175.94,3.700857e-05
20.576,64.82,159.27199,3.727314e-05
20.576,64.82,143.53,3.7500762e-05
21.604801,64.82,143.53,3.7660702e-05
23.148,64.82,143.53,3.7746686e-05
24.1768,64.82,143.53,3.778355e-05
25.720001,64.82,143.53,3.7746686e-05
29.3208,38.892,152.79,3.764212e-05
33.436,12.964,162.04999,3.7500762e-05
36.008,14.816,171.31,3.7377562e-05
38.58,18.52,180.57,3.7254722e-05
39.6088,18.52,185.20001,3.711333e-05
41.152,18.52,189.83,3.700857e-05
42.1808,22.223999,145.38199,3.699012e-05
43.724,27.78,101.86001,3.700857e-05
44.7528,24.076,115.287,3.6989597e-05
46.296,22.223999,129.64,3.700857e-05
47.3248,22.223999,112.046005,3.715027e-05
48.868,22.223999,94.91499,3.7254722e-05
