Vmax,Rmax,R34,fcor
18.004,55.56,43.985,3.305528e-05
21.604801,50.004,43.985,3.2720618e-05
25.720001,46.3,43.985,3.231108e-05
26.7488,46.3,84.266,3.2006756e-05
28.292,46.3,125.01,3.1814445e-05
28.292,40.744,126.862,3.175831e-05
28.292,37.04,129.64001,3.1814445e-05
29.3208,37.04,129.64001,3.197623e-05
30.864,37.04,129.64001,3.206281e-05
33.436,31.484,128.25099,3.1833002e-05
36.008,27.78,127.325,3.156599e-05
38.58,27.78,127.325,3.1509637e-05
41.152,27.78,127.325,3.156599e-05
41.152,27.78,156.49399,3.1653108e-05
41.152,27.78,187.515,3.1814445e-05
42.1808,27.78,187.515,3.2043892e-05
43.724,27.78,187.515,3.231108e-05
42.1808,27.78,187.515,3.2540785e-05
41.152,27.78,187.515,3.280731e-05
41.152,27.78,187.515,3.316026e-05
41.152,27.78,187.515,3.3550914e-05
42.1808,27.78,187.515,3.4034132e-05
43.724,27.78,187.515,3.4293596e-05
44.7528,31.484,203.72,3.3996446e-05
46.296,37.04,219.925,3.3550914e-05
46.296,37.04,242.61201,3.3371227e-05
46.296,37.04,266.225,3.330315e-05
43.724,37.04,266.225,3.3247372e-05
41.152,37.04,266.225,3.330315e-05
42.1808,31.484,278.26297,3.3569522e-05
43.724,27.78,291.69,3.3798577e-05
44.7528,27.78,287.986,3.3600438e-05
46.296,27.78,284.745,3.3550914e-05
46.296,27.78,281.04102,3.4145105e-05
46.296,27.78,277.8,3.5035337e-05
46.296,24.076,277.8,3.5844096e-05
46.296,22.223999,277.8,3.67623e-05
48.868,24.076,281.96698,3.78327e-05
51.440002,27.78,287.06,3.897458e-05
55.040802,29.632,287.986,4.0150553e-05
59.156002,31.484,289.375,4.1177245e-05
