Vmax,Rmax,R34,fcor
20.576,55.56,138.9,2.882674e-05
20.576,55.56,143.53,2.911354e-05
20.576,55.56,148.16,2.9325609e-05
23.148,55.56,157.42,2.938151e-05
25.720001,55.56,166.68,2.9325609e-05
26.7488,55.56,166.68,2.9237965e-05
28.292,55.56,166.68,2.9076216e-05
29.3208,50.004,183.811,2.8807775e-05
30.864,46.3,201.405,2.857718e-05
31.8928,50.004,206.035,2.8520762e-05
33.436,55.56,210.66501,2.857718e-05
36.008,37.04,153.716,2.8701717e-05
38.58,18.52,97.23,2.882674e-05
46.296,18.52,131.492,2.8864013e-05
54.012,18.52,166.68,2.882674e-05
56.584,18.52,176.40298,2.8701914e-05
59.156002,18.52,187.51501,2.857718e-05
60.1848,18.52,204.18301,2.8539409e-05
61.728,18.52,222.23999,2.857718e-05
64.3,22.223999,222.23999,2.8627239e-05
66.872,27.78,222.23999,2.882674e-05
65.328804,37.04,222.24,2.9231891e-05
64.3,46.3,222.24,2.9824112e-05
64.3,40.744,231.5,3.049641e-05
64.3,37.04,240.76,3.131743e-05
64.3,37.04,240.76,3.227398e-05
64.3,37.04,240.76,3.330315e-05
65.328804,37.04,236.13,3.4312077e-05
66.872,37.04,231.5,3.5282377e-05
