Vmax,Rmax,R34,fcor
20.576,83.34,125.009995,4.0444127e-05
20.576,83.34,125.009995,4.0162322e-05
20.576,83.34,101.86,3.995476e-05
20.576,83.34,102.785995,3.99057e-05
20.576,83.34,104.175,3.9709896e-05
21.604801,74.08,93.526,3.899315e-05
23.148,64.82,83.34,3.8238195e-05
23.148,64.82,111.583,3.790026e-05
23.148,64.82,141.215,3.7746686e-05
23.148,64.82,100.008,3.7586462e-05
23.148,64.82,60.190002,3.7500762e-05
23.148,64.82,60.190002,3.750109e-05
23.148,64.82,60.190002,3.7500762e-05
24.1768,64.82,81.951004,3.7414808e-05
25.720001,64.82,104.175,3.7254722e-05
25.720001,64.82,104.175,3.7045174e-05
25.720001,64.82,104.175,3.67623e-05
25.720001,64.82,107.416,3.6355625e-05
25.720001,64.82,111.119995,3.6022833e-05
26.7488,46.3,111.119995,3.598579e-05
28.292,27.78,111.119995,3.6022833e-05
28.292,27.78,112.046,3.591795e-05
28.292,27.78,113.435,3.577612e-05
29.3208,27.78,113.435,3.563417e-05
30.864,27.78,113.435,3.5529305e-05
31.8928,27.78,107.416,3.5529305e-05
33.436,27.78,101.85999,3.5529305e-05
33.436,27.78,102.323,3.5442856e-05
33.436,27.78,104.175,3.5282377e-05
