Vmax,Rmax,R34,fcor
23.148,83.34,67.134995,3.330315e-05
26.7488,59.264,85.192,3.3216387e-05
30.864,37.04,104.175,3.305528e-05
30.864,37.04,114.36101,3.2931002e-05
30.864,37.04,125.01,3.280731e-05
31.8928,37.04,114.36101,3.2664433e-05
33.436,37.04,104.175,3.2559245e-05
34.4648,37.04,104.175,3.2559306e-05
36.008,37.04,104.175,3.2559245e-05
38.58,24.076,127.325,3.245369e-05
41.152,12.964,150.475,3.231108e-05
43.724,20.372,187.052,3.2186632e-05
46.296,27.78,224.55501,3.206281e-05
46.296,27.78,204.183,3.1920008e-05
46.296,27.78,185.2,3.1814445e-05
47.3248,27.78,185.2,3.1814212e-05
48.868,27.78,185.2,3.1814445e-05
51.440002,24.076,153.25299,3.1708634e-05
54.012,22.223999,122.69499,3.156599e-05
52.4688,20.372,122.69499,3.1460266e-05
51.440002,18.52,122.69499,3.131743e-05
51.440002,18.52,138.437,3.1034233e-05
51.440002,18.52,155.10501,3.0820032e-05
51.440002,18.52,155.10501,3.0820032e-05
48.868,18.52,164.365,3.1068776e-05
52.4688,18.52,167.606,3.1102772e-05
56.584,18.52,171.31,3.1068776e-05
60.1848,18.52,171.31,3.1192933e-05
64.3,18.52,171.31,3.131743e-05
65.328804,18.52,192.145,3.1335974e-05
66.872,18.52,212.98,3.131743e-05
65.328804,18.52,212.98,3.1335843e-05
64.3,18.52,212.98,3.131743e-05
64.3,18.52,212.98,3.1248732e-05
64.3,18.52,212.98,3.1068776e-05
65.328804,18.52,212.98,3.0770327e-05
66.872,18.52,212.98,3.0322259e-05
67.9008,18.52,212.98,2.9717943e-05
69.444,18.52,212.98,2.9076216e-05
69.444,20.372,212.98,2.8577007e-05
69.444,22.223999,212.98,2.807779e-05
69.444,20.372,188.441,2.7434164e-05
69.444,18.52,164.36499,2.6827835e-05
72.016,18.52,164.36499,2.6452206e-05
74.588,18.52,164.36499,2.6076874e-05
75.6168,22.223999,164.36499,2.5450716e-05
77.16,27.78,164.36499,2.4823696e-05
