Vmax,Rmax,R34,fcor
18.004,37.04,194.46,2.6327272e-05
18.004,46.3,185.2,2.6990365e-05
18.004,55.56,145.07333,2.7578055e-05
18.004,55.56,100.008,2.8308805e-05
18.004,55.56,50.93,2.9076216e-05
19.0328,55.56,62.042,2.9842748e-05
20.576,55.56,74.08,3.0571195e-05
20.576,55.56,82.877,3.1230386e-05
20.576,55.56,92.6,3.1814445e-05
21.604801,55.56,88.433,3.2311083e-05
23.148,55.56,85.655,3.280731e-05
23.148,55.56,92.137,3.3426986e-05
23.148,55.56,99.545,3.404614e-05
23.148,40.744,102.323,3.455955e-05
23.148,27.78,106.49,3.5035337e-05
24.1768,27.78,109.268005,3.552915e-05
25.720001,27.78,113.435,3.6022833e-05
26.7488,27.78,106.02701,3.655299e-05
28.292,27.78,99.545006,3.700857e-05
30.864,27.78,100.471,3.7291662e-05
33.436,27.78,101.86,3.7500762e-05
33.436,31.484,108.342,3.7746486e-05
33.436,37.04,115.75001,3.7992504e-05
36.008,37.04,119.91701,3.8219743e-05
38.58,37.04,125.009995,3.8483773e-05
42.1808,22.223999,131.492,3.8814927e-05
46.296,9.26,138.90001,3.9219805e-05
46.296,9.26,141.678,3.9746905e-05
46.296,9.26,145.845,4.0199502e-05
