Vmax,Rmax,R34,fcor
20.576,55.56,118.065,3.700857e-05
20.576,55.56,118.065,3.6953174e-05
20.576,55.56,118.065,3.700857e-05
21.604801,59.264,128.25099,3.7180933e-05
23.148,64.82,138.9,3.7500762e-05
23.148,64.82,135.659,3.7955557e-05
23.148,64.82,134.26999,3.8483773e-05
24.1768,64.82,134.26999,3.9011415e-05
25.720001,64.82,134.26999,3.9464914e-05
28.292,50.004,144.456,3.9746563e-05
30.864,37.04,155.105,3.995476e-05
31.8928,37.04,169.458,4.0272906e-05
33.436,37.04,185.20001,4.0444127e-05
33.436,46.3,196.312,4.0272946e-05
33.436,55.56,208.34999,3.995476e-05
33.436,55.56,214.832,3.9617935e-05
33.436,55.56,222.23999,3.9464914e-05
33.436,50.004,222.23999,3.9758797e-05
33.436,46.3,222.23999,4.0199502e-05
34.4648,40.744,222.23999,4.046257e-05
36.008,37.04,222.23999,4.0688625e-05
37.0368,37.04,215.295,4.0914612e-05
38.58,37.04,208.35,4.1177245e-05
38.58,37.04,208.35,4.150671e-05
38.58,37.04,208.35,4.1909232e-05
