Vmax,Rmax,R34,fcor
20.576,46.3,92.6,2.9574905e-05
21.604801,46.3,106.027,2.9680457e-05
23.148,46.3,120.380005,2.9824112e-05
25.720001,46.3,122.69501,2.9948524e-05
28.292,46.3,125.009995,3.0073232e-05
28.292,37.04,125.009995,3.0141404e-05
28.292,27.78,125.009995,3.0322259e-05
28.292,27.78,114.361,3.0670624e-05
28.292,27.78,104.175,3.131743e-05
28.292,37.04,100.008,3.2434575e-05
28.292,46.3,97.23,3.3550914e-05
33.436,31.484,125.009995,3.4120632e-05
38.58,18.52,152.79001,3.454095e-05
38.58,18.52,152.79001,3.513985e-05
38.58,18.52,152.79001,3.577612e-05
38.58,27.78,152.79001,3.6484733e-05
38.58,37.04,152.79001,3.700857e-05
39.6088,31.484,162.04999,3.7137863e-05
41.152,27.78,171.31,3.700857e-05
43.724,22.223999,175.014,3.6706533e-05
46.296,18.52,180.57,3.651592e-05
48.868,18.52,175.014,3.681139e-05
51.440002,18.52,171.31,3.7254722e-05
52.4688,18.52,171.31,3.7482172e-05
54.012,18.52,171.31,3.7746686e-05
