Vmax,Rmax,R34,fcor
18.004,64.82,141.215,3.67623e-05
19.0328,64.82,157.883,3.7199345e-05
20.576,64.82,175.94,3.7746686e-05
21.604801,64.82,193.071,3.8465365e-05
23.148,64.82,210.665,3.9219805e-05
25.720001,55.56,212.51701,3.990577e-05
28.292,46.3,215.295,4.0444127e-05
28.292,59.264,203.257,4.074362e-05
28.292,74.08,192.14499,4.093299e-05
30.864,74.08,207.887,4.1158914e-05
33.436,74.08,224.555,4.142137e-05
34.4648,68.524,225.481,4.1787323e-05
36.008,64.82,226.87001,4.2152973e-05
38.58,55.56,222.703,4.2433105e-05
41.152,46.3,219.925,4.2640077e-05
41.152,46.3,227.333,4.2780026e-05
41.152,46.3,236.13,4.288343e-05
42.1808,31.484,234.741,4.2986812e-05
43.724,18.52,233.815,4.3126656e-05
46.296,12.964,216.221,4.3351498e-05
48.868,9.26,199.09001,4.3612705e-05
48.868,18.52,224.09201,4.3837215e-05
48.868,27.78,250.01999,4.409823e-05
49.8968,27.78,247.24199,4.4425913e-05
51.440002,27.78,245.39,4.4825505e-05
52.4688,27.78,245.853,4.53276e-05
54.012,27.78,247.705,4.5793287e-05
54.012,27.78,231.03699,4.6034864e-05
54.012,27.78,215.295,4.627635e-05
56.584,27.78,234.278,4.6740668e-05
59.156002,27.78,254.65,4.7240763e-05
59.156002,18.52,253.26099,4.7619753e-05
59.156002,9.26,252.33499,4.796257e-05
