Vmax,Rmax,R34,fcor
18.004,46.3,87.97,3.6022833e-05
19.0328,46.3,100.934006,3.651572e-05
20.576,46.3,81.025,3.700857e-05
21.604801,46.3,108.033325,3.7273334e-05
23.148,46.3,123.46667,3.7500762e-05
25.720001,46.3,125.936,3.792486e-05
28.292,46.3,125.009995,3.8238195e-05
29.3208,46.3,124.547,3.8188988e-05
30.864,46.3,125.009995,3.7992504e-05
30.864,46.3,122.231995,3.785116e-05
30.864,46.3,120.380005,3.7746686e-05
30.864,37.04,114.361,3.7728263e-05
30.864,27.78,108.80499,3.7746686e-05
31.8928,27.78,116.213005,3.7746653e-05
33.436,27.78,125.009995,3.7746686e-05
33.436,27.78,122.232,3.7709815e-05
33.436,27.78,120.380005,3.7746686e-05
33.436,31.484,127.788,3.7973896e-05
33.436,37.04,136.58499,3.8238195e-05
34.4648,31.484,130.103,3.8379425e-05
36.008,27.78,125.009995,3.8483773e-05
34.4648,27.78,131.492,3.858797e-05
33.436,27.78,138.9,3.872924e-05
34.4648,22.223999,148.16,3.891897e-05
36.008,18.52,157.42,3.9219805e-05
37.0368,22.223999,166.217,3.9617462e-05
38.58,27.78,175.94,4.0199502e-05
39.6088,18.52,175.477,4.0908253e-05
41.152,9.26,175.94,4.1909232e-05
43.724,9.26,189.367,4.328642e-05
