Vmax,Rmax,R34,fcor
18.004,74.08,129.64001,4.3126656e-05
18.004,74.08,130.103,4.2530803e-05
18.004,74.08,131.955,4.1909232e-05
19.0328,68.524,129.177,4.1231975e-05
20.0616,64.82,127.325005,4.0444127e-05
21.604801,50.004,128.251,3.9446706e-05
23.148,37.04,129.64,3.8483773e-05
23.148,50.004,110.657,3.7722097e-05
23.148,64.82,92.6,3.7254722e-05
24.6912,55.56,101.86,3.716235e-05
26.2344,46.3,111.119995,3.7254722e-05
26.7488,50.004,165.291,3.723619e-05
27.7776,55.56,219.92502,3.7254722e-05
27.7776,55.56,200.479,3.7383616e-05
27.7776,55.56,182.885,3.7500762e-05
29.835201,55.56,169.921,3.7494006e-05
31.8928,55.56,157.42,3.742478e-05
33.9504,46.3,183.811,3.73341e-05
36.008,37.04,210.665,3.7254722e-05
36.008,37.04,198.627,3.716834e-05
36.008,37.04,187.51498,3.7254722e-05
37.0368,29.632,187.51498,3.7746562e-05
38.0656,22.223999,187.51498,3.8238195e-05
40.6376,24.076,231.5,3.8256425e-05
43.209602,25.928,275.485,3.8238195e-05
44.2384,24.076,279.189,3.8624974e-05
45.7816,22.223999,284.745,3.897458e-05
44.2384,22.223999,288.912,3.8813032e-05
43.209602,22.223999,294.005,3.872924e-05
45.2672,22.223999,294.005,3.9234365e-05
47.8392,22.223999,294.005,3.995476e-05
51.9544,22.223999,306.506,4.0397324e-05
56.0696,22.223999,319.47,4.1177245e-05
57.6128,14.816,315.303,4.2794018e-05
59.156002,9.26,312.525,4.458322e-05
