Vmax,Rmax,R34,fcor
20.576,74.08,78.71,2.9574905e-05
20.576,74.08,78.71,2.9680776e-05
20.576,74.08,78.71,2.9824112e-05
20.576,74.08,78.71,3.005446e-05
20.576,74.08,78.71,3.0322259e-05
20.576,68.524,85.192,3.062727e-05
20.576,64.82,92.600006,3.0820032e-05
20.576,64.82,106.953,3.0732954e-05
20.576,64.82,122.69499,3.0571195e-05
21.604801,64.82,114.36101,3.0533756e-05
23.148,64.82,106.490005,3.0571195e-05
23.148,64.82,106.490005,3.0676947e-05
23.148,64.82,106.490005,3.0820032e-05
23.148,64.82,124.547005,3.0969848e-05
23.148,64.82,143.53,3.1068776e-05
23.148,64.82,143.53,3.1068776e-05
23.148,64.82,143.53,3.0820032e-05
23.148,64.82,143.53,3.0322259e-05
25.720001,64.82,143.53,3.0073232e-05
28.292,64.82,143.53,3.0322259e-05
28.292,55.56,143.53,2.9824112e-05
29.3208,55.56,150.012,2.9623012e-05
30.864,55.56,157.42,2.9574905e-05
31.8928,55.56,157.42,2.9450248e-05
33.436,55.56,157.42,2.9325609e-05
33.436,55.56,164.36499,2.9200908e-05
33.436,55.56,171.31,2.9076216e-05
33.436,55.56,171.31,2.8932729e-05
33.436,55.56,171.31,2.882674e-05
34.4648,46.3,178.25499,2.880788e-05
36.008,37.04,185.2,2.882674e-05
37.0368,37.04,188.90399,2.884537e-05
38.58,37.04,194.45999,2.882674e-05
39.6088,37.04,194.45999,2.8664526e-05
41.152,37.04,194.45999,2.857718e-05
43.724,37.04,205.572,2.8770512e-05
46.296,37.04,217.61,2.9076216e-05
47.3248,37.04,217.61,2.9288058e-05
48.868,37.04,217.61,2.9574905e-05
51.440002,37.04,217.61,3.0035622e-05
54.012,37.04,217.61,3.0571195e-05
57.6128,27.78,226.407,3.108751e-05
61.728,18.52,236.13,3.156599e-05
