Vmax,Rmax,R34,fcor
18.004,64.82,101.85999,2.707799e-05
19.0328,55.56,101.24267,2.7614606e-05
20.576,46.3,111.12,2.807779e-05
23.148,46.3,125.47301,2.8857592e-05
25.720001,46.3,141.215,2.9824112e-05
28.292,40.744,145.38199,3.0906933e-05
30.864,37.04,150.475,3.206281e-05
33.436,40.744,147.23401,3.3290875e-05
36.008,46.3,145.845,3.4293596e-05
41.152,29.632,156.031,3.475687e-05
46.296,12.964,166.68,3.5035337e-05
51.440002,11.1119995,166.68,3.5510824e-05
56.584,9.26,166.68,3.6022833e-05
57.6128,9.26,171.77301,3.651595e-05
59.156002,9.26,178.255,3.700857e-05
55.040802,9.26,181.03299,3.7537542e-05
51.440002,9.26,185.20001,3.7992504e-05
49.8968,9.26,175.47699,3.8275033e-05
48.868,9.26,166.68001,3.8483773e-05
51.440002,9.26,201.868,3.8766004e-05
54.012,9.26,238.445,3.897458e-05
57.6128,9.26,197.23799,3.902982e-05
61.728,9.26,157.42,3.897458e-05
62.7568,9.26,150.475,3.8814796e-05
64.3,9.26,143.53,3.872924e-05
62.7568,14.816,163.90201,3.8919377e-05
61.728,22.223999,185.2,3.9219805e-05
67.9008,22.223999,200.94202,3.9350212e-05
