Vmax,Rmax,R34,fcor
18.004,55.56,60.190002,2.6327272e-05
20.576,50.004,106.953,2.6396097e-05
23.148,46.3,155.105,2.6577594e-05
23.148,46.3,152.327,2.6934193e-05
23.148,46.3,150.475,2.7328068e-05
24.1768,46.3,160.198,2.7615497e-05
25.720001,46.3,171.31,2.7827968e-05
25.720001,46.3,166.217,2.7952668e-05
25.720001,46.3,162.05,2.807779e-05
25.720001,46.3,161.587,2.832773e-05
25.720001,46.3,162.04999,2.857718e-05
26.7488,46.3,162.04999,2.8701901e-05
28.292,46.3,162.04999,2.882674e-05
26.7488,46.3,154.179,2.9038636e-05
25.720001,46.3,148.16,2.9325609e-05
25.720001,46.3,150.012,2.962476e-05
25.720001,46.3,152.79001,3.0073232e-05
24.1768,46.3,152.79001,3.0726413e-05
23.148,46.3,152.79001,3.156599e-05
23.148,46.3,140.752,3.2503296e-05
23.148,46.3,129.64,3.3550914e-05
23.148,46.3,125.936,3.4646055e-05
23.148,46.3,122.69501,3.577612e-05
23.148,46.3,128.251,3.6921367e-05
23.148,46.3,134.26999,3.7992504e-05
23.148,46.3,125.936005,3.892572e-05
23.148,46.3,118.064995,3.9709896e-05
25.720001,37.04,122.232,4.0303985e-05
28.292,27.78,127.325,4.093299e-05
28.292,46.3,142.604,4.192644e-05
28.292,64.82,159.73499,4.288343e-05
26.7488,64.82,154.642,4.335128e-05
25.720001,64.82,138.9,4.385554e-05
24.1768,74.08,138.9,4.4909913e-05
23.148,83.34,138.9,4.6034886e-05
23.148,83.34,151.864,4.6813602e-05
23.148,83.34,152.79,4.748151e-05
25.720001,83.34,171.773,4.823848e-05
28.292,83.34,192.14499,4.892293e-05
29.3208,64.82,223.629,4.9456132e-05
30.864,46.3,256.965,4.9880902e-05
30.864,40.744,231.03699,5.025729e-05
30.864,37.04,206.035,5.059779e-05
29.3208,37.04,168.532,5.0955725e-05
28.292,37.04,131.955,5.131329e-05
29.3208,37.04,132.881,5.159884e-05
30.864,37.04,134.27,5.2027382e-05
31.8928,37.04,148.623,5.271636e-05
33.436,37.04,164.36499,5.3688025e-05
33.436,37.04,169.921,5.484565e-05
33.436,37.04,175.94,5.6281307e-05
33.436,40.744,169.921,5.7896337e-05
33.436,46.3,164.36499,5.9784e-05
