Vmax,Rmax,R34,fcor
20.0616,37.04,60.19,2.8327528e-05
20.0616,37.04,60.19,2.7840477e-05
20.0616,37.04,60.19,2.7328068e-05
21.604801,37.04,85.192,2.6821572e-05
23.148,37.04,111.119995,2.6577594e-05
23.148,37.04,119.917,2.684041e-05
23.148,37.04,129.64,2.7328068e-05
23.148,37.04,116.213,2.7740498e-05
23.148,37.04,104.174995,2.807779e-05
24.6912,31.484,107.41599,2.8164925e-05
26.2344,25.928,111.119995,2.8327528e-05
26.7488,25.928,120.842995,2.8858363e-05
27.7776,25.928,131.955,2.9574905e-05
27.7776,25.928,133.807,3.037794e-05
27.7776,25.928,136.58499,3.1068776e-05
27.7776,25.928,136.58499,3.1242995e-05
27.7776,25.928,136.58499,3.156599e-05
27.7776,31.484,143.067,3.256531e-05
27.7776,37.04,150.938,3.404614e-05
26.7488,31.484,158.809,3.6010435e-05
26.2344,25.928,167.143,3.7746686e-05
26.2344,31.484,168.99501,3.842233e-05
26.2344,37.04,171.31,3.872924e-05
26.2344,37.04,163.902,3.937908e-05
26.2344,37.04,157.42,3.995476e-05
29.3208,37.04,162.513,4.0236224e-05
32.9216,37.04,168.995,4.0444127e-05
32.9216,40.744,174.551,4.07924e-05
32.9216,46.3,180.57,4.1177245e-05
