Vmax,Rmax,R34,fcor
18.004,74.08,131.955,4.1177245e-05
20.576,74.08,125.936005,4.1635314e-05
23.148,74.08,120.38,4.1909232e-05
24.6912,55.56,115.74999,4.1878455e-05
26.2344,37.04,111.119995,4.1665367e-05
36.008,22.223999,112.972,4.1421546e-05
45.7816,9.26,115.75,4.1177245e-05
52.4688,9.26,122.23201,4.1054594e-05
59.156002,9.26,129.64,4.093299e-05
60.1848,9.26,129.64,4.068871e-05
61.2136,9.26,129.64,4.0444127e-05
61.2136,9.26,133.807,4.0248193e-05
61.2136,11.1119995,138.9,4.0199502e-05
62.2424,9.26,121.306,4.0444134e-05
63.7856,9.26,104.175,4.0688625e-05
62.2424,9.26,104.175,4.051099e-05
61.2136,9.26,104.174995,4.0444127e-05
61.2136,9.26,162.976,4.100085e-05
61.2136,9.26,222.24,4.1665367e-05
60.1848,14.816,208.34999,4.1982166e-05
59.156002,22.223999,194.46,4.2152973e-05
59.156002,14.816,197.701,4.227446e-05
59.156002,9.26,201.40501,4.239659e-05
56.584,9.26,186.126,4.260494e-05
54.012,9.26,171.31,4.288343e-05
52.4688,22.223999,156.031,4.3192882e-05
50.925602,37.04,141.21501,4.3612705e-05
50.925602,22.223999,141.21501,4.4219774e-05
50.925602,9.26,141.21501,4.4825505e-05
45.7816,9.26,129.17699,4.5242992e-05
41.152,9.26,118.065,4.5551555e-05
39.6088,9.26,110.657,4.579326e-05
38.0656,9.26,104.175,4.6034886e-05
35.4936,27.78,104.175,4.6469235e-05
32.9216,46.3,104.175,4.675884e-05
32.9216,40.744,107.416,4.6590085e-05
32.9216,37.04,111.12,4.627635e-05
34.4648,22.223999,111.12,4.6137557e-05
36.008,9.26,111.12,4.6034886e-05
37.0368,9.26,111.119995,4.5968063e-05
38.0656,9.26,111.12,4.5793287e-05
40.6376,9.26,112.046,4.532793e-05
43.209602,9.26,113.435,4.4825505e-05
45.2672,14.816,119.91699,4.4546614e-05
47.8392,22.223999,127.325,4.4340795e-05
53.4976,14.816,125.936,4.406178e-05
59.156002,9.26,125.009995,4.385554e-05
