Vmax,Rmax,R34,fcor
18.004,129.64,134.27,3.454095e-05
18.004,129.64,146.771,3.519586e-05
18.004,129.64,159.73499,3.6022833e-05
19.0328,111.12,169.76666,3.7082445e-05
20.0616,92.6,163.59334,3.7992504e-05
21.604801,92.6,163.59334,3.833064e-05
23.148,92.6,143.53,3.8483773e-05
23.148,68.524,135.196,3.887029e-05
23.148,46.3,127.325,3.9219805e-05
25.2056,50.004,145.382,3.9379007e-05
27.7776,55.56,164.365,3.9464914e-05
29.3208,55.56,156.957,3.9605966e-05
30.864,55.56,150.475,3.9709896e-05
31.8928,46.3,154.642,3.9764942e-05
32.9216,37.04,159.735,3.9709896e-05
32.9216,37.04,159.735,3.950156e-05
32.9216,37.04,159.735,3.9219805e-05
34.4648,37.04,189.367,3.9011626e-05
36.008,37.04,219.92499,3.872924e-05
39.6088,29.632,214.832,3.8219514e-05
43.209602,22.223999,210.66501,3.7746686e-05
48.3536,22.223999,213.443,3.7568712e-05
54.012,22.223999,217.60999,3.7500762e-05
55.040802,22.223999,206.498,3.7377555e-05
56.0696,22.223999,196.77501,3.7254722e-05
62.2424,24.076,196.77501,3.713152e-05
68.9296,25.928,196.77501,3.700857e-05
