Vmax,Rmax,R34,fcor
18.004,148.16,122.69499,2.1556822e-05
18.004,138.9,119.917,2.2116787e-05
18.004,129.64,118.064995,2.2563274e-05
18.004,111.12,95.378006,2.2638762e-05
18.004,92.6,74.08,2.2563274e-05
20.576,92.6,94.91499,2.2566788e-05
23.148,92.6,115.75,2.2563274e-05
23.6624,68.524,143.067,2.2535944e-05
24.6912,46.3,171.31,2.2515807e-05
25.2056,46.3,162.976,2.251704e-05
26.2344,46.3,155.105,2.2563274e-05
26.7488,46.3,168.069,2.2768078e-05
27.7776,46.3,182.885,2.2814716e-05
30.3496,37.04,181.496,2.227391e-05
33.436,27.78,180.57,2.1808535e-05
36.008,27.78,186.58899,2.207259e-05
38.58,27.78,194.46,2.2563274e-05
39.6088,31.484,194.46,2.2795972e-05
41.152,37.04,194.46,2.306609e-05
44.7528,37.04,216.221,2.351193e-05
48.868,37.04,238.445,2.4070872e-05
54.012,24.076,250.01999,2.4641571e-05
59.156002,12.964,261.595,2.53252e-05
60.1848,11.1119995,261.132,2.6183361e-05
61.728,9.26,261.595,2.707799e-05
66.872,9.26,278.263,2.7827624e-05
72.016,9.26,296.32,2.857718e-05
75.6168,9.26,298.172,2.9450326e-05
79.732,9.26,300.95,3.0322259e-05
