Vmax,Rmax,R34,fcor
20.576,74.08,101.86,1.8026287e-05
21.604801,64.82,101.86,1.7849283e-05
23.148,55.56,101.86,1.7520999e-05
23.148,55.56,107.879005,1.7249644e-05
23.148,55.56,115.75,1.7015493e-05
29.3208,55.56,133.807,1.6850568e-05
36.008,55.56,152.79,1.6762664e-05
36.008,55.56,152.79,1.6724493e-05
36.008,55.56,152.79,1.6762664e-05
36.008,50.004,159.272,1.681321e-05
36.008,46.3,166.68,1.7015493e-05
36.008,46.3,151.864,1.7444849e-05
36.008,46.3,138.9,1.8026287e-05
37.0368,46.3,150.012,1.8657172e-05
38.58,46.3,162.04999,1.9288536e-05
42.1808,46.3,191.68199,1.9811845e-05
46.296,46.3,222.24,2.0297284e-05
48.868,37.04,222.24,2.0800888e-05
51.440002,27.78,222.24,2.130504e-05
51.440002,27.78,212.98001,2.1751828e-05
51.440002,27.78,203.72,2.231176e-05
51.440002,27.78,226.87,2.3134347e-05
51.440002,27.78,250.01999,2.4070872e-05
51.440002,27.78,254.65001,2.5024612e-05
51.440002,27.78,259.28,2.5826394e-05
52.4688,22.223999,254.65,2.6257765e-05
54.012,18.52,250.01999,2.6577594e-05
56.584,31.484,259.28,2.7059647e-05
59.156002,46.3,268.53998,2.7578055e-05
59.156002,46.3,268.53998,2.8020952e-05
59.156002,46.3,268.53998,2.857718e-05
60.1848,46.3,268.53998,2.9431652e-05
61.728,46.3,268.53998,3.0322259e-05
62.7568,46.3,268.53998,3.096292e-05
64.3,46.3,268.53998,3.156599e-05
65.328804,46.3,273.16998,3.2292377e-05
66.872,46.3,277.8,3.305528e-05
