Vmax,Rmax,R34,fcor
18.004,83.34,91.673996,1.1619912e-05
20.576,83.34,185.2,1.1696372e-05
21.604801,83.34,199.553,1.1766238e-05
23.148,83.34,215.295,1.19500755e-05
24.1768,77.784,201.868,1.22922465e-05
25.720001,74.08,189.82999,1.2710968e-05
26.7488,64.82,209.276,1.3053136e-05
28.292,55.56,229.185,1.3471513e-05
29.3208,55.56,237.982,1.40860775e-05
30.864,55.56,247.705,1.4738254e-05
31.8928,50.004,231.03699,1.5263418e-05
33.436,46.3,215.295,1.5750842e-05
36.008,46.3,218.536,1.6237758e-05
38.58,46.3,222.23999,1.6762664e-05
39.6088,50.004,213.90599,1.735665e-05
41.152,55.56,206.035,1.8026287e-05
41.152,55.56,235.66699,1.8764735e-05
41.152,55.56,266.22498,1.9540814e-05
42.1808,55.56,264.836,2.0259351e-05
43.724,55.56,263.90997,2.1053198e-05
44.7528,55.56,263.447,2.2022281e-05
46.296,55.56,263.91,2.306609e-05
47.3248,40.744,264.373,2.4165034e-05
48.868,27.78,266.225,2.5074483e-05
49.8968,24.076,260.669,2.550689e-05
51.440002,22.223999,256.965,2.5826394e-05
52.4688,24.076,257.428,2.6377029e-05
54.012,27.78,259.28,2.707799e-05
56.584,24.076,267.151,2.7906068e-05
59.156002,22.223999,275.48502,2.882674e-05
