Vmax,Rmax,R34,fcor
20.576,55.56,74.08,2.130504e-05
21.604801,55.56,77.784,2.1915306e-05
23.148,55.56,83.34,2.2563274e-05
25.720001,40.744,101.86,2.3084947e-05
28.292,27.78,120.38,2.3568628e-05
28.292,22.223999,120.38,2.4089655e-05
28.292,18.52,120.38,2.4572832e-05
29.3208,18.52,152.79001,2.4930105e-05
30.864,18.52,185.20001,2.53252e-05
34.4648,22.223999,189.83,2.5914e-05
38.58,27.78,194.46,2.6577594e-05
38.58,27.78,199.09001,2.72027e-05
38.58,27.78,203.72,2.7827968e-05
38.58,27.78,196.31201,2.843364e-05
38.58,27.78,189.83,2.9076216e-05
38.58,27.78,191.682,2.9842717e-05
38.58,27.78,194.45999,3.0571195e-05
36.008,27.78,144.919,3.1124448e-05
33.436,27.78,97.229996,3.156599e-05
33.436,27.78,98.15599,3.197565e-05
33.436,27.78,99.545,3.231108e-05
36.008,22.223999,117.602,3.2633474e-05
38.58,18.52,136.58499,3.280731e-05
41.152,18.52,153.716,3.2701806e-05
43.724,18.52,171.31,3.2559245e-05
43.724,18.52,171.31,3.257136e-05
43.724,18.52,171.31,3.280731e-05
41.152,22.223999,166.68,3.338967e-05
38.58,27.78,162.05,3.404614e-05
38.58,22.223999,168.995,3.4491655e-05
38.58,18.52,175.94,3.47882e-05
39.6088,18.52,173.16199,3.498562e-05
41.152,18.52,171.31,3.5035337e-05
41.152,22.223999,173.16202,3.4948727e-05
41.152,27.78,175.94,3.47882e-05
43.724,27.78,179.644,3.4608664e-05
46.296,27.78,185.20001,3.454095e-05
48.868,18.52,196.31201,3.4769913e-05
51.440002,9.26,208.35,3.5035337e-05
55.040802,12.964,217.61,3.509066e-05
59.156002,18.52,226.87,3.5035337e-05
60.1848,18.52,234.741,3.483764e-05
61.728,18.52,243.075,3.47882e-05
