Vmax,Rmax,R34,fcor
18.004,92.6,185.20001,1.3724946e-05
19.0328,92.6,185.20001,1.5080007e-05
20.576,92.6,185.20001,1.6509784e-05
20.576,92.6,185.20001,1.7868473e-05
20.576,92.6,185.20001,1.9036203e-05
20.576,92.6,185.20001,1.9887504e-05
20.576,92.6,185.20001,2.0549318e-05
20.576,83.34,176.866,2.1197937e-05
20.576,74.08,168.995,2.1808535e-05
20.576,74.08,168.995,2.243739e-05
20.576,74.08,168.995,2.306609e-05
20.576,74.08,168.995,2.3713e-05
20.576,74.08,168.995,2.432189e-05
20.576,74.08,168.995,2.4880008e-05
20.576,74.08,168.995,2.53252e-05
23.148,77.784,168.995,2.5650812e-05
25.720001,83.34,168.995,2.5826394e-05
26.7488,77.784,164.828,2.5863888e-05
28.292,74.08,162.05,2.5826394e-05
28.292,64.82,162.05,2.5826239e-05
28.292,55.56,162.05,2.5826394e-05
28.292,55.56,162.05,2.5845029e-05
28.292,55.56,162.05,2.5826394e-05
30.864,55.56,184.737,2.570097e-05
33.436,55.56,208.35,2.5575835e-05
33.436,55.56,208.35,2.5538091e-05
33.436,55.56,208.35,2.5575835e-05
33.436,55.56,208.35,2.5701047e-05
33.436,55.56,208.35,2.5826394e-05
36.008,55.56,208.35,2.58262e-05
38.58,55.56,208.35,2.5826394e-05
38.58,55.56,208.35,2.5932664e-05
38.58,55.56,208.35,2.6076874e-05
42.1808,59.264,208.35,2.6183145e-05
46.296,64.82,208.35,2.6327272e-05
48.868,64.82,208.35,2.657739e-05
51.440002,64.82,208.35,2.6827835e-05
54.012,64.82,208.35,2.6915046e-05
56.584,64.82,208.35,2.707799e-05
59.156002,64.82,210.202,2.754033e-05
61.728,64.82,212.98,2.807779e-05
62.7568,50.004,231.5,2.8433358e-05
64.3,37.04,250.01999,2.882674e-05
64.3,31.484,247.70499,2.9431012e-05
64.3,27.78,245.39001,3.0073232e-05
64.3,27.78,245.39001,3.0608455e-05
64.3,27.78,245.39001,3.1068776e-05
65.328804,31.484,245.39001,3.1441057e-05
66.872,37.04,245.39001,3.1814445e-05
