Vmax,Rmax,R34,fcor
25.720001,55.56,50.93,3.6022833e-05
26.7488,40.744,56.486,3.591733e-05
28.292,27.78,62.505,3.577612e-05
29.3208,31.484,67.598,3.589883e-05
30.864,37.04,74.08,3.6022833e-05
33.436,37.04,80.562004,3.5917798e-05
36.008,37.04,87.97,3.577612e-05
37.0368,27.78,90.74799,3.5738605e-05
38.58,18.52,94.91499,3.577612e-05
36.008,27.78,100.008,3.586198e-05
33.436,37.04,106.49,3.6022833e-05
31.8928,31.484,106.49,3.632455e-05
30.864,27.78,106.49,3.651592e-05
28.292,27.78,83.803,3.621321e-05
25.720001,27.78,62.505,3.6022833e-05
26.7488,22.223999,66.209,3.6473048e-05
28.292,18.52,71.765,3.7254722e-05
26.7488,27.78,72.691,3.8095994e-05
25.720001,37.04,74.08,3.897458e-05
25.720001,37.04,74.08,3.9837956e-05
25.720001,37.04,74.08,4.0444127e-05
26.7488,37.04,74.08,4.0517632e-05
28.292,37.04,74.08,4.0444127e-05
28.292,37.04,74.08,4.0669634e-05
28.292,37.04,74.08,4.093299e-05
29.3208,40.744,87.97,4.1036466e-05
30.864,46.3,101.86,4.1177245e-05
31.8928,46.3,101.86,4.1561467e-05
33.436,46.3,101.86,4.1909232e-05
34.4648,31.484,115.287,4.189087e-05
36.008,18.52,129.64,4.1909232e-05
37.0368,18.52,136.58499,4.230459e-05
38.58,18.52,143.53,4.288343e-05
