Vmax,Rmax,R34,fcor
20.576,74.08,83.34,2.2814716e-05
21.604801,68.524,92.6,2.3084936e-05
23.148,64.82,101.86,2.3317392e-05
23.148,64.82,103.712006,2.3568675e-05
23.148,64.82,106.490005,2.3819783e-05
23.148,64.82,106.490005,2.4014356e-05
23.148,64.82,106.490005,2.432189e-05
23.148,64.82,106.490005,2.4892684e-05
23.148,64.82,106.490005,2.5575835e-05
23.148,64.82,106.490005,2.6183303e-05
23.148,64.82,106.490005,2.6827835e-05
23.148,64.82,106.490005,2.7521819e-05
23.148,64.82,106.490005,2.8327528e-05
24.1768,64.82,106.490005,2.9269522e-05
25.720001,64.82,106.490005,3.0322259e-05
25.720001,64.82,106.490005,3.1404434e-05
25.720001,64.82,106.490005,3.2559245e-05
26.7488,55.56,130.103,3.376138e-05
28.292,46.3,155.105,3.5035337e-05
29.3208,46.3,155.105,3.6318714e-05
30.864,46.3,155.105,3.7746686e-05
30.864,46.3,155.105,3.9428214e-05
30.864,46.3,155.105,4.1177245e-05
31.8928,40.744,155.105,4.2753592e-05
33.436,37.04,155.105,4.4340795e-05
