Vmax,Rmax,R34,fcor
23.148,64.82,74.08,1.9288536e-05
25.720001,50.004,83.34,1.9345352e-05
28.292,37.04,92.59999,1.9288536e-05
29.3208,37.04,92.59999,1.9035988e-05
30.864,37.04,92.59999,1.8783807e-05
33.436,37.04,101.86,1.872692e-05
36.008,37.04,111.119995,1.8783807e-05
36.008,31.484,127.788,1.8871968e-05
36.008,27.78,145.845,1.9036203e-05
37.0368,27.78,142.14099,1.9250496e-05
38.58,27.78,138.9,1.9540814e-05
39.6088,27.78,138.9,1.9919029e-05
41.152,27.78,138.9,2.0297284e-05
42.1808,27.78,148.16,2.056796e-05
43.724,27.78,157.42,2.0801292e-05
44.7528,27.78,157.42,2.1034215e-05
46.296,27.78,157.42,2.130504e-05
47.3248,24.076,157.42,2.1663518e-05
48.868,22.223999,157.42,2.206018e-05
51.440002,22.223999,182.422,2.2418257e-05
54.012,22.223999,208.34999,2.2814716e-05
59.156002,20.372,205.57199,2.333616e-05
64.3,18.52,203.72,2.3819783e-05
65.328804,22.223999,203.72,2.407052e-05
66.872,27.78,203.72,2.432189e-05
67.9008,24.076,201.405,2.4823492e-05
69.444,22.223999,199.09,2.53252e-05
