Vmax,Rmax,R34,fcor
20.576,74.08,78.71,2.432189e-05
21.604801,68.524,87.97,2.457276e-05
23.148,64.82,97.229996,2.4823696e-05
24.1768,64.82,99.082,2.503669e-05
25.720001,64.82,101.86,2.53252e-05
26.7488,59.264,114.824005,2.5807558e-05
28.292,55.56,129.64,2.6327272e-05
28.292,55.56,133.344,2.6721462e-05
28.292,55.56,138.9,2.707799e-05
29.3208,55.56,145.38199,2.7453114e-05
30.864,55.56,152.79,2.7827968e-05
30.864,55.56,159.272,2.822107e-05
30.864,55.56,166.68,2.857718e-05
30.864,55.56,164.36499,2.884535e-05
30.864,55.56,162.04999,2.9076216e-05
31.8928,55.56,156.49399,2.9306864e-05
33.436,55.56,152.79,2.9574905e-05
33.436,55.56,152.79,2.9948336e-05
33.436,55.56,152.79,3.0322259e-05
33.436,55.56,153.71599,3.0627336e-05
33.436,55.56,155.105,3.0820032e-05
34.4648,55.56,165.291,3.0875857e-05
36.008,55.56,175.94,3.0820032e-05
38.58,46.3,182.422,3.0676903e-05
41.152,37.04,189.82999,3.0571195e-05
43.724,37.04,196.312,3.0583553e-05
46.296,37.04,203.72,3.0820032e-05
49.8968,37.04,203.72,3.136706e-05
54.012,37.04,203.72,3.206281e-05
56.584,40.744,207.42401,3.2664633e-05
59.156002,46.3,212.98001,3.330315e-05
60.1848,40.744,212.98,3.3971726e-05
61.728,37.04,212.98001,3.47882e-05
62.7568,37.04,232.426,3.5844074e-05
64.3,37.04,252.335,3.700857e-05
