Vmax,Rmax,R34,fcor
18.004,83.34,97.229996,1.9540814e-05
20.576,55.56,115.75,1.9919113e-05
23.148,27.78,134.26999,2.0297284e-05
25.720001,31.484,134.26999,2.0782401e-05
28.292,37.04,134.26999,2.130504e-05
28.292,37.04,134.26999,2.1770757e-05
28.292,37.04,134.26999,2.231176e-05
28.292,37.04,134.26999,2.2971875e-05
28.292,37.04,134.26999,2.3819783e-05
28.292,37.04,140.752,2.4911507e-05
28.292,37.04,148.16,2.6076874e-05
29.3208,37.04,162.04999,2.7115464e-05
30.864,37.04,175.94,2.807779e-05
31.8928,37.04,175.94,2.8951485e-05
33.436,37.04,175.94,2.9824112e-05
33.436,37.04,182.885,3.0820025e-05
33.436,37.04,189.83,3.1814445e-05
33.436,37.04,189.83,3.2664688e-05
33.436,37.04,189.83,3.3550914e-05
33.436,37.04,178.25499,3.4664583e-05
33.436,37.04,166.68001,3.577612e-05
38.58,37.04,189.83002,3.667608e-05
43.724,37.04,212.98,3.7500762e-05
46.296,37.04,212.98,3.834256e-05
48.868,37.04,212.98,3.9219805e-05
51.440002,37.04,212.98,4.0162846e-05
54.012,37.04,212.98,4.1177245e-05
