Vmax,Rmax,R34,fcor
18.004,74.08,67.135,2.4415658e-05
20.576,74.08,134.27,2.53252e-05
23.148,59.264,139.363,2.6239493e-05
25.720001,46.3,145.845,2.707799e-05
26.7488,50.004,169.45801,2.7846456e-05
28.292,55.56,194.45999,2.857718e-05
28.292,50.004,200.942,2.9362516e-05
28.292,46.3,208.35,3.0073232e-05
29.3208,46.3,217.61,3.055246e-05
30.864,46.3,226.87,3.1068776e-05
31.8928,46.3,226.87,3.1882373e-05
33.436,46.3,226.87,3.280731e-05
34.4648,40.744,234.741,3.356313e-05
36.008,37.04,243.07501,3.454095e-05
37.0368,37.04,249.55698,3.6053276e-05
38.58,37.04,256.965,3.7746686e-05
39.6088,37.04,263.44702,3.9219427e-05
41.152,37.04,270.85498,4.0688625e-05
43.724,37.04,270.85498,4.2274456e-05
46.296,37.04,270.85498,4.385554e-05
48.868,37.04,270.85498,4.5345325e-05
51.440002,37.04,270.85498,4.675884e-05
55.040802,55.56,275.022,4.8065325e-05
59.156002,74.08,280.115,4.9402213e-05
