Vmax,Rmax,R34,fcor
23.148,74.08,41.67,2.6577594e-05
23.148,68.524,48.152,2.7046483e-05
23.148,64.82,55.559998,2.7328068e-05
24.1768,64.82,63.431,2.750917e-05
25.720001,64.82,71.765,2.7578055e-05
28.292,46.3,79.173,2.7633941e-05
30.864,27.78,87.97,2.7578055e-05
31.8928,37.04,99.082,2.7346518e-05
33.436,46.3,111.119995,2.707799e-05
34.4648,40.744,111.119995,2.6952992e-05
36.008,37.04,111.119995,2.6827835e-05
37.0368,37.04,118.991,2.6595899e-05
38.58,37.04,127.325,2.6327272e-05
41.152,37.04,136.58499,2.5945576e-05
43.724,37.04,145.845,2.5826394e-05
43.724,37.04,149.086,2.6307172e-05
43.724,37.04,152.79001,2.707799e-05
46.296,40.744,152.79001,2.7827968e-05
46.296,46.3,152.79001,2.857718e-05
48.868,40.744,153.716,2.9257615e-05
51.440002,37.04,155.105,3.0073232e-05
51.440002,37.04,166.217,3.1224045e-05
51.440002,37.04,178.255,3.2559245e-05
56.584,31.484,176.866,3.3922297e-05
61.728,27.78,175.94,3.5282377e-05
62.7568,27.78,179.644,3.6497688e-05
64.3,27.78,185.20001,3.7746686e-05
