Vmax,Rmax,R34,fcor
25.720001,27.78,74.08,5.5576067e-05
29.3208,27.78,90.284996,5.4887114e-05
33.436,27.78,106.490005,5.4161024e-05
34.4648,22.223999,143.53,5.3450236e-05
36.008,18.52,180.57,5.2740055e-05
37.0368,22.223999,180.57,5.202655e-05
38.58,27.78,180.57,5.131329e-05
38.58,31.484,185.2,5.052516e-05
38.58,37.04,189.83,4.9880902e-05
41.152,37.04,187.515,4.9587128e-05
43.724,37.04,185.2,4.9402213e-05
44.7528,27.78,180.57,4.9023347e-05
46.296,18.52,175.94,4.868306e-05
46.296,18.52,172.23601,4.854489e-05
46.296,18.52,168.995,4.844305e-05
48.868,22.223999,176.866,4.8165355e-05
51.440002,27.78,185.2,4.796257e-05
55.040802,27.78,194.46,4.8009813e-05
59.156002,27.78,203.72,4.8202877e-05
60.1848,22.223999,203.72,4.838806e-05
61.728,18.52,203.72,4.868306e-05
64.3,22.223999,203.72,4.9126178e-05
66.872,27.78,203.72,4.9641636e-05
67.9008,31.484,226.87,5.0119346e-05
69.444,37.04,250.01999,5.059779e-05
