Vmax,Rmax,R34,fcor
23.148,55.56,92.59999,2.432189e-05
23.148,55.56,92.59999,2.4177412e-05
23.148,55.56,92.59999,2.4070872e-05
23.148,55.56,95.378006,2.4052133e-05
23.148,55.56,99.545,2.4070872e-05
24.1768,55.56,99.545,2.4089688e-05
25.720001,55.56,99.545,2.4070872e-05
26.7488,37.04,99.545,2.394529e-05
28.292,18.52,99.545,2.3819783e-05
28.292,18.52,99.545,2.381976e-05
28.292,18.52,99.545,2.3819783e-05
29.3208,18.52,108.80499,2.3694161e-05
30.864,18.52,118.065,2.3568628e-05
31.8928,18.52,113.898,2.354981e-05
33.436,18.52,111.119995,2.3568628e-05
33.436,18.52,96.304,2.3530762e-05
33.436,18.52,83.34,2.3568628e-05
36.008,18.52,109.731,2.3763398e-05
38.58,18.52,136.58499,2.4070872e-05
39.6088,18.52,118.991,2.4409455e-05
41.152,18.52,101.86,2.4823696e-05
42.1808,18.52,118.991,2.5287589e-05
43.724,18.52,136.58499,2.5826394e-05
44.7528,18.52,145.845,2.641448e-05
46.296,18.52,155.10501,2.707799e-05
47.3248,20.372,170.847,2.7865755e-05
48.868,22.223999,187.51501,2.857718e-05
49.8968,16.668,168.069,2.900707e-05
51.440002,12.964,150.475,2.9325609e-05
51.440002,12.964,172.23601,2.968071e-05
51.440002,12.964,194.45999,3.0073232e-05
51.440002,12.964,194.45999,3.0552397e-05
51.440002,12.964,194.45999,3.1068776e-05
51.440002,14.816,205.57199,3.1528005e-05
51.440002,18.52,217.61,3.206281e-05
52.4688,20.372,210.202,3.280791e-05
54.012,22.223999,203.72,3.3550914e-05
54.012,22.223999,203.72,3.4045475e-05
54.012,22.223999,203.72,3.454095e-05
54.012,22.223999,204.646,3.524502e-05
54.012,22.223999,206.035,3.6022833e-05
54.012,20.372,204.646,3.678094e-05
54.012,18.52,203.72,3.7500762e-05
57.6128,20.372,171.31,3.8096583e-05
61.728,22.223999,138.90001,3.872924e-05
65.328804,24.076,173.16199,3.951375e-05
69.444,27.78,208.35,4.0444127e-05
