Vmax,Rmax,R34,fcor
23.148,74.08,127.325,1.9540814e-05
21.604801,74.08,112.972,2.0820187e-05
20.576,74.08,99.545006,2.206018e-05
20.576,74.08,99.545006,2.3034658e-05
20.576,74.08,99.545006,2.3819783e-05
20.576,74.08,99.545006,2.4541365e-05
20.576,74.08,99.545006,2.5074483e-05
20.576,74.08,103.249,2.5419393e-05
20.576,74.08,108.805,2.5575835e-05
20.576,74.08,108.805,2.5613228e-05
20.576,74.08,108.805,2.5575835e-05
20.576,74.08,100.934006,2.5594738e-05
20.576,74.08,94.91499,2.5575835e-05
21.604801,74.08,94.91499,2.5488102e-05
23.148,74.08,94.91499,2.53252e-05
23.148,74.08,100.471,2.5036823e-05
23.148,74.08,106.49,2.4823696e-05
25.720001,74.08,108.805,2.4873614e-05
28.292,74.08,111.12,2.5074483e-05
30.864,50.004,124.547,2.5306428e-05
33.436,27.78,138.9,2.5575835e-05
37.0368,27.78,146.771,2.5807358e-05
41.152,27.78,155.10501,2.6076874e-05
42.1808,22.223999,173.625,2.6415184e-05
43.724,18.52,192.145,2.6827835e-05
44.7528,31.484,192.145,2.7270922e-05
46.296,46.3,192.145,2.7827968e-05
46.296,46.3,192.145,2.8577677e-05
46.296,46.3,192.145,2.9325609e-05
44.7528,40.744,192.145,2.9860636e-05
43.724,37.04,192.145,3.0322259e-05
43.724,37.04,192.145,3.083878e-05
43.724,37.04,192.145,3.131743e-05
43.724,37.04,192.145,3.1670792e-05
43.724,37.04,192.145,3.206281e-05
44.7528,31.484,186.126,3.2664768e-05
46.296,27.78,180.56999,3.330315e-05
47.3248,31.484,186.126,3.3798133e-05
48.868,37.04,192.145,3.4293596e-05
49.8968,27.78,203.25699,3.487415e-05
51.440002,18.52,215.295,3.5529305e-05
54.012,24.076,200.94199,3.626912e-05
56.584,31.484,187.515,3.700857e-05
59.156002,31.484,217.147,3.7605216e-05
61.728,31.484,247.70502,3.8238195e-05
65.328804,31.484,213.44301,3.907846e-05
69.444,31.484,180.56999,3.995476e-05
