Vmax,Rmax,R34,fcor
20.576,83.34,106.490005,5.1074945e-05
21.604801,83.34,106.490005,5.2134033e-05
23.148,83.34,106.490005,5.2977284e-05
23.148,83.34,109.268,5.3504096e-05
23.148,83.34,113.435,5.392461e-05
25.720001,59.264,101.397,5.447984e-05
28.292,37.04,90.284996,5.510506e-05
29.3208,37.04,90.284996,5.5810742e-05
30.864,37.04,90.284996,5.6516048e-05
33.436,37.04,95.378006,5.7119636e-05
36.008,37.04,101.86,5.768715e-05
38.58,37.04,111.119995,5.8252957e-05
41.152,37.04,120.380005,5.8853857e-05
43.724,37.04,125.473,5.9499554e-05
46.296,37.04,131.955,6.0247978e-05
47.3248,37.04,164.828,6.110411e-05
48.868,37.04,199.09,6.20965e-05
48.868,37.04,160.198,6.3193635e-05
48.868,37.04,122.695,6.43901e-05
49.3824,33.336,126.86201,6.517047e-05
49.8968,31.484,129.177,6.557428e-05
51.440002,27.78,136.58499,6.689037e-05
51.440002,27.78,142.14099,6.8368216e-05
51.440002,27.78,148.16,7.003676e-05
