Vmax,Rmax,R34,fcor
18.004,105.564,22.223999,2.8452092e-05
20.576,120.38,46.3,2.9325609e-05
21.604801,87.044,48.152,3.0178779e-05
23.148,55.56,50.93,3.1068776e-05
25.720001,55.56,117.602005,3.2062617e-05
28.292,55.56,185.19998,3.305528e-05
29.3208,55.56,185.19998,3.3921864e-05
30.864,55.56,185.19998,3.47882e-05
31.8928,55.56,191.682,3.5776517e-05
33.436,55.56,199.09,3.67623e-05
39.6088,42.596,217.61002,3.764138e-05
46.296,31.484,236.13,3.8483773e-05
52.4688,31.484,236.13,3.934203e-05
59.156002,31.484,236.13,4.0199502e-05
59.156002,31.484,246.31601,4.1054715e-05
59.156002,31.484,256.965,4.1909232e-05
60.1848,33.336,256.965,4.2797157e-05
61.728,37.04,256.965,4.3612705e-05
61.728,38.892,263.447,4.427493e-05
61.728,40.744,270.85498,4.4825505e-05
61.728,40.744,270.85498,4.529036e-05
61.728,40.744,270.85498,4.5793287e-05
62.7568,35.188,270.85498,4.6462752e-05
64.3,31.484,270.85498,4.7240763e-05
66.872,31.484,325.026,4.804671e-05
69.444,31.484,379.66,4.892293e-05
