Vmax,Rmax,R34,fcor
23.148,46.3,87.97,3.3550914e-05
23.148,46.3,88.433,3.493008e-05
23.148,46.3,90.284996,3.626943e-05
25.720001,40.744,100.47099,3.753705e-05
28.292,37.04,111.119995,3.872924e-05
30.864,37.04,124.547,3.9868475e-05
33.436,37.04,138.9,4.093299e-05
33.436,37.04,138.9,4.1927637e-05
33.436,37.04,138.9,4.288343e-05
36.008,31.484,143.53,4.3854583e-05
38.58,27.78,148.16,4.4825505e-05
38.58,27.78,151.401,4.5792935e-05
38.58,27.78,155.10501,4.675884e-05
38.58,27.78,160.661,4.7739406e-05
38.58,27.78,166.68,4.868306e-05
38.58,27.78,158.34601,4.95215e-05
38.58,27.78,150.47499,5.035898e-05
38.58,27.78,159.735,5.1312836e-05
38.58,27.78,168.995,5.22651e-05
42.1808,27.78,171.773,5.3112806e-05
46.296,27.78,175.94,5.392461e-05
46.296,22.223999,175.94,5.4768443e-05
46.296,18.52,175.94,5.5576067e-05
46.296,18.52,175.94,5.6280245e-05
46.296,18.52,175.94,5.698501e-05
49.8968,18.52,217.61,5.773357e-05
54.012,18.52,259.28,5.862087e-05
59.156002,22.223999,263.91,5.9800303e-05
64.3,27.78,268.53998,6.0942573e-05
