Vmax,Rmax,R34,fcor
18.004,55.56,87.97,2.7240254e-05
20.576,55.56,175.94,2.7578055e-05
21.604801,55.56,175.94,2.7758995e-05
23.148,55.56,175.94,2.7827968e-05
21.604801,55.56,171.31,2.7790187e-05
20.576,55.56,166.68,2.7827968e-05
20.576,59.264,157.42,2.816498e-05
20.576,64.82,148.16,2.857718e-05
20.576,64.82,148.16,2.882626e-05
20.576,64.82,148.16,2.9076216e-05
21.604801,64.82,157.42,2.9375567e-05
23.148,64.82,166.68001,2.9824112e-05
23.148,64.82,166.68001,3.0514859e-05
23.148,64.82,166.68001,3.131743e-05
23.148,64.82,166.68001,3.2099695e-05
23.148,64.82,166.68001,3.280731e-05
23.148,59.264,166.68001,3.3321605e-05
23.148,55.56,166.68001,3.3798577e-05
23.148,55.56,175.94,3.4380024e-05
23.148,55.56,185.2,3.5035337e-05
23.148,55.56,185.2,3.575759e-05
23.148,55.56,185.2,3.651592e-05
23.148,55.56,185.2,3.7254522e-05
23.148,55.56,185.2,3.7992504e-05
24.1768,55.56,185.2,3.8729206e-05
25.720001,55.56,185.2,3.9464914e-05
28.292,50.004,185.2,4.018097e-05
30.864,46.3,185.2,4.093299e-05
