Vmax,Rmax,R34,fcor
18.004,74.08,46.3,4.7240763e-05
20.576,74.08,82.414,4.758333e-05
23.148,74.08,120.380005,4.796257e-05
25.720001,68.524,129.64,4.8340455e-05
28.292,64.82,138.9,4.868306e-05
29.3208,50.004,150.012,4.8958875e-05
30.864,37.04,162.04999,4.916265e-05
31.8928,37.04,173.16199,4.9299855e-05
33.436,37.04,185.20001,4.9402213e-05
37.0368,37.04,190.293,4.952138e-05
41.152,37.04,196.775,4.9641636e-05
43.724,31.484,200.479,4.976091e-05
46.296,27.78,206.035,4.9880902e-05
46.296,27.78,231.96301,4.999981e-05
46.296,27.78,259.28,5.012002e-05
47.3248,27.78,259.28,5.023885e-05
48.868,27.78,259.28,5.035898e-05
49.8968,27.78,259.28,5.0478226e-05
51.440002,27.78,259.28,5.059779e-05
54.012,27.78,263.91,5.0681003e-05
56.584,27.78,268.53998,5.083645e-05
56.584,27.78,281.504,5.1229214e-05
56.584,27.78,296.32,5.155148e-05
55.040802,27.78,300.95,5.145008e-05
54.012,27.78,305.58,5.131329e-05
54.012,27.78,305.58,5.1479627e-05
54.012,27.78,305.58,5.178951e-05
54.012,27.78,305.58,5.2145984e-05
54.012,27.78,305.58,5.250265e-05
