Vmax,Rmax,R34,fcor
20.576,64.82,85.655,2.9325609e-05
20.576,64.82,85.655,3.0141708e-05
20.576,64.82,85.655,3.1068776e-05
21.604801,64.82,87.97,3.1870466e-05
23.148,64.82,90.285,3.2559245e-05
23.148,64.82,93.526,3.305509e-05
23.148,64.82,97.229996,3.3550914e-05
24.1768,59.264,103.712006,3.4237924e-05
25.720001,55.56,111.119995,3.5035337e-05
25.720001,55.56,111.119995,3.5880923e-05
25.720001,55.56,111.119995,3.67623e-05
25.720001,55.56,111.119995,3.7549762e-05
25.720001,55.56,111.119995,3.8483773e-05
26.7488,55.56,118.064995,3.9758834e-05
28.292,55.56,125.009995,4.1177245e-05
30.864,46.3,158.80899,4.2500003e-05
33.436,37.04,194.46,4.385554e-05
36.008,37.04,199.09,4.536378e-05
38.58,37.04,203.72,4.675884e-05
41.152,31.484,219.92499,4.7812136e-05
43.724,27.78,236.12999,4.868306e-05
46.296,27.78,236.12999,4.952167e-05
48.868,27.78,236.12999,5.035898e-05
51.440002,27.78,236.12999,5.1223804e-05
54.012,27.78,236.12999,5.22651e-05
54.012,27.78,261.595,5.365191e-05
54.012,27.78,287.06,5.510506e-05
