Vmax,Rmax,R34,fcor
20.576,46.3,111.12,6.1635496e-05
21.604801,46.3,114.824,6.18486e-05
23.148,46.3,120.38,6.20965e-05
24.1768,46.3,110.194,6.2361e-05
25.720001,46.3,101.86,6.255676e-05
26.7488,46.3,101.86,6.260854e-05
28.292,46.3,101.86,6.255676e-05
29.3208,46.3,101.86,6.245841e-05
30.864,46.3,101.86,6.2326726e-05
30.864,55.56,116.675995,6.2194275e-05
30.864,64.82,131.955,6.20965e-05
31.8928,64.82,132.881,6.207934e-05
33.436,64.82,134.27,6.20965e-05
34.4648,64.82,134.27,6.20264e-05
36.008,64.82,134.27,6.20965e-05
37.0368,68.524,137.974,6.2488e-05
38.58,74.08,143.53,6.3016254e-05
38.58,74.08,143.53,6.349167e-05
38.58,74.08,143.53,6.393293e-05
39.6088,74.08,143.53,6.425876e-05
41.152,74.08,143.53,6.461839e-05
41.152,74.08,143.53,6.518768e-05
41.152,74.08,143.53,6.575688e-05
41.152,74.08,143.53,6.611436e-05
41.152,74.08,143.53,6.643758e-05
41.152,59.264,143.53,6.685645e-05
41.152,46.3,143.53,6.734234e-05
41.152,46.3,150.012,6.7872235e-05
41.152,46.3,157.42,6.8468675e-05
41.152,40.744,175.94,6.9125155e-05
41.152,37.04,194.45999,6.981338e-05
41.152,37.04,206.03499,7.049953e-05
41.152,37.04,217.61,7.115043e-05
41.152,40.744,210.66501,7.170483e-05
41.152,46.3,203.72,7.2258685e-05
