Vmax,Rmax,R34,fcor
18.004,92.6,125.009995,5.768715e-05
19.0328,120.38,150.012,5.8805956e-05
20.576,148.16,106.49,6.0016075e-05
23.148,148.16,125.936,6.0942573e-05
23.148,92.6,122.695,6.2326726e-05
24.1768,92.6,122.695,6.30502e-05
25.720001,92.6,122.695,6.3474974e-05
26.7488,92.6,122.695,6.417843e-05
28.292,92.6,122.695,6.4846485e-05
29.3208,83.34,156.03099,6.537062e-05
30.864,74.08,189.83,6.575688e-05
30.864,64.82,196.31201,6.603517e-05
30.864,55.56,203.72,6.621089e-05
31.8928,50.004,204.646,6.6306755e-05
33.436,46.3,206.035,6.643758e-05
34.4648,46.3,210.20201,6.6709734e-05
36.008,46.3,215.295,6.711647e-05
37.0368,38.892,218.073,6.768052e-05
38.58,31.484,222.23999,6.8243826e-05
41.152,31.484,222.23999,6.8598034e-05
43.724,31.484,222.23999,6.8917754e-05
43.724,31.484,220.388,6.931543e-05
43.724,31.484,219.925,6.981338e-05
44.7528,22.223999,218.073,7.044963e-05
46.296,12.964,217.61,7.115043e-05
47.3248,11.1119995,217.61,7.1782706e-05
48.868,9.26,217.61,7.247968e-05
48.868,14.816,211.591,7.332834e-05
48.868,22.223999,206.035,7.423962e-05
