Vmax,Rmax,R34,fcor
18.004,111.12,106.490005,5.6750614e-05
18.004,111.12,173.47066,5.66216e-05
18.004,111.12,240.76001,5.6281307e-05
19.0328,92.6,265.45334,5.664509e-05
20.576,74.08,250.02,5.721923e-05
21.604801,74.08,237.51901,5.76693e-05
23.148,74.08,226.86998,5.8154368e-05
24.6912,64.82,214.83199,5.8825673e-05
26.2344,55.56,203.72,5.9319285e-05
25.720001,50.004,227.796,5.925533e-05
25.720001,46.3,252.33499,5.9086666e-05
26.7488,46.3,253.261,5.928446e-05
28.292,46.3,254.65,5.9551734e-05
28.292,46.3,254.65,5.96678e-05
28.292,46.3,254.65,5.9784e-05
29.3208,46.3,268.53998,5.9997903e-05
30.864,46.3,282.43,6.0247978e-05
31.8928,42.596,281.967,6.0550094e-05
33.436,40.744,282.43,6.0711227e-05
36.008,31.484,281.04102,6.0566297e-05
38.58,22.223999,280.115,6.0247978e-05
41.152,22.223999,250.483,5.9864993e-05
43.724,22.223999,222.24,5.9551734e-05
45.7816,25.928,261.132,5.9498914e-05
47.8392,31.484,300.95,5.9551734e-05
