Vmax,Rmax,R34,fcor
18.004,83.34,191.37334,5.059779e-05
18.004,83.34,192.60802,5.127766e-05
18.004,83.34,194.46,5.2027382e-05
19.0328,74.08,194.46,5.3107084e-05
20.576,64.82,194.46,5.439729e-05
20.576,68.524,181.95898,5.57753e-05
20.576,74.08,171.31,5.721923e-05
20.576,68.524,160.661,5.8638903e-05
20.576,64.82,150.475,6.0016075e-05
21.604801,59.264,139.826,6.139176e-05
23.148,55.56,129.64001,6.255676e-05
23.148,55.56,138.43701,6.331316e-05
23.148,55.56,148.16,6.393293e-05
24.1768,55.56,147.69699,6.469956e-05
25.720001,55.56,148.16,6.552959e-05
25.720001,55.56,140.752,6.638382e-05
25.720001,55.56,134.27,6.734234e-05
26.7488,55.56,138.90001,6.8501264e-05
28.292,55.56,143.53,6.958979e-05
28.292,55.56,156.03099,7.0310576e-05
28.292,55.56,168.99501,7.092813e-05
29.3208,55.56,170.384,7.1703056e-05
30.864,55.56,173.625,7.247968e-05
30.864,55.56,177.79199,7.320668e-05
30.864,55.56,182.88501,7.380098e-05
31.8928,55.56,182.88501,7.414525e-05
33.436,55.56,182.88501,7.4458614e-05
34.4648,55.56,184.737,7.497249e-05
36.008,55.56,187.515,7.5550095e-05
