Vmax,Rmax,R34,fcor
18.004,185.2,148.16,4.844305e-05
19.0328,185.2,152.79001,4.8814858e-05
20.576,185.2,157.41998,4.9402213e-05
21.604801,185.2,166.68,4.9659397e-05
23.148,185.2,175.94,4.9880902e-05
24.1768,151.864,182.885,5.0186194e-05
25.720001,120.38,189.83,5.059779e-05
25.720001,111.12,194.45999,5.1211595e-05
25.720001,101.86,199.09,5.178951e-05
24.1768,101.86,206.035,5.195637e-05
23.148,101.86,212.98,5.22651e-05
23.148,87.044,212.98,5.3190335e-05
23.148,74.08,212.98,5.439729e-05
23.148,77.784,215.295,5.559393e-05
23.148,83.34,217.61,5.6750614e-05
24.1768,74.08,219.925,5.7704503e-05
25.720001,64.82,222.24,5.862087e-05
26.7488,64.82,226.87001,5.968521e-05
28.292,64.82,231.5,6.0711227e-05
29.3208,64.82,231.5,6.1520164e-05
30.864,64.82,231.5,6.2326726e-05
31.8928,50.004,236.13,6.330871e-05
33.436,37.04,240.76001,6.43901e-05
36.008,22.223999,245.39001,6.5512526e-05
38.58,9.26,250.02002,6.666408e-05
