Vmax,Rmax,R34,fcor
18.004,111.12,92.6,2.9574905e-05
19.0328,111.12,104.175,3.0284775e-05
20.576,111.12,115.75,3.1068776e-05
21.604801,111.12,125.009995,3.1671727e-05
23.148,111.12,134.27,3.231108e-05
25.720001,77.784,141.215,3.3178836e-05
28.292,46.3,148.16,3.404614e-05
29.3208,50.004,159.735,3.4701996e-05
30.864,55.56,171.31,3.5282377e-05
33.436,46.3,175.94,3.5936264e-05
36.008,37.04,180.57,3.651592e-05
39.6088,37.04,187.51501,3.6866975e-05
43.724,37.04,194.45999,3.7254722e-05
51.440002,27.78,201.405,3.795543e-05
59.156002,18.52,208.35,3.872924e-05
64.3,12.964,215.295,3.9342376e-05
69.444,9.26,222.24,3.995476e-05
67.9008,11.1119995,231.5,4.0743616e-05
66.872,12.964,240.76001,4.142137e-05
66.872,12.964,247.705,4.1738418e-05
66.872,12.964,254.65,4.1909232e-05
64.3,24.076,256.965,4.2134823e-05
61.728,37.04,259.28,4.239659e-05
60.1848,33.336,263.91,4.2725165e-05
59.156002,31.484,268.53998,4.3126656e-05
60.1848,33.336,268.53998,4.3594475e-05
61.728,37.04,268.53998,4.409823e-05
61.728,37.04,273.16998,4.452836e-05
61.728,37.04,277.8,4.506766e-05
62.7568,37.04,280.115,4.5914465e-05
64.3,37.04,282.43,4.675884e-05
66.872,27.78,291.69,4.724015e-05
69.444,18.52,300.94998,4.7722115e-05
70.4728,22.223999,300.94998,4.8508653e-05
72.016,27.78,300.94998,4.9402213e-05
