Vmax,Rmax,R34,fcor
18.004,111.12,103.712,4.1177213e-05
20.576,55.56,208.35,4.1177245e-05
21.604801,55.56,208.35,4.1158888e-05
23.148,55.56,208.35,4.1177245e-05
24.1768,87.044,199.09,4.1281e-05
25.720001,120.38,199.09,4.142137e-05
26.7488,96.304,205.57199,4.1543368e-05
28.292,74.08,212.98001,4.1665367e-05
28.292,55.56,217.61002,4.1769013e-05
28.292,37.04,222.23999,4.1909232e-05
30.864,31.484,234.741,4.2098174e-05
33.436,27.78,247.70502,4.239659e-05
33.436,27.78,255.576,4.271917e-05
33.436,27.78,263.91,4.3369746e-05
36.008,27.78,264.836,4.457724e-05
38.58,27.78,266.225,4.6034886e-05
41.152,27.78,279.652,4.73251e-05
43.724,27.78,294.005,4.868306e-05
44.7528,27.78,306.506,5.0149865e-05
46.296,27.78,319.47,5.178951e-05
47.3248,24.076,319.00702,5.3581138e-05
48.868,22.223999,319.47,5.5576067e-05
51.440002,22.223999,318.08102,5.7962672e-05
54.012,22.223999,317.155,6.0016075e-05
55.040802,24.076,314.377,6.0964852e-05
56.584,27.78,312.525,6.1635496e-05
57.6128,18.52,321.322,6.288439e-05
59.156002,9.26,331.045,6.416161e-05
