Vmax,Rmax,R34,fcor
18.004,55.56,55.56,2.707799e-05
18.004,55.56,55.56,2.7278058e-05
18.004,55.56,55.56,2.7328068e-05
19.0328,50.004,59.727,2.7077866e-05
20.576,46.3,64.82,2.6827835e-05
21.604801,46.3,74.08,2.6877815e-05
23.148,46.3,83.34,2.707799e-05
25.720001,46.3,92.137,2.7309308e-05
28.292,46.3,101.86,2.7578055e-05
30.864,46.3,145.382,2.7808968e-05
33.436,46.3,189.83,2.807779e-05
33.436,46.3,189.83,2.8340095e-05
33.436,46.3,189.83,2.882674e-05
33.436,46.3,212.517,2.9711973e-05
33.436,46.3,236.13,3.0820032e-05
33.436,46.3,236.13,3.193823e-05
33.436,46.3,236.13,3.305528e-05
33.436,46.3,233.815,3.40653e-05
33.436,46.3,231.5,3.5035337e-05
33.436,46.3,231.5,3.598547e-05
33.436,46.3,231.5,3.700857e-05
34.4648,46.3,231.5,3.8219645e-05
36.008,46.3,231.5,3.9464914e-05
36.008,46.3,231.5,4.0529514e-05
36.008,46.3,231.5,4.1665367e-05
36.008,46.3,231.5,4.316276e-05
36.008,46.3,231.5,4.458322e-05
37.0368,46.3,231.5,4.5467074e-05
38.58,46.3,231.5,4.627635e-05
39.6088,46.3,223.166,4.7391073e-05
41.152,46.3,215.295,4.868306e-05
41.152,46.3,215.295,5.0083698e-05
41.152,46.3,215.295,5.155148e-05
