Vmax,Rmax,R34,fcor
20.576,64.82,148.16,2.5074483e-05
20.576,64.82,148.16,2.5431242e-05
20.576,64.82,148.16,2.5826394e-05
21.604801,59.264,143.53,2.6308113e-05
23.148,55.56,138.9,2.6827835e-05
24.1768,55.56,138.9,2.7365762e-05
25.720001,55.56,138.9,2.7827968e-05
26.7488,55.56,138.9,2.809588e-05
28.292,55.56,138.9,2.8327528e-05
30.864,46.3,148.16,2.8664417e-05
33.436,37.04,157.42,2.9076216e-05
36.008,37.04,166.68,2.9611976e-05
38.58,37.04,175.94,3.0073232e-05
42.1808,31.484,192.608,3.023505e-05
46.296,27.78,210.665,3.0322259e-05
47.3248,27.78,216.221,3.058953e-05
48.868,27.78,222.23999,3.0820032e-05
48.868,27.78,206.96101,3.0819905e-05
48.868,27.78,192.145,3.0820032e-05
48.868,27.78,192.608,3.097532e-05
48.868,27.78,194.46,3.131743e-05
48.868,27.78,194.46,3.19196e-05
48.868,27.78,194.46,3.2559245e-05
48.868,27.78,194.46,3.293116e-05
48.868,27.78,194.46,3.330315e-05
47.3248,27.78,194.46,3.3903747e-05
46.296,27.78,194.46,3.454095e-05
46.296,27.78,201.405,3.4979486e-05
46.296,27.78,208.35,3.5529305e-05
47.3248,27.78,210.665,3.644168e-05
48.868,27.78,212.98001,3.7500762e-05
51.440002,27.78,212.98001,3.8483555e-05
54.012,27.78,212.98001,3.9464914e-05
55.040802,27.78,247.705,4.0407092e-05
56.584,27.78,282.43,4.142137e-05
57.6128,27.78,282.43,4.25669e-05
59.156002,27.78,282.43,4.385554e-05
62.7568,27.78,282.43,4.5217854e-05
66.872,27.78,282.43,4.675884e-05
