Vmax,Rmax,R34,fcor
18.004,74.08,64.82,3.9219805e-05
18.004,74.08,64.82,4.0688625e-05
18.004,64.82,55.559998,4.1177245e-05
18.004,64.82,67.135,4.2198415e-05
18.004,64.82,78.71,4.3126656e-05
18.004,64.82,83.34,4.3369746e-05
20.576,64.82,83.34,4.385554e-05
21.604801,64.82,85.655,4.450058e-05
23.148,64.82,87.97,4.5309676e-05
23.148,64.82,92.6,4.634866e-05
23.148,64.82,97.23,4.7240763e-05
24.1768,64.82,97.23,4.733381e-05
25.720001,64.82,97.23,4.7722115e-05
25.720001,64.82,101.86,4.916265e-05
28.292,55.56,101.86,5.1074945e-05
28.292,55.56,108.805,5.3007057e-05
28.292,55.56,115.75,5.510506e-05
28.292,55.56,125.009995,5.753513e-05
28.292,55.56,134.26999,6.0016075e-05
29.3208,55.56,145.845,6.2246145e-05
30.864,55.56,157.42,6.43901e-05
29.3208,55.56,168.995,6.6550805e-05
28.292,55.56,180.56999,6.869332e-05
29.3208,55.56,189.83,7.085005e-05
30.864,55.56,199.09,7.2921e-05
29.3208,55.56,194.45999,7.4868556e-05
28.292,55.56,189.82999,7.663584e-05
29.3208,55.56,173.62502,7.822674e-05
30.864,55.56,157.42001,7.9644604e-05
