Vmax,Rmax,R34,fcor
18.004,55.56,83.34,4.458322e-05
20.576,55.56,83.34,4.54184e-05
23.148,55.56,83.34,4.6034886e-05
24.1768,59.264,97.229996,4.6294597e-05
25.720001,64.82,111.119995,4.651767e-05
26.7488,59.264,111.119995,4.704811e-05
28.292,55.56,111.119995,4.7722115e-05
28.292,55.56,111.119995,4.8461003e-05
28.292,55.56,111.119995,4.916265e-05
28.292,55.56,114.824005,4.9677517e-05
28.292,55.56,120.380005,5.012002e-05
29.3208,55.56,120.380005,5.0687235e-05
30.864,55.56,120.380005,5.1074945e-05
30.864,55.56,120.380005,5.0991694e-05
30.864,55.56,120.380005,5.083645e-05
30.864,55.56,155.568,5.0949642e-05
30.864,55.56,192.145,5.131329e-05
31.8928,55.56,179.181,5.195607e-05
33.436,55.56,166.68,5.2740055e-05
33.436,55.56,166.68,5.3469215e-05
33.436,55.56,166.68,5.4161024e-05
36.008,55.56,208.813,5.4769003e-05
38.58,55.56,252.33499,5.5340646e-05
41.152,50.004,252.33499,5.5893564e-05
43.724,46.3,252.33499,5.6516048e-05
