Vmax,Rmax,R34,fcor
18.004,129.64,64.82,4.338804e-05
20.576,111.12,129.64,4.4340795e-05
20.576,111.12,159.272,4.5279307e-05
20.576,111.12,175.93999,4.6034886e-05
21.604801,111.12,166.217,4.6487483e-05
23.148,111.12,157.42,4.675884e-05
23.148,111.12,160.198,4.711456e-05
23.148,111.12,164.36499,4.7240763e-05
23.148,111.12,285.671,4.6999867e-05
23.148,111.12,240.76,4.627635e-05
23.148,96.304,235.66699,4.6215973e-05
23.148,83.34,231.5,4.651767e-05
25.720001,83.34,199.09001,4.675884e-05
25.720001,55.56,192.14499,4.7240763e-05
26.7488,46.3,192.14499,4.7659192e-05
28.292,37.04,192.14499,4.796257e-05
30.864,40.744,198.62701,4.810099e-05
33.436,46.3,206.035,4.8202877e-05
34.4648,40.744,206.035,4.8316833e-05
36.008,37.04,206.035,4.868306e-05
38.58,31.484,211.591,4.9551734e-05
41.152,27.78,217.60999,5.059779e-05
43.724,18.52,262.521,5.1468047e-05
46.296,9.26,307.89502,5.22651e-05
52.4688,9.26,294.93097,5.301298e-05
59.156002,9.26,282.43,5.3688025e-05
60.1848,9.26,291.227,5.4279113e-05
61.728,9.26,300.95,5.4869302e-05
62.7568,9.26,348.63898,5.5487457e-05
64.3,9.26,398.18,5.6281307e-05
65.328804,9.26,380.586,5.743588e-05
66.872,9.26,363.455,5.862087e-05
