Vmax,Rmax,R34,fcor
18.004,37.04,55.56,3.7500762e-05
19.0328,37.04,55.56,3.8379247e-05
20.576,37.04,55.56,3.9219805e-05
21.604801,46.3,55.56,3.999147e-05
23.148,55.56,55.56,4.0688625e-05
24.1768,55.56,54.171,4.1354237e-05
25.720001,55.56,53.245,4.1909232e-05
26.7488,55.56,58.801003,4.231134e-05
28.292,55.56,64.82,4.2640077e-05
30.864,50.004,79.636,4.2986838e-05
33.436,46.3,94.91499,4.3369746e-05
36.008,40.744,103.249,4.385556e-05
38.58,37.04,113.435,4.4340795e-05
42.1808,37.04,124.547,4.4740693e-05
46.296,37.04,136.58499,4.506766e-05
47.3248,37.04,136.58499,4.530972e-05
48.868,37.04,136.58499,4.5551555e-05
51.440002,40.744,136.58499,4.589597e-05
54.012,46.3,136.58499,4.627635e-05
55.040802,46.3,137.51099,4.663819e-05
56.584,46.3,138.9,4.6999867e-05
56.584,46.3,204.646,4.737941e-05
56.584,46.3,270.855,4.7722115e-05
57.6128,37.04,266.688,4.7908416e-05
59.156002,27.78,263.91,4.8202877e-05
59.156002,27.78,241.686,4.8850965e-05
59.156002,27.78,219.925,4.9641636e-05
