Vmax,Rmax,R34,fcor
23.148,83.34,92.600006,3.131743e-05
24.1768,77.784,115.75,3.1845382e-05
25.720001,74.08,138.9,3.2559245e-05
28.292,74.08,138.9,3.3550914e-05
28.292,64.82,148.16,3.4293596e-05
28.292,55.56,162.04999,3.439483e-05
28.292,46.3,175.94,3.4293596e-05
28.292,46.3,175.94,3.4608373e-05
28.292,46.3,175.94,3.5035337e-05
28.292,46.3,175.94,3.5442816e-05
28.292,46.3,175.94,3.577612e-05
28.292,46.3,171.31,3.5899226e-05
28.292,46.3,166.68,3.6022833e-05
28.292,46.3,166.68,3.6337122e-05
28.292,46.3,166.68,3.67623e-05
28.292,46.3,166.68,3.7309983e-05
28.292,46.3,166.68,3.7746686e-05
28.292,50.004,166.68,3.7875478e-05
28.292,55.56,166.68,3.7746686e-05
28.292,55.56,154.642,3.7433118e-05
28.292,55.56,143.53,3.700857e-05
28.292,55.56,143.53,3.6583504e-05
28.292,55.56,143.53,3.626943e-05
28.292,50.004,148.16,3.6158217e-05
28.292,46.3,152.79001,3.626943e-05
29.3208,55.56,156.031,3.6620666e-05
30.864,64.82,159.73499,3.700857e-05
30.864,59.264,168.995,3.7168447e-05
30.864,55.56,178.255,3.7254722e-05
34.4648,46.3,178.255,3.739608e-05
38.58,37.04,178.255,3.7500762e-05
44.7528,37.04,178.255,3.751908e-05
51.440002,37.04,178.255,3.7500762e-05
56.584,37.04,197.70099,3.7482263e-05
61.728,37.04,217.61,3.7500762e-05
