Vmax,Rmax,R34,fcor
23.148,74.08,129.64,3.7500762e-05
25.720001,74.08,156.494,3.8520564e-05
28.292,74.08,185.2,3.9464914e-05
28.292,74.08,185.2,4.0339855e-05
28.292,74.08,185.2,4.1177245e-05
28.292,74.08,185.2,4.204964e-05
28.292,74.08,185.2,4.288343e-05
30.864,68.524,185.663,4.362995e-05
33.436,64.82,187.515,4.4340795e-05
37.0368,64.82,187.515,4.5085806e-05
41.152,64.82,187.515,4.5793287e-05
41.152,64.82,184.737,4.6378707e-05
41.152,64.82,182.88501,4.6999867e-05
42.1808,64.82,182.88501,4.7733785e-05
43.724,64.82,182.88501,4.868306e-05
44.7528,64.82,190.75601,4.992879e-05
46.296,64.82,199.09001,5.131329e-05
47.3248,64.82,208.35,5.2603475e-05
48.868,64.82,217.61002,5.392461e-05
48.868,64.82,217.61002,5.5322886e-05
48.868,64.82,217.61002,5.6750614e-05
48.868,64.82,217.61002,5.8154183e-05
48.868,64.82,217.61002,5.9551734e-05
49.8968,64.82,217.61002,6.094255e-05
51.440002,64.82,217.61002,6.2326726e-05
