Vmax,Rmax,R34,fcor
41.152,55.56,138.9,3.280731e-05
42.1808,55.56,145.38199,3.3445664e-05
43.724,55.56,152.79,3.404614e-05
44.7528,55.56,152.79,3.4578006e-05
46.296,55.56,152.79,3.5035337e-05
47.3248,55.56,159.272,3.544284e-05
48.868,55.56,166.68,3.577612e-05
51.440002,55.56,166.68,3.607831e-05
54.012,55.56,166.68,3.626943e-05
56.584,55.56,166.68,3.6306403e-05
59.156002,55.56,166.68,3.626943e-05
59.156002,46.3,171.31,3.6250873e-05
59.156002,37.04,175.94,3.626943e-05
61.728,37.04,175.94,3.6392496e-05
64.3,37.04,175.94,3.651592e-05
64.3,37.04,154.642,3.6516092e-05
64.3,37.04,134.26999,3.651592e-05
64.3,31.484,134.26999,3.6638718e-05
64.3,27.78,134.26999,3.67623e-05
64.3,27.78,136.122,3.6780748e-05
64.3,27.78,138.9,3.67623e-05
64.3,27.78,140.752,3.676219e-05
64.3,27.78,143.53,3.67623e-05
65.328804,27.78,159.272,3.676219e-05
66.872,27.78,175.94,3.67623e-05
67.9008,27.78,175.94,3.672509e-05
69.444,27.78,175.94,3.67623e-05
69.444,27.78,175.94,3.6989833e-05
69.444,27.78,175.94,3.7254722e-05
69.444,27.78,205.572,3.7377744e-05
69.444,27.78,236.13,3.7500762e-05
70.4728,27.78,237.982,3.7727976e-05
72.016,27.78,240.76,3.7992504e-05
72.016,27.78,240.76,3.8238115e-05
72.016,27.78,240.76,3.8483773e-05
72.016,27.78,240.76,3.8710605e-05
72.016,27.78,240.76,3.897458e-05
72.016,27.78,240.76,3.9342318e-05
72.016,27.78,240.76,3.9709896e-05
72.016,27.78,240.76,3.991799e-05
72.016,27.78,240.76,4.0199502e-05
72.016,27.78,240.76,4.071896e-05
72.016,27.78,240.76,4.142137e-05
70.4728,31.484,228.72202,4.2219828e-05
69.444,37.04,217.61,4.3126656e-05
70.4728,37.04,217.61,4.4061762e-05
72.016,37.04,217.61,4.506766e-05
72.016,37.04,217.61,4.615554e-05
72.016,37.04,217.61,4.7240763e-05
72.016,37.04,217.61,4.8220427e-05
72.016,37.04,217.61,4.916265e-05
