Vmax,Rmax,R34,fcor
18.004,111.12,157.42,6.643758e-05
18.004,111.12,162.04999,6.732903e-05
18.004,111.12,166.68,6.801876e-05
18.004,111.12,168.995,6.869166e-05
18.004,111.12,171.31,6.936598e-05
18.004,77.784,180.56999,7.008042e-05
18.004,46.3,189.83,7.092813e-05
18.004,46.3,194.46,7.2020426e-05
18.004,46.3,199.09001,7.314133e-05
18.004,55.56,203.72,7.3953335e-05
18.004,64.82,208.35,7.4895885e-05
18.004,64.82,212.98001,7.64641e-05
18.004,64.82,217.61,7.793102e-05
18.004,64.82,210.665,7.8645964e-05
18.004,64.82,203.72,7.900381e-05
18.004,64.82,203.72,7.9484416e-05
18.004,64.82,203.72,7.9644604e-05
18.004,74.08,194.45999,7.922057e-05
18.004,83.34,185.2,7.85754e-05
18.004,83.34,185.2,7.8176505e-05
18.004,83.34,185.2,7.771575e-05
18.004,83.34,185.2,7.6961514e-05
18.004,83.34,185.2,7.620224e-05
18.004,77.784,185.2,7.574995e-05
18.004,74.08,185.2,7.533226e-05
19.0328,68.524,185.2,7.465983e-05
20.576,64.82,185.2,7.402041e-05
20.576,64.82,178.255,7.364217e-05
20.576,64.82,171.31,7.336144e-05
20.576,64.82,166.68,7.3064235e-05
20.576,64.82,162.04999,7.270045e-05
20.576,64.82,159.735,7.216409e-05
20.576,64.82,157.42,7.159438e-05
20.576,64.82,143.53,7.111708e-05
20.576,64.82,129.64,7.07056e-05
21.604801,64.82,127.325,7.030424e-05
23.148,64.82,125.01001,7.003676e-05
23.148,64.82,113.435,6.99867e-05
23.148,64.82,101.86,7.003676e-05
24.1768,64.82,101.86,7.007009e-05
25.720001,64.82,101.86,7.003676e-05
25.720001,59.264,104.175,6.984707e-05
25.720001,55.56,106.490005,6.958979e-05
25.720001,59.264,108.80501,6.943302e-05
25.720001,64.82,111.12,6.914198e-05
26.7488,64.82,111.12,6.851924e-05
28.292,64.82,111.12,6.7793495e-05
28.292,55.56,111.12,6.724625e-05
28.292,46.3,111.12,6.666408e-05
29.3208,46.3,111.12,6.5887405e-05
30.864,46.3,111.12,6.507438e-05
33.436,31.484,111.12,6.439014e-05
36.008,18.52,111.12,6.370404e-05
38.58,18.52,115.75,6.286706e-05
41.152,18.52,120.380005,6.20965e-05
44.7528,18.52,125.009995,6.1600585e-05
48.868,18.52,129.64,6.1173734e-05
49.8968,20.372,129.64,6.061291e-05
51.440002,22.223999,129.64,6.0016075e-05
54.012,22.223999,138.9,5.9400594e-05
56.584,22.223999,148.16,5.8853857e-05
55.040802,22.223999,148.16,5.841685e-05
54.012,22.223999,148.16,5.8154368e-05
52.4688,20.372,148.16,5.8119283e-05
51.440002,18.52,148.16,5.8154368e-05
49.8968,18.52,157.42,5.807266e-05
48.868,18.52,166.68,5.7920843e-05
48.868,22.223999,173.625,5.7687117e-05
48.868,27.78,180.57,5.7453286e-05
48.868,27.78,182.88501,5.730116e-05
48.868,27.78,185.2,5.721923e-05
48.868,20.372,192.145,5.7183723e-05
48.868,12.964,199.09001,5.721923e-05
47.3248,14.816,210.66501,5.728425e-05
46.296,18.52,222.24,5.7453286e-05
46.296,18.52,230.111,5.7786172e-05
46.296,18.52,238.44499,5.8154368e-05
48.868,18.52,247.705,5.8387322e-05
51.440002,18.52,256.965,5.862087e-05
52.4688,24.076,264.836,5.8917754e-05
54.012,31.484,273.17,5.9319285e-05
55.040802,31.484,284.745,5.9830414e-05
56.584,31.484,296.32,6.0479695e-05
57.6128,25.928,303.26498,6.121931e-05
59.156002,22.223999,310.21,6.20965e-05
