Vmax,Rmax,R34,fcor
18.004,92.6,108.805,3.404614e-05
18.004,83.34,110.657,3.390405e-05
18.004,74.08,113.435,3.3798577e-05
18.004,74.08,115.75,3.3761084e-05
18.004,74.08,118.065,3.3798577e-05
18.004,74.08,118.065,3.3921766e-05
18.004,74.08,118.065,3.404614e-05
18.004,74.08,118.065,3.404626e-05
18.004,74.08,118.065,3.404614e-05
19.0328,74.08,118.065,3.411407e-05
20.576,74.08,118.065,3.4293596e-05
20.576,64.82,109.26799,3.4645043e-05
20.576,55.56,101.86,3.5035337e-05
21.604801,50.004,105.563995,3.5282475e-05
23.148,46.3,111.119995,3.5529305e-05
24.1768,46.3,113.898,3.5898738e-05
25.720001,46.3,118.064995,3.626943e-05
28.292,40.744,111.12,3.6534486e-05
30.864,37.04,104.175,3.67623e-05
34.4648,37.04,104.175,3.6989873e-05
38.58,37.04,104.175,3.7254722e-05
42.1808,27.78,107.416,3.7567683e-05
46.296,18.52,111.119995,3.7992504e-05
48.868,14.816,128.251,3.855096e-05
51.440002,12.964,145.845,3.9219805e-05
54.012,12.964,160.198,3.991776e-05
56.584,12.964,175.94,4.0688625e-05
60.1848,12.964,193.99701,4.1561467e-05
64.3,12.964,212.98001,4.239659e-05
67.9008,20.372,212.98001,4.3059405e-05
72.016,27.78,212.98001,4.3612705e-05
