Vmax,Rmax,R34,fcor
18.004,74.08,97.23,4.2640077e-05
21.604801,50.004,103.712006,4.34062e-05
25.720001,27.78,111.119995,4.409823e-05
28.292,31.484,122.232,4.4583165e-05
30.864,37.04,134.26999,4.506766e-05
30.864,37.04,136.12201,4.577517e-05
30.864,37.04,138.9,4.651767e-05
31.8928,31.484,145.382,4.719234e-05
33.436,27.78,152.79001,4.7722115e-05
34.4648,27.78,153.716,4.801675e-05
36.008,27.78,155.10501,4.8202877e-05
38.58,27.78,206.49799,4.8425e-05
41.152,27.78,259.28,4.868306e-05
43.724,27.78,251.87201,4.9042563e-05
46.296,27.78,245.39,4.9402213e-05
46.296,27.78,245.39,4.9695125e-05
46.296,27.78,245.39,4.9880902e-05
46.296,27.78,241.686,4.989878e-05
46.296,27.78,238.445,4.9880902e-05
46.296,27.78,248.168,4.9982766e-05
46.296,27.78,259.28,5.012002e-05
44.7528,27.78,254.65,5.023899e-05
43.724,27.78,250.01999,5.035898e-05
43.724,27.78,250.01999,5.0513943e-05
43.724,27.78,250.01999,5.059779e-05
41.152,31.484,250.02,5.0496215e-05
38.58,37.04,250.01999,5.035898e-05
38.58,37.04,250.01999,5.0323157e-05
38.58,37.04,250.01999,5.035898e-05
41.152,37.04,255.113,5.044234e-05
43.724,37.04,261.595,5.059779e-05
43.724,37.04,261.595,5.0782666e-05
43.724,37.04,261.595,5.1074945e-05
47.3248,27.78,258.81702,5.1479976e-05
51.440002,18.52,256.965,5.2027382e-05
51.440002,27.78,256.965,5.2686617e-05
51.440002,37.04,256.965,5.345127e-05
55.040802,27.78,268.54,5.422597e-05
59.156002,18.52,280.115,5.510506e-05
