Vmax,Rmax,R34,fcor
20.576,83.34,138.9,4.7722115e-05
21.604801,83.34,244.46399,4.82031e-05
23.148,83.34,351.88,4.868306e-05
24.1768,87.044,361.14,4.90605e-05
25.720001,92.6,370.40002,4.9402213e-05
28.292,92.6,365.77,4.976095e-05
30.864,92.6,361.13998,5.012002e-05
30.864,92.6,361.13998,5.0478506e-05
30.864,92.6,361.13998,5.083645e-05
31.8928,92.6,361.13998,5.1193696e-05
33.436,92.6,361.13998,5.155148e-05
34.4648,96.304,372.715,5.1908522e-05
36.008,101.86,384.29,5.22651e-05
36.008,105.564,388.92,5.265681e-05
36.008,111.12,393.55002,5.2977284e-05
37.0368,111.12,393.55002,5.3131316e-05
38.58,111.12,393.55002,5.321436e-05
39.6088,111.12,409.292,5.331505e-05
41.152,111.12,425.96002,5.345127e-05
41.152,111.12,425.497,5.365239e-05
41.152,111.12,425.96,5.392461e-05
41.152,111.12,425.96,5.4261458e-05
41.152,111.12,425.96,5.4633376e-05
41.152,111.12,402.81,5.4969427e-05
41.152,111.12,379.66,5.5340646e-05
39.6088,111.12,379.66,5.5740613e-05
38.58,111.12,379.66,5.6281307e-05
38.58,111.12,364.844,5.703193e-05
38.58,111.12,351.88,5.7920843e-05
39.6088,111.12,358.362,5.8888603e-05
41.152,111.12,365.77002,5.9784e-05
42.1808,111.12,365.77002,6.038108e-05
43.724,111.12,365.77002,6.0942573e-05
