Vmax,Rmax,R34,fcor
20.576,64.82,83.34,4.409823e-05
21.604801,59.264,77.784,4.392235e-05
23.148,55.56,74.08,4.385554e-05
25.720001,46.3,77.784,4.390407e-05
28.292,37.04,83.34,4.409823e-05
33.436,37.04,87.044,4.4389286e-05
38.58,37.04,92.6,4.4825505e-05
43.724,37.04,124.084,4.5412446e-05
48.868,37.04,157.42,4.6034886e-05
54.012,37.04,161.124,4.6481582e-05
59.156002,37.04,166.68,4.6999867e-05
59.156002,37.04,169.92099,4.7806225e-05
59.156002,37.04,173.625,4.868306e-05
59.156002,37.04,173.625,4.9366343e-05
59.156002,37.04,173.625,5.012002e-05
59.156002,31.484,176.86601,5.1176245e-05
59.156002,27.78,180.56999,5.22651e-05
56.584,27.78,180.56999,5.3220243e-05
54.012,27.78,180.56999,5.392461e-05
51.440002,27.78,180.56999,5.423193e-05
48.868,27.78,180.56999,5.439729e-05
47.3248,27.78,171.31,5.475137e-05
46.296,27.78,162.04999,5.510506e-05
46.296,27.78,190.293,5.5375916e-05
46.296,27.78,219.925,5.5576067e-05
46.296,31.484,219.925,5.5711305e-05
46.296,37.04,219.925,5.581132e-05
46.296,37.04,219.925,5.5946526e-05
46.296,37.04,219.925,5.6046403e-05
46.296,31.484,219.925,5.604624e-05
46.296,27.78,219.925,5.6046403e-05
51.440002,27.78,235.66699,5.6163728e-05
56.584,27.78,252.33499,5.6281307e-05
