Vmax,Rmax,R34,fcor
20.576,55.56,194.46,3.404614e-05
23.148,55.56,194.46,3.4324272e-05
25.720001,55.56,194.46,3.47882e-05
26.7488,50.004,194.46,3.5121604e-05
28.292,46.3,194.46,3.5529305e-05
29.3208,46.3,194.46,3.6090518e-05
30.864,46.3,194.46,3.67623e-05
31.8928,46.3,199.09,3.7463713e-05
33.436,46.3,203.72,3.8238195e-05
33.436,46.3,208.35,3.9096358e-05
33.436,46.3,212.98001,3.995476e-05
34.4648,40.744,212.98001,4.070723e-05
36.008,37.04,212.98001,4.142137e-05
36.008,37.04,212.98001,4.2051426e-05
36.008,37.04,212.98001,4.288343e-05
38.58,37.04,212.98001,4.409823e-05
36.008,37.04,212.98001,4.4825505e-05
34.4648,40.744,212.98001,4.508728e-05
33.436,46.3,212.98001,4.506766e-05
33.436,46.3,212.98,4.5009652e-05
33.436,46.3,212.98001,4.506766e-05
33.436,40.744,212.98001,4.546218e-05
33.436,37.04,212.98001,4.6034886e-05
34.4648,37.04,244.001,4.6583868e-05
36.008,37.04,275.485,4.7240763e-05
36.008,37.04,275.485,4.8062047e-05
36.008,37.04,275.485,4.892293e-05
37.0368,37.04,275.485,4.96591e-05
38.58,37.04,275.485,5.035898e-05
