Vmax,Rmax,R34,fcor
18.004,111.12,152.79001,4.239659e-05
19.0328,111.12,148.16,4.3752585e-05
20.576,111.12,135.81334,4.506766e-05
21.604801,87.044,133.34401,4.6330464e-05
23.148,64.82,120.38,4.748151e-05
24.1768,59.264,147.69699,4.846102e-05
25.720001,55.56,175.93999,4.9402213e-05
29.3208,46.3,173.16202,5.051427e-05
33.436,37.04,171.31,5.155148e-05
34.4648,31.484,181.033,5.2336338e-05
36.008,27.78,192.14502,5.2977284e-05
36.008,27.78,181.496,5.362286e-05
36.008,27.78,171.31,5.4161024e-05
38.58,27.78,172.23601,5.455068e-05
41.152,27.78,173.625,5.4869302e-05
42.1808,18.52,173.625,5.5170054e-05
43.724,9.26,173.625,5.5576067e-05
44.7528,14.816,181.496,5.6228408e-05
46.296,22.223999,189.83,5.698501e-05
49.8968,22.223999,218.073,5.7687088e-05
54.012,22.223999,247.705,5.83877e-05
56.584,22.223999,247.242,5.905177e-05
59.156002,22.223999,247.705,5.9784e-05
59.156002,24.076,241.686,6.0693867e-05
59.156002,27.78,236.12997,6.1635496e-05
