Vmax,Rmax,R34,fcor
18.004,74.08,92.600006,3.7254722e-05
19.0328,74.08,97.23001,3.7463382e-05
20.576,74.08,101.86,3.7746686e-05
21.604801,74.08,104.175,3.8060007e-05
23.148,74.08,106.490005,3.8483773e-05
24.1768,74.08,122.69501,3.9022794e-05
25.720001,74.08,138.9,3.9709896e-05
28.292,55.56,148.16,4.060291e-05
30.864,37.04,157.42,4.142137e-05
34.4648,37.04,166.68,4.1841642e-05
38.58,37.04,175.93999,4.2152973e-05
41.152,37.04,185.2,4.2621916e-05
43.724,37.04,194.46,4.3126656e-05
47.3248,31.484,196.77501,4.3629858e-05
51.440002,27.78,199.09001,4.409823e-05
56.584,20.372,208.35,4.4444118e-05
61.728,12.964,217.60999,4.4825505e-05
65.328804,12.964,217.60999,4.5393106e-05
69.444,12.964,217.60999,4.6034886e-05
74.588,12.964,224.555,4.6655856e-05
79.732,12.964,231.5,4.7240763e-05
79.732,12.964,240.76001,4.7758327e-05
79.732,12.964,250.02,4.8202877e-05
80.7608,12.964,263.91,4.8525846e-05
82.304,12.964,277.8,4.892293e-05
83.3328,16.668,296.32,4.9659746e-05
84.876,22.223999,314.84,5.035898e-05
