Vmax,Rmax,R34,fcor
20.576,74.08,92.6,3.7746686e-05
21.604801,64.82,90.284996,3.7765054e-05
23.148,55.56,87.97,3.7746686e-05
24.1768,50.004,98.619,3.77836e-05
25.720001,46.3,111.119995,3.7746686e-05
26.7488,46.3,111.119995,3.7537615e-05
28.292,46.3,111.119995,3.7254722e-05
29.3208,46.3,160.198,3.7008525e-05
30.864,46.3,210.665,3.67623e-05
31.8928,46.3,162.513,3.6497397e-05
33.436,46.3,115.75,3.626943e-05
34.4648,40.744,136.12201,3.6090565e-05
36.008,37.04,157.42,3.6022833e-05
38.58,38.892,189.82999,3.6072015e-05
41.152,40.744,222.23999,3.626943e-05
44.7528,35.188,224.092,3.6583788e-05
48.868,31.484,226.87,3.700857e-05
51.440002,29.632,268.54,3.746344e-05
54.012,27.78,310.21,3.7992504e-05
55.040802,22.223999,310.21,3.8625e-05
56.584,18.52,310.21,3.9219805e-05
57.6128,18.52,310.21,3.9605773e-05
59.156002,18.52,310.21,3.995476e-05
60.1848,22.223999,310.21,4.0370578e-05
61.728,27.78,310.21,4.093299e-05
61.728,24.076,310.21,4.169509e-05
61.728,22.223999,310.21,4.2640077e-05
62.7568,24.076,310.21,4.3734657e-05
64.3,27.78,310.21,4.4825505e-05
65.328804,22.223999,310.21,4.5744608e-05
66.872,18.52,310.21,4.651767e-05
67.9008,22.223999,310.21,4.713824e-05
69.444,27.78,310.21,4.7722115e-05
