Vmax,Rmax,R34,fcor
18.004,92.6,83.34,4.513406e-05
20.576,92.6,166.68,4.5309676e-05
21.604801,83.34,190.756,4.5666453e-05
23.148,74.08,215.295,4.627635e-05
24.1768,74.08,232.426,4.7168414e-05
25.720001,74.08,250.02,4.8202877e-05
26.7488,74.08,266.22498,4.916259e-05
28.292,74.08,282.43,5.012002e-05
30.864,64.82,287.06,5.1056868e-05
33.436,55.56,291.69,5.2027382e-05
34.4648,55.56,294.005,5.3131524e-05
36.008,55.56,296.32,5.4161024e-05
37.0368,55.56,298.635,5.4904664e-05
38.58,55.56,300.94998,5.5576067e-05
38.58,55.56,303.26498,5.6345743e-05
38.58,55.56,305.58,5.721923e-05
38.58,55.56,310.21,5.825348e-05
38.58,55.56,314.84,5.9319285e-05
38.58,64.82,317.15503,6.0247887e-05
38.58,74.08,319.47003,6.1173734e-05
38.58,55.56,319.47003,6.217725e-05
38.58,37.04,319.47003,6.324571e-05
37.0368,37.04,319.47003,6.439007e-05
36.008,37.04,319.47003,6.552959e-05
36.008,55.56,321.78503,6.655058e-05
36.008,74.08,324.09998,6.756802e-05
34.4648,68.524,328.72998,6.865966e-05
33.436,64.82,333.36,6.981338e-05
33.436,64.82,335.675,7.107248e-05
33.436,64.82,337.99,7.2258685e-05
36.008,64.82,331.045,7.32077e-05
38.58,64.82,324.1,7.402041e-05
