Vmax,Rmax,R34,fcor
18.004,92.6,317.155,5.155148e-05
19.0328,92.6,317.155,5.2668147e-05
20.576,92.6,317.155,5.392461e-05
21.604801,92.6,317.155,5.518752e-05
23.148,92.6,317.155,5.6516048e-05
24.1768,92.6,317.155,5.7867244e-05
25.720001,92.6,317.155,5.9319285e-05
25.720001,111.12,328.267,6.101245e-05
25.720001,129.64,340.305,6.255676e-05
26.7488,129.64,359.75098,6.3611595e-05
28.292,129.64,379.66003,6.43901e-05
28.292,129.64,389.846,6.5261585e-05
28.292,129.64,400.495,6.575688e-05
28.292,111.12,349.56497,6.5554e-05
28.292,92.6,298.635,6.507438e-05
29.3208,77.784,298.635,6.474221e-05
30.864,64.82,298.635,6.461839e-05
30.864,55.56,298.635,6.48412e-05
30.864,46.3,298.635,6.530208e-05
33.436,40.744,288.912,6.576963e-05
36.008,37.04,280.115,6.643758e-05
36.008,37.04,400.495,6.734234e-05
38.58,37.04,321.785,6.801876e-05
39.6088,29.632,291.69,6.824875e-05
41.152,22.223999,261.59497,6.801876e-05
