Vmax,Rmax,R34,fcor
23.148,74.08,87.97,3.231108e-05
23.148,74.08,87.97,3.1832988e-05
23.148,74.08,87.97,3.131743e-05
24.1768,64.82,87.97,3.0820003e-05
25.720001,55.56,87.97,3.0322259e-05
25.720001,55.56,87.97,2.9824112e-05
25.720001,55.56,115.75,3.0322259e-05
26.7488,50.004,117.602,3.0325084e-05
28.292,46.3,120.38,3.0073232e-05
29.3208,46.3,120.38,2.9911247e-05
30.864,46.3,120.38,2.9824112e-05
31.8928,46.3,120.38,2.9930075e-05
33.436,46.3,120.38,3.0073232e-05
36.008,40.744,143.99301,2.9988305e-05
38.58,37.04,168.995,3.0073232e-05
51.440002,31.484,168.995,3.0571195e-05
54.012,27.78,166.68,3.0820032e-05
66.872,27.78,166.68,3.131743e-05
66.872,27.78,185.2,3.206281e-05
66.872,27.78,185.2,3.257617e-05
66.872,27.78,185.2,3.305528e-05
66.872,27.78,185.2,3.3779972e-05
66.872,27.78,185.2,3.454095e-05
66.872,22.223999,219.462,3.5177454e-05
66.872,18.52,254.65001,3.577612e-05
66.872,22.223999,254.65001,3.6374164e-05
66.872,27.78,254.65001,3.700857e-05
