Vmax,Rmax,R34,fcor
18.004,92.6,125.009995,3.305528e-05
20.576,68.524,125.009995,3.34076e-05
23.148,46.3,125.009995,3.3798577e-05
21.604801,50.004,125.009995,3.431159e-05
20.576,55.56,125.009995,3.47882e-05
21.604801,55.56,131.95499,3.5091027e-05
23.148,55.56,138.9,3.5282377e-05
23.148,55.56,138.9,3.540513e-05
23.148,55.56,138.9,3.5529305e-05
24.1768,55.56,138.9,3.57388e-05
25.720001,55.56,138.9,3.6022833e-05
26.7488,55.56,138.9,3.637376e-05
28.292,55.56,138.9,3.67623e-05
29.3208,55.56,141.215,3.7076166e-05
30.864,55.56,143.53,3.7500762e-05
31.8928,50.004,159.735,3.823759e-05
33.436,46.3,175.94,3.897458e-05
34.4648,46.3,175.94,3.9379163e-05
36.008,46.3,175.94,3.9709896e-05
36.008,46.3,178.255,4.0180184e-05
36.008,46.3,180.57,4.0688625e-05
37.0368,40.744,180.57,4.1196145e-05
38.58,37.04,180.57,4.1665367e-05
37.0368,37.04,185.2,4.199338e-05
36.008,37.04,189.82999,4.239659e-05
37.0368,37.04,192.14499,4.3017408e-05
38.58,37.04,194.45999,4.385554e-05
42.1808,24.076,194.45999,4.4891593e-05
46.296,12.964,194.45999,4.6034886e-05
46.296,12.964,194.45999,4.7120233e-05
46.296,12.964,194.45999,4.8202877e-05
47.3248,12.964,187.515,4.9264047e-05
48.868,12.964,180.56999,5.035898e-05
51.440002,14.816,194.46,5.155145e-05
54.012,18.52,208.35,5.2740055e-05
