Vmax,Rmax,R34,fcor
20.576,64.82,87.97,3.4293596e-05
20.576,59.264,100.934,3.5133842e-05
20.576,55.56,115.75,3.626943e-05
21.604801,55.56,131.492,3.788745e-05
23.148,55.56,148.16,3.9464914e-05
21.604801,55.56,148.16,4.0559506e-05
20.576,55.56,148.16,4.1177245e-05
21.604801,55.56,148.16,4.1288622e-05
23.148,55.56,148.16,4.1177245e-05
23.148,55.56,146.308,4.1169853e-05
23.148,55.56,145.845,4.142137e-05
25.720001,55.56,145.845,4.2049847e-05
28.292,55.56,145.845,4.3126656e-05
30.864,55.56,145.845,4.458322e-05
33.436,55.56,145.845,4.5309676e-05
34.4648,55.56,153.716,4.582603e-05
36.008,55.56,162.04999,4.627635e-05
41.152,50.004,162.04999,4.6860587e-05
46.296,46.3,162.04999,4.748151e-05
52.4688,33.336,181.496,4.811911e-05
59.156002,22.223999,201.405,4.868306e-05
59.156002,22.223999,218.073,4.895174e-05
59.156002,22.223999,236.13,4.9402213e-05
56.584,22.223999,236.13,5.035898e-05
56.584,18.52,243.07501,5.155148e-05
56.584,18.52,253.26099,5.2424508e-05
56.584,18.52,263.91,5.321436e-05
55.040802,18.52,263.91,5.424346e-05
54.012,18.52,263.91,5.5340646e-05
54.012,20.372,263.91,5.639854e-05
54.012,22.223999,263.91,5.7453286e-05
54.012,29.632,263.91,5.855672e-05
54.012,37.04,263.91,5.9551734e-05
56.584,37.04,263.91,6.028232e-05
59.156002,37.04,263.91,6.0942573e-05
