Vmax,Rmax,R34,fcor
18.004,46.3,46.3,4.9880902e-05
18.004,46.3,64.82,5.046033e-05
18.004,46.3,83.34,5.1074945e-05
20.576,46.3,98.156,5.155144e-05
23.148,46.3,113.435,5.2027382e-05
23.148,46.3,113.435,5.2567924e-05
23.148,46.3,113.435,5.321436e-05
24.1768,46.3,113.435,5.4025008e-05
25.720001,46.3,113.435,5.4869302e-05
25.720001,46.3,113.435,5.562873e-05
25.720001,46.3,113.435,5.6281307e-05
26.7488,46.3,113.435,5.6715737e-05
28.292,46.3,113.435,5.721923e-05
28.292,46.3,113.435,5.8084104e-05
28.292,46.3,113.435,5.9086666e-05
30.864,46.3,113.435,6.0067927e-05
33.436,46.3,113.435,6.0942573e-05
33.436,46.3,113.897995,6.158976e-05
33.436,46.3,115.75,6.20965e-05
33.436,46.3,145.38199,6.2591025e-05
33.436,46.3,175.94,6.3016254e-05
33.436,46.3,175.94,6.339461e-05
33.436,46.3,175.94,6.370404e-05
34.4648,40.744,185.20001,6.389861e-05
36.008,37.04,194.45999,6.416161e-05
38.58,37.04,194.45999,6.461264e-05
41.152,37.04,194.45999,6.530208e-05
42.1808,33.336,207.424,6.623923e-05
43.724,31.484,222.23999,6.734234e-05
