Vmax,Rmax,R34,fcor
18.004,124.084,68.524,2.625203e-05
20.576,83.34,138.9,2.6577594e-05
20.576,83.34,138.9,2.700293e-05
20.576,83.34,138.9,2.7578055e-05
21.604801,83.34,142.604,2.8308785e-05
23.148,83.34,148.16,2.9076216e-05
25.720001,74.08,162.05,2.9680798e-05
28.292,64.82,175.94,3.0322259e-05
28.292,64.82,236.12999,3.1043855e-05
28.292,64.82,296.32,3.206281e-05
29.3208,64.82,296.32,3.352608e-05
30.864,64.82,296.32,3.5282377e-05
31.8928,59.264,296.32,3.7168316e-05
33.436,55.56,296.32,3.897458e-05
34.4648,55.56,298.635,4.0431725e-05
36.008,55.56,300.94998,4.1665367e-05
37.0368,55.56,300.94998,4.279746e-05
38.58,55.56,300.94998,4.385554e-05
38.58,55.56,305.58002,4.5000957e-05
38.58,55.56,310.21,4.6034886e-05
39.6088,55.56,310.21,4.683043e-05
41.152,55.56,310.21,4.748151e-05
42.1808,50.004,331.04498,4.8083133e-05
43.724,46.3,351.88,4.868306e-05
44.7528,46.3,351.88,4.9292394e-05
46.296,46.3,351.88,5.012002e-05
48.868,46.3,351.88,5.1397394e-05
51.440002,46.3,351.88,5.2740055e-05
55.040802,46.3,354.195,5.372276e-05
59.156002,46.3,356.51,5.4633376e-05
62.7568,37.04,354.195,5.5657434e-05
66.872,27.78,351.88,5.6750614e-05
