Vmax,Rmax,R34,fcor
18.004,55.56,64.82,3.872924e-05
22.1192,40.744,64.82,3.898374e-05
26.2344,25.928,64.82,3.9219805e-05
29.3208,22.223999,74.543,3.9831983e-05
32.9216,18.52,85.655,4.0444127e-05
34.4648,18.52,74.08,4.0780193e-05
36.008,18.52,62.505,4.093299e-05
49.8968,12.964,91.673996,4.1024097e-05
63.7856,9.26,122.695,4.093299e-05
62.2424,9.26,123.15799,4.0639763e-05
61.2136,11.1119995,125.009995,4.0199502e-05
65.8432,11.1119995,121.306,3.9672614e-05
70.9872,11.1119995,118.065,3.9219805e-05
69.958405,9.26,102.785995,3.9041486e-05
68.9296,9.26,87.97,3.897458e-05
68.9296,9.26,87.97,3.8815284e-05
68.9296,9.26,87.97,3.872924e-05
69.958405,9.26,91.211,3.8796297e-05
70.9872,9.26,94.91501,3.897458e-05
68.4152,9.26,124.547,3.9163926e-05
65.8432,9.26,155.10501,3.9464914e-05
63.271202,9.26,153.716,3.9899984e-05
61.2136,9.26,152.79,4.0444127e-05
61.2136,9.26,190.756,4.103638e-05
61.2136,9.26,229.18501,4.1665367e-05
63.271202,9.26,181.496,4.2219843e-05
65.8432,9.26,134.27,4.288343e-05
69.958405,9.26,138.437,4.3800646e-05
74.0736,9.26,143.53,4.4825505e-05
72.5304,9.26,143.53,4.579316e-05
70.9872,9.26,143.53,4.675884e-05
