Vmax,Rmax,R34,fcor
18.004,74.08,291.69,4.3369746e-05
19.0328,83.34,291.69,4.3472774e-05
20.576,92.6,291.69,4.3612705e-05
23.148,83.34,310.21,4.3885415e-05
25.720001,74.08,328.72998,4.4340795e-05
28.292,74.08,333.36,4.510368e-05
30.864,74.08,337.99,4.5793287e-05
31.8928,59.264,342.62,4.5950157e-05
33.436,46.3,347.25,4.6034886e-05
34.4648,46.3,347.25,4.6427012e-05
36.008,46.3,347.25,4.6999867e-05
38.58,40.744,351.88,4.772121e-05
41.152,37.04,356.50998,4.844305e-05
42.1808,37.04,368.085,4.8976897e-05
43.724,37.04,379.66,4.9402213e-05
44.7528,24.076,384.29,4.9760307e-05
46.296,12.964,388.92,5.012002e-05
46.296,14.816,388.92,5.058025e-05
46.296,18.52,388.92,5.1074945e-05
47.3248,18.52,391.23502,5.1532577e-05
48.868,18.52,393.55002,5.2027382e-05
49.8968,22.223999,393.55002,5.26038e-05
51.440002,27.78,393.55002,5.321436e-05
52.4688,27.78,395.86502,5.37877e-05
54.012,27.78,398.18002,5.439729e-05
55.040802,31.484,402.81003,5.5089105e-05
