Vmax,Rmax,R34,fcor
20.576,74.08,171.31,3.9709896e-05
20.576,74.08,146.771,4.0351933e-05
20.576,74.08,122.69501,4.1177245e-05
21.604801,74.08,138.437,4.203046e-05
23.148,74.08,155.105,4.288343e-05
24.1768,68.524,156.031,4.3631237e-05
25.720001,64.82,157.42,4.4340795e-05
26.7488,59.264,188.441,4.503028e-05
28.292,55.56,219.925,4.5793287e-05
29.3208,55.56,207.88701,4.6758345e-05
30.864,55.56,196.77501,4.7722115e-05
30.864,55.56,202.331,4.8461e-05
30.864,55.56,208.35,4.916265e-05
30.864,55.56,190.756,4.992778e-05
30.864,55.56,173.625,5.083645e-05
31.8928,40.744,187.052,5.2009094e-05
33.436,27.78,201.40501,5.321436e-05
34.4648,27.78,188.441,5.4178654e-05
36.008,27.78,175.94,5.510506e-05
36.008,27.78,226.40698,5.6198063e-05
36.008,27.78,277.8,5.721923e-05
37.0368,27.78,281.041,5.79737e-05
38.58,27.78,284.745,5.862087e-05
39.6088,37.04,288.44897,5.9318572e-05
41.152,46.3,294.005,6.0016075e-05
43.724,40.744,296.78302,6.0710943e-05
46.296,37.04,300.94998,6.14047e-05
48.868,38.892,309.747,6.209665e-05
51.440002,40.744,319.47,6.278661e-05
54.012,40.744,325.489,6.349199e-05
56.584,40.744,333.36002,6.416161e-05
