Vmax,Rmax,R34,fcor
20.576,55.56,87.97,2.9574905e-05
21.604801,55.56,87.97,3.0645762e-05
23.148,55.56,87.97,3.156599e-05
25.720001,37.04,87.97,3.203164e-05
28.292,18.52,87.97,3.231108e-05
29.3208,18.52,110.657,3.2645774e-05
30.864,18.52,134.27,3.305528e-05
33.436,18.52,137.974,3.3674598e-05
36.008,18.52,143.53,3.4293596e-05
44.7528,22.223999,158.34601,3.4720364e-05
54.012,27.78,173.625,3.5035337e-05
56.584,27.78,231.96301,3.5356297e-05
59.156002,27.78,291.69,3.5529305e-05
59.156002,27.78,335.675,3.536889e-05
59.156002,27.78,379.65997,3.5282377e-05
59.156002,27.78,379.65997,3.5738864e-05
59.156002,27.78,379.65997,3.626943e-05
59.156002,37.04,379.65997,3.6355534e-05
59.156002,46.3,379.65997,3.651592e-05
59.156002,37.04,379.65997,3.72546e-05
59.156002,27.78,379.65997,3.7992504e-05
59.156002,27.78,377.34497,3.817059e-05
59.156002,27.78,375.02997,3.8238195e-05
59.156002,27.78,368.548,3.8495782e-05
59.156002,27.78,363.45502,3.897458e-05
59.156002,40.744,298.172,3.981279e-05
59.156002,55.56,233.815,4.0688625e-05
60.1848,40.744,231.037,4.1324474e-05
61.728,27.78,229.18501,4.1665367e-05
64.3,31.484,242.612,4.159732e-05
66.872,37.04,256.965,4.142137e-05
70.4728,37.04,248.631,4.1451316e-05
74.588,37.04,240.76001,4.1665367e-05
