Vmax,Rmax,R34,fcor
18.004,46.3,97.23,3.5529305e-05
19.0328,50.004,99.545,3.5319517e-05
20.576,55.56,101.86,3.5035337e-05
21.604801,55.56,111.119995,3.4645705e-05
23.148,55.56,120.38,3.4293596e-05
23.148,55.56,120.38,3.4020588e-05
23.148,55.56,120.38,3.404614e-05
23.148,55.56,125.01,3.4517052e-05
23.148,55.56,129.64,3.5282377e-05
24.1768,55.56,129.64,3.6127032e-05
25.720001,55.56,129.64,3.700857e-05
25.720001,55.56,134.26999,3.7783422e-05
25.720001,55.56,138.9,3.8483773e-05
26.7488,55.56,141.215,3.902366e-05
28.292,55.56,143.53,3.9709896e-05
29.3208,40.744,143.53,4.087737e-05
30.864,27.78,143.53,4.2152973e-05
34.4648,27.78,143.53,4.3145184e-05
38.58,27.78,143.53,4.409823e-05
42.1808,27.78,145.845,4.5115346e-05
46.296,27.78,148.16,4.627635e-05
51.440002,20.372,148.16,4.7686084e-05
56.584,12.964,148.16,4.916265e-05
57.6128,12.964,148.16,5.051362e-05
59.156002,12.964,148.16,5.178951e-05
59.156002,12.964,152.79001,5.29948e-05
59.156002,12.964,157.42,5.4161024e-05
61.728,16.668,162.05,5.532288e-05
64.3,22.223999,166.68,5.6516048e-05
66.872,20.372,166.68,5.7786005e-05
69.444,18.52,166.68,5.9086666e-05
