Vmax,Rmax,R34,fcor
19.0328,50.004,25.002,3.993612e-05
23.148,27.78,50.93,4.0688625e-05
23.148,37.04,75.932,4.1384636e-05
23.148,46.3,101.86,4.2152973e-05
24.1768,46.3,115.75,4.3107775e-05
25.720001,46.3,129.64,4.409823e-05
26.7488,46.3,131.955,4.4982924e-05
28.292,46.3,134.27,4.5793287e-05
30.864,40.744,139.826,4.6571637e-05
33.436,37.04,145.845,4.7240763e-05
33.436,37.04,144.456,4.777596e-05
33.436,37.04,143.53,4.8202877e-05
33.436,37.04,146.308,4.854408e-05
33.436,37.04,150.475,4.892293e-05
34.4648,37.04,165.291,4.9485465e-05
36.008,37.04,180.57,5.012002e-05
37.0368,37.04,180.57,5.0734678e-05
38.58,37.04,180.57,5.131329e-05
39.6088,31.484,182.885,5.1806965e-05
41.152,27.78,185.2,5.22651e-05
42.1808,22.223999,215.29501,5.2739473e-05
43.724,18.52,245.39,5.321436e-05
44.7528,22.223999,245.39,5.370494e-05
46.296,27.78,245.39,5.4161024e-05
48.868,27.78,245.39,5.4514636e-05
51.440002,27.78,245.39,5.4869302e-05
