Vmax,Rmax,R34,fcor
18.004,92.6,87.97,3.7500762e-05
18.004,92.6,87.97,3.8078186e-05
18.004,92.6,87.97,3.872924e-05
18.004,77.784,87.97,3.9286602e-05
18.004,64.82,87.97,3.995476e-05
20.576,64.82,115.286995,4.0858806e-05
23.148,64.82,143.53,4.1909232e-05
24.1768,59.264,145.382,4.304236e-05
25.720001,55.56,148.16,4.409823e-05
26.7488,55.56,148.16,4.495147e-05
28.292,55.56,148.16,4.5551555e-05
29.3208,55.56,148.16,4.5756573e-05
30.864,55.56,148.16,4.6034886e-05
31.8928,55.56,166.21701,4.6891324e-05
33.436,55.56,185.2,4.796257e-05
36.008,59.264,188.90399,4.8922306e-05
38.58,64.82,194.46,4.9880902e-05
39.6088,64.82,219.462,5.0854338e-05
41.152,64.82,245.39,5.178951e-05
42.1808,64.82,243.075,5.258551e-05
43.724,64.82,240.76,5.345127e-05
44.7528,50.004,240.76,5.458018e-05
46.296,37.04,240.76,5.581132e-05
46.296,37.04,240.76,5.6984874e-05
46.296,37.04,240.76,5.8154368e-05
46.296,37.04,240.76,5.931915e-05
46.296,37.04,240.76,6.0479695e-05
46.296,37.04,250.01999,6.1670326e-05
46.296,37.04,259.28,6.278661e-05
