Vmax,Rmax,R34,fcor
18.004,83.34,32.41,5.0679344e-05
20.576,74.08,64.82,5.155148e-05
21.604801,68.524,69.45,5.2348532e-05
23.148,64.82,74.08,5.321436e-05
24.1768,64.82,76.395,5.4172917e-05
25.720001,64.82,78.71,5.5340646e-05
25.720001,64.82,87.97,5.6750614e-05
28.292,55.56,97.229996,5.698501e-05
29.3208,50.004,108.80501,5.790196e-05
30.864,46.3,120.380005,5.9086666e-05
33.436,37.04,120.380005,5.989982e-05
36.008,27.78,120.380005,6.0711227e-05
42.1808,22.223999,143.53,6.171582e-05
48.868,18.52,166.68,6.278661e-05
52.4688,18.52,173.625,6.383556e-05
56.584,18.52,180.57,6.4846485e-05
57.6128,14.816,187.515,6.580799e-05
59.156002,12.964,194.46,6.666408e-05
56.584,12.964,199.09001,6.7342e-05
54.012,12.964,203.72,6.801876e-05
52.4688,14.816,212.98001,6.891796e-05
51.440002,18.52,222.23999,6.981338e-05
55.040802,22.223999,224.555,7.0431255e-05
59.156002,27.78,226.87,7.115043e-05
