Vmax,Rmax,R34,fcor
18.004,64.82,166.68,3.5282377e-05
18.004,77.784,168.995,3.575769e-05
18.004,92.6,171.31,3.626943e-05
20.576,83.34,164.36499,3.6780606e-05
23.148,74.08,157.42,3.7254722e-05
23.148,74.08,164.365,3.760502e-05
23.148,74.08,171.31,3.7992504e-05
23.148,74.08,175.94,3.862511e-05
23.148,74.08,180.57,3.9219805e-05
25.720001,74.08,194.46002,3.9446168e-05
28.292,74.08,208.35,3.9709896e-05
29.3208,68.524,245.39,4.0370163e-05
30.864,64.82,282.43,4.1177245e-05
30.864,64.82,284.745,4.1873056e-05
30.864,64.82,287.06,4.2640077e-05
31.8928,64.82,285.20798,4.3594508e-05
33.436,64.82,284.745,4.458322e-05
34.4648,59.264,282.89297,4.5411423e-05
36.008,55.56,282.43,4.627635e-05
34.4648,55.56,311.599,4.7343387e-05
33.436,55.56,342.62,4.844305e-05
36.008,50.004,301.413,4.938385e-05
38.58,46.3,261.595,5.035898e-05
41.152,33.336,275.948,5.156875e-05
43.724,22.223999,291.69,5.2740055e-05
44.7528,22.223999,323.63702,5.3515232e-05
46.296,22.223999,356.51,5.439729e-05
48.868,14.816,338.916,5.587679e-05
51.440002,9.26,321.785,5.7453286e-05
