Vmax,Rmax,R34,fcor
18.004,74.08,71.765,2.2795499e-05
20.576,74.08,143.53,2.3819783e-05
21.604801,64.82,152.79,2.4453731e-05
23.148,55.56,162.04999,2.4823696e-05
25.720001,55.56,178.255,2.4967907e-05
28.292,55.56,194.46,2.5074483e-05
29.3208,50.004,203.72,2.5412737e-05
30.864,46.3,212.98001,2.5826394e-05
31.8928,46.3,219.925,2.6107913e-05
33.436,46.3,226.87,2.6577594e-05
34.4648,46.3,229.185,2.7465461e-05
36.008,46.3,231.5,2.857718e-05
41.152,46.3,252.335,2.9717852e-05
46.296,46.3,273.17,3.0820032e-05
47.3248,40.744,284.74503,3.1783846e-05
48.868,37.04,296.32,3.2559245e-05
51.440002,27.78,310.21,3.3091863e-05
54.012,18.52,324.1,3.3550914e-05
55.040802,18.52,326.415,3.413228e-05
56.584,18.52,328.73,3.47882e-05
60.1848,18.52,331.045,3.5529196e-05
64.3,18.52,333.36,3.626943e-05
65.328804,20.372,335.675,3.690323e-05
66.872,22.223999,337.99,3.7500762e-05
67.9008,22.223999,337.99,3.817007e-05
69.444,22.223999,337.99,3.872924e-05
70.4728,25.928,344.935,3.8992646e-05
72.016,31.484,351.88,3.9219805e-05
