Vmax,Rmax,R34,fcor
18.004,37.04,62.504997,2.6076874e-05
18.004,37.04,88.895996,2.6220714e-05
18.004,37.04,115.75001,2.6327272e-05
19.0328,37.04,115.75001,2.6577964e-05
20.576,37.04,115.75001,2.6827835e-05
21.604801,46.3,137.51099,2.7046231e-05
23.148,55.56,159.735,2.707799e-05
23.148,50.004,167.606,2.6899135e-05
23.148,46.3,175.94,2.6327272e-05
23.148,46.3,506.98502,2.53252e-05
25.720001,46.3,159.735,2.5575835e-05
26.7488,46.3,231.96301,2.5874684e-05
28.292,46.3,305.58,2.6327272e-05
29.3208,46.3,305.58,2.690918e-05
30.864,46.3,305.58,2.7827968e-05
31.8928,46.3,319.933,2.9269486e-05
33.436,46.3,335.675,3.0820032e-05
33.436,40.744,337.99,3.199446e-05
33.436,37.04,340.305,3.305528e-05
33.436,37.04,350.028,3.422552e-05
33.436,37.04,361.14,3.5282377e-05
34.4648,37.04,356.973,3.604114e-05
36.008,37.04,354.195,3.67623e-05
37.0368,37.04,360.67697,3.7691814e-05
38.58,37.04,368.085,3.872924e-05
42.1808,37.04,375.49298,3.985039e-05
46.296,37.04,384.29,4.093299e-05
44.7528,37.04,406.051,4.1768995e-05
43.724,37.04,428.27502,4.2640077e-05
42.1808,37.04,437.07202,4.381914e-05
41.152,37.04,446.79498,4.506766e-05
42.1808,55.56,444.94302,4.619184e-05
43.724,74.08,444.47998,4.7240763e-05
46.296,66.672,449.11,4.829292e-05
48.868,59.264,453.74,4.916265e-05
54.012,59.264,460.222,4.9677452e-05
59.156002,59.264,467.63,5.012002e-05
62.7568,57.412,471.797,5.078267e-05
66.872,55.56,476.89,5.155148e-05
66.872,55.56,485.687,5.231257e-05
66.872,55.56,495.41003,5.321436e-05
66.872,55.56,497.26202,5.427335e-05
66.872,55.56,500.04004,5.5576067e-05
