Vmax,Rmax,R34,fcor
20.576,55.56,168.995,3.7254722e-05
20.576,55.56,168.995,3.7636004e-05
20.576,55.56,168.995,3.8238195e-05
21.604801,55.56,183.811,3.872822e-05
23.148,55.56,199.09,3.9219805e-05
23.148,68.524,191.682,3.9800943e-05
23.148,83.34,185.2,4.0199502e-05
23.148,83.34,185.2,4.013261e-05
23.148,83.34,185.2,3.995476e-05
24.1768,68.524,220.851,4.0057297e-05
25.720001,55.56,256.965,4.0199502e-05
26.7488,46.3,229.648,4.025442e-05
28.292,37.04,203.72,4.0199502e-05
28.292,37.04,203.72,3.991832e-05
28.292,37.04,203.72,3.9709896e-05
29.3208,40.744,200.942,3.982512e-05
30.864,46.3,199.09,4.0199502e-05
31.8928,46.3,199.09,4.0755553e-05
33.436,46.3,199.09,4.142137e-05
36.008,33.336,209.276,4.199466e-05
38.58,22.223999,219.925,4.2640077e-05
41.152,24.076,219.925,4.3454245e-05
43.724,27.78,219.925,4.4340795e-05
44.7528,24.076,219.925,4.5225297e-05
46.296,22.223999,219.925,4.6034886e-05
46.296,16.668,219.925,4.6728524e-05
46.296,12.964,219.925,4.7240763e-05
48.868,12.964,219.925,4.751742e-05
51.440002,12.964,219.925,4.7722115e-05
55.040802,14.816,219.925,4.8046666e-05
59.156002,18.52,219.925,4.844305e-05
