Vmax,Rmax,R34,fcor
18.004,55.56,111.119995,3.8238195e-05
20.576,55.56,111.119995,3.9097096e-05
23.148,55.56,111.119995,3.995476e-05
24.1768,55.56,112.972,4.063937e-05
25.720001,55.56,115.75,4.1177245e-05
26.7488,55.56,133.807,4.1598232e-05
28.292,55.56,152.79,4.1909232e-05
29.3208,46.3,159.272,4.2170766e-05
30.864,37.04,166.68,4.239659e-05
33.436,37.04,168.532,4.2639767e-05
36.008,37.04,171.31,4.288343e-05
38.58,37.04,160.661,4.3144813e-05
41.152,37.04,150.47499,4.3369746e-05
43.724,29.632,152.327,4.3490654e-05
46.296,22.223999,155.105,4.3612705e-05
48.868,22.223999,160.66101,4.3855318e-05
51.440002,22.223999,166.68,4.409823e-05
54.012,14.816,180.10701,4.4237033e-05
56.584,9.26,194.45999,4.4340795e-05
60.1848,14.816,227.796,4.447984e-05
64.3,22.223999,261.595,4.458322e-05
67.9008,22.223999,261.132,4.4582986e-05
72.016,22.223999,261.59497,4.458322e-05
74.588,22.223999,255.576,4.4648972e-05
77.16,22.223999,250.01999,4.4825505e-05
