Vmax,Rmax,R34,fcor
18.004,120.38,114.20667,3.3550914e-05
20.576,120.38,152.48134,3.3847202e-05
23.148,120.38,199.09,3.4293596e-05
24.1768,92.6,149.086,3.5320776e-05
25.720001,64.82,99.545,3.626943e-05
28.292,64.82,148.16,3.6520676e-05
30.864,64.82,196.775,3.651592e-05
33.436,64.82,221.777,3.66767e-05
36.008,64.82,247.705,3.67623e-05
39.6088,50.004,248.16801,3.6639063e-05
43.724,37.04,250.01999,3.651592e-05
47.3248,22.223999,223.629,3.654523e-05
51.440002,9.26,199.09,3.67623e-05
49.8968,12.964,279.652,3.7236136e-05
48.868,18.52,361.14,3.7746686e-05
44.7528,18.52,357.436,3.806784e-05
41.152,18.52,354.195,3.8238195e-05
39.6088,22.223999,340.768,3.827319e-05
38.58,27.78,328.73,3.8238195e-05
38.58,27.78,322.711,3.8219823e-05
38.58,27.78,317.155,3.8238195e-05
38.58,40.744,260.206,3.8342012e-05
38.58,55.56,203.72,3.8483773e-05
38.58,40.744,228.722,3.860624e-05
38.58,27.78,254.65,3.872924e-05
39.6088,18.52,254.65,3.8870254e-05
41.152,9.26,254.65,3.897458e-05
48.868,18.52,250.946,3.899257e-05
56.584,27.78,247.705,3.897458e-05
