Vmax,Rmax,R34,fcor
20.576,74.08,111.12,3.0820032e-05
21.604801,74.08,148.16,3.098091e-05
23.148,74.08,185.20001,3.1068776e-05
23.148,74.08,185.20001,3.1086616e-05
23.148,74.08,185.20001,3.1068776e-05
24.1768,74.08,185.20001,3.1086616e-05
25.720001,74.08,185.20001,3.1068776e-05
25.720001,74.08,185.20001,3.0962445e-05
25.720001,74.08,185.20001,3.0820032e-05
25.720001,74.08,185.20001,3.06764e-05
25.720001,74.08,185.20001,3.0571195e-05
26.7488,55.56,185.20001,3.0533534e-05
28.292,37.04,185.20001,3.0571195e-05
29.3208,37.04,185.20001,3.065766e-05
30.864,37.04,185.20001,3.0820032e-05
30.864,37.04,185.20001,3.099362e-05
30.864,37.04,185.20001,3.131743e-05
31.8928,37.04,185.20001,3.1864078e-05
33.436,37.04,185.20001,3.2559245e-05
33.436,37.04,185.20001,3.3321485e-05
33.436,37.04,185.20001,3.404614e-05
33.436,37.04,185.20001,3.4614717e-05
33.436,37.04,185.20001,3.5035337e-05
33.436,37.04,185.20001,3.5319274e-05
33.436,37.04,185.20001,3.5529305e-05
