Vmax,Rmax,R34,fcor
23.148,55.56,60.190002,1.1442632e-05
23.148,55.56,60.190002,1.1550361e-05
23.148,55.56,60.190002,1.1696372e-05
24.1768,55.56,66.209,1.1931044e-05
25.720001,55.56,74.08,1.2203745e-05
25.720001,50.004,74.08,1.255245e-05
25.720001,46.3,74.08,1.2710968e-05
26.7488,40.744,85.192,1.2425561e-05
28.292,37.04,97.229996,1.19500755e-05
28.292,37.04,97.229996,1.1569444e-05
28.292,37.04,97.229996,1.1188857e-05
28.292,37.04,97.229996,1.0808047e-05
28.292,37.04,97.229996,1.0427331e-05
28.292,40.744,97.229996,1.006541e-05
28.292,46.3,97.229996,9.6655185e-06
26.7488,40.744,94.451996,9.100253e-06
25.720001,37.04,92.6,8.64936e-06
25.720001,40.744,94.452,8.53498e-06
25.720001,46.3,97.23,8.64936e-06
26.7488,46.3,106.490005,8.86532e-06
28.292,46.3,115.75,9.157494e-06
30.864,40.744,122.232,9.3923145e-06
33.436,37.04,129.64,9.6655185e-06
36.008,37.04,131.492,1.0027327e-05
38.58,37.04,134.27,1.0427331e-05
42.1808,37.04,138.437,1.080818e-05
46.296,37.04,143.53,1.1188857e-05
52.4688,40.744,151.864,1.1569334e-05
59.156002,46.3,162.05,1.19500755e-05
59.156002,37.04,175.94,1.231145e-05
59.156002,27.78,189.83,1.2710968e-05
60.1848,22.223999,189.83,1.319883e-05
61.728,18.52,189.83,1.3724946e-05
62.7568,22.223999,201.405,1.4250639e-05
64.3,27.78,212.98001,1.4738254e-05
65.328804,27.78,212.98001,1.5155669e-05
66.872,27.78,212.98001,1.5497764e-05
67.9008,27.78,212.517,1.5769778e-05
69.444,27.78,212.98001,1.600387e-05
69.444,22.223999,203.257,1.6294598e-05
69.444,18.52,194.45999,1.6509784e-05
66.872,22.223999,172.236,1.6528425e-05
64.3,27.78,150.47499,1.6509784e-05
61.728,27.78,150.47499,1.656012e-05
59.156002,27.78,150.47499,1.6762664e-05
61.728,22.223999,166.217,1.7211067e-05
64.3,18.52,182.88501,1.777367e-05
67.9008,12.964,190.756,1.8335253e-05
72.016,9.26,199.09,1.8783807e-05
