Vmax,Rmax,R34,fcor
18.004,83.34,46.3,3.0110494e-05
20.576,83.34,92.6,2.9325609e-05
24.1768,59.264,145.38199,2.8321065e-05
28.292,37.04,199.09001,2.7578055e-05
30.864,29.632,202.33101,2.7496932e-05
33.436,22.223999,206.035,2.7827968e-05
37.0368,24.076,206.96101,2.8233824e-05
41.152,27.78,208.35,2.882674e-05
44.7528,27.78,211.591,2.9388002e-05
48.868,27.78,215.295,3.0322259e-05
54.012,27.78,215.295,3.1814445e-05
56.584,22.223999,217.61,3.330315e-05
57.6128,22.223999,219.462,3.4231725e-05
59.156002,22.223999,222.23999,3.47882e-05
61.728,22.223999,230.111,3.5164507e-05
64.3,22.223999,238.44499,3.577612e-05
64.3,22.223999,238.44499,3.700857e-05
66.872,22.223999,238.44499,3.8238195e-05
67.9008,20.372,238.44499,3.923955e-05
69.444,18.52,238.44499,3.995476e-05
69.444,18.52,238.44499,4.0358278e-05
69.444,18.52,238.44499,4.0688625e-05
69.444,18.52,246.31601,4.128096e-05
69.444,18.52,254.65001,4.1909232e-05
