Vmax,Rmax,R34,fcor
20.576,74.08,74.08,3.3550914e-05
20.576,74.08,83.34,3.390361e-05
20.576,74.08,92.6,3.4293596e-05
21.604801,74.08,92.6,3.4559194e-05
23.148,74.08,92.6,3.47882e-05
23.148,74.08,92.6,3.5072142e-05
23.148,74.08,92.6,3.5282377e-05
24.1768,50.004,99.082,3.533762e-05
25.720001,27.78,106.490005,3.5282377e-05
26.7488,22.223999,112.509,3.5177163e-05
28.292,18.52,120.380005,3.5035337e-05
28.292,18.52,122.231995,3.4930086e-05
28.292,18.52,125.01,3.47882e-05
28.292,18.52,132.418,3.459649e-05
28.292,18.52,141.215,3.4293596e-05
28.292,18.52,141.215,3.3742497e-05
28.292,18.52,141.215,3.330315e-05
28.292,18.52,135.659,3.3296757e-05
28.292,18.52,131.95499,3.3550914e-05
29.3208,18.52,106.953,3.3922253e-05
30.864,18.52,83.34,3.4293596e-05
30.864,18.52,83.34,3.4435914e-05
30.864,18.52,83.34,3.454095e-05
31.8928,18.52,117.602005,3.473248e-05
33.436,18.52,152.79001,3.5035337e-05
34.4648,18.52,152.79001,3.5473706e-05
36.008,18.52,152.79001,3.6022833e-05
38.58,18.52,161.587,3.660217e-05
41.152,18.52,171.31,3.7254722e-05
