Vmax,Rmax,R34,fcor
20.576,83.34,111.119995,1.2457375e-05
21.604801,83.34,111.119995,1.28564825e-05
23.148,83.34,111.119995,1.3218036e-05
25.720001,83.34,116.676,1.359812e-05
28.292,83.34,122.695,1.3978337e-05
30.864,64.82,131.02899,1.4301137e-05
33.436,46.3,141.215,1.4738254e-05
33.436,50.004,151.401,1.538383e-05
33.436,55.56,162.04999,1.6256854e-05
30.864,50.004,147.69699,1.7337476e-05
28.292,46.3,134.27,1.8531358e-05
28.292,46.3,131.492,1.9723484e-05
28.292,46.3,129.64,2.0801292e-05
29.3208,46.3,129.64,2.1651224e-05
30.864,46.3,129.64,2.231176e-05
33.436,46.3,136.12201,2.2852159e-05
36.008,46.3,143.53,2.3317392e-05
38.58,46.3,147.234,2.381964e-05
41.152,46.3,152.79,2.432189e-05
42.1808,46.3,156.494,2.4823106e-05
43.724,46.3,162.05,2.53252e-05
46.296,29.632,177.792,2.5845227e-05
48.868,12.964,194.45999,2.6327272e-05
49.8968,12.964,194.45999,2.6739734e-05
51.440002,12.964,194.45999,2.707799e-05
54.012,16.668,194.45999,2.7309074e-05
56.584,22.223999,194.45999,2.7578055e-05
