Vmax,Rmax,R34,fcor
18.004,74.08,29.632,4.066929e-05
20.576,64.82,60.190002,4.1177245e-05
21.604801,64.82,60.190002,4.1683572e-05
23.148,64.82,60.190002,4.2152973e-05
26.7488,55.56,82.877,4.251758e-05
30.864,46.3,106.49,4.288343e-05
33.436,40.744,127.325,4.3387572e-05
36.008,37.04,148.16,4.385554e-05
38.58,37.04,148.16,4.4134096e-05
41.152,37.04,148.16,4.4340795e-05
41.152,31.484,154.642,4.4564425e-05
41.152,27.78,162.05,4.4825505e-05
43.724,29.632,185.20001,4.5169916e-05
46.296,31.484,208.35,4.5551555e-05
43.724,33.336,210.20201,4.591393e-05
41.152,37.04,212.98001,4.627635e-05
41.152,37.04,212.98001,4.665588e-05
41.152,37.04,212.98001,4.6999867e-05
41.152,37.04,212.98001,4.7258276e-05
41.152,37.04,212.98001,4.748151e-05
42.1808,38.892,222.23999,4.772228e-05
43.724,40.744,231.5,4.796257e-05
47.3248,40.744,250.946,4.820232e-05
51.440002,40.744,270.85498,4.844305e-05
