Vmax,Rmax,R34,fcor
18.004,55.56,87.97,1.8026287e-05
19.0328,55.56,113.435,1.9105524e-05
20.576,55.56,138.9,2.0297284e-05
20.576,50.004,143.53,2.1361562e-05
20.576,46.3,148.16,2.231176e-05
21.604801,46.3,150.475,2.3046781e-05
23.148,46.3,152.79001,2.3819783e-05
24.1768,46.3,155.105,2.4911164e-05
25.720001,46.3,157.42,2.6076874e-05
26.7488,37.04,162.04999,2.7115508e-05
28.292,27.78,166.68,2.807779e-05
28.292,27.78,171.31,2.9026161e-05
28.292,27.78,175.94,2.9824112e-05
30.864,27.78,175.94,3.0358577e-05
33.436,27.78,175.94,3.0820032e-05
36.008,27.78,178.255,3.1460386e-05
38.58,27.78,180.56999,3.206281e-05
42.1808,22.223999,185.2,3.2509317e-05
46.296,18.52,189.82999,3.280731e-05
51.440002,18.52,196.775,3.2949843e-05
56.584,18.52,203.72,3.305528e-05
59.156002,18.52,215.295,3.3302775e-05
61.728,18.52,226.87,3.3550914e-05
62.7568,14.816,229.185,3.367456e-05
64.3,12.964,231.5,3.3798577e-05
66.872,12.964,231.5,3.408319e-05
69.444,12.964,231.5,3.4293596e-05
