Vmax,Rmax,R34,fcor
20.576,64.82,78.71,1.5497764e-05
21.604801,64.82,82.414,1.5731557e-05
23.148,64.82,87.97,1.600387e-05
25.720001,55.56,91.673996,1.6168122e-05
28.292,46.3,97.229996,1.6256854e-05
31.8928,37.04,97.229996,1.6256578e-05
36.008,27.78,97.229996,1.6256854e-05
37.0368,27.78,97.229996,1.6307324e-05
38.58,27.78,97.229996,1.6509784e-05
42.1808,27.78,110.194,1.699592e-05
46.296,27.78,125.009995,1.7520999e-05
51.440002,20.372,140.752,1.7811491e-05
56.584,12.964,157.42,1.8026287e-05
61.728,12.964,170.384,1.825946e-05
66.872,12.964,185.20001,1.8531358e-05
67.9008,12.964,194.45999,1.8890556e-05
69.444,12.964,203.72,1.9288536e-05
73.0448,12.964,214.832,1.9666764e-05
77.16,12.964,226.87,2.0045187e-05
78.1888,16.668,218.536,2.0385123e-05
79.732,22.223999,210.66501,2.0801292e-05
79.732,24.076,210.66501,2.1354646e-05
79.732,27.78,210.66501,2.206018e-05
80.7608,29.632,210.66501,2.2883078e-05
82.304,31.484,210.66501,2.3819783e-05
