Vmax,Rmax,R34,fcor
18.004,83.34,81.951004,2.1417933e-05
20.576,83.34,164.36499,2.1556822e-05
20.576,77.784,177.792,2.1525278e-05
20.576,74.08,192.145,2.130504e-05
21.604801,74.08,196.775,2.0945763e-05
23.148,74.08,201.405,2.0549318e-05
24.1768,64.82,193.997,2.0259366e-05
25.720001,55.56,187.515,2.0045187e-05
24.1768,55.56,182.885,1.9880872e-05
23.148,55.56,178.255,1.9793031e-05
21.604801,55.56,174.088,1.9774085e-05
20.576,55.56,171.31,1.9793031e-05
21.604801,55.56,178.255,1.9811914e-05
23.148,55.56,185.2,1.9793031e-05
24.1768,55.56,174.551,1.9685353e-05
25.720001,55.56,164.36499,1.9540814e-05
26.7488,59.264,166.217,1.939546e-05
28.292,64.82,168.995,1.9288536e-05
29.3208,55.56,167.60599,1.9250489e-05
30.864,46.3,166.68,1.9288536e-05
31.8928,46.3,167.60599,1.935759e-05
33.436,46.3,168.995,1.9540814e-05
34.4648,40.744,176.403,1.9919145e-05
36.008,37.04,185.2,2.0297284e-05
38.58,46.3,194.45999,2.0460564e-05
41.152,55.56,203.72,2.0549318e-05
