Vmax,Rmax,R34,fcor
20.576,46.3,74.08,1.4738254e-05
21.604801,46.3,75.932,1.4757245e-05
23.148,46.3,78.71,1.4738254e-05
25.720001,40.744,78.71,1.4738255e-05
28.292,37.04,78.71,1.4738254e-05
28.292,37.04,140.752,1.475724e-05
28.292,37.04,203.72,1.4738254e-05
28.292,46.3,222.24,1.4611632e-05
28.292,55.56,240.75998,1.4484991e-05
28.292,55.56,226.87001,1.4446982e-05
28.292,55.56,212.98,1.4484991e-05
28.292,55.56,212.517,1.4573655e-05
28.292,55.56,212.98,1.4738254e-05
28.292,55.56,203.257,1.4991466e-05
28.292,55.56,194.45999,1.524464e-05
28.292,50.004,189.83002,1.5371197e-05
28.292,46.3,185.19998,1.5497764e-05
28.292,46.3,185.19998,1.5712867e-05
28.292,46.3,185.19998,1.600387e-05
26.7488,50.004,162.05,1.6326389e-05
25.720001,55.56,138.9,1.6762664e-05
24.1768,55.56,138.9,1.7337767e-05
23.148,55.56,138.9,1.8026287e-05
25.720001,50.004,143.53,1.8802588e-05
28.292,46.3,148.16,1.9540814e-05
29.3208,40.744,154.642,2.0064192e-05
30.864,37.04,162.05,2.0549318e-05
31.8928,31.484,162.05,2.1141193e-05
33.436,27.78,162.05,2.1808535e-05
36.008,27.78,162.05,2.2525503e-05
38.58,27.78,162.05,2.3317392e-05
42.1808,27.78,168.532,2.4196182e-05
46.296,27.78,175.94,2.5074483e-05
49.8968,27.78,199.09,2.584512e-05
54.012,27.78,222.24,2.6577594e-05
57.6128,22.223999,226.87,2.7346614e-05
61.728,18.52,231.5,2.807779e-05
65.328804,18.52,231.5,2.8682982e-05
69.444,18.52,231.5,2.9325609e-05
70.4728,27.78,222.23999,3.014156e-05
72.016,37.04,212.98,3.1068776e-05
72.016,37.04,212.98,3.2043976e-05
72.016,37.04,212.98,3.305528e-05
74.588,37.04,212.98,3.4045646e-05
77.16,37.04,212.98,3.5035337e-05
