Vmax,Rmax_IBT,Rmax_CK22,R34,fcor,u_trans,v_trans
23.0,74.0,77.73197,205.5,3.086959e-05,-2.0497704,0.17933165
26.0,74.0,73.847916,217.5,3.0820032e-05,-1.0286434,0.017954946
26.0,74.0,73.85516,217.5,3.0944397e-05,-1.0098981,-0.19630414
26.0,74.0,73.86246,217.5,3.1068776e-05,-0.47350767,-0.20099214
23.0,74.0,72.40645,191.5,3.229248e-05,0.0,2.0576
23.0,74.0,62.646988,167.0,3.280731e-05,0.6656828,-2.4843612
23.0,74.0,62.696964,167.0,3.3482633e-05,1.324678,-2.2046344
23.0,74.0,62.738354,167.0,3.404614e-05,1.9702663,-1.6532499
24.0,74.0,54.53648,152.0,3.4244073e-05,2.4168894,-0.8796757
26.0,74.0,46.749657,139.0,3.4293596e-05,3.493841,-0.8711123
27.0,74.0,44.931305,139.0,3.4324108e-05,4.4718504,-1.1982285
28.0,74.0,42.43373,139.0,3.454095e-05,4.8637476,-1.6747224
29.0,69.0,44.99476,152.5,3.520826e-05,5.2463775,-2.119674
31.0,65.0,46.416813,166.5,3.6022833e-05,5.8005347,-2.1112216
31.0,56.0,46.404915,166.5,3.6638336e-05,6.809247,-2.3446114
31.0,46.0,46.392647,166.5,3.7254722e-05,7.6837406,-2.9495113
33.0,41.0,42.521347,167.25,3.7918442e-05,8.4587,-3.7660553
36.0,37.0,39.42092,169.0,3.872924e-05,8.391685,-3.9131076
41.0,37.0,34.834423,176.25,3.9739265e-05,8.250009,-4.2035875
46.0,37.0,31.063091,185.25,4.093299e-05,9.083765,-4.8299236
47.0,37.0,29.963404,185.25,4.2256117e-05,9.355153,-5.401201
49.0,37.0,28.467472,185.25,4.3612705e-05,9.700391,-5.828583
