Vmax,Rmax_IBT,Rmax_CK22,R34,fcor,u_trans,v_trans
21.0,167.0,71.343254,167.0,4.1909232e-05,-5.6162233,0.6895844
21.0,167.0,71.36385,167.0,4.211646e-05,-6.0790215,1.0718954
21.0,167.0,71.39167,167.0,4.239659e-05,-6.014591,1.3885788
24.0,102.0,59.47509,164.0,4.2743148e-05,-5.4392037,1.5596656
28.0,37.0,33.240456,109.0,4.3126656e-05,-4.9447303,1.4178778
28.0,31.0,32.53261,106.75,4.3454485e-05,-4.9192324,1.5039588
28.0,28.0,31.824192,104.5,4.385554e-05,-4.699278,2.0922532
28.0,69.0,32.82241,107.75,4.4425287e-05,-4.454835,2.5719995
28.0,111.0,33.960773,111.5,4.506766e-05,-4.4092693,2.649355
26.0,111.0,32.72732,97.25,4.569054e-05,-4.454835,2.5719995
23.0,111.0,31.032295,83.5,4.627635e-05,-4.0093513,2.3147995
21.0,124.0,28.718317,69.5,4.6794874e-05,-3.5274155,2.119484
18.0,139.0,25.786951,56.0,4.7240763e-05,-2.5587418,1.725893
19.0,87.0,30.919834,69.5,4.761965e-05,-1.9988195,1.618612
21.0,37.0,34.832237,83.5,4.796257e-05,-1.5528908,1.3499067
21.0,37.0,34.842503,83.5,4.8286918e-05,-1.4032797,1.5048335
21.0,37.0,34.85504,83.5,4.868306e-05,-1.2469299,2.2495222
23.0,37.0,31.0981,83.5,4.9282426e-05,-0.9217227,2.4011688
26.0,37.0,28.015152,83.5,4.9880902e-05,-0.6698888,1.9454991
26.0,37.0,28.01977,83.5,5.0257422e-05,-0.4511881,1.4757695
26.0,37.0,28.023857,83.5,5.059779e-05,0.0,1.5432
27.0,37.0,29.209293,90.25,5.0985505e-05,0.0,2.0576
28.0,37.0,29.71753,97.25,5.155148e-05,-0.2152961,3.0788817
28.0,37.0,33.989655,111.25,5.241324e-05,-0.9257185,4.009728
28.0,37.0,38.23805,125.25,5.345127e-05,-2.3353271,4.583338
29.0,37.0,43.439774,148.0,5.4568663e-05,-3.88467,4.797166
31.0,37.0,46.95079,171.25,5.5576067e-05,-4.2704496,3.7122433
31.0,37.0,48.65694,178.25,5.6304754e-05,-4.4092693,2.649355
31.0,37.0,50.32089,185.25,5.6750614e-05,-4.4030113,1.4306257
32.0,31.0,54.068676,209.5,5.693819e-05,-3.5657573,0.5011352
33.0,28.0,55.868805,234.0,5.698501e-05,-2.562213,0.22416456
34.0,28.0,55.33737,244.25,5.7049023e-05,-1.987489,0.5325459
36.0,28.0,53.42361,254.75,5.721923e-05,-1.7637078,1.059742
37.0,28.0,51.399536,257.0,5.7495636e-05,-1.7210038,1.9113686
39.0,28.0,48.248585,259.25,5.8154368e-05,-2.3844206,3.9683416
39.0,28.0,47.98436,259.25,5.9319285e-05,-4.6586723,4.0497203
41.0,28.0,45.20261,282.25,6.0016075e-05,-5.8706813,1.9075009
44.0,22.0,39.93973,280.0,6.021397e-05,-5.144,6.134159e-08
46.0,19.0,35.509155,277.5,6.0016075e-05,-5.031591,-1.0694989
49.0,19.0,31.865932,277.5,5.9784e-05,-5.5133758,-1.2728637
