Vmax,Rmax_IBT,Rmax_CK22,R34,fcor,u_trans,v_trans
21.0,65.0,26.139238,65.0,1.8783807e-05,0.0,1.5432
22.0,59.0,25.01183,65.0,1.9143441e-05,-0.05385673,-1.5422599
23.0,56.0,23.499737,65.0,1.9540814e-05,-0.45118815,-1.4757695
24.0,56.0,22.59848,65.0,2.00452e-05,-0.8039683,-1.8940308
26.0,56.0,21.373184,65.0,2.0549318e-05,-0.9019923,-1.8493588
26.0,56.0,21.37711,65.0,2.0946136e-05,-0.9975444,-1.7996174
26.0,56.0,21.38066,65.0,2.130504e-05,-1.1505954,-1.7058277
27.0,41.0,27.794025,87.0,2.1682637e-05,-1.6532496,-1.9702665
28.0,28.0,33.762653,111.5,2.206018e-05,-1.9702666,-1.6532495
31.0,28.0,34.72668,124.0,2.2437514e-05,-2.1570606,-1.4008118
33.0,28.0,35.949207,139.0,2.2814716e-05,-2.4969494,-1.8141412
36.0,22.0,33.423775,139.0,2.3154087e-05,-2.2936418,-2.065205
39.0,19.0,31.20971,139.0,2.3568628e-05,-2.4094055,-2.675916
39.0,19.0,31.178465,139.0,2.4158679e-05,-2.2660568,-2.7983472
39.0,19.0,31.143389,139.0,2.4823696e-05,-2.3623376,-2.7175581
40.0,19.0,29.891855,137.25,2.5431664e-05,-2.4557393,-2.6334586
41.0,19.0,28.548704,136.5,2.6076874e-05,-2.0248609,-2.3293355
41.0,19.0,31.438255,151.5,2.6809139e-05,-1.8141401,-2.4969504
41.0,19.0,34.33739,166.5,2.7578055e-05,-1.5431999,-2.672901
41.0,13.0,35.07741,171.0,2.8364888e-05,-1.6347291,-3.2083364
41.0,9.0,35.966267,176.0,2.9076216e-05,-1.6809736,-2.588473
44.0,9.0,35.72552,189.0,2.9631005e-05,-1.6532496,-1.9702665
46.0,9.0,35.570316,204.0,3.0073232e-05,-1.1505954,-1.7058277
50.0,13.0,33.562534,213.0,3.0465368e-05,-0.55303335,-1.4407014
54.0,19.0,31.233252,222.0,3.0820032e-05,-0.6015842,-1.9676926
57.0,19.0,29.264353,222.0,3.1193125e-05,-0.5325461,-1.987489
59.0,19.0,27.453802,222.0,3.156599e-05,-0.16130829,-1.5347463
