Vmax,Rmax_IBT,Rmax_CK22,R34,fcor,u_trans,v_trans
19.0,106.0,68.31015,152.5,2.4786163e-05,-1.8574418,2.4649088
21.0,102.0,40.808617,99.75,2.5074483e-05,-0.49777824,1.9964806
23.0,96.0,32.89667,90.0,2.553821e-05,0.42536357,1.4834191
26.0,93.0,26.899227,81.25,2.6076874e-05,0.13449873,1.5373278
27.0,78.0,35.527905,110.75,2.6596363e-05,-0.2414095,1.5242007
28.0,65.0,43.073544,141.25,2.707799e-05,0.0538569,1.5422599
29.0,59.0,43.739895,148.25,2.7453068e-05,0.0,1.5432
31.0,56.0,43.936905,157.5,2.7827968e-05,0.0,1.0288
33.0,41.0,38.54013,150.25,2.8308794e-05,0.34714445,1.5036479
36.0,28.0,34.13919,143.5,2.882674e-05,0.18806878,1.5316973
39.0,31.0,35.26496,160.0,2.9269491e-05,0.26884723,2.5579104
41.0,37.0,36.214443,178.25,2.9824112e-05,1.0414333,4.510944
50.0,22.0,35.502182,229.5,3.065834e-05,0.74666774,2.9947207
59.0,9.0,31.837254,282.5,3.156599e-05,0.53254604,1.987489
63.0,9.0,29.297207,295.5,3.238555e-05,0.06284262,3.6002517
67.0,9.0,26.513216,310.25,3.305528e-05,-1.2469299,2.2495222
69.0,9.0,24.032215,290.25,3.3408476e-05,-0.79480684,1.3227805
72.0,9.0,21.795645,271.0,3.3798577e-05,-0.035910487,2.0572867
73.0,9.0,20.956741,270.5,3.459043e-05,0.8100037,3.5085118
75.0,9.0,19.836586,270.75,3.5529305e-05,1.0650921,3.974978
