Vmax,Rmax_IBT,Rmax_CK22,R34,fcor,u_trans,v_trans
22.0,65.0,35.666557,90.5,3.7765054e-05,-0.9727495,0.33494455
23.0,56.0,32.519108,88.25,3.7746686e-05,-1.5347463,0.16130817
24.0,50.0,35.0709,98.75,3.77836e-05,-2.042263,-0.25075886
26.0,46.0,37.297894,111.0,3.7746686e-05,-2.249522,-1.2469304
27.0,46.0,35.86702,111.0,3.7537615e-05,-1.9113681,-1.7210042
28.0,46.0,33.906647,111.0,3.7254722e-05,-2.3116984,-1.1274902
29.0,46.0,47.169296,160.0,3.7008525e-05,-2.05478,-0.10768682
31.0,46.0,58.325356,210.75,3.67623e-05,-2.042263,-0.25075886
32.0,46.0,43.6677,162.5,3.6497397e-05,-2.4723651,-0.7089389
33.0,46.0,29.805569,115.75,3.626943e-05,-1.945499,-0.6698891
34.0,41.0,33.81343,136.25,3.6090565e-05,-1.9964805,-0.49777856
36.0,37.0,37.048874,157.5,3.6022833e-05,-2.05478,0.10768686
39.0,39.0,40.67128,190.0,3.6072015e-05,-2.4461174,0.79479206
41.0,41.0,43.052567,222.5,3.626943e-05,-2.8814027,1.1060663
45.0,35.0,38.77216,224.0,3.6583788e-05,-3.338604,1.3488826
49.0,31.0,34.618004,227.0,3.700857e-05,-2.6994264,1.4963164
51.0,30.0,35.932167,269.0,3.746344e-05,-2.949603,2.0653336
54.0,28.0,35.839207,310.5,3.7992504e-05,-3.7454257,2.7212098
55.0,22.0,34.382202,310.5,3.8625e-05,-4.7455335,3.081786
57.0,19.0,32.445034,310.5,3.9219805e-05,-4.6620474,2.173948
58.0,19.0,31.2145,310.5,3.9605773e-05,-4.427309,1.3535628
59.0,19.0,29.552513,310.5,3.995476e-05,-3.890998,1.3397782
60.0,22.0,28.412167,310.5,4.0370578e-05,-3.599235,1.9950885
62.0,28.0,26.801918,310.5,4.093299e-05,-3.0096667,2.8065598
62.0,24.0,26.463018,310.5,4.169509e-05,-2.850266,3.648175
62.0,22.0,26.047913,310.5,4.2640077e-05,-4.209839,4.5145006
63.0,24.0,24.716528,310.5,4.3734657e-05,-5.4351177,4.7246733
64.0,28.0,23.034115,310.5,4.4825505e-05,-5.046895,4.3871965
65.0,22.0,21.882553,310.5,4.5744608e-05,-4.6586723,4.0497203
67.0,19.0,20.47348,310.5,4.651767e-05,-4.798595,2.9984958
68.0,22.0,19.53514,310.5,4.713824e-05,-4.6620474,2.173948
69.0,28.0,18.32445,310.5,4.7722115e-05,-3.9261231,2.4533148
70.0,33.0,17.272686,338.0,4.838853e-05,-3.0096667,2.8065598
72.0,41.0,15.6211605,365.75,4.916265e-05,-3.637358,3.6373568
