Vmax,Rmax_IBT,Rmax_CK22,R34,fcor,u_trans,v_trans
18.0,93.0,65.31013,139.0,2.642813e-05,-7.697204,0.5382417
18.0,93.0,69.885704,148.0,2.6577594e-05,-8.185313,0.8603102
19.0,83.0,70.723045,157.0,2.6808635e-05,-8.679619,1.0657214
21.0,74.0,61.737682,148.25,2.707799e-05,-8.679619,1.0657214
22.0,65.0,62.765945,157.25,2.7327575e-05,-9.208477,0.967849
23.0,56.0,62.278397,166.75,2.7578055e-05,-9.208477,0.967849
26.0,56.0,60.07072,178.25,2.7827622e-05,-9.208477,0.967849
28.0,56.0,58.0376,189.75,2.807779e-05,-8.679619,1.0657214
29.0,56.0,57.258545,194.25,2.8345694e-05,-8.169052,1.0030318
31.0,56.0,55.4758,199.25,2.857718e-05,-7.6737313,0.80654085
33.0,46.0,52.5252,206.25,2.870141e-05,-7.184057,0.5023589
36.0,37.0,49.8231,213.0,2.882674e-05,-6.650567,0.699002
39.0,31.0,45.976692,213.0,2.903855e-05,-6.6048694,1.0461091
41.0,28.0,42.567886,213.0,2.9325609e-05,-6.0379095,1.283396
44.0,28.0,40.26584,217.75,2.9661538e-05,-5.4392037,1.5596656
46.0,28.0,38.09095,222.25,3.0073232e-05,-5.8706813,1.9075009
52.0,28.0,32.55162,224.25,3.0570987e-05,-5.836497,2.0096672
59.0,28.0,27.708687,226.75,3.1068776e-05,-5.9030786,1.8047506
62.0,28.0,25.97601,226.75,3.1441392e-05,-5.9894414,1.4933358
64.0,28.0,24.357689,226.75,3.1814445e-05,-5.9030786,1.8047506
67.0,22.0,23.285639,233.75,3.231086e-05,-5.836497,2.0096672
69.0,19.0,22.181528,240.5,3.280731e-05,-5.9030786,1.8047506
