Vmax,Rmax_IBT,Rmax_CK22,R34,fcor,u_trans,v_trans
24.0,78.0,30.28963,86.0,2.6771544e-05,0.95008886,-1.2160583
26.0,74.0,30.005829,90.25,2.707799e-05,0.934131,-1.8333349
28.0,59.0,27.435125,90.25,2.762804e-05,0.75198036,-2.4596157
31.0,46.0,25.26875,90.25,2.8327528e-05,0.32261676,-3.0694926
36.0,31.0,27.80331,115.75,2.9076211e-05,-0.2689977,-3.0746555
41.0,19.0,29.278816,141.25,2.9824112e-05,-0.57857406,-2.50608
44.0,19.0,27.976767,144.5,3.0484061e-05,-0.46285927,-2.004864
46.0,19.0,26.841505,148.5,3.1068776e-05,0.5325463,-1.987489
49.0,19.0,28.186739,168.5,3.1547424e-05,1.5117837,-2.0807917
51.0,19.0,29.154308,190.0,3.206281e-05,1.4963163,-2.6994264
52.0,19.0,28.322311,190.0,3.2714273e-05,1.1723057,-3.4046235
54.0,19.0,27.143364,190.0,3.3550914e-05,0.99555683,-3.992961
51.0,19.0,28.678192,190.0,3.459043e-05,0.8039221,-4.559266
49.0,19.0,30.394665,190.0,3.577612e-05,0.32294452,-4.618323
49.0,28.0,30.182386,190.0,3.6990088e-05,0.08977544,-5.1432166
49.0,37.0,29.964756,190.0,3.8238195e-05,-0.2692163,-5.1369505
49.0,37.0,29.751709,190.0,3.9464892e-05,-0.5376943,-5.115821
49.0,37.0,29.539846,190.0,4.0688625e-05,-0.6268953,-5.1056576
49.0,30.0,29.329445,190.0,4.190928e-05,-0.5376943,-5.115821
49.0,22.0,29.12033,190.0,4.3126656e-05,-0.35882694,-5.1314697
50.0,20.0,28.069942,190.0,4.4377048e-05,0.0,5.6584
51.0,19.0,26.668724,190.0,4.5551555e-05,0.98152155,-5.04949
55.0,19.0,23.959229,190.0,4.655399e-05,1.808929,-4.2615695
59.0,19.0,21.283781,190.0,4.748151e-05,1.4747556,-3.8418703
