Vmax,Rmax_IBT,Rmax_CK22,R34,fcor,u_trans,v_trans
19.0,46.0,71.55139,162.0,1.6889006e-05,-2.042263,-0.25075886
21.0,46.0,57.807316,141.0,1.7015493e-05,-2.4596157,-0.7519806
22.0,46.0,54.12651,138.5,1.7230399e-05,-2.7972286,-1.3043687
23.0,46.0,50.07349,136.5,1.7520999e-05,-2.672901,-1.5431998
26.0,46.0,44.136726,133.0,1.7880991e-05,-3.019885,-1.9611366
28.0,46.0,39.37738,129.75,1.8278848e-05,-2.7251294,-1.4489772
29.0,41.0,34.53054,117.75,1.8600831e-05,-2.7500021,-1.4011968
31.0,37.0,29.80769,106.5,1.9036203e-05,-2.1439936,-2.2201703
31.0,31.0,32.269745,115.0,1.9755113e-05,-1.4489769,-2.7251296
31.0,28.0,34.98767,125.25,2.0549318e-05,-1.8545487,-3.0864882
31.0,28.0,35.50454,127.0,2.1235748e-05,-1.9001774,-2.4321167
31.0,28.0,36.27961,129.5,2.1808535e-05,-2.1439936,-2.2201703
32.0,28.0,31.902252,117.5,2.2223741e-05,-1.9411131,-1.6873839
33.0,28.0,27.633247,106.25,2.2563274e-05,-1.5990556,-1.2948897
36.0,28.0,26.412956,109.5,2.292149e-05,-1.9411131,-1.6873839
39.0,28.0,25.628963,113.5,2.3317392e-05,-1.9113681,-1.7210042
42.0,28.0,24.782337,120.0,2.372569e-05,-1.687384,-1.941113
46.0,28.0,23.887527,127.0,2.432189e-05,-1.055611,-2.9002674
50.0,19.0,22.17544,127.75,2.5325122e-05,-0.5011346,-3.5657573
54.0,9.0,20.656153,129.75,2.6327272e-05,-0.93195575,-3.4781058
