Vmax,Rmax_IBT,Rmax_CK22,R34,fcor,u_trans,v_trans
18.0,56.0,25.523565,56.0,3.3216056e-05,-6.149311,0.5379949
18.0,56.0,25.525255,56.0,3.330315e-05,-6.149311,0.5379949
19.0,56.0,32.633476,74.0,3.345775e-05,-6.6048694,1.0461091
21.0,56.0,38.28911,92.666664,3.3798577e-05,-6.395002,1.9551464
21.0,56.0,38.31488,92.666664,3.4429104e-05,-6.5268664,3.0435271
21.0,56.0,38.349648,92.666664,3.5282377e-05,-6.6822524,3.8579993
22.0,56.0,40.228928,101.333336,3.6268746e-05,-7.054831,4.238968
23.0,56.0,41.497906,111.333336,3.7254722e-05,-7.333341,3.7365215
23.0,56.0,41.529278,111.333336,3.8065482e-05,-8.163975,3.1338549
23.0,56.0,41.554714,111.333336,3.872924e-05,-8.406042,2.4103925
23.0,56.0,41.5741,111.333336,3.9237722e-05,-9.021887,2.0828683
23.0,56.0,41.592,111.333336,3.9709896e-05,-8.943701,2.3964567
23.0,56.0,41.617092,111.333336,4.0375468e-05,-8.900515,2.55218
23.0,56.0,41.63799,111.333336,4.093299e-05,-9.65327,1.5289285
23.0,56.0,41.644547,111.333336,4.110943e-05,-9.760205,0.5115126
23.0,56.0,41.647106,111.333336,4.1177245e-05,-9.749791,0.68177277
23.0,56.0,41.65546,111.333336,4.1402167e-05,-9.720059,1.0216184
23.0,56.0,41.665207,111.333336,4.1665367e-05,-9.720059,1.0216184
23.0,56.0,41.67422,111.333336,4.1907668e-05,-9.208477,0.967849
23.0,56.0,41.683247,111.333336,4.2152973e-05,-9.736408,0.8518253
23.0,56.0,41.689457,111.333336,4.2322612e-05,-9.720059,1.0216184
23.0,56.0,41.701138,111.333336,4.2640077e-05,-10.098981,1.9630418
23.0,56.0,41.72379,111.333336,4.325946e-05,-9.838465,3.0079176
23.0,56.0,41.754154,111.333336,4.409823e-05,-9.538868,3.85395
23.0,56.0,41.790226,111.333336,4.5103083e-05,-9.398556,4.1845064
23.0,56.0,41.823322,111.333336,4.6034886e-05,-8.700802,3.1668322
26.0,56.0,37.554554,111.333336,4.6607132e-05,-8.485043,2.1155593
28.0,56.0,33.973804,111.333336,4.6999867e-05,-7.547387,1.604245
31.0,46.0,37.541706,135.0,4.737844e-05,-7.547387,1.604245
33.0,37.0,35.647614,141.0,4.7722115e-05,-7.044228,1.4972953
37.0,37.0,31.522112,141.0,4.804642e-05,-6.4885616,1.6177806
41.0,37.0,27.642883,141.0,4.844305e-05,-5.3501225,1.8421949
46.0,31.0,23.727104,141.0,4.8936094e-05,-4.4092693,2.649355
51.0,28.0,20.55288,141.0,4.9641636e-05,-3.508199,3.7620838
57.0,28.0,17.913088,141.0,5.059779e-05,-2.9135025,3.5978742
