Vmax,Rmax_IBT,Rmax_CK22,R34,fcor,u_trans,v_trans
21.0,31.0,21.174067,52.25,2.8202654e-05,0.0,1.5432
23.0,28.0,21.926617,60.25,2.857718e-05,0.0,1.5432
24.0,22.0,21.072386,60.25,2.895149e-05,0.0,1.5432
26.0,19.0,19.911482,60.25,2.9325609e-05,0.32084933,1.5094774
26.0,19.0,19.914413,60.25,2.9680836e-05,0.451188,1.4757695
26.0,19.0,19.917686,60.25,3.0073232e-05,0.601584,1.9676926
26.0,19.0,19.921595,60.25,3.0533858e-05,0.46285927,2.004864
26.0,19.0,19.925978,60.25,3.1068776e-05,0.57857406,2.50608
26.0,19.0,19.93115,60.25,3.1690233e-05,0.49076074,2.524745
26.0,19.0,19.936216,60.25,3.231108e-05,0.13460809,2.5684752
26.0,22.0,20.714907,62.75,3.2863118e-05,-0.46285924,2.004864
26.0,28.0,21.495949,65.0,3.330315e-05,-0.5278058,1.4501336
28.0,28.0,20.80703,69.0,3.3588054e-05,-0.46706545,0.9166675
31.0,28.0,20.735332,74.0,3.3798577e-05,-0.63339245,0.81070554
33.0,22.0,20.176117,78.0,3.406471e-05,-1.071997,1.1100849
36.0,19.0,20.112621,83.0,3.4293596e-05,-0.7764454,0.67495334
37.0,19.0,20.416769,87.0,3.445428e-05,-0.91666764,0.4670652
39.0,19.0,20.825441,93.0,3.454095e-05,-1.5281817,0.21477221
39.0,19.0,20.824608,93.0,3.457811e-05,-2.572,3.0670794e-08
39.0,19.0,20.825441,93.0,3.454095e-05,-2.562213,-0.22416449
42.0,19.0,19.07504,93.0,3.4472876e-05,-2.5157955,-0.53474945
46.0,19.0,17.40649,93.0,3.4293596e-05,-2.3847165,-0.9634887
49.0,19.0,16.51418,93.0,3.3978064e-05,-2.6174154,-1.6355432
51.0,19.0,15.719017,93.0,3.3550914e-05,-2.2936418,-2.065205
