Vmax,Rmax_IBT,Rmax_CK22,R34,fcor,u_trans,v_trans
22.0,56.0,29.254831,74.0,4.5642257e-05,-0.9919501,1.1821597
23.0,37.0,27.3956,74.0,4.5793287e-05,-1.420523,0.60297644
24.0,37.0,26.950792,76.0,4.58113e-05,-2.0126367,0.42779866
26.0,37.0,26.334244,78.5,4.5793287e-05,-1.987489,0.5325459
28.0,41.0,25.981728,85.0,4.5859793e-05,-1.8167529,0.9659848
31.0,46.0,25.877676,93.0,4.6034886e-05,-1.818679,1.8186784
32.0,46.0,26.75078,99.0,4.6360583e-05,-1.9839002,2.3643193
33.0,46.0,27.312323,106.5,4.675884e-05,-2.4969504,1.8141398
36.0,41.0,26.364986,111.75,4.7138346e-05,-3.3836453,1.2315458
39.0,37.0,25.737476,118.0,4.748151e-05,-3.4781058,0.9319554
40.0,37.0,26.750435,127.25,4.7758134e-05,-3.5085115,0.8100043
41.0,37.0,27.216972,136.75,4.796257e-05,-3.5460956,0.62527233
41.0,37.0,34.142914,177.75,4.810061e-05,-3.5657573,0.5011352
41.0,37.0,40.57001,220.0,4.8202877e-05,-3.0189548,0.641698
44.0,37.0,37.062443,220.0,4.8322712e-05,-2.9947207,0.7466679
46.0,37.0,33.94975,220.0,4.844305e-05,-4.075151,0.5727259
46.0,37.0,35.041904,230.25,4.8563088e-05,-4.6119833,0.4034962
46.0,37.0,36.120987,241.0,4.868306e-05,-4.075151,0.5727259
47.0,31.0,35.66697,249.5,4.873088e-05,-2.9515393,0.9023753
49.0,28.0,34.49398,259.25,4.892293e-05,-2.774038,1.3529882
50.0,28.0,33.386627,263.5,4.9521535e-05,-2.672901,1.5431998
51.0,28.0,31.726276,268.5,5.012002e-05,-3.3836453,1.2315458
51.0,28.0,31.677021,268.5,5.0275776e-05,-4.0252733,0.8555973
51.0,28.0,31.65074,268.5,5.035898e-05,-3.5460956,0.62527233
52.0,31.0,31.566566,291.75,5.060949e-05,-2.401169,0.921722
54.0,37.0,30.38896,314.5,5.1074945e-05,-1.2074807,2.2709413
54.0,37.0,30.067585,314.5,5.1872576e-05,-0.8555985,4.025273
54.0,37.0,29.721237,314.5,5.2740055e-05,-1.7391595,3.7296374
55.0,37.0,28.275969,314.5,5.3350912e-05,-2.6452003,3.1524255
57.0,37.0,26.353415,314.5,5.392461e-05,-2.0135427,2.985198
59.0,37.0,23.51975,314.5,5.4615528e-05,-1.1060672,2.8814025
62.0,37.0,20.97342,314.5,5.5340646e-05,-1.0556116,2.9002671
63.0,37.0,19.881914,320.5,5.6046167e-05,-1.5784872,3.2363775
64.0,37.0,18.3901,326.25,5.6750614e-05,-2.2412982,3.4512973
