Vmax,Rmax_IBT,Rmax_CK22,R34,fcor,u_trans,v_trans
23.0,56.0,21.701553,60.25,1.1550361e-05,-1.9077736,0.77079004
23.0,56.0,21.703665,60.25,1.1696372e-05,-2.9812334,0.79881895
24.0,56.0,22.979225,66.25,1.1931044e-05,-4.052681,0.7145969
26.0,56.0,24.351515,74.0,1.2203745e-05,-5.0806684,0.80469924
26.0,50.0,24.356277,74.0,1.255245e-05,-6.138985,0.6452327
26.0,46.0,24.35839,74.0,1.2710968e-05,-6.6861815,-0.116707
27.0,41.0,27.068771,85.5,1.2425561e-05,-6.6221204,-0.9306794
28.0,37.0,29.39933,97.5,1.19500755e-05,-5.9894414,-1.4933357
28.0,37.0,29.394938,97.5,1.1569444e-05,-4.8637476,-1.6747227
28.0,37.0,29.390434,97.5,1.1188857e-05,-4.8637476,-1.6747227
28.0,37.0,29.385752,97.5,1.0808047e-05,-4.4030113,-1.4306257
28.0,37.0,29.381107,97.5,1.0427331e-05,-4.427308,-1.3535651
28.0,41.0,29.376713,97.5,1.006541e-05,-3.935385,-1.203169
28.0,46.0,29.37188,97.5,9.6655185e-06,-4.350401,-1.5834161
27.0,41.0,29.972122,94.5,9.100253e-06,-5.3501225,-1.8421949
26.0,37.0,30.41228,93.0,8.64936e-06,-5.5724363,-0.9825706
26.0,41.0,31.021732,94.5,8.53498e-06,-5.144,6.134159e-08
26.0,46.0,31.94312,97.5,8.64936e-06,-4.6119833,0.4034962
27.0,46.0,33.81057,106.5,8.86532e-06,-4.584545,0.6443166
28.0,46.0,34.98426,115.5,9.157494e-06,-4.5445414,0.8833688
31.0,41.0,34.20687,122.0,9.3923145e-06,-5.0315914,1.0694966
33.0,37.0,33.797146,130.0,9.6655185e-06,-5.0121593,1.1571491
36.0,37.0,32.102497,131.5,1.0027327e-05,-5.4903216,1.3688912
39.0,37.0,30.830421,134.5,1.0427331e-05,-5.9894414,1.4933358
42.0,37.0,29.359234,138.5,1.080818e-05,-6.4885616,1.6177806
46.0,37.0,28.00185,143.5,1.1188857e-05,-5.465595,1.4645014
52.0,41.0,26.45184,152.0,1.1569334e-05,-4.892235,1.5895841
59.0,46.0,25.240198,162.0,1.19500755e-05,-4.833779,1.7593513
59.0,37.0,27.135336,176.0,1.231145e-05,-4.833779,1.7593513
59.0,28.0,28.9632,189.5,1.2710968e-05,-5.317157,1.9352864
60.0,22.0,28.38616,189.5,1.319883e-05,-5.3501225,1.8421949
62.0,19.0,27.592932,189.5,1.3724946e-05,-5.8706813,1.9075009
63.0,22.0,28.42595,201.25,1.4250639e-05,-6.395002,1.9551464
64.0,28.0,28.909494,213.0,1.4738254e-05,-5.8706813,1.9075009
65.0,28.0,28.31618,213.0,1.5155669e-05,-5.9030786,1.8047506
67.0,28.0,27.542688,213.0,1.5497764e-05,-7.069287,1.3741292
68.0,28.0,26.999998,212.75,1.5769778e-05,-8.169052,1.0030318
69.0,28.0,26.369413,213.0,1.600387e-05,-8.185313,0.8603102
69.0,22.0,25.32408,203.25,1.6294598e-05,-7.174196,0.62766075
69.0,19.0,24.386662,194.5,1.6509784e-05,-7.184057,0.5023589
67.0,22.0,22.894356,172.0,1.6528425e-05,-6.6780353,0.3499823
64.0,28.0,21.159199,150.75,1.6509784e-05,-7.174196,0.62766075
62.0,28.0,21.96507,150.75,1.656012e-05,-7.6409082,1.0738611
59.0,28.0,22.81821,150.75,1.6762664e-05,-7.112936,1.1265789
62.0,22.0,23.845829,166.25,1.7211067e-05,-7.092191,1.2505447
64.0,19.0,24.71697,182.75,1.777367e-05,-7.486802,1.8666699
68.0,13.0,24.049679,190.75,1.8335253e-05,-7.949956,2.1301837
72.0,9.0,23.239182,199.0,1.8783807e-05,-8.105362,1.4291939
75.0,9.0,22.472351,201.0,1.8929137e-05,-8.199081,0.7173266
77.0,9.0,21.808506,203.75,1.9036203e-05,-7.162149,0.75277144
