Vmax,Rmax_IBT,Rmax_CK22,R34,fcor,u_trans,v_trans
21.0,111.0,58.1076,139.0,3.229213e-05,-4.1250043,2.1017933
23.0,111.0,55.49172,148.33333,3.280731e-05,-4.5833383,2.335326
24.0,111.0,53.163822,148.33333,3.3408425e-05,-5.041672,2.5688584
26.0,111.0,46.771904,139.0,3.404614e-05,-4.9960704,2.6564584
23.0,111.0,52.126778,139.0,3.6675858e-05,-4.3773727,1.5072504
23.0,111.0,52.144646,139.0,3.700857e-05,-4.427309,1.3535628
23.0,111.0,52.159744,139.0,3.7291364e-05,-3.992961,0.99555725
23.0,111.0,52.170883,139.0,3.7500762e-05,-4.0252733,0.8555973
23.0,111.0,52.18035,139.0,3.7678892e-05,-4.084526,0.5015159
23.0,111.0,52.183937,139.0,3.7746686e-05,-4.1145735,-0.071819685
24.0,111.0,49.93928,139.0,3.766024e-05,-4.084526,-0.5015177
26.0,111.0,46.876167,139.0,3.7500762e-05,-4.584545,-0.6443165
27.0,111.0,46.54402,143.5,3.7359132e-05,-5.115821,-0.53769374
28.0,111.0,45.303467,148.0,3.7254722e-05,-5.1369505,-0.26921704
29.0,93.0,43.605965,148.0,3.7217615e-05,-5.6584,6.7475746e-08
31.0,74.0,41.256187,148.0,3.7254722e-05,-5.6506453,0.29613888
31.0,74.0,41.254223,148.0,3.73773e-05,-5.6368685,0.49316204
31.0,74.0,41.252182,148.0,3.7500762e-05,-5.6506453,0.29613888
31.0,74.0,41.251602,148.0,3.753741e-05,-6.1728,7.3609904e-08
31.0,74.0,41.252182,148.0,3.7500762e-05,-6.1643405,-0.32306045
31.0,74.0,39.99184,143.5,3.7395967e-05,-6.149311,-0.53799474
31.0,74.0,38.72749,139.0,3.7254722e-05,-5.6368685,-0.49316186
32.0,56.0,35.449852,131.5,3.7131325e-05,-5.6368685,-0.49316186
33.0,37.0,32.113438,125.0,3.700857e-05,-5.115821,-0.53769374
33.0,41.0,32.117,125.0,3.684834e-05,-5.115821,-0.53769374
33.0,46.0,32.11882,125.0,3.67623e-05,-4.6296,5.520743e-08
33.0,46.0,33.74857,131.5,3.682975e-05,-4.084526,0.5015159
33.0,46.0,35.59516,139.0,3.700857e-05,-3.522114,0.74864763
32.0,41.0,39.143623,145.5,3.7199206e-05,-3.4613113,0.9925145
31.0,37.0,42.572033,153.0,3.7500762e-05,-3.236378,1.5784862
32.0,37.0,40.09965,149.25,3.7955462e-05,-2.949603,2.0653336
33.0,37.0,37.263668,146.0,3.8483773e-05,-2.9131088,2.1164966
34.0,41.0,34.2707,138.5,3.895601e-05,-2.949603,2.0653336
36.0,46.0,31.185268,132.0,3.9464914e-05,-3.3292673,2.418853
