Vmax,Rmax_IBT,Rmax_CK22,R34,fcor,u_trans,v_trans
24.0,39.0,24.14764,67.5,2.6715144e-05,-3.7454243,-2.7212117
24.0,41.0,25.657097,73.5,2.6971738e-05,-5.5000043,-2.8023937
25.0,43.0,27.109299,78.5,2.719184e-05,-4.9003186,-2.8291996
26.0,46.0,29.224987,88.0,2.7578055e-05,-4.2137184,-2.9504766
28.0,46.0,26.728745,88.0,2.8364684e-05,-3.8827093,-2.5214612
30.0,46.0,25.42463,88.0,2.8940993e-05,-4.087694,-2.173466
31.0,46.0,24.622532,88.0,2.9076216e-05,-4.3773727,-1.5072504
31.0,46.0,31.991938,114.25,2.9543891e-05,-4.427308,-1.3535651
31.0,46.0,39.465088,141.25,2.9824112e-05,-4.009728,-0.9257191
33.0,46.0,41.223377,160.5,2.9967057e-05,-4.025273,-0.8555991
33.0,46.0,41.223312,160.5,2.9968607e-05,-3.3836453,-1.2315458
34.0,46.0,42.113216,170.0,3.0013085e-05,-3.9137876,-1.2716672
35.0,46.0,42.565216,177.75,3.0058203e-05,-4.4718504,-1.1982284
36.0,46.0,42.506622,180.75,3.0073232e-05,-3.4613113,-0.9925145
39.0,46.0,42.576305,196.75,3.0247422e-05,-3.4613113,-0.9925145
39.0,46.0,42.66559,197.25,3.0260335e-05,-4.4030113,-1.4306257
41.0,46.0,42.245865,213.0,3.0571195e-05,-4.1958427,-1.9565531
45.0,37.0,40.124786,227.0,3.1167572e-05,-4.454835,-2.5719995
47.0,30.0,38.47802,236.0,3.1639276e-05,-4.0491395,-2.2444746
49.0,28.0,37.387707,241.0,3.1814445e-05,-4.29249,-1.7342796
50.0,28.0,36.783592,250.0,3.2196363e-05,-4.322104,-1.6590996
51.0,28.0,36.204906,254.5,3.231108e-05,-4.9192314,-1.5039612
51.0,22.0,32.635494,222.0,3.2559245e-05,-4.4502573,-1.27609
52.0,26.0,31.693602,222.0,3.287988e-05,-4.4030113,-1.4306257
52.0,26.0,31.686903,222.0,3.290549e-05,-3.5274143,-2.1194856
54.0,31.0,30.353241,222.0,3.330315e-05,-4.261569,-1.8089292
59.0,30.0,27.62658,236.0,3.3674718e-05,-5.4111543,-1.6543573
64.0,28.0,24.977852,250.0,3.404614e-05,-5.4903216,-1.3688911
64.0,30.0,24.845036,250.0,3.44168e-05,-5.4903216,-1.3688911
64.0,31.0,24.712654,250.0,3.47882e-05,-5.465595,-1.4645014
65.0,30.0,24.519093,259.0,3.51401e-05,-5.4392037,-1.5596656
67.0,28.0,23.895342,268.5,3.5529305e-05,-5.9624667,-1.5976379
69.0,28.0,22.267118,268.5,3.6004047e-05,-6.9562116,-1.8639108
72.0,28.0,20.720856,268.5,3.651592e-05,-6.3950005,-1.9551495
