Vmax,Rmax_IBT,Rmax_CK22,R34,fcor,u_trans,v_trans
21.0,56.0,39.89052,97.0,2.6827835e-05,-6.9562116,1.8639108
22.0,41.0,32.37723,82.75,2.7364287e-05,-6.0379095,1.283396
23.0,28.0,25.398176,69.75,2.7827968e-05,-6.096802,0.9656391
26.0,37.0,33.317844,100.0,2.820298e-05,-6.6048694,1.0461091
28.0,46.0,40.24789,131.75,2.857718e-05,-5.9894414,1.4933358
29.0,50.0,35.140358,119.5,2.9038247e-05,-5.723321,2.31237
31.0,56.0,30.430225,108.75,2.9574905e-05,-4.9960704,2.6564584
32.0,41.0,33.31308,123.0,3.0178973e-05,-4.691026,3.1641371
33.0,28.0,35.72676,138.75,3.0820032e-05,-4.0535274,3.1669629
34.0,28.0,36.12942,145.25,3.144152e-05,-3.54648,2.9758492
36.0,28.0,36.066154,153.0,3.206281e-05,-3.54648,2.9758492
37.0,24.0,35.628693,156.0,3.26271e-05,-3.597875,2.9135017
39.0,22.0,34.73507,159.75,3.330315e-05,-4.2704496,3.7122433
42.0,15.0,30.992313,158.25,3.4256824e-05,-4.5872836,4.13041
46.0,9.0,27.488022,157.25,3.5282377e-05,-3.637358,3.6373568
49.0,15.0,26.521929,163.0,3.6164136e-05,-2.753606,3.0581899
51.0,22.0,25.48634,168.75,3.700857e-05,-3.273622,3.273621
54.0,22.0,22.18619,153.75,3.7832742e-05,-4.138292,3.8590195
57.0,22.0,19.287119,138.75,3.872924e-05,-3.9306557,4.070311
58.0,17.0,19.344711,144.0,3.9813585e-05,-4.0497217,4.658671
59.0,13.0,19.234095,150.25,4.093299e-05,-4.5145,4.20984
60.0,11.0,18.80124,152.25,4.1873067e-05,-5.046895,4.3871965
62.0,9.0,18.20418,155.0,4.288343e-05,-3.88467,4.797166
64.0,9.0,17.631172,163.75,4.4194112e-05,-2.992632,5.398853
67.0,9.0,16.972279,173.75,4.5551555e-05,-3.6421094,5.6083584
72.0,9.0,14.906944,173.75,4.675884e-05,-4.1170506,5.269586
