Vmax,Rmax_IBT,Rmax_CK22,R34,fcor,u_trans,v_trans
19.0,83.0,33.1382,74.0,5.109315e-05,-2.4649084,-1.8574424
21.0,83.0,30.79155,74.0,5.131329e-05,-1.9113681,-1.7210042
23.0,74.0,29.990028,80.5,5.1771465e-05,-0.81777143,-1.3087078
26.0,65.0,29.585648,88.0,5.22651e-05,-0.77159995,-1.3364505
27.0,56.0,33.627823,103.75,5.2639163e-05,-0.4347897,-0.9324094
28.0,46.0,36.84292,120.5,5.2977284e-05,0.1963043,-1.0098981
29.0,46.0,38.689117,131.5,5.333295e-05,0.840487,-1.2942364
31.0,46.0,39.767963,143.5,5.3688025e-05,1.4801137,-1.4293289
32.0,46.0,44.0304,166.25,5.402508e-05,1.4801137,-1.4293289
33.0,46.0,46.909187,190.0,5.439729e-05,1.2469302,-2.249522
34.0,46.0,46.316277,195.75,5.4886965e-05,0.49076077,-2.524745
36.0,46.0,45.08689,203.5,5.5340646e-05,-0.2507581,-2.042263
36.0,46.0,47.75259,218.0,5.5628952e-05,-0.9500887,-1.2160584
36.0,46.0,50.605934,233.75,5.581132e-05,-0.8529139,-0.57529765
36.0,46.0,50.75489,234.5,5.591137e-05,-0.86282426,-0.5603247
36.0,46.0,50.978,236.0,5.6046403e-05,-0.5900954,-0.84274364
36.0,46.0,50.92877,236.0,5.636338e-05,-0.70059824,-1.3750013
36.0,46.0,50.868496,236.0,5.6750614e-05,-0.9919498,-1.1821599
36.0,46.0,52.773045,247.0,5.7119698e-05,-1.3227804,-0.79480714
36.0,46.0,54.787952,259.5,5.7453286e-05,-1.8940307,-0.80396855
36.0,46.0,54.746758,259.5,5.766968e-05,-1.8167529,-0.9659848
36.0,46.0,54.698814,259.5,5.7920843e-05,-1.7210038,-1.9113686
37.0,46.0,52.863174,264.0,5.835256e-05,-1.4011965,-2.7500026
39.0,46.0,49.844746,268.5,5.8853857e-05,-1.3043691,-2.7972283
