Vmax,Rmax_IBT,Rmax_CK22,R34,fcor,u_trans,v_trans
21.0,56.0,32.621716,78.75,4.0199502e-05,-0.5632889,-3.5564682
21.0,56.0,29.687786,71.75,4.0688625e-05,-1.3529885,-2.774038
22.0,56.0,29.652323,75.0,4.119385e-05,-1.0049604,-2.3675385
23.0,56.0,29.164946,78.5,4.1665367e-05,-0.6015842,-1.9676926
23.0,46.0,29.867355,80.5,4.2067655e-05,0.053856835,-1.5422599
23.0,37.0,30.919155,83.25,4.239659e-05,0.3518704,-0.96675575
24.0,37.0,31.180542,87.75,4.2658325e-05,0.60471344,-0.8323167
26.0,37.0,31.092201,92.75,4.288343e-05,1.0124302,-1.164668
26.0,37.0,33.308277,99.25,4.3144828e-05,1.0719969,-1.1100851
26.0,37.0,35.850582,106.5,4.3369746e-05,1.2160583,-0.95008886
27.0,37.0,38.103416,117.5,4.3509506e-05,1.3625647,-0.72448856
28.0,37.0,39.647285,129.75,4.3612705e-05,1.9964805,-0.49777845
29.0,37.0,34.889656,118.5,4.3734177e-05,2.042263,-0.25075826
31.0,37.0,30.337582,108.5,4.385554e-05,2.0322676,-0.32187957
31.0,37.0,27.666437,99.0,4.3976826e-05,1.4205232,-0.6029763
31.0,37.0,25.234566,90.25,4.409823e-05,-0.2493861,-0.44990435
29.0,37.0,26.573017,90.25,4.4145105e-05,-1.8797112,-0.8369013
28.0,37.0,27.542704,90.25,4.4340795e-05,-2.1068592,-1.4752383
28.0,37.0,27.54518,90.25,4.4825505e-05,-1.618612,-1.9988195
26.0,37.0,30.295826,90.25,4.5309676e-05,-0.93413097,-1.833335
26.0,37.0,40.499977,120.0,4.5776666e-05,-0.9659846,-1.816753
26.0,37.0,51.113083,150.5,4.627635e-05,-2.0248609,-2.3293355
24.0,37.0,54.61763,150.5,4.6879162e-05,-3.54648,-2.9758492
23.0,37.0,57.197407,150.5,4.748151e-05,-4.087694,-2.173466
23.0,37.0,52.12188,137.5,4.7944755e-05,-4.802338,-1.843444
23.0,37.0,47.338223,125.0,4.844305e-05,-4.1250033,-2.1017952
23.0,46.0,47.36557,125.0,4.912648e-05,-3.6481745,-2.8502665
23.0,56.0,47.39547,125.0,4.9880902e-05,-3.2736213,-3.2736218
23.0,56.0,47.42223,125.0,5.05617e-05,-2.9135017,-3.597875
23.0,56.0,47.45152,125.0,5.131329e-05,-3.0235667,-4.161584
23.0,56.0,47.487495,125.0,5.2247306e-05,-3.3259234,-4.5777426
23.0,56.0,47.524284,125.0,5.321436e-05,-3.3064992,-3.940533
23.0,56.0,60.71377,158.0,5.4149175e-05,-2.8065593,-3.009667
23.0,56.0,74.366806,192.25,5.4869302e-05,-1.5478681,-2.0540907
24.0,56.0,67.976944,184.75,5.51049e-05,0.053856835,-1.5422599
26.0,56.0,61.02832,178.0,5.5340646e-05,0.5347487,-2.5157957
27.0,56.0,55.84481,171.0,5.6128596e-05,0.7486481,-3.522114
28.0,56.0,50.262825,164.5,5.698501e-05,1.0556113,-2.9002674
31.0,46.0,40.399,146.25,5.7488352e-05,1.4752388,-2.106859
33.0,37.0,32.652325,130.0,5.7920843e-05,1.8186786,-1.8186786
34.0,37.0,31.462786,130.0,5.846908e-05,1.9702663,-1.6532499
36.0,37.0,29.796629,130.0,5.9086666e-05,2.6334584,-2.4557395
