Vmax,Rmax_IBT,Rmax_CK22,R34,fcor,u_trans,v_trans
19.0,65.0,30.81762,69.5,4.5152527e-05,-6.472756,-3.1569724
21.0,65.0,28.663883,69.5,4.5793287e-05,-6.472756,-3.1569724
22.0,65.0,30.608295,77.25,4.660196e-05,-5.398853,-2.9926329
23.0,65.0,31.860802,85.75,4.748151e-05,-4.3141212,-2.8016236
24.0,56.0,33.615627,94.0,4.8358495e-05,-4.1081805,-3.0957372
26.0,46.0,35.126266,104.25,4.916265e-05,-4.993899,-3.6282823
27.0,46.0,32.834023,101.5,4.9778813e-05,-4.7455335,-3.081786
28.0,46.0,30.42114,99.75,5.035898e-05,-3.6973627,-2.7861636
28.0,46.0,29.283882,96.0,5.10748e-05,-3.7002842,-3.5733225
28.0,46.0,28.857286,94.5,5.131906e-05,-5.594457,-2.6087375
28.0,46.0,28.289076,93.0,5.178951e-05,-5.2085843,-2.2109134
28.0,37.0,28.862001,94.5,5.2419167e-05,-4.0093513,-2.3147995
28.0,28.0,29.719717,97.5,5.2977284e-05,-3.4116557,-2.3011906
29.0,28.0,28.087494,95.25,5.346892e-05,-3.3709748,-2.3603814
31.0,28.0,26.482737,95.0,5.392461e-05,-3.451297,-2.241299
31.0,28.0,29.155922,104.75,5.437928e-05,-3.4898872,-2.1807244
31.0,28.0,32.192715,116.0,5.4869302e-05,-3.329266,-2.418855
31.0,41.0,32.83349,117.75,5.5458204e-05,-3.6481745,-2.8502665
31.0,56.0,33.45362,120.5,5.6046403e-05,-3.4116557,-2.3011906
32.0,56.0,34.023743,127.25,5.6533067e-05,-3.6666696,-1.8682624
33.0,56.0,33.84421,134.25,5.698501e-05,-3.9137876,-1.2716672
