Vmax,Rmax_IBT,Rmax_CK22,R34,fcor,u_trans,v_trans
18.0,102.0,45.21354,97.25,2.645225e-05,3.7594225,1.6738025
18.0,102.0,47.40661,102.0,2.6076874e-05,4.6042385,0.48392478
18.0,106.0,49.64438,106.5,2.6215008e-05,5.554439,-1.0796738
18.0,111.0,51.912895,111.25,2.6577594e-05,4.322104,-1.6591002
18.0,106.0,54.17251,115.75,2.6933907e-05,2.5884728,-1.680974
18.0,102.0,56.45166,120.5,2.7328068e-05,1.9113684,-1.7210041
19.0,83.0,55.748795,125.0,2.7702952e-05,0.95008886,-1.2160583
21.0,65.0,53.80176,129.5,2.807779e-05,0.50241673,-1.4591243
23.0,65.0,49.847015,134.0,2.8452338e-05,0.0,1.5432
26.0,65.0,46.574005,139.0,2.882674e-05,-1.1206491,-1.7256486
27.0,65.0,47.846504,148.0,2.9107392e-05,-1.7866614,-1.850142
28.0,65.0,48.08033,157.5,2.9574905e-05,-1.4489769,-2.7251296
31.0,65.0,46.512497,166.5,3.0477693e-05,-1.2716666,-3.9137878
33.0,65.0,44.97617,176.0,3.156599e-05,-1.9565536,-4.1958423
37.0,59.0,41.565525,182.75,3.2633925e-05,-2.72121,-3.7454257
41.0,56.0,37.935535,190.0,3.3550914e-05,-3.4940035,-3.0372908
45.0,39.0,35.271294,196.75,3.4101628e-05,-3.9261231,-2.4533148
49.0,22.0,32.384167,203.75,3.454095e-05,-2.837469,-2.216874
54.0,22.0,28.937107,210.75,3.512169e-05,-1.9001774,-2.4321167
59.0,22.0,25.850065,217.5,3.577612e-05,-2.5335698,-3.2428222
