Vmax,Rmax_IBT,Rmax_CK22,R34,fcor,u_trans,v_trans
19.0,50.0,44.373817,99.75,3.5319517e-05,-7.0442276,-1.4972984
21.0,56.0,42.22303,102.0,3.5035337e-05,-6.0379095,-1.2833986
22.0,56.0,44.089172,111.0,3.4645705e-05,-5.5544395,-1.0796728
23.0,56.0,44.810783,120.25,3.4293596e-05,-5.124426,-0.44832897
23.0,56.0,44.79889,120.25,3.4020588e-05,-4.6119833,0.4034962
23.0,56.0,44.80002,120.25,3.404614e-05,-4.4718504,1.1982284
23.0,56.0,46.61076,124.75,3.4517052e-05,-4.5833383,2.335326
23.0,56.0,48.445286,129.75,3.5282377e-05,-3.9405332,3.306499
24.0,56.0,46.434544,129.75,3.6127032e-05,-3.374768,3.882226
26.0,56.0,43.66034,129.75,3.700857e-05,-3.4420075,3.8227372
26.0,56.0,45.283752,134.25,3.7783422e-05,-3.3302557,3.2159903
26.0,56.0,46.90911,138.75,3.8483773e-05,-3.4404626,3.0978076
27.0,56.0,45.81263,141.0,3.902366e-05,-3.3858752,3.1573796
28.0,56.0,43.895287,143.5,3.9709896e-05,-3.508199,3.7620838
29.0,41.0,42.23845,143.5,4.087737e-05,-4.0497217,4.658671
31.0,28.0,39.915688,143.5,4.2152973e-05,-4.440341,4.287987
34.0,28.0,35.223984,143.5,4.3145184e-05,-4.797167,3.8846688
39.0,28.0,30.837675,143.5,4.409823e-05,-4.72864,3.9677987
42.0,28.0,27.995337,145.75,4.5115346e-05,-4.8907084,4.5606594
46.0,28.0,25.107613,148.0,4.627635e-05,-5.0026526,5.180396
51.0,20.0,21.716312,148.0,4.7686084e-05,-5.507212,6.1163797
57.0,13.0,18.885246,148.0,4.916265e-05,-5.507212,6.1163797
58.0,13.0,18.240314,148.0,5.051362e-05,-5.6131186,6.019334
59.0,13.0,17.39705,148.0,5.178951e-05,-5.5504265,5.359984
59.0,13.0,17.656975,152.75,5.29948e-05,-5.7341046,5.163013
59.0,13.0,17.862236,157.25,5.4161024e-05,-5.092301,5.0922995
62.0,17.0,16.92442,162.0,5.532288e-05,-4.2984505,5.1226916
64.0,22.0,15.947613,166.5,5.6516048e-05,-3.9306378,5.410058
67.0,20.0,14.738644,166.5,5.7786005e-05,-3.2710857,5.2348313
69.0,19.0,13.6111145,166.5,5.9086666e-05,-3.1394498,5.9044476
73.0,19.0,12.363594,171.0,6.039859e-05,-2.705978,5.5480757
77.0,19.0,11.026322,176.0,6.1635496e-05,-1.9269764,4.769434
