Vmax,Rmax_IBT,Rmax_CK22,R34,fcor,u_trans,v_trans
21.0,56.0,72.23926,169.0,3.7636004e-05,-6.014591,1.3885788
21.0,56.0,72.30479,169.0,3.8238195e-05,-6.9226227,1.985029
22.0,56.0,75.09299,183.75,3.872822e-05,-7.4170957,2.1268167
23.0,56.0,75.981094,199.0,3.9219805e-05,-7.621003,1.2070489
23.0,69.0,73.1088,191.5,3.9800943e-05,-7.1917305,0.376904
23.0,83.0,70.70902,185.25,4.0199502e-05,-6.661753,0.58282787
23.0,83.0,70.68901,185.25,4.013261e-05,-6.1127267,0.85908884
23.0,83.0,70.6665,185.25,3.995476e-05,-7.162149,0.75277144
24.0,69.0,80.88352,220.75,4.0057297e-05,-7.7054253,0.40382573
26.0,56.0,88.05336,257.0,4.0199502e-05,-7.1917305,0.376904
27.0,46.0,75.04762,229.75,4.025442e-05,-7.1917305,0.376904
28.0,37.0,62.362747,203.75,4.0199502e-05,-7.7113,-0.26928657
28.0,37.0,62.363842,203.75,3.991832e-05,-7.6866384,-0.67249346
28.0,37.0,62.364567,203.75,3.9709896e-05,-6.138985,0.6452327
29.0,41.0,59.035328,201.0,3.982512e-05,-4.1250043,2.1017933
31.0,46.0,55.08351,199.0,4.0199502e-05,-3.5274155,2.119484
32.0,46.0,52.950542,199.0,4.0755553e-05,-3.6666706,1.8682607
33.0,46.0,49.962826,199.0,4.142137e-05,-4.1250043,2.1017933
36.0,33.0,47.601646,209.5,4.199466e-05,-4.0491395,2.2444746
39.0,22.0,45.291485,219.75,4.2640077e-05,-4.2645693,2.8764882
41.0,24.0,41.306313,219.75,4.3454245e-05,-4.3345866,3.6371489
44.0,28.0,37.727123,219.75,4.4340795e-05,-4.138292,3.8590195
45.0,24.0,36.290455,219.75,4.5225297e-05,-4.0703125,3.9306548
46.0,22.0,34.334026,219.75,4.6034886e-05,-3.3858752,3.1573796
46.0,17.0,34.187164,219.75,4.6728524e-05,-2.25725,2.10492
46.0,13.0,34.078884,219.75,4.7240763e-05,-1.29489,1.5990552
49.0,13.0,31.279572,219.75,4.751742e-05,-0.9019927,1.8493586
51.0,13.0,28.782804,219.75,4.7722115e-05,-0.34714442,1.5036479
55.0,15.0,25.689156,219.75,4.8046666e-05,0.0,1.5432
59.0,19.0,22.637152,219.75,4.844305e-05,0.18806878,1.5316973
62.0,28.0,21.638233,239.5,4.8904953e-05,0.39260858,2.0197961
64.0,37.0,20.362028,259.25,4.9402213e-05,0.46285927,2.004864
