Vmax,Rmax_IBT,Rmax_CK22,R34,fcor,u_trans,v_trans
22.0,41.0,24.822092,65.0,3.898374e-05,-3.974978,1.0650918
26.0,26.0,21.151175,65.0,3.9219805e-05,-4.3773727,1.5072504
29.0,22.0,21.915886,74.75,3.9831983e-05,-4.802338,1.843444
33.0,19.0,22.478481,85.75,4.0444127e-05,-5.4903216,1.3688912
34.0,19.0,18.626877,74.0,4.0780193e-05,-5.603333,0.7874981
36.0,19.0,15.115286,62.75,4.093299e-05,-5.627403,0.59146327
50.0,13.0,15.709076,91.5,4.1024097e-05,-5.1408668,0.17952205
64.0,9.0,15.170383,122.75,4.093299e-05,-5.6506453,-0.29613873
62.0,9.0,15.722546,123.0,4.0639763e-05,-5.5887356,-0.885169
61.0,11.0,16.24997,125.0,4.0199502e-05,-5.5133758,-1.2728637
66.0,11.0,14.634026,121.25,3.9672614e-05,-4.9687223,-1.3313649
71.0,11.0,13.17591,118.25,3.9219805e-05,-5.01216,-1.1571488
70.0,9.0,12.138607,102.75,3.9041486e-05,-5.093939,-0.7159072
69.0,9.0,10.919516,87.75,3.897458e-05,-5.603333,-0.78749794
69.0,9.0,10.929082,87.75,3.8815284e-05,-5.6162233,-0.6895869
69.0,9.0,10.934269,87.75,3.872924e-05,-5.1369505,-0.26921704
70.0,9.0,11.078984,91.25,3.8796297e-05,-5.1369505,0.26921716
71.0,9.0,11.235267,95.0,3.897458e-05,-5.1056576,0.6268949
68.0,9.0,14.323569,124.25,3.9163926e-05,-5.0494905,0.9815209
66.0,9.0,17.376148,155.0,3.9464914e-05,-5.465595,1.4645014
63.0,9.0,18.051334,153.5,3.9899984e-05,-5.836497,2.0096672
61.0,9.0,18.496653,153.0,4.0444127e-05,-5.2085843,2.2109134
61.0,9.0,21.452532,190.75,4.103638e-05,-5.041672,2.5688584
61.0,9.0,23.585135,229.0,4.1665367e-05,-4.454835,2.5719995
63.0,9.0,19.673988,181.5,4.2219843e-05,-4.3141212,2.8016236
66.0,9.0,15.345241,134.25,4.288343e-05,-3.9405332,3.306499
70.0,9.0,14.354863,138.5,4.3800646e-05,-3.508199,3.7620838
74.0,9.0,13.42751,143.5,4.4825505e-05,-3.237225,3.997638
73.0,9.0,13.695524,143.5,4.579316e-05,-3.0235677,4.1615834
71.0,9.0,13.985003,143.5,4.675884e-05,-2.7259047,4.3623595
74.0,15.0,15.014641,197.25,4.772208e-05,-2.244474,4.04914
76.0,22.0,14.379494,252.25,4.868306e-05,-1.8089286,4.2615695
