Vmax,Rmax_IBT,Rmax_CK22,R34,fcor,u_trans,v_trans
23.0,93.0,38.716885,106.25,1.3870629e-05,0.35081995,0.37620834
23.0,93.0,38.72158,106.25,1.3978337e-05,0.30235672,0.41615835
23.0,93.0,38.72243,106.25,1.3997325e-05,0.32372242,0.3997639
23.0,93.0,38.72158,106.25,1.3978337e-05,0.30957362,0.41081813
24.0,93.0,38.52353,110.25,1.3959338e-05,0.64744484,0.7995278
26.0,93.0,38.261967,116.0,1.3978337e-05,0.6612999,0.7881065
26.0,74.0,38.25293,116.0,1.4067023e-05,0.0,0.5144
26.0,56.0,38.270084,116.0,1.4231685e-05,-0.7146647,0.7400566
26.0,56.0,35.955124,109.0,1.4465961e-05,-1.6432723,1.2382948
26.0,56.0,33.651844,102.0,1.4738254e-05,-1.9113681,1.7210042
26.0,56.0,33.657936,102.0,1.4972525e-05,-1.7540995,1.8810419
26.0,56.0,33.66484,102.0,1.524464e-05,-1.3226001,1.5762128
26.0,56.0,33.673477,102.0,1.5586322e-05,-1.29489,1.5990552
26.0,56.0,33.684147,102.0,1.600387e-05,-0.9919501,1.1821597
26.0,56.0,33.696854,102.0,1.6509788e-05,-1.4549432,1.4549427
26.0,56.0,33.7095,102.0,1.7015493e-05,-1.2484752,0.9070699
26.0,56.0,39.951977,120.0,1.743245e-05,-1.3750014,0.70059776
26.0,56.0,46.225548,139.0,1.777367e-05,-1.4097834,0.627676
26.0,56.0,46.237213,139.0,1.8045108e-05,-1.9077736,0.77079004
26.0,56.0,46.247128,139.0,1.8278848e-05,-2.9515393,0.9023753
26.0,50.0,54.05973,162.0,1.8550369e-05,-3.5085115,0.8100043
26.0,46.0,61.925514,185.5,1.8783807e-05,-3.587098,0.31383038
24.0,46.0,65.76196,185.5,1.89479e-05,-3.5986066,-0.12566707
23.0,46.0,68.58394,185.5,1.9036203e-05,-4.1051755,-0.2870621
24.0,46.0,65.76996,185.5,1.9035977e-05,-4.62678,-0.16157195
26.0,46.0,61.941917,185.5,1.9036203e-05,-4.1051755,0.28706223
24.0,46.0,65.776184,185.5,1.9105573e-05,-3.4781058,0.9319554
23.0,46.0,68.61104,185.5,1.9288536e-05,-2.6174154,1.6355432
24.0,46.0,72.57742,203.5,1.9591207e-05,-2.590199,2.5013258
26.0,46.0,74.68643,222.0,2.0045187e-05,-2.9602275,2.858658
27.0,46.0,71.84049,222.0,2.0599678e-05,-3.0581892,2.7536068
28.0,46.0,67.88701,222.0,2.130504e-05,-3.1573792,3.3858755
28.0,46.0,67.907036,222.0,2.2129321e-05,-2.850266,3.648175
28.0,46.0,67.92833,222.0,2.306609e-05,-2.65543,3.7923458
31.0,46.0,61.987255,222.0,2.4033221e-05,-2.180724,3.4898875
33.0,46.0,56.81211,222.0,2.5074483e-05,-1.8039854,3.698717
36.0,46.0,52.24893,222.0,2.6107899e-05,-1.8089286,4.2615695
39.0,46.0,48.15675,222.0,2.7328068e-05,-2.6564574,4.996071
39.0,41.0,45.14997,208.0,2.8988728e-05,-3.9306378,5.410058
39.0,37.0,42.136486,194.5,3.0571195e-05,-5.4351177,4.7246733
42.0,31.0,38.590786,198.75,3.1591368e-05,-6.6822524,3.8579993
46.0,28.0,35.08595,203.75,3.231108e-05,-6.298661,3.491405
46.0,28.0,34.962547,203.75,3.296754e-05,-5.234831,3.2710865
46.0,28.0,34.853085,203.75,3.3550914e-05,-5.1174836,3.451786
47.0,28.0,34.1387,206.0,3.4188815e-05,-5.1174836,3.451786
49.0,28.0,32.905087,208.0,3.47882e-05,-4.8501964,2.9142904
50.0,37.0,32.133846,210.0,3.528182e-05,-4.1610575,2.0294824
51.0,46.0,31.047724,213.0,3.577612e-05,-4.5833383,2.335326
52.0,46.0,31.90378,231.5,3.6355603e-05,-4.9003186,2.8291996
54.0,46.0,31.857819,250.0,3.700857e-05,-4.362359,2.7259054
55.0,46.0,30.714632,250.0,3.7727877e-05,-4.2645693,2.8764882
57.0,46.0,29.164507,250.0,3.8483773e-05,-4.2137184,2.9504766
57.0,37.0,29.041391,250.0,3.92198e-05,-4.5189986,3.4053109
57.0,28.0,28.806509,250.0,3.995476e-05,-4.397403,3.5609465
57.0,28.0,28.579361,250.0,4.0669896e-05,-4.3345866,3.6371489
57.0,28.0,28.34227,250.0,4.142137e-05,-3.9405332,3.306499
54.0,28.0,30.335579,250.0,4.2256146e-05,-3.6481745,2.8502665
51.0,28.0,32.58135,250.0,4.3126656e-05,-4.2645693,2.8764882
51.0,28.0,32.165558,247.75,4.394069e-05,-5.1769457,3.3619483
51.0,28.0,31.731018,245.5,4.4825505e-05,-5.122693,4.2984486
51.0,28.0,31.425257,245.5,4.591315e-05,-4.728565,4.728564
51.0,28.0,31.121803,245.5,4.6999867e-05,-5.5966945,4.5321136
55.0,28.0,27.45881,245.5,4.7878428e-05,-6.172977,3.709097
59.0,28.0,23.890837,245.5,4.868306e-05,-5.8487573,3.242019
60.0,28.0,22.465773,234.25,4.9539914e-05,-5.73205,3.4441614
62.0,28.0,20.814192,222.0,5.035898e-05,-5.1174836,3.451786
64.0,31.0,19.931286,254.5,5.105693e-05,-3.882227,3.3747668
67.0,37.0,18.422968,287.0,5.178951e-05,-2.7861626,3.6973631
