Vmax,Rmax_IBT,Rmax_CK22,R34,fcor,u_trans,v_trans
23.0,74.0,64.27283,166.5,5.862087e-05,-0.26921618,5.1369505
26.0,59.0,57.083878,166.5,5.9998583e-05,0.4664755,6.6709104
28.0,46.0,50.946255,166.5,6.14047e-05,1.6177802,6.4885616
28.0,50.0,50.932014,166.5,6.2706225e-05,2.2121336,5.762805
28.0,56.0,50.917614,166.5,6.393293e-05,2.1112218,5.8005347
29.0,56.0,49.774006,166.5,6.4736996e-05,1.3885778,6.0145917
29.0,56.0,48.666904,166.5,6.5125314e-05,0.9815215,5.04949
31.0,56.0,45.524635,166.5,6.621089e-05,1.5072503,4.3773727
32.0,56.0,51.062195,199.0,6.7184024e-05,2.521461,3.8827093
33.0,56.0,53.72843,231.5,6.801876e-05,3.0978072,3.4404633
33.0,56.0,53.625248,231.5,6.8760586e-05,3.2736216,3.2736216
33.0,56.0,53.595016,231.5,6.897745e-05,3.9405327,3.3064992
33.0,56.0,53.540844,231.5,6.936598e-05,4.409269,2.649356
33.0,56.0,53.469086,231.5,6.987932e-05,4.8023376,1.843445
33.0,56.0,53.41582,231.5,7.025991e-05,5.5133758,1.272863
34.0,56.0,50.75423,231.5,7.048244e-05,6.585606,1.1612204
36.0,56.0,47.05997,231.5,7.07056e-05,6.987682,1.7422248
36.0,56.0,46.997475,231.5,7.1082344e-05,7.2956214,2.5120838
36.0,56.0,46.912506,231.5,7.159438e-05,8.3168,2.7022917
41.0,37.0,38.472916,245.0,7.214314e-05,9.394987,2.6939697
