Vmax,Rmax_IBT,Rmax_CK22,R34,fcor,u_trans,v_trans
25.0,93.0,65.61812,184.25,4.13224e-05,-2.013542,-2.9851985
26.0,93.0,63.884033,187.5,4.142137e-05,-2.4094055,-2.675916
26.0,93.0,64.20792,188.25,4.1481177e-05,-1.3499072,-1.5528904
28.0,93.0,60.925095,199.0,4.1909232e-05,-1.7702862,-2.528231
29.0,93.0,58.417564,199.0,4.248171e-05,-2.2412982,-3.4512973
30.0,93.0,57.215652,199.0,4.276656e-05,-1.7258931,-2.5587416
31.0,93.0,54.917786,199.0,4.3126656e-05,-1.4489769,-2.7251296
31.0,89.0,56.02619,203.5,4.3355918e-05,-1.5896132,-2.6455615
32.0,83.0,55.900463,211.75,4.3825123e-05,-1.9001774,-2.4321167
32.0,83.0,56.250225,213.25,4.3837423e-05,-2.4149616,-4.5418825
32.0,80.0,56.130547,217.0,4.4076838e-05,-1.9081333,-3.0536516
33.0,74.0,56.11445,226.75,4.458322e-05,-1.0869741,-2.3310237
33.0,65.0,56.034805,226.75,4.5345747e-05,-1.2315462,-3.3836453
33.0,56.0,55.96232,226.75,4.6034886e-05,-1.6347291,-3.2083364
37.0,56.0,48.62289,226.75,4.6499656e-05,-2.2936418,-2.065205
39.0,56.0,45.87728,226.75,4.666042e-05,-2.8757265,-2.167016
41.0,56.0,41.72889,226.75,4.6999867e-05,-2.0248609,-2.3293355
42.0,56.0,40.084915,226.75,4.7752113e-05,-2.1194842,-3.5274153
44.0,56.0,37.775368,226.75,4.868306e-05,-2.1017947,-4.125004
47.0,43.0,33.13271,226.75,4.9761038e-05,-2.493861,-4.4990435
51.0,31.0,28.632568,226.75,5.083645e-05,-3.0235667,-4.161584
