Vmax,Rmax_IBT,Rmax_CK22,R34,fcor,u_trans,v_trans
19.0,74.0,36.41866,83.0,2.7971644e-05,-0.9500887,-1.2160584
21.0,56.0,38.013016,92.75,2.8327528e-05,-1.3499072,-1.5528904
21.0,56.0,36.853,89.75,2.870195e-05,-1.687384,-1.941113
21.0,56.0,36.085445,88.0,2.9076216e-05,-2.0248609,-2.3293355
22.0,56.0,39.339436,100.25,2.943155e-05,-1.687384,-1.941113
23.0,56.0,41.961647,113.5,2.9824112e-05,-1.7540995,-1.8810419
26.0,56.0,39.820988,119.0,3.0303534e-05,-1.4293292,-1.4801135
28.0,56.0,38.125072,125.25,3.0820032e-05,-1.4293292,-1.4801135
31.0,56.0,36.104626,129.5,3.128018e-05,-1.6532496,-1.9702665
33.0,56.0,34.558758,134.25,3.1814445e-05,-1.5896132,-2.6455615
40.0,37.0,30.138594,140.25,3.2521893e-05,-1.6904731,-3.179318
46.0,19.0,26.635063,148.25,3.330315e-05,-2.1194842,-3.5274153
49.0,19.0,25.112259,149.25,3.40833e-05,-2.476589,-3.286545
51.0,19.0,23.776966,150.5,3.47882e-05,-2.6759155,-2.409406
51.0,13.0,23.647251,150.25,3.5319452e-05,-2.6174154,-1.6355432
51.0,9.0,23.642141,150.75,3.577612e-05,-1.9411131,-1.6873839
55.0,15.0,22.241512,154.75,3.625083e-05,-1.4008113,-2.1570609
59.0,22.0,20.787933,159.75,3.67623e-05,-1.4963166,-2.6994262
64.0,20.0,18.677069,160.75,3.735935e-05,-1.3529885,-2.774038
69.0,19.0,16.869308,162.0,3.7992504e-05,-0.83736104,-2.4318738
