Vmax,Rmax_IBT,Rmax_CK22,R34,fcor,u_trans,v_trans
27.0,41.0,18.052061,56.75,3.591733e-05,-5.6368685,-0.49316186
28.0,28.0,18.980274,62.5,3.577612e-05,-6.6861815,-0.116707
29.0,31.0,19.858011,67.75,3.589883e-05,-7.184057,0.5023589
31.0,37.0,20.731655,74.25,3.6022833e-05,-6.6831264,0.23337866
33.0,37.0,20.87018,80.75,3.5917798e-05,-6.17186,-0.10772953
36.0,37.0,21.171951,88.0,3.577612e-05,-7.2016,8.587822e-08
37.0,28.0,21.223104,90.75,3.5738605e-05,-8.229147,0.14363956
39.0,19.0,21.2754,95.0,3.577612e-05,-7.2005033,0.12568462
36.0,28.0,23.973675,100.0,3.586198e-05,-6.6831264,0.23337866
33.0,37.0,27.463188,106.25,3.6022833e-05,-6.138985,0.6452327
32.0,31.0,28.802593,106.25,3.632455e-05,-6.126789,0.75227386
31.0,28.0,29.768682,106.25,3.651592e-05,-6.1728,7.3609904e-08
28.0,28.0,25.505377,84.0,3.621321e-05,-6.149311,-0.53799474
26.0,28.0,20.744942,62.75,3.6022833e-05,-6.6709104,0.4664761
27.0,22.0,21.201809,66.25,3.6473048e-05,-6.9562116,1.8639108
28.0,19.0,21.81804,71.75,3.7254722e-05,-6.6291075,2.81389
27.0,28.0,23.319088,72.75,3.8095994e-05,-5.8487573,3.242019
26.0,37.0,24.686222,74.0,3.897458e-05,-4.9298167,3.7148848
26.0,37.0,24.69585,74.0,3.9837956e-05,-4.1081805,3.0957372
26.0,37.0,24.70256,74.0,4.0444127e-05,-5.282572,2.0277884
27.0,37.0,23.792305,74.0,4.0517632e-05,-7.1479206,0.8776529
28.0,37.0,22.543459,74.0,4.0444127e-05,-6.661753,0.58282787
28.0,37.0,22.54451,74.0,4.0669634e-05,-5.627403,0.59146327
28.0,37.0,22.545715,74.0,4.093299e-05,-5.6162233,0.6895844
29.0,41.0,25.883612,88.0,4.1036466e-05,-5.5887356,0.8851692
31.0,46.0,28.441862,101.75,4.1177245e-05,-5.0494905,0.9815209
32.0,46.0,27.491215,101.75,4.1561467e-05,-4.5284324,0.962547
33.0,46.0,26.166971,101.75,4.1909232e-05,-5.0806684,0.80469924
34.0,31.0,28.626692,115.25,4.189087e-05,-5.1056576,0.6268949
36.0,19.0,30.564129,129.5,4.1909232e-05,-4.572602,0.72422934
37.0,19.0,31.08661,136.25,4.230459e-05,-4.4718504,1.1982284
39.0,19.0,31.016632,143.5,4.288343e-05,-4.1250043,2.1017933
40.0,28.0,30.50401,146.0,4.345501e-05,-4.1081805,3.0957372
41.0,37.0,29.509224,148.25,4.409823e-05,-3.597875,2.9135017
