Vmax,Rmax_IBT,Rmax_CK22,R34,fcor,u_trans,v_trans
23.0,93.0,51.89553,139.0,3.3550812e-05,-5.9583397,3.0359237
26.0,93.0,46.749657,139.0,3.4293596e-05,-5.9583397,3.0359237
27.0,69.0,44.947083,139.0,3.5034835e-05,-5.9583397,3.0359237
28.0,46.0,42.445282,139.0,3.577612e-05,-6.010416,2.9314744
28.0,46.0,42.451733,139.0,3.649699e-05,-6.5268664,3.0435271
28.0,46.0,42.4582,139.0,3.7254722e-05,-6.9350953,3.3824704
28.0,46.0,49.30544,161.0,3.8115166e-05,-6.875007,3.5029888
28.0,46.0,56.707664,185.0,3.897458e-05,-6.9350953,3.3824704
28.0,46.0,56.709637,185.0,3.972793e-05,-6.472756,3.1569724
28.0,46.0,56.71093,185.0,4.0444127e-05,-5.904447,3.1394508
28.0,46.0,45.336906,148.0,4.11949e-05,-5.345802,3.0863996
28.0,46.0,33.93896,111.0,4.1909232e-05,-5.4502587,2.8979545
28.0,46.0,33.94323,111.0,4.257316e-05,-5.594457,2.6087375
28.0,46.0,33.946716,111.0,4.3126656e-05,-4.699278,2.0922532
28.0,46.0,33.949265,111.0,4.354523e-05,-3.8418703,1.4747552
28.0,46.0,33.951145,111.0,4.385554e-05,-3.9557843,1.1343023
29.0,46.0,32.722195,111.0,4.4098222e-05,-4.5109434,1.0414342
31.0,46.0,31.01904,111.0,4.4340795e-05,-3.9353857,1.203167
31.0,41.0,28.452692,102.0,4.470395e-05,-3.8155472,1.5415801
31.0,37.0,25.881012,93.0,4.506766e-05,-3.9137876,1.2716672
32.0,37.0,27.499264,102.0,4.5327815e-05,-4.5109434,1.0414342
33.0,37.0,28.488676,111.0,4.5551555e-05,-4.0097275,0.9257192
