Vmax,Rmax_IBT,Rmax_CK22,R34,fcor,u_trans,v_trans
21.0,56.0,69.49465,162.5,4.223754e-05,-3.7880614,-1.6079371
23.0,56.0,66.08042,173.5,4.239659e-05,-4.699278,-2.0922532
23.0,56.0,64.079025,168.5,4.272594e-05,-6.0790215,-1.0718952
23.0,56.0,62.45382,164.25,4.3126656e-05,-5.1369505,-0.26921704
26.0,50.0,49.746567,146.75,4.3490607e-05,-2.8814027,-1.1060663
28.0,46.0,39.649487,129.5,4.385554e-05,-2.0540903,-1.5478686
29.0,41.0,36.3905,123.75,4.420116e-05,-2.3985834,-1.9423344
31.0,37.0,32.90104,118.0,4.458322e-05,-1.9988195,-1.618612
32.0,37.0,34.191948,127.5,4.50677e-05,-2.0267637,-1.5834814
33.0,37.0,34.709743,136.5,4.5551555e-05,-1.3225998,-1.5762131
33.0,22.0,36.503735,144.25,4.5877776e-05,-0.8695794,-1.8648188
33.0,9.0,38.61264,152.75,4.627635e-05,-0.92172223,-2.401169
39.0,9.0,32.83713,154.5,4.6927573e-05,-1.2059525,-2.8410463
44.0,9.0,28.399696,157.5,4.7722115e-05,-1.2315462,-3.3836453
45.0,19.0,27.989674,161.0,4.856309e-05,-0.6942889,-3.0072958
46.0,28.0,27.373367,166.5,4.9402213e-05,-0.2689977,-3.0746555
46.0,28.0,27.728632,169.5,4.963645e-05,0.7466676,-2.9947207
47.0,28.0,27.755682,173.25,4.98608e-05,0.85072714,-2.9668381
47.0,28.0,27.699032,176.25,5.008415e-05,0.85559785,-4.0252733
48.0,28.0,27.67102,180.0,5.0315317e-05,1.3535647,-4.4273086
48.0,28.0,27.513412,183.0,5.056315e-05,1.339778,-3.8909981
49.0,28.0,27.524292,187.5,5.083645e-05,1.2760907,-4.4502573
