Vmax,Rmax_IBT,Rmax_CK22,R34,fcor,u_trans,v_trans
18.0,139.0,25.471272,56.0,3.0496378e-05,-4.1081805,3.0957372
18.0,139.0,25.487093,56.0,3.131743e-05,-4.20501,3.7862093
18.0,139.0,25.506212,56.0,3.2310774e-05,-4.5872836,4.13041
18.0,139.0,25.525255,56.0,3.330315e-05,-4.9298167,3.7148848
21.0,111.0,22.592625,56.0,3.4119756e-05,-5.398853,2.9926329
23.0,83.0,25.482073,69.5,3.47882e-05,-6.7232733,2.5808215
24.0,78.0,27.965837,79.25,3.5300585e-05,-7.4530835,1.9970473
26.0,74.0,30.148825,90.0,3.577612e-05,-7.949956,2.1301837
27.0,50.0,29.035511,90.0,3.6373636e-05,-8.362695,2.55673
28.0,28.0,27.500076,90.0,3.700857e-05,-8.854618,2.7071257
31.0,22.0,26.1573,93.25,3.7678627e-05,-8.900515,2.55218
33.0,19.0,25.089935,97.0,3.8238195e-05,-8.553706,1.8181444
36.0,22.0,26.266035,110.0,3.8538208e-05,-8.679619,1.0657214
39.0,28.0,27.515549,125.0,3.872924e-05,-8.199081,0.7173266
40.0,28.0,27.986183,131.5,3.8900085e-05,-8.169052,1.0030318
41.0,28.0,28.122112,139.0,3.9219805e-05,-7.985922,1.9911145
39.0,31.0,32.979202,152.75,3.9843686e-05,-8.163975,3.1338549
36.0,37.0,38.638683,166.75,4.0688625e-05,-8.3916855,3.9131062
34.0,37.0,40.638718,166.75,4.164688e-05,-8.322115,4.0589647
33.0,37.0,42.06752,166.75,4.2640077e-05,-7.859775,3.8334668
34.0,37.0,40.52735,166.75,4.350855e-05,-7.397435,3.6079686
36.0,37.0,38.376152,166.75,4.4340795e-05,-6.9350953,3.3824704
36.0,37.0,38.318333,166.75,4.51338e-05,-6.8128233,3.6224432
36.0,37.0,38.252472,166.75,4.6034886e-05,-6.3968544,4.3147326
36.0,37.0,38.17175,166.75,4.7131907e-05,-5.8233404,5.06215
36.0,37.0,38.07476,166.75,4.844305e-05,-5.3996286,6.2115617
37.0,37.0,36.614807,166.75,4.994604e-05,-4.837708,6.658533
39.0,37.0,34.576393,166.75,5.155148e-05,-4.7207646,6.741948
40.0,37.0,37.247345,190.75,5.313103e-05,-4.837708,6.658533
41.0,37.0,38.53285,215.25,5.4633376e-05,-4.7504435,6.0802917
42.0,37.0,36.829792,215.25,5.5999306e-05,-4.6291003,5.5167446
44.0,37.0,34.537647,215.25,5.721923e-05,-4.2083926,5.1969295
44.0,37.0,34.331482,215.25,5.8322705e-05,-3.88467,4.797166
44.0,37.0,34.145767,215.25,5.9319285e-05,-4.287988,4.4403396
45.0,31.0,32.65849,215.25,6.0265455e-05,-4.6586723,4.0497203
46.0,28.0,30.63356,215.25,6.1173734e-05,-4.5145,4.20984
47.0,31.0,30.247757,228.75,6.21304e-05,-4.0703125,3.9306548
49.0,37.0,29.086456,242.75,6.3016254e-05,-4.3345866,3.6371489
52.0,37.0,25.024525,242.75,6.378967e-05,-4.691026,3.1641371
57.0,37.0,21.196007,242.75,6.43901e-05,-4.699278,2.0922532
57.0,31.0,21.29882,249.75,6.473239e-05,-4.3773727,1.5072504
57.0,28.0,21.326485,256.75,6.507438e-05,-4.1250043,2.1017933
58.0,22.0,20.651377,269.5,6.570565e-05,-3.54648,2.9758492
59.0,19.0,19.357176,282.5,6.643758e-05,-2.6452003,3.1524255
