Vmax,Rmax_IBT,Rmax_CK22,R34,fcor,u_trans,v_trans
21.0,69.0,26.566969,65.0,3.9642382e-05,-4.9192314,-1.5039612
23.0,28.0,23.801804,65.0,3.9219805e-05,-4.9192314,-1.5039612
26.0,28.0,23.125252,69.5,3.893745e-05,-4.510944,-1.0414339
28.0,28.0,22.541159,74.5,3.872924e-05,-4.559266,-0.8039214
29.0,28.0,24.511328,83.5,3.8569484e-05,-4.595092,-0.56420743
31.0,28.0,25.892323,92.5,3.8483773e-05,-4.6232553,-0.24229534
31.0,28.0,28.469814,101.5,3.844661e-05,-4.6296,5.520743e-08
31.0,28.0,31.042469,111.5,3.8483773e-05,-4.6183224,0.322945
32.0,31.0,32.480347,120.5,3.8587827e-05,-5.115821,0.5376939
33.0,37.0,33.220963,129.5,3.872924e-05,-5.115821,0.5376939
34.0,31.0,32.154533,129.5,3.885158e-05,-5.6368685,0.49316204
36.0,28.0,30.663342,129.5,3.897458e-05,-5.6368685,0.49316204
36.0,28.0,31.187046,131.75,3.90971e-05,-6.149311,0.5379949
36.0,28.0,31.706263,134.25,3.9219805e-05,-5.6368685,0.49316204
36.0,28.0,31.701323,134.25,3.9341754e-05,-5.6368685,0.49316204
36.0,28.0,31.696259,134.25,3.9464914e-05,-5.6368685,0.49316204
37.0,31.0,32.71066,143.25,3.958731e-05,-6.149311,0.5379949
39.0,37.0,33.08088,153.0,3.9709896e-05,-5.6368685,0.49316204
40.0,37.0,32.077682,153.0,3.9832117e-05,-5.6368685,0.49316204
41.0,37.0,30.66588,153.0,3.995476e-05,-5.124426,0.44832912
42.0,37.0,30.164043,155.25,4.0040068e-05,-4.595092,0.5642054
44.0,37.0,29.234402,157.5,4.0199502e-05,-4.0097275,0.9257192
45.0,37.0,28.387661,157.5,4.0511088e-05,-3.8418703,1.4747552
46.0,37.0,27.18466,157.5,4.093299e-05,-3.6987176,1.8039843
46.0,37.0,27.131577,157.5,4.1402873e-05,-4.087694,2.173466
46.0,37.0,27.074482,157.5,4.1909232e-05,-4.087694,2.173466
46.0,37.0,27.01745,157.5,4.2414667e-05,-4.087694,2.173466
46.0,37.0,26.964615,157.5,4.288343e-05,-3.7296379,1.7391584
47.0,37.0,25.513788,152.75,4.3266253e-05,-3.8418703,1.4747552
49.0,37.0,23.810917,148.25,4.3612705e-05,-3.8155472,1.5415801
50.0,37.0,23.14751,148.25,4.3994794e-05,-3.8418703,1.4747552
51.0,37.0,22.221783,148.25,4.4340795e-05,-4.4030113,1.4306257
52.0,31.0,21.626709,148.25,4.4619435e-05,-4.5109434,1.0414342
54.0,28.0,20.798344,148.25,4.4825505e-05,-4.572602,0.72422934
