Vmax,Rmax_IBT,Rmax_CK22,R34,fcor,u_trans,v_trans
21.0,65.0,73.09459,170.25,4.309014e-05,0.24140964,-1.5242007
23.0,65.0,48.21759,127.25,4.3369746e-05,0.0,1.5432
26.0,59.0,56.53608,166.25,4.387372e-05,0.0,2.0576
28.0,56.0,63.01477,206.0,4.4340795e-05,-0.28357565,-0.988946
29.0,56.0,68.877655,236.0,4.4516553e-05,-0.8427437,-0.59009534
31.0,56.0,72.41176,266.5,4.458322e-05,-0.93240947,-0.4347896
32.0,56.0,69.25799,266.5,4.468621e-05,-1.3625647,-0.7244886
33.0,56.0,64.86064,266.5,4.4825505e-05,-1.3227804,-0.79480714
33.0,56.0,64.82636,266.5,4.504951e-05,-1.2641156,-0.885143
33.0,56.0,64.78653,266.5,4.5309676e-05,-1.1992917,-0.9711672
33.0,56.0,68.12224,282.25,4.555147e-05,-1.18216,-0.9919497
33.0,56.0,71.51799,298.5,4.5793287e-05,-1.3497132,-0.7481582
33.0,56.0,71.472145,298.5,4.601682e-05,-1.8797112,-0.8369013
33.0,56.0,71.41887,298.5,4.627635e-05,-1.1992917,-0.9711672
34.0,56.0,68.15286,298.5,4.6620135e-05,-1.090362,-1.7449437
36.0,56.0,63.59912,298.5,4.6999867e-05,-0.83690107,-1.8797113
39.0,56.0,56.84617,298.5,4.7361107e-05,-0.77079064,-1.9077734
41.0,56.0,50.930367,298.5,4.7722115e-05,-0.93413097,-1.833335
45.0,39.0,43.888313,297.25,4.8100723e-05,-1.2382945,-1.6432725
49.0,22.0,37.277554,296.5,4.844305e-05,-1.7058278,-1.1505953
54.0,24.0,30.647873,296.5,4.8700993e-05,-1.9676925,-0.6015845
59.0,28.0,25.376038,296.5,4.892293e-05,-2.4596157,-0.7519806
