Vmax,Rmax_IBT,Rmax_CK22,R34,fcor,u_trans,v_trans
22.0,56.0,32.354347,81.75,4.7740137e-05,-1.0187877,0.14318147
22.0,57.0,33.30888,85.5,4.7741218e-05,-1.02739,0.05384343
23.0,65.0,36.3332,97.25,4.7722115e-05,-1.0248852,0.08966582
23.0,65.0,36.59302,95.75,4.7700865e-05,-1.7449436,-1.0903622
22.0,65.0,38.0933,95.5,4.765698e-05,-2.5282311,-1.770286
22.0,65.0,38.09265,95.5,4.7637932e-05,-0.96675575,0.35187024
21.0,65.0,39.725475,95.0,4.748151e-05,-0.24149613,0.45418826
21.0,56.0,38.502037,92.0,4.722266e-05,-0.2572001,0.44548345
21.0,50.0,37.897697,90.75,4.707552e-05,-1.4501337,0.5278054
21.0,46.0,37.70323,90.25,4.6999867e-05,-1.781934,1.0287998
22.0,46.0,39.99374,100.25,4.6927613e-05,-1.4549432,1.4549427
23.0,46.0,41.69093,111.0,4.6999867e-05,-0.0,0.0
26.0,41.0,42.28902,125.0,4.7186564e-05,0.2314297,-1.002432
27.0,37.0,42.47017,133.5,4.7373174e-05,-1.2948897,-1.5990556
28.0,37.0,42.51747,139.0,4.748151e-05,-1.2948897,-1.5990556
29.0,37.0,40.88154,139.0,4.7770085e-05,-0.70374066,-1.9335115
31.0,37.0,38.607796,139.0,4.8202877e-05,-0.70893914,-2.4723651
31.0,37.0,38.349155,138.0,4.8869053e-05,-1.4963166,-2.6994262
31.0,37.0,38.346806,138.0,4.908068e-05,-4.1610575,-2.0294824
31.0,37.0,38.343193,138.0,4.931834e-05,-2.6455607,-1.5896143
31.0,37.0,38.590874,139.0,4.9641636e-05,-2.1049194,-2.2572503
32.0,37.0,37.163815,139.0,5.0412695e-05,-2.9098856,-2.9098861
33.0,37.0,35.172806,139.0,5.1074945e-05,-3.0581892,-2.7536068
33.0,37.0,41.003036,163.25,5.148586e-05,-2.949603,-2.0653336
33.0,37.0,47.096363,190.0,5.178951e-05,-3.2894945,-1.4645773
35.0,39.0,43.899445,187.75,5.2039242e-05,-3.443462,-1.0527729
36.0,41.0,42.14886,187.25,5.211076e-05,-1.7996175,-0.9975442
39.0,46.0,38.015377,185.25,5.250265e-05,-1.4008113,-2.1570609
40.0,41.0,42.124516,220.0,5.302224e-05,-1.0048332,-2.9182487
40.0,41.0,42.402256,222.0,5.304227e-05,0.0,1.5432
40.0,39.0,44.044724,239.25,5.3348456e-05,-0.6656827,-2.4843612
41.0,37.0,44.745857,259.25,5.3688025e-05,-1.0527723,-3.4434621
