Vmax,Rmax_IBT,Rmax_CK22,R34,fcor,u_trans,v_trans
28.0,56.0,33.83397,111.0,2.9076216e-05,-6.9797745,-4.361449
31.0,56.0,32.119457,115.0,3.0178817e-05,-6.242374,-4.5353527
33.0,56.0,31.069773,120.0,3.131743e-05,-5.9964585,-4.855836
34.0,56.0,30.108316,120.0,3.2540214e-05,-5.351831,-4.818812
36.0,56.0,28.758213,120.0,3.3798577e-05,-4.9114785,-5.266917
39.0,56.0,33.243534,152.0,3.5035177e-05,-4.5321136,-5.5966945
41.0,56.0,36.80862,185.0,3.626943e-05,-4.5321136,-5.5966945
42.0,56.0,35.549534,185.0,3.759284e-05,-4.0497217,-4.658671
44.0,56.0,33.841095,185.0,3.872924e-05,-3.4420075,-3.8227372
45.0,41.0,34.74641,199.25,3.9415572e-05,-2.501326,-2.5901988
46.0,28.0,34.88104,212.75,3.995476e-05,-2.3623376,-2.7175581
46.0,28.0,34.755947,212.75,4.0688476e-05,-2.3145494,-2.758373
46.0,28.0,34.616913,213.0,4.142137e-05,-2.9098856,-2.9098861
47.0,28.0,33.423653,213.0,4.2085925e-05,-3.1981113,-2.5897794
49.0,28.0,31.800669,213.0,4.2640077e-05,-2.9851987,-2.0135417
51.0,28.0,30.640064,227.0,4.3023105e-05,-2.6994264,-1.4963164
54.0,28.0,29.217754,240.75,4.3369746e-05,-3.0864875,-1.85455
58.0,28.0,26.316921,245.5,4.3855376e-05,-3.451297,-2.241299
62.0,28.0,23.305601,250.0,4.4340795e-05,-3.599235,-1.9950885
64.0,37.0,20.43522,222.25,4.4722343e-05,-3.7594223,-1.6738026
67.0,46.0,17.803587,194.5,4.506766e-05,-4.3773727,-1.5072504
