Vmax,Rmax_IBT,Rmax_CK22,R34,fcor,u_trans,v_trans
19.0,56.0,78.57852,171.0,3.5645666e-05,-6.157763,0.43059334
21.0,56.0,49.2546,118.0,3.5529305e-05,-5.644616,0.39471057
21.0,56.0,56.575294,134.5,3.5979614e-05,-5.1056576,0.6268949
21.0,56.0,64.62893,152.75,3.67623e-05,-5.317157,1.9352864
22.0,56.0,42.710598,107.5,3.769657e-05,-5.5000057,2.802391
23.0,56.0,22.954845,62.5,3.8483773e-05,-6.2839127,2.2871566
24.0,56.0,44.125175,123.25,3.868056e-05,-6.5643377,1.2759771
26.0,56.0,62.96642,185.25,3.872924e-05,-6.0593886,1.1778251
27.0,56.0,65.08092,199.5,3.905999e-05,-5.5133753,1.272864
28.0,56.0,65.88816,215.25,3.9464914e-05,-5.5133753,1.272864
31.0,56.0,57.05419,206.25,3.9794795e-05,-5.4903216,1.3688912
33.0,56.0,49.946175,199.25,4.0199502e-05,-5.9336767,1.7014533
36.0,50.0,50.50435,223.0,4.079238e-05,-5.8706813,1.9075009
39.0,46.0,50.30055,247.75,4.142137e-05,-6.243039,2.3964772
41.0,46.0,46.073875,250.0,4.1908963e-05,-6.6291075,2.81389
44.0,46.0,42.245487,252.5,4.239659e-05,-5.682092,2.4119058
45.0,43.0,40.01616,247.0,4.3040356e-05,-5.2463775,2.1196725
46.0,41.0,37.379906,243.25,4.3612705e-05,-6.3228717,2.1771395
47.0,35.0,36.384888,247.25,4.3892203e-05,-6.9562116,1.8639108
49.0,31.0,34.883415,252.5,4.409823e-05,-7.112936,1.1265789
