Vmax,Rmax_IBT,Rmax_CK22,R34,fcor,u_trans,v_trans
22.0,74.0,44.180595,113.0,2.0820187e-05,-0.6268964,5.1056576
21.0,74.0,40.633095,99.5,2.206018e-05,-0.8039228,4.559266
21.0,74.0,40.67959,99.5,2.3034658e-05,-0.74864864,3.5221138
21.0,74.0,40.716866,99.5,2.3819783e-05,-0.37638676,3.5810742
21.0,74.0,40.750957,99.5,2.4541365e-05,-0.26899835,3.0746553
21.0,74.0,40.776066,99.5,2.5074483e-05,-1.5834811,2.026764
21.0,74.0,42.35514,103.5,2.5419393e-05,-2.9002674,1.0556108
21.0,74.0,44.713737,108.75,2.5575835e-05,-2.4956007,0.6222233
21.0,74.0,44.71576,108.75,2.5613228e-05,-1.4973603,0.37333396
21.0,74.0,44.713737,108.75,2.5575835e-05,-2.0322676,0.3218797
21.0,74.0,41.377457,101.0,2.5594738e-05,-2.5579104,0.26884696
21.0,74.0,38.844807,95.0,2.5575835e-05,-2.572,3.0670794e-08
22.0,74.0,37.117447,95.0,2.5488102e-05,-2.042263,-0.25075886
23.0,74.0,34.79781,95.0,2.53252e-05,-2.50608,-0.5785744
23.0,74.0,36.872906,100.75,2.5036823e-05,-2.4956007,-0.6222232
23.0,74.0,39.130287,106.5,2.4823696e-05,-3.0633945,-0.3761383
26.0,74.0,36.211914,108.75,2.4873614e-05,-3.0845199,0.10771323
28.0,74.0,33.79262,111.0,2.5074483e-05,-3.0296943,0.58891255
31.0,50.0,34.84861,124.5,2.5306428e-05,-2.9668384,0.85072666
33.0,28.0,35.881744,138.75,2.5575835e-05,-3.992961,0.99555725
37.0,28.0,34.157207,146.75,2.5807358e-05,-4.5445414,0.8833688
41.0,28.0,32.26783,155.0,2.6076874e-05,-5.5347505,1.1764463
42.0,22.0,34.855946,173.5,2.6415184e-05,-5.4903216,1.3688912
44.0,19.0,36.6623,192.0,2.6827835e-05,-4.892235,1.5895841
45.0,31.0,35.644455,192.0,2.7270922e-05,-3.7296379,1.7391584
46.0,46.0,34.201614,192.0,2.7827968e-05,-5.1692057,2.3014786
46.0,46.0,34.075977,192.0,2.8577677e-05,-6.1555996,2.6128979
46.0,46.0,33.950684,192.0,2.9325609e-05,-6.060662,2.8261323
45.0,41.0,35.236492,192.0,2.9860636e-05,-5.0857368,2.4804783
44.0,37.0,36.136887,192.0,3.0322259e-05,-6.1555996,2.6128979
44.0,37.0,36.05909,192.0,3.083878e-05,-7.2956214,2.512084
44.0,37.0,35.98705,192.0,3.131743e-05,-6.9226227,1.985029
44.0,37.0,35.9339,192.0,3.1670792e-05,-6.515807,1.5042937
44.0,37.0,35.874832,192.0,3.206281e-05,-6.886925,2.1055422
45.0,31.0,33.812984,186.0,3.2664768e-05,-7.203507,2.765166
46.0,28.0,31.4591,180.5,3.330315e-05,-6.8491282,2.2254176
47.0,31.0,31.423782,186.0,3.3798133e-05,-6.4885616,1.6177806
49.0,37.0,30.956146,192.0,3.4293596e-05,-5.8706813,1.9075009
50.0,28.0,31.338627,203.25,3.487415e-05,-5.128252,2.3913426
51.0,19.0,31.159466,215.25,3.5529305e-05,-5.291123,3.179226
54.0,24.0,27.51977,200.75,3.626912e-05,-5.608358,3.6421106
57.0,31.0,24.385952,187.5,3.700857e-05,-5.4502587,2.8979545
59.0,31.0,25.205425,217.25,3.7605216e-05,-5.2463775,2.1196725
62.0,31.0,24.83532,247.75,3.8238195e-05,-5.041672,2.5688584
65.0,31.0,21.061172,213.25,3.907846e-05,-4.6350904,3.2455244
69.0,31.0,17.470667,180.5,3.995476e-05,-4.45888,3.483659
70.0,30.0,17.31012,188.0,4.0688334e-05,-4.3345866,3.6371489
72.0,28.0,16.908186,196.75,4.142137e-05,-4.3345866,3.6371489
