Vmax,Rmax_IBT,Rmax_CK22,R34,fcor,u_trans,v_trans
21.0,74.0,34.25674,83.0,3.390361e-05,-4.833779,1.7593513
21.0,74.0,38.21117,93.0,3.4293596e-05,-4.769434,1.926975
22.0,74.0,36.50213,93.0,3.4559194e-05,-5.317157,1.9352864
23.0,74.0,34.194202,93.0,3.47882e-05,-5.5133753,1.272864
23.0,74.0,34.201958,93.0,3.5072142e-05,-5.115821,0.5376939
23.0,74.0,34.20776,93.0,3.5282377e-05,-5.654953,0.19747426
24.0,50.0,35.174904,99.25,3.533762e-05,-5.6584,6.7475746e-08
26.0,28.0,35.662178,106.5,3.5282377e-05,-5.644616,-0.3947104
27.0,22.0,36.283173,112.75,3.5177163e-05,-5.627403,-0.5914631
28.0,19.0,36.73748,120.25,3.5035337e-05,-5.6368685,-0.49316186
28.0,19.0,37.306644,122.0,3.4930086e-05,-5.644616,-0.3947104
28.0,19.0,38.16059,125.0,3.47882e-05,-5.124426,-0.44832897
28.0,19.0,40.438873,132.25,3.459649e-05,-5.093939,-0.7159072
28.0,19.0,43.14425,141.25,3.4293596e-05,-4.510944,-1.0414339
28.0,19.0,43.138832,141.25,3.3742497e-05,-3.9557843,-1.1343023
28.0,19.0,43.134407,141.25,3.330315e-05,-4.075151,-0.5727258
28.0,19.0,41.423954,135.5,3.3296757e-05,-3.5986066,0.12566544
28.0,19.0,40.28639,132.0,3.3550914e-05,-3.5739603,0.43882644
29.0,19.0,31.470066,107.25,3.3922253e-05,-3.5657573,0.5011352
31.0,19.0,23.323454,83.0,3.4293596e-05,-3.5739603,0.43882644
31.0,19.0,23.323326,83.0,3.4435914e-05,-3.5739603,0.43882644
31.0,19.0,23.323133,83.0,3.454095e-05,-3.048401,0.48281956
32.0,19.0,31.798014,117.5,3.473248e-05,-2.4318738,0.83736134
33.0,19.0,39.10097,152.75,3.5035337e-05,-0.9070703,1.248475
34.0,19.0,37.817207,152.75,3.5473706e-05,0.0,2.0576
36.0,19.0,36.014652,152.75,3.6022833e-05,0.44662312,2.5329256
39.0,19.0,35.05995,161.75,3.660217e-05,0.37613755,3.0633945
41.0,19.0,34.191097,171.25,3.7254722e-05,0.32261667,3.0694926
42.0,22.0,32.09392,165.0,3.799249e-05,0.21529637,3.0788817
44.0,28.0,29.76396,159.75,3.872924e-05,0.22416456,2.562213
