Vmax,Rmax_IBT,Rmax_CK22,R34,fcor,u_trans,v_trans
22.0,50.0,17.067198,44.0,3.2720618e-05,1.2948897,1.5990556
26.0,46.0,14.540776,44.0,3.231108e-05,1.7540997,1.8810418
27.0,46.0,27.032024,84.5,3.2006756e-05,-1.1801912,1.685487
28.0,46.0,38.1352,125.25,3.1814445e-05,-2.4723651,0.7089389
28.0,41.0,38.706596,127.0,3.175831e-05,-3.0395107,-0.5359476
28.0,37.0,39.563747,129.75,3.1814445e-05,-4.064535,-0.6437593
29.0,37.0,38.15668,129.75,3.197623e-05,-4.6232553,-0.24229534
31.0,37.0,36.208916,129.75,3.206281e-05,-5.115821,0.5376939
33.0,31.0,33.0309,128.25,3.1833002e-05,-4.5109434,1.0414342
36.0,28.0,30.426075,127.25,3.156599e-05,-3.5346434,0.6870646
39.0,28.0,28.34303,127.25,3.1509637e-05,-2.572,3.0670794e-08
41.0,28.0,26.507439,127.25,3.156599e-05,-3.0563633,-0.42954433
41.0,28.0,32.038208,156.5,3.1653108e-05,-3.5221138,-0.7486492
41.0,28.0,37.6586,187.5,3.1814445e-05,-2.9182484,-1.0048336
42.0,28.0,36.550117,187.5,3.2043892e-05,-1.8333348,-0.9341312
44.0,28.0,34.985573,187.5,3.231108e-05,-2.4461174,-0.79479206
42.0,28.0,36.482582,187.5,3.2540785e-05,-3.5221138,-0.7486492
41.0,28.0,37.53105,187.5,3.280731e-05,-3.4613113,-0.9925145
41.0,28.0,37.485634,187.5,3.316026e-05,-3.3386033,-1.3488841
41.0,28.0,37.435364,187.5,3.3550914e-05,-3.3616366,-1.2904108
42.0,28.0,36.27935,187.5,3.4034132e-05,-3.4613113,-0.9925145
44.0,28.0,34.695255,187.5,3.4293596e-05,-3.08593,0.053864837
45.0,31.0,36.315384,203.75,3.3996446e-05,-2.3310237,1.086974
46.0,37.0,37.06462,219.75,3.3550914e-05,-1.2160581,0.95008886
46.0,37.0,40.10463,242.5,3.3371227e-05,-0.35081992,0.37620836
46.0,37.0,42.877113,266.25,3.330315e-05,-0.513695,-0.026921704
44.0,37.0,46.49306,266.25,3.3247372e-05,-0.35081992,-0.37620836
41.0,37.0,50.532154,266.25,3.330315e-05,-0.56032455,-0.8628243
42.0,31.0,50.76576,278.25,3.3569522e-05,-0.545181,-0.87247187
44.0,28.0,50.005013,291.75,3.3798577e-05,-0.5115821,-0.053769372
45.0,28.0,47.938225,288.0,3.3600438e-05,-0.3997639,0.32372242
46.0,28.0,45.25653,285.0,3.3550914e-05,0.30079216,-0.9838463
46.0,28.0,44.63118,281.0,3.4145105e-05,1.0048335,-2.9182487
46.0,28.0,43.960674,277.75,3.5035337e-05,1.4645771,-3.2894945
46.0,24.0,43.687893,277.75,3.5844096e-05,1.4645771,-3.2894945
46.0,22.0,43.37927,277.75,3.67623e-05,1.2760907,-4.4502573
49.0,24.0,39.899693,282.25,3.78327e-05,0.8046988,-5.080669
51.0,28.0,36.521942,287.25,3.897458e-05,0.24229498,-4.6232553
55.0,30.0,32.267097,288.25,4.0150553e-05,-0.16157019,-4.62678
59.0,31.0,28.106785,289.25,4.1177245e-05,0.0,3.6008
62.0,33.0,25.324402,281.0,4.1842086e-05,0.4828193,-3.0484014
64.0,37.0,22.873882,273.0,4.239659e-05,1.0048335,-2.9182487
