Vmax,Rmax_IBT,Rmax_CK22,R34,fcor,u_trans,v_trans
21.0,59.0,37.904068,93.0,2.6539648e-05,-6.0790215,1.0718954
23.0,56.0,40.946938,111.0,2.6827835e-05,-6.5643377,1.2759771
24.0,50.0,44.343765,125.0,2.7165379e-05,-7.044228,1.4972953
26.0,46.0,38.667416,115.75,2.7578055e-05,-6.987682,1.7422252
27.0,46.0,45.56169,141.25,2.803992e-05,-6.9226227,1.985029
28.0,46.0,50.92227,166.5,2.857718e-05,-6.8491282,2.2254176
29.0,46.0,49.07505,166.5,2.9163102e-05,-7.2506685,2.6390269
31.0,46.0,46.49882,166.5,2.9824112e-05,-7.1541514,2.8904626
32.0,46.0,44.891956,166.5,3.0533283e-05,-7.048917,3.13838
33.0,46.0,42.6398,166.5,3.131743e-05,-7.4592757,3.4783168
34.0,50.0,41.21358,166.5,3.216797e-05,-7.397435,3.6079686
36.0,56.0,39.212852,166.5,3.305528e-05,-7.397435,3.6079686
39.0,56.0,37.1245,171.0,3.3921984e-05,-7.397435,3.6079686
41.0,56.0,35.15693,176.0,3.47882e-05,-7.333341,3.7365215
44.0,56.0,32.928383,178.25,3.567072e-05,-6.875007,3.5029888
46.0,56.0,30.863085,180.5,3.651592e-05,-6.9350953,3.3824704
50.0,46.0,28.260624,182.75,3.7272854e-05,-6.472756,3.1569724
54.0,37.0,25.614391,185.25,3.7992504e-05,-5.9583397,3.0359237
57.0,41.0,24.595459,192.0,3.8728747e-05,-5.345802,3.0863996
59.0,46.0,23.524134,199.0,3.9464914e-05,-5.291123,3.179226
62.0,46.0,21.932697,199.0,4.019932e-05,-4.798595,2.9984958
64.0,46.0,20.457201,199.0,4.093299e-05,-4.6350904,3.2455244
67.0,37.0,19.082323,199.0,4.1683426e-05,-4.0535274,3.1669629
69.0,28.0,17.81091,199.0,4.239659e-05,-3.1524265,2.6451993
