Vmax,Rmax_IBT,Rmax_CK22,R34,fcor,u_trans,v_trans
18.0,56.0,25.404848,56.0,2.7077813e-05,-6.0790215,1.0718954
18.0,56.0,25.409775,56.0,2.7328068e-05,-5.5724363,0.98257077
18.0,56.0,25.414597,56.0,2.7577498e-05,-5.5724363,0.98257077
18.0,56.0,25.419462,56.0,2.7827968e-05,-6.0790215,1.0718954
19.0,56.0,24.164658,56.0,2.8077788e-05,-6.6048694,1.0461091
21.0,56.0,22.50455,56.0,2.8327528e-05,-6.6048694,1.0461091
22.0,56.0,21.524927,56.0,2.857676e-05,-6.0790215,1.0718954
23.0,56.0,20.210638,56.0,2.882674e-05,-6.096802,0.9656391
23.0,56.0,23.644342,65.0,2.9057088e-05,-6.0790215,1.0718954
23.0,56.0,23.656498,65.0,2.9325609e-05,-6.5643377,1.2759771
23.0,56.0,23.661865,65.0,2.9680712e-05,-6.515807,1.5042937
23.0,56.0,23.667759,65.0,3.0073232e-05,-6.4885616,1.6177806
23.0,56.0,23.6731,65.0,3.042774e-05,-5.9894414,1.4933358
23.0,56.0,23.678925,65.0,3.0820032e-05,-5.9030786,1.8047506
23.0,50.0,23.686054,65.0,3.1298605e-05,-5.317157,1.9352864
23.0,46.0,23.693754,65.0,3.1814445e-05,-5.2085843,2.2109134
23.0,46.0,23.701103,65.0,3.231086e-05,-4.6620474,2.173948
23.0,46.0,23.708504,65.0,3.280731e-05,-4.1610575,2.0294824
23.0,46.0,22.003466,60.25,3.305528e-05,-4.5833383,2.335326
23.0,46.0,22.007374,60.25,3.3350185e-05,-5.5000057,2.802391
23.0,46.0,22.016598,60.25,3.404614e-05,-4.4092693,2.649355
23.0,46.0,22.024061,60.25,3.460929e-05,-4.161584,3.0235665
23.0,46.0,22.032928,60.25,3.5282377e-05,-6.6585345,4.837706
23.0,46.0,22.039444,60.25,3.577612e-05,-6.3962226,5.1795588
23.0,46.0,23.793633,64.75,3.6909e-05,-3.9306557,4.070311
23.0,46.0,25.556751,69.5,3.7746686e-05,-3.508199,3.7620838
24.0,41.0,24.53958,69.5,3.8624843e-05,-3.8227363,3.4420085
26.0,37.0,23.146282,69.5,3.9464914e-05,-3.7620835,3.5081997
27.0,37.0,23.059574,71.75,4.0284907e-05,-3.5733235,3.700283
28.0,37.0,22.560001,74.0,4.1177245e-05,-3.3065002,3.940532
29.0,37.0,21.787382,74.0,4.2250827e-05,-3.40531,4.5189996
31.0,37.0,20.711699,74.0,4.3369746e-05,-3.40531,4.5189996
33.0,28.0,21.315935,81.5,4.4359578e-05,-3.40531,4.5189996
33.0,28.0,21.440762,83.5,4.458322e-05,-5.700532,7.29635
36.0,28.0,19.832142,83.5,4.6034886e-05,-4.7504435,6.0802917
37.0,28.0,19.23221,83.5,4.7167025e-05,-2.9504778,4.2137175
39.0,28.0,18.399635,83.5,4.796257e-05,-2.65543,3.7923458
39.0,28.0,20.316887,92.5,4.8886846e-05,-2.9504778,4.2137175
39.0,28.0,22.196684,102.0,4.9880902e-05,-2.998495,4.7985954
39.0,28.0,22.157207,102.0,5.1039155e-05,-2.992632,5.398853
39.0,28.0,22.115343,102.0,5.22651e-05,-2.705978,5.5480757
39.0,28.0,23.04626,106.5,5.348652e-05,-2.3913443,5.1282516
39.0,28.0,23.960323,111.0,5.4633376e-05,-2.4149613,4.5418825
40.0,22.0,23.18915,111.0,5.5628738e-05,-2.9504778,4.2137175
41.0,19.0,22.116282,111.0,5.6516048e-05,-3.4420075,3.8227372
44.0,19.0,21.969765,120.0,5.7336405e-05,-3.7002842,3.5733225
46.0,19.0,21.644447,130.0,5.8154368e-05,-3.4420075,3.8227372
47.0,19.0,21.232986,132.25,5.912113e-05,-3.237225,3.997638
49.0,19.0,20.503902,134.5,6.0016075e-05,-3.3302557,3.2159903
50.0,19.0,20.415438,139.0,6.0647446e-05,-3.8381126,2.5888395
51.0,19.0,19.98736,143.5,6.1173734e-05,-3.8381126,2.5888395
55.0,19.0,18.182251,145.75,6.178485e-05,-3.7923467,2.6554291
59.0,19.0,16.323486,148.25,6.2326726e-05,-4.1610575,2.0294824
60.0,19.0,15.833914,148.25,6.270628e-05,-4.892235,1.5895841
62.0,19.0,15.160281,148.25,6.3016254e-05,-4.3773727,1.5072504
63.0,19.0,14.993955,155.0,6.3376916e-05,-4.350401,1.5834161
64.0,19.0,14.562364,162.0,6.370404e-05,-4.4502573,1.27609
65.0,19.0,14.122483,162.0,6.3950334e-05,-4.5109434,1.0414342
67.0,19.0,13.5118065,162.0,6.416161e-05,-3.974978,1.0650918
68.0,19.0,13.182311,166.5,6.440633e-05,-3.4245641,1.1127088
69.0,19.0,12.651508,171.5,6.461839e-05,-3.522114,0.74864763
72.0,19.0,11.869293,173.75,6.474955e-05,-4.084526,0.5015159
75.0,19.0,11.129513,176.25,6.4846485e-05,-4.084526,0.5015159
77.0,13.0,10.363759,176.25,6.497992e-05,-4.084526,0.5015159
80.0,9.0,9.665224,176.25,6.507438e-05,-3.5920286,0.25117946
81.0,9.0,9.280105,176.25,6.508126e-05,-3.0864,3.6804952e-08
82.0,9.0,9.03532,176.25,6.507438e-05,-2.0572867,-0.035909843
