Vmax,Rmax_IBT,Rmax_CK22,R34,fcor,u_trans,v_trans
19.0,50.0,24.265636,56.0,3.3779765e-05,-5.031591,-1.0694989
21.0,46.0,18.762697,46.5,3.3550914e-05,-6.0593886,-1.1778249
23.0,37.0,18.545284,51.0,3.3216387e-05,-6.5158076,-1.5042936
26.0,28.0,18.383493,56.0,3.280731e-05,-6.459339,-1.7307743
27.0,28.0,20.723251,65.0,3.232943e-05,-6.359905,-2.0664594
28.0,28.0,22.506107,74.5,3.1814445e-05,-6.2839127,-2.2871566
28.0,28.0,25.346169,83.5,3.126092e-05,-5.836497,-2.0096672
28.0,28.0,28.19043,93.0,3.0820032e-05,-6.0593886,-1.1778249
28.0,28.0,28.189342,93.0,3.0676572e-05,-6.6709104,-0.46647593
28.0,28.0,28.188654,93.0,3.0571195e-05,-6.6221204,-0.9306794
28.0,28.0,27.474077,90.5,3.0216139e-05,-7.0442276,-1.4972984
28.0,28.0,26.759918,88.25,2.9824112e-05,-7.0442276,-1.4972984
29.0,28.0,25.855385,88.25,2.9462313e-05,-7.1315145,-1.0022701
31.0,28.0,24.610958,88.25,2.9325609e-05,-7.197213,0.25133088
33.0,22.0,25.16223,97.25,2.958681e-05,-7.044228,1.4972953
36.0,19.0,25.568497,106.75,3.0073232e-05,-7.4530835,1.9970473
39.0,22.0,24.841558,111.5,3.053351e-05,-7.4530835,1.9970473
41.0,28.0,24.134092,116.0,3.1068776e-05,-7.378848,2.255938
46.0,28.0,22.547987,122.75,3.1670927e-05,-7.781996,2.6795564
51.0,28.0,21.153374,129.75,3.231108e-05,-7.781996,2.6795564
52.0,28.0,20.644228,129.75,3.2930868e-05,-7.827575,2.5433345
54.0,28.0,19.93736,129.75,3.3550914e-05,-7.8707714,2.406334
55.0,28.0,19.468464,129.75,3.4113753e-05,-7.827575,2.5433345
57.0,28.0,18.806488,129.75,3.47882e-05,-7.5188446,3.3476052
58.0,28.0,18.327242,129.75,3.573836e-05,-7.648375,4.2395635
59.0,28.0,17.670578,129.75,3.67623e-05,-7.2670116,3.8639393
