Vmax,Rmax_IBT,Rmax_CK22,R34,fcor,u_trans,v_trans
18.0,74.0,71.05701,145.75,4.4927532e-05,-6.0379095,1.283396
18.0,74.0,71.097694,145.75,4.5309676e-05,-5.5133753,1.272864
21.0,74.0,62.75943,146.25,4.5570152e-05,-4.4718504,1.1982284
23.0,74.0,56.548172,148.25,4.5793287e-05,-3.4245641,1.1127088
23.0,74.0,56.562424,148.25,4.6070574e-05,-2.4318738,0.83736134
23.0,74.0,56.572998,148.25,4.627635e-05,-2.4723651,0.7089389
24.0,69.0,58.280796,159.75,4.6294346e-05,-2.5060797,0.57857454
26.0,65.0,58.42631,171.25,4.627635e-05,-2.4596162,0.7519794
26.0,59.0,58.43009,171.5,4.636066e-05,-1.9077736,0.77079004
26.0,56.0,58.43222,171.25,4.651767e-05,-1.945499,0.6698891
27.0,50.0,58.021618,178.0,4.674071e-05,-1.4676703,0.47687522
28.0,46.0,56.651024,185.0,4.6999867e-05,-1.2793709,0.8629465
29.0,50.0,54.29426,185.0,4.725881e-05,-0.9070703,1.248475
31.0,56.0,51.020504,185.0,4.748151e-05,-0.7716003,1.3364503
32.0,41.0,51.38264,194.5,4.760174e-05,-0.81777143,1.3087078
33.0,28.0,50.57795,203.5,4.7722115e-05,-1.0124304,1.1646677
36.0,28.0,45.869297,203.5,4.790853e-05,-1.5290946,1.3768034
39.0,28.0,41.74102,203.5,4.8202877e-05,-2.0267637,1.5834814
40.0,28.0,40.385925,204.5,4.8593025e-05,-1.9988195,1.618612
41.0,28.0,38.409485,206.25,4.916265e-05,-2.0248609,2.3293355
42.0,33.0,36.088238,199.75,4.996434e-05,-1.7258937,2.558741
44.0,41.0,33.38375,194.5,5.083645e-05,-2.58978,3.1981103
45.0,39.0,35.507984,223.25,5.156955e-05,-3.1573792,3.3858755
46.0,37.0,36.163174,252.5,5.22651e-05,-3.0372913,3.4940033
47.0,39.0,34.60113,252.5,5.30123e-05,-3.0372913,3.4940033
49.0,41.0,32.49013,252.5,5.3688025e-05,-3.597875,2.9135017
51.0,43.0,29.40897,252.5,5.4250002e-05,-4.087694,2.173466
54.0,46.0,26.69587,252.5,5.4633376e-05,-3.8418703,1.4747552
59.0,43.0,22.556412,260.25,5.478632e-05,-3.4613113,0.9925145
64.0,41.0,18.989248,268.75,5.4869302e-05,-3.0072956,0.6942894
64.0,41.0,19.070705,297.25,5.508721e-05,-3.0189548,0.641698
64.0,41.0,18.918411,326.75,5.5340646e-05,-3.5346434,0.6870646
64.0,44.0,18.822868,331.0,5.5575634e-05,-3.4613113,0.9925145
64.0,50.0,18.685045,335.75,5.581132e-05,-3.890998,1.3397782
64.0,50.0,18.60318,335.75,5.60286e-05,-3.9557843,1.1343023
64.0,50.0,18.508411,335.75,5.6281307e-05,-4.492081,1.1200019
65.0,48.0,17.845695,292.25,5.6598125e-05,-4.4502573,1.27609
67.0,46.0,16.639174,250.0,5.698501e-05,-4.9192324,1.5039588
