Vmax,Rmax_IBT,Rmax_CK22,R34,fcor,u_trans,v_trans
19.0,69.0,60.63389,134.25,3.182066e-05,2.1194847,-3.527415
21.0,65.0,56.34085,134.25,3.2559245e-05,0.17952278,-5.1408668
21.0,65.0,59.49762,141.25,3.3990375e-05,-2.0096664,-5.8364973
21.0,65.0,62.707954,148.0,3.5529305e-05,-3.3619473,-5.176946
22.0,65.0,64.66301,159.75,3.6521942e-05,-3.8227363,-3.4420085
23.0,65.0,64.88231,171.25,3.7254722e-05,-4.409268,-2.649357
24.0,65.0,68.10152,187.25,3.7888465e-05,-4.583337,-2.335328
26.0,65.0,69.39937,203.75,3.8483773e-05,-3.1981113,-2.5897794
27.0,59.0,71.04848,217.75,3.9127353e-05,-2.1194842,-3.5274153
28.0,56.0,70.79354,231.25,3.995476e-05,-2.3353274,-4.583338
31.0,56.0,67.2628,245.5,4.1122494e-05,-2.992633,-5.3988523
33.0,56.0,63.602474,259.25,4.239659e-05,-2.56886,-5.0416713
34.0,56.0,63.202843,271.0,4.3527583e-05,-1.8830274,-4.22935
36.0,56.0,61.229008,282.5,4.458322e-05,-1.6591,-4.322104
39.0,56.0,56.61933,294.0,4.5587687e-05,-1.5072498,-4.377373
41.0,56.0,52.104935,305.5,4.651767e-05,-1.4747555,-3.8418703
42.0,41.0,49.90491,307.75,4.7325128e-05,-1.1723055,-3.4046235
44.0,28.0,46.71335,310.0,4.8202877e-05,0.0,4.1152
45.0,24.0,45.26547,322.0,4.938431e-05,1.1200014,-4.492081
46.0,22.0,42.6566,333.25,5.059779e-05,1.6591002,-4.322104
50.0,22.0,36.470623,340.5,5.1533534e-05,1.8830277,-4.22935
54.0,22.0,30.3432,347.25,5.250265e-05,2.027789,-5.282572
55.0,22.0,28.548328,354.25,5.384176e-05,1.8421946,-5.3501225
57.0,22.0,26.168621,361.0,5.510506e-05,2.254981,-4.623397
