Vmax,Rmax_IBT,Rmax_CK22,R34,fcor,u_trans,v_trans
33.0,444.0,56.83087,222.0,2.4817435e-05,-5.9894414,1.4933358
33.0,444.0,56.793606,222.0,2.53252e-05,-5.3501225,1.8421949
36.0,444.0,52.292755,222.0,2.5719342e-05,-4.8637476,1.6747227
39.0,444.0,48.33967,222.0,2.6076874e-05,-4.9447303,1.4178778
39.0,444.0,48.300446,222.0,2.6345999e-05,-5.5347505,1.1764463
39.0,444.0,48.26666,222.0,2.6577594e-05,-5.5724363,0.98257077
39.0,444.0,48.230038,222.0,2.6828064e-05,-5.065851,0.8932462
39.0,444.0,48.19353,222.0,2.707799e-05,-4.0097275,0.9257192
42.0,444.0,48.11898,250.0,2.7308914e-05,-2.9182484,1.0048336
46.0,444.0,46.59708,278.0,2.7578055e-05,-2.249522,1.2469304
46.0,444.0,46.487896,278.0,2.7896409e-05,-2.080792,1.5117832
46.0,444.0,46.34032,278.0,2.8327528e-05,-2.949603,2.0653336
49.0,444.0,42.865417,278.0,2.8932973e-05,-3.8827093,2.5214612
51.0,444.0,39.68136,278.0,2.9574905e-05,-3.9261231,2.4533148
54.0,444.0,29.680939,208.5,3.007322e-05,-3.4116557,2.3011906
57.0,444.0,19.263288,139.0,3.0571195e-05,-2.7175589,2.3623366
55.0,235.0,19.835001,139.0,3.115553e-05,-2.1049194,2.2572503
54.0,28.0,20.201557,139.0,3.1814445e-05,-2.4557393,2.6334586
54.0,28.0,25.533978,180.5,3.2540665e-05,-2.3623376,2.7175581
54.0,28.0,30.078506,222.5,3.330315e-05,-3.097807,3.4404635
54.0,28.0,31.404354,236.0,3.4064677e-05,-3.215991,3.3302548
54.0,28.0,32.571968,250.0,3.47882e-05,-3.3858752,3.1573796
55.0,28.0,31.473213,250.0,3.538726e-05,-3.0096667,2.8065598
57.0,28.0,29.970203,250.0,3.6022833e-05,-2.2168736,2.8374693
58.0,28.0,28.885128,250.0,3.6811478e-05,-1.931969,3.633506
59.0,28.0,27.393187,250.0,3.7746686e-05,-1.9565544,4.1958423
