Vmax,Rmax_IBT,Rmax_CK22,R34,fcor,u_trans,v_trans
19.0,46.0,20.07743,46.5,2.7827817e-05,-8.744801,1.042807e-07
21.0,46.0,18.699083,46.5,2.7827968e-05,-8.744801,1.042807e-07
22.0,46.0,20.450098,53.0,2.7827218e-05,-8.744801,1.042807e-07
23.0,46.0,21.960949,60.0,2.7827968e-05,-8.744801,1.042807e-07
23.0,41.0,21.960918,60.0,2.7827631e-05,-9.2592,1.1041486e-07
23.0,37.0,21.960949,60.0,2.7827968e-05,-8.744801,1.042807e-07
23.0,37.0,25.550606,70.0,2.780848e-05,-8.744801,1.042807e-07
23.0,37.0,29.696346,81.25,2.7827968e-05,-8.739473,0.3051875
23.0,37.0,32.992188,90.0,2.79334e-05,-8.732816,0.4576692
23.0,37.0,36.667423,99.75,2.807779e-05,-8.732816,0.4576692
24.0,59.0,37.53618,106.25,2.8183602e-05,-9.2465105,0.4845909
26.0,83.0,37.90915,113.5,2.8327528e-05,-9.223967,0.8069924
27.0,87.0,42.858776,132.75,2.8558272e-05,-8.679619,1.0657214
28.0,93.0,46.662437,152.75,2.882674e-05,-7.6409082,1.0738611
32.0,93.0,41.206413,152.75,2.9056597e-05,-6.6048694,1.0461091
36.0,93.0,36.223347,152.75,2.9325609e-05,-6.0790215,1.0718954
37.0,65.0,35.12822,152.75,2.9582876e-05,-6.515807,1.5042937
39.0,37.0,33.575134,152.75,3.0073232e-05,-7.8707714,2.406334
39.0,33.0,33.36973,151.75,3.0322259e-05,-8.806023,2.8612514
40.0,28.0,31.668633,150.5,3.0753545e-05,-8.406042,2.4103925
44.0,19.0,28.353271,148.25,3.131743e-05,-8.406042,2.4103925
47.0,13.0,25.318182,144.5,3.195195e-05,-8.362695,2.55673
51.0,9.0,22.524925,141.25,3.2559245e-05,-8.943701,2.3964567
54.0,9.0,22.019482,148.0,3.307348e-05,-9.021887,2.0828683
57.0,9.0,21.437326,155.25,3.3550914e-05,-9.021887,2.0828683
58.0,9.0,21.13546,158.25,3.4045243e-05,-8.485043,2.1155593
59.0,9.0,20.616726,162.0,3.454095e-05,-8.485043,2.1155593
59.0,9.0,20.779564,164.25,3.5034616e-05,-8.485043,2.1155593
59.0,9.0,20.930277,166.5,3.5529305e-05,-8.485043,2.1155593
54.0,9.0,23.234537,164.5,3.6022284e-05,-8.485043,2.1155593
49.0,9.0,25.96343,162.0,3.651592e-05,-7.985922,1.9911145
52.0,13.0,23.829702,162.0,3.698923e-05,-7.985922,1.9911145
57.0,19.0,21.67557,162.0,3.7500762e-05,-7.9115686,2.2686045
59.0,19.0,20.509014,164.5,3.809643e-05,-7.827575,2.5433345
62.0,19.0,19.384691,166.75,3.872924e-05,-7.781996,2.6795564
64.0,19.0,18.208805,166.75,3.9341554e-05,-7.2956214,2.512084
67.0,19.0,17.11605,166.75,3.995476e-05,-7.2956214,2.512084
68.0,19.0,16.758778,169.0,4.0529078e-05,-7.2956214,2.512084
69.0,19.0,16.19396,171.5,4.1177245e-05,-7.5761228,3.2158742
70.0,19.0,15.681743,171.5,4.201178e-05,-7.397435,3.6079686
72.0,19.0,15.007143,171.5,4.288343e-05,-8.049631,3.4168665
