Vmax,Rmax_IBT,Rmax_CK22,R34,fcor,u_trans,v_trans
22.0,74.0,40.22605,102.0,3.3210217e-05,1.9838998,-2.3643196
23.0,74.0,37.68507,102.0,3.3798577e-05,2.4765894,-3.2865446
24.0,74.0,52.87867,147.25,3.467697e-05,2.7259054,-4.362359
26.0,74.0,66.108055,194.25,3.577612e-05,2.4938605,-4.499044
27.0,69.0,63.364983,194.25,3.6971633e-05,1.9269769,-4.7694335
28.0,65.0,59.512676,194.25,3.8238195e-05,0.68958515,-5.6162233
31.0,50.0,50.076958,180.5,3.948322e-05,0.0,5.6584
33.0,37.0,42.20571,166.5,4.0688625e-05,0.40349683,-4.611983
33.0,37.0,42.150143,166.5,4.182377e-05,1.2315464,-3.3836453
33.0,37.0,42.097626,166.5,4.288343e-05,2.029483,-4.161057
40.0,31.0,35.898746,175.75,4.385568e-05,2.1739488,-4.6620474
46.0,28.0,30.279072,185.0,4.4825505e-05,1.759352,-4.833779
52.0,46.0,25.669191,189.5,4.591393e-05,1.2760907,-4.4502573
55.0,52.0,24.260519,190.5,4.628215e-05,2.1734657,-4.087694
59.0,65.0,21.552605,194.5,4.6999867e-05,2.4533148,-3.9261231
63.0,65.0,19.394344,194.5,4.8016456e-05,2.301191,-3.4116552
67.0,65.0,17.259579,194.5,4.892293e-05,2.7212105,-3.7454252
