Vmax,Rmax_IBT,Rmax_CK22,R34,fcor,u_trans,v_trans
27.0,59.0,27.33638,85.0,3.3216387e-05,-3.5920286,0.25117946
31.0,37.0,29.140215,104.25,3.305528e-05,-3.0395107,0.5359477
31.0,37.0,31.970345,114.25,3.2931002e-05,-2.9668384,0.85072666
31.0,37.0,34.909107,125.0,3.280731e-05,-2.4596162,0.7519794
32.0,37.0,30.937517,114.25,3.2664433e-05,-2.5157957,0.5347483
33.0,37.0,26.932169,104.25,3.2559245e-05,-3.6008,4.293911e-08
34.0,37.0,26.137196,104.25,3.2559306e-05,-4.6232553,-0.24229534
36.0,37.0,25.027,104.25,3.2559245e-05,-4.6232553,0.24229544
39.0,24.0,28.291523,127.25,3.245369e-05,-4.559266,0.8039215
41.0,13.0,30.862371,150.75,3.231108e-05,-4.075151,0.5727259
44.0,20.0,35.002018,187.0,3.2186632e-05,-4.1051755,0.28706223
46.0,28.0,38.030045,224.5,3.206281e-05,-4.6119833,0.4034962
46.0,28.0,35.207485,204.5,3.1920008e-05,-4.6042385,0.4839245
46.0,28.0,32.393112,185.25,3.1814445e-05,-4.0995407,0.3586633
47.0,28.0,31.54863,185.25,3.1814212e-05,-3.5920286,0.25117946
49.0,28.0,30.347797,185.25,3.1814445e-05,-3.5810745,0.37638572
51.0,24.0,24.459652,153.25,3.1708634e-05,-4.084526,0.5015159
54.0,22.0,19.220537,122.5,3.156599e-05,-4.6042385,0.4839245
52.0,20.0,19.829197,122.5,3.1460266e-05,-5.115821,0.5376939
51.0,19.0,20.260387,122.5,3.131743e-05,-4.572602,0.72422934
51.0,19.0,22.547407,138.5,3.1034233e-05,-4.052681,0.7145969
51.0,19.0,24.86871,155.25,3.0820032e-05,-5.1314692,0.3588278
51.0,19.0,24.86871,155.25,3.0820032e-05,-4.6232553,-0.24229534
49.0,19.0,27.634762,164.5,3.1068776e-05,-4.6183224,-0.32294488
52.0,19.0,25.882126,167.75,3.1102772e-05,-5.144,6.134159e-08
57.0,19.0,24.084,171.5,3.1068776e-05,-5.1369505,-0.26921704
60.0,19.0,22.337513,171.5,3.1192933e-05,-4.6042385,-0.48392436
64.0,19.0,20.579529,171.5,3.131743e-05,-4.0926566,-0.43015498
65.0,19.0,21.804356,192.25,3.1335974e-05,-4.1051755,-0.2870621
67.0,19.0,22.515207,213.0,3.131743e-05,-4.1152,4.9073268e-08
65.0,19.0,23.249569,213.0,3.1335843e-05,-4.1051755,0.28706223
64.0,19.0,23.768589,213.0,3.131743e-05,-4.084526,0.5015159
64.0,19.0,23.78822,213.0,3.1248732e-05,-4.052681,0.7145969
64.0,19.0,23.839407,213.0,3.1068776e-05,-4.5284324,0.962547
65.0,19.0,23.412,213.0,3.0770327e-05,-4.9912014,1.2444466
67.0,19.0,22.804855,213.0,3.0322259e-05,-4.802338,1.843444
68.0,19.0,22.512016,213.0,2.9717943e-05,-4.087694,2.173466
69.0,19.0,22.02666,213.0,2.9076216e-05,-4.499044,2.4938607
69.0,20.0,22.177956,213.0,2.8577007e-05,-4.5833383,2.335326
69.0,22.0,22.330215,213.0,2.807779e-05,-4.499044,2.4938607
69.0,20.0,20.832724,188.5,2.7434164e-05,-4.499044,2.4938607
69.0,19.0,19.086838,164.25,2.6827835e-05,-4.735077,2.0099213
72.0,19.0,18.385569,164.25,2.6452206e-05,-4.892235,1.5895841
75.0,19.0,17.74148,164.25,2.6076874e-05,-4.735077,2.0099213
76.0,22.0,17.599468,164.25,2.5450716e-05,-4.9960704,2.6564584
77.0,28.0,17.338247,164.25,2.4823696e-05,-4.087694,2.173466
78.0,28.0,17.17828,164.25,2.4390683e-05,-3.2634332,1.5217636
80.0,28.0,16.880667,164.25,2.4070872e-05,-2.7972286,1.3043687
