Vmax,Rmax_IBT,Rmax_CK22,R34,fcor,u_trans,v_trans
18.0,46.0,25.429665,56.0,2.835198e-05,-10.161337,1.6093985
18.0,46.0,34.212124,74.5,2.857718e-05,-10.761294,0.9414912
19.0,46.0,37.748222,85.75,2.8846376e-05,-10.743224,1.1291572
21.0,46.0,40.039894,97.25,2.9076216e-05,-8.169052,1.0030318
23.0,41.0,36.163086,98.25,2.9305242e-05,-5.5544395,1.0796729
26.0,37.0,33.183178,99.5,2.9574905e-05,-5.0121593,1.1571491
26.0,37.0,33.81598,101.25,2.9892257e-05,-5.4392037,1.5596656
26.0,37.0,34.770733,104.0,3.0322259e-05,-5.8005347,2.1112216
27.0,56.0,36.672062,113.75,3.092579e-05,-6.1555996,2.6128979
28.0,74.0,38.13518,125.0,3.156599e-05,-5.6391335,2.510704
29.0,74.0,37.88677,128.75,3.2099597e-05,-5.2463775,2.1196725
31.0,74.0,37.4888,134.5,3.2559245e-05,-4.8637476,1.6747227
31.0,74.0,39.936104,143.25,3.2949865e-05,-4.9192324,1.5039588
31.0,74.0,42.63192,153.0,3.330315e-05,-4.4030113,1.4306257
32.0,56.0,44.111767,164.0,3.365584e-05,-3.8418703,1.4747552
33.0,37.0,44.859245,176.0,3.404614e-05,-4.1958427,1.9565531
33.0,37.0,44.835434,176.0,3.4540953e-05,-4.1250043,2.1017933
33.0,37.0,44.81147,176.0,3.5035337e-05,-3.6666706,1.8682607
34.0,37.0,43.287926,176.0,3.540567e-05,-3.2083368,1.6347281
36.0,37.0,41.15614,176.0,3.577612e-05,-2.5587418,1.725893
37.0,37.0,40.290207,178.25,3.6269306e-05,-2.36432,1.9838994
39.0,37.0,38.815037,180.5,3.67623e-05,-2.5282311,1.770286
39.0,37.0,40.98679,192.0,3.711319e-05,-2.6174154,1.6355432
39.0,37.0,43.053516,203.5,3.7500762e-05,-2.2936418,2.065205
39.0,37.0,40.52691,190.75,3.805987e-05,-1.9001774,2.4321167
39.0,37.0,38.034775,178.25,3.872924e-05,-2.3145502,2.7583723
39.0,37.0,36.739235,172.0,3.9409737e-05,-2.8586588,2.9602263
39.0,37.0,35.699512,166.75,4.0199502e-05,-3.374768,3.882226
39.0,37.0,35.833946,167.5,4.1158677e-05,-3.3065002,3.940532
39.0,37.0,36.03712,169.0,4.2152973e-05,-4.0703125,3.9306548
40.0,41.0,35.2355,171.25,4.3005155e-05,-4.397403,3.5609465
41.0,46.0,33.88463,173.5,4.385554e-05,-4.138292,3.8590195
