Vmax,Rmax_IBT,Rmax_CK22,R34,fcor,u_trans,v_trans
22.0,46.0,29.258423,76.0,1.4757245e-05,-0.4454835,0.25719994
23.0,46.0,28.505249,78.5,1.4738254e-05,-0.49687225,0.13313648
26.0,41.0,25.921183,78.5,1.4738255e-05,-0.5144,6.1341585e-09
28.0,37.0,23.799358,78.5,1.4738254e-05,-0.5031591,-0.10694989
28.0,37.0,42.707893,141.0,1.475724e-05,0.0,0.0
28.0,37.0,61.993183,203.5,1.4738254e-05,-0.14178783,-0.494473
28.0,46.0,67.67374,222.25,1.4611632e-05,0.16747224,-0.48637477
28.0,56.0,73.36287,241.0,1.4484991e-05,0.9604676,-0.3686889
28.0,56.0,69.097786,227.0,1.4446982e-05,2.0375755,-0.28636253
28.0,56.0,64.83911,213.0,1.4484991e-05,2.0572867,0.035910025
28.0,56.0,64.69417,212.5,1.4573655e-05,2.0263405,0.35729858
28.0,56.0,64.84044,213.0,1.4738254e-05,1.4097834,0.62767595
28.0,56.0,61.859535,203.0,1.4991466e-05,0.7274715,0.7274715
28.0,56.0,59.16713,194.5,1.524464e-05,0.6884016,0.7645474
28.0,50.0,57.750927,189.75,1.5371197e-05,0.7146646,0.74005675
28.0,46.0,56.336815,185.5,1.5497764e-05,0.4987721,0.89980876
28.0,46.0,56.34324,185.5,1.5712867e-05,0.0179523,0.51408666
28.0,46.0,56.35189,185.5,1.600387e-05,0.11571482,0.501216
27.0,50.0,51.952293,162.0,1.6326389e-05,-0.3349444,0.97274953
26.0,56.0,46.138287,139.0,1.6762664e-05,-1.942335,2.398583
24.0,56.0,48.925034,139.0,1.7337767e-05,-3.5733235,3.700283
23.0,56.0,51.006508,139.0,1.8026287e-05,-3.8227363,3.4420085
26.0,50.0,47.797913,143.5,1.8802588e-05,-4.1081805,3.0957372
28.0,46.0,45.08565,148.0,1.9540814e-05,-4.4092693,2.649355
29.0,41.0,45.476856,154.5,2.0064192e-05,-4.1250043,2.1017933
31.0,37.0,45.316208,162.0,2.0549318e-05,-4.0491395,2.2444746
32.0,31.0,43.85779,162.0,2.1141193e-05,-3.4116557,2.3011906
33.0,28.0,41.81555,162.0,2.1808535e-05,-3.7923467,2.6554291
36.0,28.0,38.764256,162.0,2.2525503e-05,-3.7923467,2.6554291
39.0,28.0,36.065804,162.0,2.3317392e-05,-3.4940042,3.03729
42.0,28.0,34.055676,168.5,2.4196182e-05,-3.7002842,3.5733225
46.0,28.0,31.996822,176.0,2.5074483e-05,-4.20501,3.7862093
50.0,28.0,32.70024,199.0,2.584512e-05,-4.5189986,3.4053109
54.0,28.0,32.383118,222.0,2.6577594e-05,-4.691026,3.1641371
58.0,22.0,30.112984,227.0,2.7346614e-05,-4.4092693,2.649355
62.0,19.0,27.68008,231.5,2.807779e-05,-4.3141212,2.8016236
65.0,19.0,25.445648,231.5,2.8682982e-05,-4.161584,3.0235665
69.0,19.0,23.163288,231.5,2.9325609e-05,-5.1174836,3.451786
70.0,28.0,21.866726,222.5,3.014156e-05,-5.608358,3.6421106
72.0,37.0,20.362282,213.0,3.1068776e-05,-6.03977,3.9222732
72.0,37.0,20.072662,213.0,3.2043976e-05,-5.9703975,4.0270834
72.0,37.0,19.776314,213.0,3.305528e-05,-5.9703975,4.0270834
75.0,37.0,18.490196,213.0,3.4045646e-05,-6.03977,3.9222732
77.0,37.0,17.276598,213.0,3.5035337e-05,-6.3968544,4.3147326
78.0,37.0,17.013647,226.5,3.600433e-05,-6.3205776,4.425715
80.0,37.0,16.412521,241.0,3.700857e-05,-6.162271,4.6436057
