Vmax,Rmax_IBT,Rmax_CK22,R34,fcor,u_trans,v_trans
23.0,59.0,25.438805,69.5,3.3284367e-05,-4.6296,5.520743e-08
26.0,46.0,21.501472,65.0,3.330315e-05,-4.6183224,-0.32294488
27.0,46.0,26.737457,83.5,3.342675e-05,-4.6042385,-0.48392436
28.0,46.0,31.030577,102.0,3.3550914e-05,-4.6119833,-0.40349606
29.0,37.0,34.339127,116.75,3.3532306e-05,-4.6232553,-0.24229534
31.0,28.0,36.85396,132.0,3.3550914e-05,-4.6042385,-0.48392436
32.0,28.0,38.940594,144.25,3.376123e-05,-4.559266,-0.8039214
33.0,28.0,40.23996,157.5,3.404614e-05,-4.025273,-0.8555991
36.0,28.0,39.087986,166.0,3.4274875e-05,-3.974978,-1.0650918
39.0,28.0,38.0751,176.0,3.454095e-05,-3.8155465,-1.5415819
42.0,28.0,35.845066,185.0,3.4911573e-05,-3.6987176,-1.8039843
46.0,28.0,33.2464,194.5,3.5282377e-05,-3.3386033,-1.3488841
49.0,28.0,31.043888,194.5,3.552925e-05,-3.4245641,-1.1127088
51.0,28.0,28.945515,194.5,3.577612e-05,-3.4245641,-1.1127088
52.0,28.0,28.146446,194.5,3.6053625e-05,-3.236378,-1.5784862
54.0,28.0,26.988565,194.5,3.651592e-05,-2.590199,-2.5013258
55.0,28.0,27.024527,203.75,3.7266713e-05,-2.180724,-3.4898875
57.0,28.0,26.540916,213.0,3.8238195e-05,-2.8016226,-4.3141217
58.0,28.0,26.188662,222.25,3.930586e-05,-3.3259234,-4.5777426
59.0,28.0,25.315973,231.5,4.0444127e-05,-3.081785,-4.745534
