Vmax,Rmax_IBT,Rmax_CK22,R34,fcor,u_trans,v_trans
42.0,56.0,29.047297,145.5,3.3445664e-05,0.75198,2.4596157
44.0,56.0,29.113537,153.0,3.404614e-05,0.601584,1.9676926
45.0,56.0,28.30471,153.0,3.4578006e-05,0.2863626,2.0375755
46.0,56.0,27.180643,153.0,3.5035337e-05,-0.32187933,2.0322676
47.0,56.0,27.429863,159.5,3.544284e-05,-0.836901,1.8797114
49.0,56.0,27.388449,167.0,3.577612e-05,-1.4293294,1.4801131
51.0,56.0,25.68917,167.0,3.607831e-05,-1.8333353,0.9341304
54.0,56.0,24.159204,167.0,3.626943e-05,-1.9778922,0.5671511
57.0,56.0,22.787605,167.0,3.6306403e-05,-2.042263,0.25075796
59.0,56.0,21.547365,167.0,3.626943e-05,-2.572,3.0670794e-08
59.0,46.0,21.972261,171.5,3.6250873e-05,-2.5684752,-0.13460852
59.0,37.0,22.37419,176.0,3.626943e-05,-2.5716083,-0.044887304
62.0,37.0,21.134617,176.0,3.6392496e-05,-2.05478,0.10768686
64.0,37.0,19.992931,176.0,3.651592e-05,-2.562213,0.22416456
64.0,37.0,18.327396,155.0,3.6516092e-05,-3.0746555,0.26899746
64.0,37.0,16.558758,134.0,3.651592e-05,-3.0788815,0.21529667
64.0,31.0,16.543743,134.0,3.6638718e-05,-3.0821702,0.16153029
64.0,28.0,16.528578,134.0,3.67623e-05,-3.5958652,0.188452
64.0,28.0,16.73338,136.0,3.6780748e-05,-4.10956,0.21537372
64.0,28.0,16.90952,138.5,3.67623e-05,-4.62678,0.16156985
64.0,28.0,17.08659,140.5,3.676219e-05,-4.6296,5.520743e-08
64.0,28.0,17.346233,143.5,3.67623e-05,-4.62678,-0.16157195
65.0,28.0,18.302465,159.0,3.676219e-05,-4.6232553,-0.24229534
67.0,28.0,18.914299,176.0,3.67623e-05,-4.10956,-0.21537364
68.0,28.0,18.532013,176.0,3.672509e-05,-4.1152,4.9073268e-08
69.0,28.0,17.96222,176.0,3.67623e-05,-4.084526,0.5015159
69.0,28.0,17.916294,176.0,3.6989833e-05,-4.0097275,0.9257192
69.0,28.0,17.863012,176.0,3.7254722e-05,-4.5109434,1.0414342
69.0,28.0,19.425941,205.5,3.7377744e-05,-4.5445414,0.8833688
69.0,28.0,20.686895,236.5,3.7500762e-05,-4.0395923,0.7852167
70.0,28.0,20.145144,238.0,3.7727976e-05,-4.0395923,0.7852167
72.0,28.0,19.342152,241.0,3.7992504e-05,-4.0097275,0.9257192
72.0,28.0,19.262478,241.0,3.8238115e-05,-3.974978,1.0650918
72.0,28.0,19.18302,241.0,3.8483773e-05,-3.9557843,1.1343023
72.0,28.0,19.109978,241.0,3.8710605e-05,-3.4245641,1.1127088
72.0,28.0,19.025259,241.0,3.897458e-05,-3.3616366,1.2904108
72.0,28.0,18.907873,241.0,3.9342318e-05,-3.3145537,1.406945
72.0,28.0,18.791225,241.0,3.9709896e-05,-2.9002674,1.0556108
72.0,28.0,18.725307,241.0,3.991799e-05,-2.8814027,1.1060663
72.0,28.0,18.636677,241.0,4.0199502e-05,-2.3985834,1.9423344
72.0,28.0,18.474194,241.0,4.071896e-05,-2.1164973,2.9131083
72.0,28.0,18.256462,241.0,4.142137e-05,-2.3603823,3.370974
70.0,31.0,18.379377,228.75,4.2219828e-05,-2.5335698,3.2428222
69.0,37.0,18.143906,217.5,4.3126656e-05,-2.97585,3.5464787
70.0,37.0,17.444035,217.5,4.4061762e-05,-2.97585,3.5464787
72.0,37.0,16.529938,217.5,4.506766e-05,-3.40531,4.5189996
72.0,37.0,16.255323,217.5,4.615554e-05,-3.8356214,5.477833
72.0,37.0,15.985718,217.5,4.7240763e-05,-4.2083926,5.1969295
72.0,37.0,15.746044,217.5,4.8220427e-05,-4.440341,4.287987
72.0,37.0,15.518656,217.5,4.916265e-05,-4.797167,3.8846688
73.0,37.0,14.982952,222.0,5.012011e-05,-4.8642325,3.8003554
75.0,37.0,14.234555,227.25,5.1074945e-05,-4.6586723,4.0497203
