Vmax,Rmax_IBT,Rmax_CK22,R34,fcor,u_trans,v_trans
19.0,46.0,28.4764,65.0,3.6004163e-05,-1.8141406,2.49695
21.0,46.0,26.505028,65.0,3.651592e-05,-1.690473,3.179318
23.0,56.0,32.14927,87.0,3.728553e-05,-1.6079365,3.7880616
26.0,65.0,37.30422,111.0,3.8238195e-05,-1.3535643,4.4273086
26.0,65.0,43.700813,130.0,3.9287115e-05,-0.9625483,4.528432
26.0,65.0,50.138435,148.0,4.0444127e-05,-0.80469835,5.080669
27.0,65.0,46.15332,142.25,4.1738534e-05,-0.9825723,5.5724363
28.0,65.0,41.784622,136.75,4.288343e-05,-1.8089286,4.2615695
28.0,59.0,45.7754,149.75,4.3545882e-05,-2.6452003,3.1524255
28.0,56.0,50.327156,164.25,4.409823e-05,-2.753606,3.0581899
29.0,56.0,48.34401,164.25,4.4928478e-05,-2.418854,3.3292665
31.0,56.0,45.57312,164.25,4.5793287e-05,-1.7457019,3.1493309
31.0,56.0,48.050735,173.75,4.6535653e-05,-0.9537499,2.935341
31.0,56.0,50.510246,182.75,4.7240763e-05,-0.7466673,2.994721
31.0,56.0,50.484787,182.75,4.7962563e-05,-0.5889134,3.029694
31.0,56.0,50.458984,182.75,4.868306e-05,-0.32261723,3.0694923
31.0,56.0,59.325302,216.75,4.9420174e-05,0.0,2.572
31.0,56.0,68.41257,252.25,5.012002e-05,-0.05386573,3.08593
33.0,56.0,62.744858,260.25,5.0735034e-05,-0.16152972,3.0821702
36.0,56.0,57.54405,268.5,5.131329e-05,-0.05386573,3.08593
36.0,56.0,57.423237,268.5,5.1908464e-05,0.17941365,2.5657349
36.0,56.0,57.302353,268.5,5.250265e-05,0.44662312,2.5329256
39.0,43.0,51.193954,268.5,5.3095853e-05,0.5347489,2.5157957
41.0,31.0,45.82542,268.5,5.3688025e-05,0.17941365,2.5657349
41.0,31.0,47.710052,286.75,5.4279164e-05,-0.17941341,2.5657349
41.0,31.0,49.52769,305.5,5.4869302e-05,-0.64169884,3.0189548
41.0,31.0,52.49897,337.75,5.5440643e-05,-1.0048331,2.9182487
41.0,31.0,55.05084,370.5,5.6046403e-05,-1.2553515,2.819567
42.0,31.0,50.20849,346.75,5.6732835e-05,-1.8545493,3.0864878
44.0,31.0,44.729492,324.25,5.7453286e-05,-2.5461504,2.5461497
45.0,35.0,42.35809,324.25,5.8154357e-05,-3.2865446,2.4765897
46.0,41.0,39.142635,324.25,5.8853857e-05,-3.4940042,3.03729
