Vmax,Rmax_IBT,Rmax_CK22,R34,fcor,u_trans,v_trans
21.0,56.0,28.405922,69.5,3.317868e-05,-6.661753,-0.5828276
23.0,56.0,27.201853,74.5,3.305528e-05,-6.650567,-0.69900185
23.0,46.0,28.561337,78.0,3.282537e-05,-6.6048694,-1.0461088
23.0,37.0,30.636868,83.0,3.2559245e-05,-6.6048694,-1.0461088
26.0,31.0,28.831034,86.25,3.2292286e-05,-7.1315145,-1.0022701
28.0,28.0,27.467148,90.0,3.206281e-05,-6.637355,-0.8149663
28.0,28.0,27.465942,90.0,3.1900992e-05,-6.661753,-0.5828276
28.0,28.0,27.46534,90.0,3.1814445e-05,-6.1690397,-0.21542926
29.0,28.0,26.540668,90.0,3.1795476e-05,-6.1728,7.3609904e-08
31.0,28.0,25.264797,90.0,3.1814445e-05,-5.6584,6.7475746e-08
33.0,28.0,23.390701,90.0,3.1813935e-05,-5.6584,6.7475746e-08
36.0,28.0,21.77624,90.0,3.1814445e-05,-5.6584,6.7475746e-08
39.0,28.0,21.480042,95.25,3.1814357e-05,-6.1728,7.3609904e-08
41.0,28.0,21.454199,101.75,3.1814445e-05,-5.6584,6.7475746e-08
44.0,28.0,20.198692,101.75,3.181416e-05,-5.6584,6.7475746e-08
46.0,28.0,19.0797,101.75,3.1814445e-05,-5.144,6.134159e-08
49.0,28.0,18.468426,104.0,3.1795476e-05,-5.144,6.134159e-08
51.0,28.0,17.901436,106.5,3.1814445e-05,-5.1408668,0.17952205
55.0,28.0,17.894726,115.25,3.1901254e-05,-5.115821,0.5376939
59.0,28.0,17.713764,125.0,3.206281e-05,-4.572602,0.72422934
59.0,28.0,17.69227,125.0,3.2273354e-05,-4.5109434,1.0414342
59.0,28.0,17.663193,125.0,3.2559245e-05,-4.9447303,1.4178778
60.0,28.0,17.70869,129.0,3.293099e-05,-5.4392037,1.5596656
62.0,28.0,17.7574,134.0,3.330315e-05,-6.0379095,1.283396
