Vmax,Rmax_IBT,Rmax_CK22,R34,fcor,u_trans,v_trans
26.0,83.0,36.333584,108.5,3.730435e-05,6.637355,-0.81496435
28.0,93.0,38.18342,125.0,3.7500762e-05,6.126789,-0.7522748
28.0,74.0,40.18078,131.5,3.7690737e-05,5.6162233,-0.6895852
28.0,56.0,42.464066,139.0,3.7992504e-05,4.9447303,-1.4178786
29.0,50.0,38.448586,130.75,3.8428007e-05,4.583338,-2.3353264
31.0,46.0,34.25558,122.5,3.897458e-05,5.3458014,-3.0864005
32.0,46.0,33.094536,122.5,3.9532228e-05,5.8487573,-3.2420187
33.0,46.0,31.471481,122.5,4.0199502e-05,5.791285,-3.3436005
34.0,46.0,34.188084,138.25,4.1018207e-05,5.234831,-3.2710865
36.0,46.0,36.17002,155.0,4.1909232e-05,4.9298167,-3.7148843
37.0,37.0,44.705208,203.0,4.2743264e-05,4.587284,-4.1304097
39.0,28.0,50.798077,252.5,4.3612705e-05,3.9306555,-4.070312
40.0,28.0,48.68135,252.5,4.460128e-05,3.3747673,-3.8822265
41.0,28.0,45.769947,252.5,4.5551555e-05,2.7861633,-3.6973627
44.0,28.0,41.843937,255.0,4.623983e-05,2.6554298,-3.7923462
46.0,28.0,38.370064,259.5,4.6999867e-05,2.521461,-3.8827093
50.0,31.0,32.629013,247.75,4.8094756e-05,2.5720003,-4.4548345
54.0,37.0,27.37994,236.0,4.9402213e-05,2.3913436,-5.128252
