Vmax,Rmax_IBT,Rmax_CK22,R34,fcor,u_trans,v_trans
21.0,56.0,37.086205,88.0,5.8521684e-05,-4.6232553,-0.24229534
21.0,56.0,37.081993,88.0,5.83877e-05,-4.6183224,-0.32294488
21.0,56.0,37.078304,88.0,5.827043e-05,-4.595092,-0.56420743
21.0,56.0,37.074654,88.0,5.8154368e-05,-4.6042385,-0.48392436
23.0,56.0,33.006424,88.0,5.8037323e-05,-5.115821,-0.53769374
26.0,56.0,29.66803,88.0,5.7920843e-05,-4.584545,-0.6443165
27.0,56.0,32.00322,98.75,5.7803998e-05,-4.559266,-0.8039214
28.0,56.0,34.0094,111.0,5.768715e-05,-3.57396,-0.43882802
28.0,56.0,34.009106,111.0,5.7569683e-05,-3.0746555,-0.26899737
28.0,56.0,34.008827,111.0,5.7453286e-05,-3.5460958,-0.6252722
28.0,56.0,34.0085,111.0,5.733642e-05,-3.493841,-0.8711125
28.0,56.0,34.008186,111.0,5.721923e-05,-3.0072958,-0.6942893
28.0,56.0,35.42878,116.0,5.7101694e-05,-3.0395107,-0.5359476
28.0,56.0,36.84702,120.5,5.698501e-05,-3.048401,-0.48281947
31.0,74.0,41.876717,152.0,5.692061e-05,-3.5346434,-0.6870645
33.0,93.0,45.537277,185.0,5.6750614e-05,-3.4245641,-1.1127088
