Vmax,Rmax_IBT,Rmax_CK22,R34,fcor,u_trans,v_trans
23.0,56.0,23.748453,65.0,3.5529305e-05,-2.0807912,-1.5117843
24.0,46.0,24.466078,69.5,3.6041143e-05,-1.4008113,-2.1570609
26.0,37.0,24.652992,74.0,3.651592e-05,-2.1322846,-1.4382441
27.0,37.0,32.815907,102.0,3.6608224e-05,-3.0821702,-0.16153023
28.0,37.0,39.600685,130.0,3.651592e-05,-3.0563633,0.42954442
28.0,37.0,39.599552,130.0,3.6392623e-05,-3.522114,0.74864763
28.0,37.0,39.598476,130.0,3.626943e-05,-3.5810745,0.37638572
26.0,37.0,43.619614,130.0,3.625086e-05,-3.6008,4.293911e-08
23.0,37.0,48.45125,130.0,3.626943e-05,-4.1145735,0.07181978
22.0,37.0,38.084236,96.5,3.6269263e-05,-4.1126933,0.14361764
21.0,37.0,26.555077,64.5,3.626943e-05,-4.1145735,-0.071819685
23.0,37.0,29.860851,81.25,3.6250774e-05,-4.0995407,-0.35866317
26.0,37.0,32.518112,97.25,3.626943e-05,-4.0926566,-0.43015498
26.0,37.0,34.891167,104.25,3.639262e-05,-3.587098,-0.3138303
26.0,37.0,37.27127,111.0,3.651592e-05,-3.5958652,-0.18845193
26.0,37.0,37.272057,111.0,3.6552494e-05,-3.6008,4.293911e-08
26.0,37.0,37.27127,111.0,3.651592e-05,-4.1051755,0.28706223
27.0,37.0,35.84787,111.0,3.6337213e-05,-4.6183224,0.322945
28.0,37.0,33.89902,111.0,3.626943e-05,-4.6183224,-0.32294488
28.0,37.0,36.892876,120.75,3.6546706e-05,-4.510944,-1.0414339
28.0,37.0,40.31772,132.0,3.700857e-05,-3.890998,-1.3397782
27.0,37.0,42.715412,132.0,3.7555707e-05,-3.8418703,-1.4747552
26.0,37.0,44.468742,132.0,3.7992504e-05,-3.5221138,-0.7486492
24.0,37.0,44.4282,124.0,3.8084658e-05,-3.5958652,-0.18845193
23.0,37.0,44.0534,117.75,3.7992504e-05,-3.6002517,-0.06284223
23.0,41.0,42.62201,114.25,3.786954e-05,-3.5958652,-0.18845193
23.0,46.0,41.373848,111.0,3.7746686e-05,-3.08593,-0.053864766
26.0,46.0,39.996437,119.0,3.7654416e-05,-2.5657346,-0.17941381
28.0,46.0,38.89822,127.25,3.7746686e-05,-1.8167529,-0.9659848
29.0,41.0,41.040394,139.25,3.8127557e-05,-1.2469305,-2.2495217
31.0,37.0,42.56007,152.5,3.872924e-05,-0.17941347,-2.5657349
32.0,37.0,41.04586,152.5,3.9391376e-05,0.32261676,-3.0694926
33.0,37.0,38.92386,152.5,4.0199502e-05,-0.25117886,-3.5920289
34.0,37.0,37.798588,153.5,4.1104144e-05,-0.9955566,-3.992961
36.0,37.0,36.19924,154.75,4.2152973e-05,-0.40349656,-4.6119833
37.0,37.0,38.477173,172.25,4.333328e-05,0.35882726,-5.1314697
39.0,37.0,39.750515,189.5,4.458322e-05,0.0,5.144
40.0,37.0,38.038498,191.5,4.4980625e-05,-1.0796734,-5.554439
42.0,37.0,36.55735,194.0,4.5377223e-05,-1.1764481,-5.5347505
44.0,37.0,34.42935,196.0,4.5775225e-05,-0.8851684,-5.588736
45.0,37.0,33.088234,199.0,4.617686e-05,-1.1764481,-5.5347505
47.0,37.0,31.681118,200.5,4.6584337e-05,-1.5895833,-4.892235
49.0,37.0,29.948833,203.5,4.6999867e-05,-0.88336915,-4.5445414
50.0,37.0,28.858711,202.5,4.7421297e-05,0.6268956,-5.1056576
51.0,37.0,27.474506,202.5,4.7850303e-05,0.59146404,-5.627403
52.0,37.0,26.564735,202.5,4.8286867e-05,0.0,5.6584
54.0,37.0,25.29858,203.0,4.873096e-05,0.0,6.1728
55.0,37.0,24.459663,203.0,4.9182556e-05,-0.43059233,-6.1577635
57.0,37.0,23.355848,204.0,4.9641636e-05,-1.1778255,-6.059388
