Vmax,Rmax_IBT,Rmax_CK22,R34,fcor,u_trans,v_trans
19.0,69.0,37.618855,85.0,3.2217966e-05,-3.1669621,-4.053528
21.0,65.0,36.205105,88.0,3.330315e-05,-2.7259047,-4.3623595
22.0,65.0,36.1239,91.5,3.4435587e-05,-2.4149616,-4.5418825
23.0,65.0,35.977753,97.5,3.5529305e-05,-2.4533143,-3.9261234
26.0,50.0,33.465508,100.0,3.639297e-05,-2.6554294,-3.7923465
28.0,37.0,31.769459,104.25,3.7254722e-05,-2.0294826,-4.1610575
31.0,31.0,32.977608,118.0,3.8323888e-05,-1.5895833,-4.892235
33.0,28.0,33.7746,132.0,3.9464914e-05,-1.6747221,-4.8637476
34.0,28.0,32.64895,132.0,4.056669e-05,-2.0277889,-5.282572
36.0,28.0,31.07156,132.0,4.1665367e-05,-1.4178783,-4.9447303
37.0,28.0,30.062,132.0,4.2761643e-05,-0.8039219,-4.559266
39.0,28.0,28.649473,132.0,4.385554e-05,-0.48392484,-4.6042385
41.0,28.0,28.80697,144.5,4.4982906e-05,-0.24229468,-4.6232553
44.0,28.0,28.709652,157.25,4.6034886e-05,-0.14361794,-4.1126933
44.0,28.0,28.62461,157.25,4.687935e-05,0.0,4.1152
44.0,28.0,28.539774,157.25,4.7722115e-05,0.40349683,-4.611983
44.0,31.0,28.438204,157.25,4.873109e-05,0.8046988,-5.080669
44.0,37.0,28.322546,157.25,4.9880902e-05,0.89324677,-5.065851
45.0,37.0,29.974733,176.75,5.1194038e-05,0.9625476,-4.5284324
46.0,37.0,30.690994,196.75,5.250265e-05,1.1200014,-4.492081
