Vmax,Rmax_IBT,Rmax_CK22,R34,fcor,u_trans,v_trans
32.0,41.0,48.376457,180.75,3.621374e-05,3.587098,-0.3138305
39.0,37.0,43.276012,203.75,3.626943e-05,4.0926566,-0.43015572
42.0,31.0,39.107986,205.75,3.630022e-05,5.093939,-0.7159063
46.0,28.0,34.90574,208.25,3.651592e-05,4.9447303,-1.4178786
46.0,28.0,34.80014,208.25,3.7057493e-05,4.623397,-2.254981
46.0,28.0,34.665806,208.25,3.7746686e-05,4.499044,-2.4938605
46.0,28.0,34.54984,208.25,3.834265e-05,4.3141212,-2.8016233
46.0,28.0,34.42692,208.25,3.897458e-05,3.4940038,-3.0372906
47.0,28.0,35.15217,224.5,3.9691233e-05,2.6998138,-3.1057813
49.0,28.0,34.96986,240.75,4.0444127e-05,2.5897799,-3.1981106
51.0,28.0,32.18553,239.0,4.114058e-05,2.4765894,-3.2865446
54.0,28.0,29.544197,238.5,4.1909232e-05,2.0576003,-3.5638678
57.0,28.0,27.133633,238.5,4.2865136e-05,1.5415815,-3.8155468
59.0,28.0,24.908192,238.5,4.385554e-05,0.7145974,-4.052681
60.0,28.0,23.740837,233.0,4.4722485e-05,0.12566595,-3.5986066
62.0,28.0,22.26358,229.25,4.5551555e-05,-0.31383064,-3.587098
