Vmax,Rmax_IBT,Rmax_CK22,R34,fcor,u_trans,v_trans
19.0,83.0,36.871952,83.0,3.4837718e-05,-5.9894414,-1.4933357
21.0,83.0,34.269283,83.0,3.4293596e-05,-5.9336767,-1.7014533
22.0,74.0,46.70737,117.5,3.3699307e-05,-5.9336767,-1.7014533
23.0,65.0,57.2862,152.5,3.3550914e-05,-5.6162233,-0.6895869
24.0,59.0,60.224304,167.0,3.4342003e-05,-5.1056576,0.6268949
26.0,56.0,62.00612,183.0,3.5282377e-05,-5.3814583,1.7485425
27.0,65.0,50.605106,156.0,3.546231e-05,-5.682092,2.4119058
28.0,74.0,39.59233,129.5,3.5529305e-05,-4.735077,2.0099213
28.0,74.0,35.747257,117.25,3.581844e-05,-3.6666706,1.8682607
28.0,74.0,32.476997,106.5,3.651592e-05,-4.138292,3.8590195
28.0,65.0,36.476746,119.5,3.7918868e-05,-4.532115,5.596693
28.0,56.0,41.049637,134.25,3.9464914e-05,-4.3871984,5.0468936
29.0,56.0,44.168076,150.0,4.051733e-05,-4.138292,3.8590195
31.0,56.0,46.305534,166.75,4.142137e-05,-4.001094,4.0010924
31.0,46.0,52.4044,189.25,4.2396176e-05,-3.7862084,4.205011
31.0,37.0,58.634743,213.0,4.3369746e-05,-4.1304092,4.5872846
32.0,37.0,61.348877,233.0,4.4376757e-05,-4.287988,4.4403396
33.0,37.0,62.336174,254.5,4.5309676e-05,-4.5145,4.20984
37.0,41.0,55.52096,264.5,4.6125504e-05,-4.5777426,3.325923
41.0,46.0,48.600113,275.75,4.675884e-05,-5.1692057,2.3014786
42.0,50.0,49.64116,302.0,4.7173573e-05,-6.014591,1.3885788
44.0,56.0,49.07171,328.75,4.748151e-05,-6.4885616,1.6177806
45.0,56.0,46.840057,328.75,4.7860558e-05,-6.4281497,1.8432412
46.0,56.0,43.77674,328.75,4.8202877e-05,-6.0379095,1.283396
52.0,37.0,28.627548,235.25,4.976091e-05,-8.659697,1.2170426
54.0,28.0,27.069483,234.0,5.012002e-05,-8.659697,1.2170426
55.0,41.0,26.096012,234.0,5.047738e-05,-8.150302,1.1454518
57.0,56.0,24.748291,234.0,5.083645e-05,-7.6409082,1.0738611
60.0,56.0,22.017704,234.0,5.117478e-05,-7.621003,1.2070489
64.0,56.0,19.320847,234.0,5.155148e-05,-7.486802,1.8666699
