Vmax,Rmax_IBT,Rmax_CK22,R34,fcor,u_trans,v_trans
29.0,28.0,26.581112,90.25,5.4887114e-05,-5.904447,-3.1394508
33.0,28.0,27.150677,106.5,5.4161024e-05,-5.594457,-2.6087375
34.0,22.0,34.79198,143.5,5.3450236e-05,-5.6391335,-2.510704
36.0,19.0,40.542847,180.5,5.2740055e-05,-5.9583383,-3.0359263
37.0,22.0,39.098648,180.5,5.202655e-05,-6.8128233,-3.6224432
39.0,28.0,37.060715,180.5,5.131329e-05,-8.108037,-3.2758617
39.0,31.0,38.06582,185.25,5.052516e-05,-8.854616,-2.7071302
39.0,37.0,39.032356,189.75,4.9880902e-05,-8.406042,-2.4103925
41.0,37.0,35.436096,187.5,4.9587128e-05,-7.4170957,-2.1268167
44.0,37.0,32.292435,185.5,4.9402213e-05,-8.079185,-1.5704331
45.0,28.0,30.637817,180.5,4.9023347e-05,-9.700748,-1.1911045
46.0,19.0,28.579523,176.0,4.868306e-05,-10.743224,-1.129157
46.0,19.0,28.307219,172.25,4.854489e-05,-11.273737,-0.9863237
46.0,19.0,27.914213,169.0,4.844305e-05,-10.248852,-0.89665794
49.0,22.0,26.878681,177.0,4.8165355e-05,-9.2465105,-0.48459068
51.0,28.0,25.841,185.0,4.796257e-05,-8.229147,0.14363956
55.0,28.0,24.084208,194.0,4.8009813e-05,-7.1479206,0.8776529
59.0,28.0,22.012753,204.0,4.8202877e-05,-7.112936,1.1265789
60.0,22.0,21.356482,204.0,4.838806e-05,-7.5987763,1.3398693
62.0,19.0,20.410381,204.0,4.868306e-05,-7.547387,1.604245
64.0,22.0,18.947348,204.0,4.9126178e-05,-7.486802,1.8666699
67.0,28.0,17.586119,204.0,4.9641636e-05,-6.9226227,1.985029
68.0,31.0,17.60096,227.0,5.0119346e-05,-6.359905,2.0664594
69.0,37.0,17.052385,250.0,5.059779e-05,-6.359905,2.0664594
70.0,37.0,16.389826,250.0,5.1110117e-05,-6.886925,2.1055422
72.0,37.0,15.526704,250.0,5.155148e-05,-6.014591,1.3885788
