Vmax,Rmax_IBT,Rmax_CK22,R34,fcor,u_trans,v_trans
21.0,65.0,61.527557,148.0,2.5431242e-05,-6.9562116,1.8639108
21.0,65.0,61.56536,148.0,2.5826394e-05,-6.459339,1.7307743
22.0,59.0,56.903435,143.5,2.6308113e-05,-6.459339,1.7307743
23.0,56.0,51.517242,139.0,2.6827835e-05,-5.9336767,1.7014533
24.0,56.0,49.420486,139.0,2.7365762e-05,-5.9336767,1.7014533
26.0,56.0,46.539413,139.0,2.7827968e-05,-5.5347505,1.1764463
27.0,56.0,44.78382,139.0,2.809588e-05,-5.1056576,0.6268949
28.0,56.0,42.364742,139.0,2.8327528e-05,-4.595092,0.5642054
31.0,46.0,41.403378,148.0,2.8664417e-05,-4.052681,0.7145969
33.0,37.0,40.460667,157.5,2.9076216e-05,-3.9137876,1.2716672
36.0,37.0,39.509712,167.0,2.9611976e-05,-4.735077,2.0099213
39.0,37.0,38.520966,176.0,3.0073232e-05,-5.723321,2.31237
42.0,31.0,37.791138,192.5,3.023505e-05,-6.7672906,2.4630916
46.0,28.0,36.521767,210.5,3.0322259e-05,-5.8706813,1.9075009
47.0,28.0,36.270973,216.25,3.058953e-05,-5.0121593,1.1571491
49.0,28.0,35.52264,222.25,3.0820032e-05,-5.124426,0.44832912
49.0,28.0,33.56815,207.0,3.0819905e-05,-5.1432166,0.08977473
49.0,28.0,31.596748,192.0,3.0820032e-05,-4.595092,0.5642054
49.0,28.0,31.522882,192.5,3.097532e-05,-4.4718504,1.1982284
49.0,28.0,31.48759,194.25,3.131743e-05,-3.890998,1.3397782
49.0,28.0,31.370598,194.25,3.19196e-05,-3.8418703,1.4747552
49.0,28.0,31.246517,194.25,3.2559245e-05,-4.769434,1.926975
49.0,28.0,31.174454,194.25,3.293116e-05,-5.2085843,2.2109134
49.0,28.0,31.10262,194.25,3.330315e-05,-5.594457,2.6087375
47.0,28.0,32.285267,194.25,3.3903747e-05,-5.548076,2.7059765
46.0,28.0,33.085247,194.25,3.454095e-05,-5.1692057,2.3014786
46.0,28.0,34.136787,201.25,3.4979486e-05,-5.128252,2.3913426
46.0,28.0,35.098564,208.25,3.5529305e-05,-4.691026,3.1641371
47.0,28.0,34.236736,210.75,3.644168e-05,-4.20501,3.7862093
49.0,28.0,32.843376,213.0,3.7500762e-05,-4.5872836,4.13041
51.0,28.0,30.368269,213.0,3.8483555e-05,-4.72864,3.9677987
54.0,28.0,28.094692,213.0,3.9464914e-05,-4.5145,4.20984
55.0,28.0,29.596798,247.75,4.0407092e-05,-4.287988,4.4403396
57.0,28.0,29.57225,282.25,4.142137e-05,-4.6453204,4.810368
58.0,28.0,28.177029,282.25,4.25669e-05,-5.0026526,5.180396
59.0,28.0,26.32789,282.25,4.385554e-05,-5.062152,5.823339
63.0,28.0,22.961174,282.25,4.5217854e-05,-5.2904005,6.304851
67.0,28.0,19.61054,282.25,4.675884e-05,-6.195614,6.880927
68.0,28.0,18.723633,312.0,4.850957e-05,-6.7893143,7.030537
69.0,28.0,16.977495,342.5,5.035898e-05,-7.016398,7.5241675
