Vmax,Rmax_IBT,Rmax_CK22,R34,fcor,u_trans,v_trans
21.0,56.0,59.88427,143.75,2.911354e-05,-5.5724363,-0.9825706
21.0,56.0,61.93091,148.5,2.9325609e-05,-6.138985,-0.6452325
23.0,56.0,58.805103,157.5,2.938151e-05,-6.1728,7.3609904e-08
26.0,56.0,56.132935,167.0,2.9325609e-05,-6.149311,0.5379949
27.0,56.0,53.937805,167.0,2.9237965e-05,-6.1127267,0.85908884
28.0,56.0,50.924534,167.0,2.9076216e-05,-5.5544395,1.0796729
29.0,50.0,54.12889,183.75,2.8807775e-05,-5.0315914,1.0694966
31.0,46.0,56.108505,201.25,2.857718e-05,-5.1314692,0.3588278
32.0,50.0,55.351555,206.25,2.8520762e-05,-5.1314692,-0.35882762
33.0,56.0,53.655327,210.75,2.857718e-05,-5.627403,-0.5914631
36.0,37.0,36.601364,153.5,2.8701717e-05,-5.6368685,-0.49316186
39.0,19.0,21.933842,97.25,2.882674e-05,-5.644616,-0.3947104
46.0,19.0,24.331564,131.25,2.8864013e-05,-5.1408668,-0.17952439
54.0,19.0,25.321173,167.0,2.882674e-05,-5.1314692,0.3588278
57.0,19.0,25.13752,176.75,2.8701914e-05,-5.093939,0.7159074
59.0,19.0,25.002945,187.25,2.857718e-05,-4.6042385,0.4839245
60.0,19.0,26.050776,204.25,2.8539409e-05,-3.6008,4.293911e-08
62.0,19.0,26.708538,222.25,2.857718e-05,-3.5986066,-0.12566707
64.0,22.0,25.282667,222.25,2.8627239e-05,-3.5810745,-0.37638563
67.0,28.0,23.919796,222.25,2.882674e-05,-2.3310237,-1.086974
65.0,37.0,24.566547,222.5,2.9231891e-05,-1.090362,-1.7449437
64.0,46.0,24.910385,222.25,2.9824112e-05,-1.156186,-2.8616602
64.0,41.0,25.39728,231.75,3.049641e-05,-1.4645768,-3.2894945
64.0,37.0,25.736433,241.0,3.131743e-05,-2.3147998,-4.0093513
64.0,37.0,25.407328,241.0,3.227398e-05,-3.1641374,-4.691026
64.0,37.0,25.0574,241.0,3.330315e-05,-2.8764887,-4.2645693
65.0,37.0,23.87233,236.5,3.4312077e-05,-2.4533143,-3.9261234
67.0,37.0,22.480644,231.5,3.5282377e-05,-2.4533143,-3.9261234
69.0,37.0,20.916487,231.5,3.6164583e-05,-2.1194842,-3.5274153
72.0,37.0,19.464128,231.5,3.700857e-05,-1.8682619,-3.66667
