Vmax,Rmax_IBT,Rmax_CK22,R34,fcor,u_trans,v_trans
19.0,148.0,34.83561,79.0,3.4472894e-05,-4.595092,0.5642054
21.0,130.0,30.409855,74.5,3.454095e-05,-4.6232553,-0.24229534
22.0,111.0,27.17074,69.5,3.4349003e-05,-5.031591,-1.0694989
23.0,93.0,27.209085,74.333336,3.404614e-05,-5.01216,-1.1571488
23.0,83.0,27.204031,74.333336,3.3779706e-05,-5.5544395,-1.0796728
23.0,74.0,27.19969,74.333336,3.3550914e-05,-5.603333,-0.78749794
24.0,59.0,29.441833,83.333336,3.340824e-05,-6.149311,-0.53799474
26.0,46.0,32.49333,97.25,3.330315e-05,-6.149311,-0.53799474
27.0,46.0,32.035793,99.5,3.314183e-05,-6.149311,-0.53799474
28.0,46.0,31.038574,102.0,3.305528e-05,-5.6584,6.7475746e-08
29.0,46.0,29.965689,102.0,3.3123048e-05,-5.6368685,0.49316204
31.0,46.0,28.482494,102.0,3.330315e-05,-5.603333,0.7874981
32.0,37.0,27.567778,102.0,3.3513465e-05,-5.5544395,1.0796729
33.0,28.0,26.293894,102.0,3.3798577e-05,-5.4903216,1.3688912
36.0,28.0,25.461864,106.5,3.4150766e-05,-5.4392037,1.5596656
39.0,28.0,24.67305,111.25,3.454095e-05,-5.9624667,1.5976379
40.0,28.0,23.989613,111.25,3.4892946e-05,-6.515807,1.5042937
41.0,28.0,23.027431,111.25,3.5282377e-05,-6.9562116,1.8639108
42.0,28.0,24.143518,120.25,3.5757268e-05,-6.9226227,1.985029
44.0,28.0,24.809755,129.75,3.626943e-05,-6.9226227,1.985029
45.0,28.0,24.49602,132.0,3.674347e-05,-6.9226227,1.985029
46.0,28.0,23.8572,134.25,3.7254722e-05,-6.8092465,2.3446116
47.0,28.0,23.20325,134.25,3.7869286e-05,-6.677208,2.697765
49.0,28.0,22.291441,134.25,3.8483773e-05,-6.243039,2.3964772
