Vmax,Rmax_IBT,Rmax_CK22,R34,fcor,u_trans,v_trans
19.0,56.0,27.186852,62.0,4.02178e-05,-4.798595,2.9984958
21.0,56.0,25.302961,62.0,4.093299e-05,-4.9003186,2.8291996
22.0,56.0,27.93455,71.0,4.15794e-05,-4.9960704,2.6564584
23.0,56.0,32.68374,88.0,4.2152973e-05,-5.682092,2.4119058
23.0,56.0,33.955418,91.25,4.2658357e-05,-5.836497,2.0096672
23.0,56.0,35.417057,95.0,4.3126656e-05,-5.836497,2.0096672
23.0,56.0,36.301838,97.25,4.3630807e-05,-5.282572,2.0277884
23.0,56.0,37.191887,99.5,4.409823e-05,-4.769434,1.926975
24.0,50.0,35.63223,99.5,4.4516182e-05,-3.8155472,1.5415801
26.0,46.0,33.493755,99.5,4.4825505e-05,-3.4613113,0.9925145
26.0,46.0,33.49635,99.5,4.49827e-05,-3.0395107,0.5359477
26.0,46.0,33.497765,99.5,4.506766e-05,-2.5403342,0.40234962
27.0,46.0,32.94999,101.75,4.5170444e-05,-2.5157957,0.5347483
28.0,46.0,31.822767,104.25,4.5309676e-05,-2.4318738,0.83736134
28.0,46.0,31.823864,104.25,4.553335e-05,-1.8167529,0.9659848
28.0,46.0,31.825119,104.25,4.5793287e-05,-1.7449436,1.0903622
28.0,46.0,31.825115,104.25,4.603481e-05,-1.2641156,0.885143
28.0,46.0,31.825901,104.5,4.627635e-05,-1.2484752,0.9070699
28.0,46.0,32.112858,105.25,4.6499437e-05,-1.2641156,0.885143
28.0,46.0,32.542088,106.5,4.675884e-05,-1.7256485,1.1206495
28.0,46.0,33.541477,109.75,4.7084166e-05,-2.6174154,1.6355432
28.0,46.0,34.682693,113.5,4.748151e-05,-3.019885,1.9611366
29.0,46.0,35.982666,122.25,4.7944588e-05,-2.949603,2.0653336
31.0,46.0,36.681187,132.0,4.844305e-05,-2.8757265,2.167016
31.0,46.0,37.55503,135.25,4.890491e-05,-2.36432,1.9838994
31.0,46.0,38.54561,139.0,4.9402213e-05,-1.9839002,2.3643193
31.0,37.0,39.401566,142.25,4.9964467e-05,-1.5432006,2.6729007
31.0,28.0,40.368908,145.75,5.059779e-05,-1.352989,2.7740378
32.0,28.0,41.91135,157.75,5.125965e-05,-1.5217645,3.2634327
33.0,28.0,42.68081,171.25,5.2027382e-05,-1.5415812,3.815547
36.0,28.0,38.732346,171.25,5.29239e-05,-1.5072497,4.377373
39.0,28.0,35.241966,171.25,5.392461e-05,-1.5834175,4.350401
