Vmax,Rmax_IBT,Rmax_CK22,R34,fcor,u_trans,v_trans
22.0,65.0,62.044918,157.0,2.024055e-05,0.99824023,-0.24888922
23.0,37.0,61.635204,167.0,2.0297284e-05,0.88185376,-0.52987117
24.0,37.0,59.130478,167.0,2.0473704e-05,0.71466464,-0.7400567
26.0,37.0,55.720615,167.0,2.0801292e-05,0.5451811,-0.8724718
27.0,46.0,70.35748,218.0,2.122949e-05,0.45118824,-1.4757695
28.0,56.0,82.15058,268.5,2.1808535e-05,0.26899788,-3.0746553
29.0,56.0,79.05946,268.5,2.252555e-05,0.0,4.1152
31.0,56.0,74.718475,268.5,2.3317392e-05,0.10771367,-3.0845199
32.0,56.0,71.9878,268.5,2.405205e-05,-0.08976121,-2.5704334
33.0,56.0,68.151726,268.5,2.4823696e-05,-0.5632889,-3.5564682
33.0,56.0,68.03462,268.5,2.5794954e-05,-1.2716666,-3.9137878
33.0,56.0,67.93874,268.5,2.6577594e-05,-2.1439936,-2.2201703
36.0,46.0,64.19311,278.0,2.6721771e-05,-2.5157955,-0.53474945
39.0,37.0,60.72298,287.0,2.6827835e-05,-1.8648189,-0.8695792
39.0,37.0,60.55022,287.0,2.7502942e-05,-0.9019923,-1.8493588
39.0,37.0,60.338394,287.0,2.8327528e-05,0.35795343,-2.5469694
41.0,37.0,55.32715,287.0,2.8951556e-05,1.5784868,-3.2363777
44.0,37.0,50.830772,287.0,2.9574905e-05,1.4645771,-3.2894945
49.0,28.0,46.640305,319.5,3.0247538e-05,0.93195593,-3.4781058
54.0,19.0,41.7015,351.5,3.1068776e-05,0.7852172,-4.0395923
59.0,19.0,35.50658,361.0,3.2149717e-05,0.7242289,-4.5726023
64.0,19.0,29.99141,370.0,3.330315e-05,0.64431614,-4.584545
68.0,19.0,26.230427,370.0,3.4349134e-05,0.7852172,-4.0395923
72.0,19.0,22.606188,370.0,3.5282377e-05,1.8039849,-3.6987174
