Vmax,Rmax_IBT,Rmax_CK22,R34,fcor,u_trans,v_trans
23.0,46.0,27.295542,74.75,3.0472082e-05,-1.3750014,0.70059776
26.0,46.0,30.059155,90.25,3.0571195e-05,-1.5094774,0.320849
28.0,46.0,27.456804,90.25,3.0820032e-05,-1.4973603,-0.37333393
28.0,28.0,27.451326,90.25,3.0073232e-05,-0.7524167,-0.70163995
31.0,28.0,25.268835,90.25,2.9574905e-05,-0.5144,6.1341585e-09
31.0,28.0,30.440193,108.75,3.0073232e-05,-0.86282426,0.5603247
33.0,28.0,28.141262,108.75,3.0322259e-05,-1.3497132,0.7481582
33.0,37.0,32.834866,127.25,3.0820032e-05,-1.7256485,1.1206495
34.0,37.0,35.645435,143.25,3.113669e-05,-1.7449436,1.0903622
36.0,37.0,37.80564,159.75,3.131743e-05,-1.781934,1.0287998
37.0,37.0,33.250854,143.75,3.136704e-05,-2.2274175,1.2859998
39.0,37.0,28.834759,130.0,3.156599e-05,-2.1068592,1.4752383
41.0,37.0,26.557526,127.75,3.223656e-05,-2.3293362,2.0248601
44.0,37.0,24.751942,127.0,3.305528e-05,-2.5461504,2.5461497
47.0,31.0,24.828932,140.75,3.3674696e-05,-2.753606,3.0581899
51.0,28.0,24.463127,155.0,3.4293596e-05,-2.753606,3.0581899
59.0,22.0,21.570162,164.75,3.5035435e-05,-2.3145502,2.7583723
67.0,19.0,19.119322,176.0,3.577612e-05,-1.352989,2.7740378
