Vmax,Rmax_IBT,Rmax_CK22,R34,fcor,u_trans,v_trans
24.0,56.0,38.808975,108.25,4.065102e-05,-7.044228,1.4972953
26.0,56.0,43.8855,129.5,4.1177245e-05,-7.4530835,1.9970473
27.0,56.0,45.158386,138.75,4.175018e-05,-8.362695,2.55673
28.0,56.0,45.280254,148.0,4.239659e-05,-8.268372,2.8470287
31.0,50.0,43.520805,157.5,4.3126453e-05,-8.163975,3.1338549
33.0,46.0,41.86297,166.5,4.385554e-05,-7.827575,2.5433345
33.0,46.0,42.98096,171.0,4.446023e-05,-7.9115686,2.2686045
33.0,46.0,44.08922,176.0,4.506766e-05,-8.163975,3.1338549
36.0,46.0,43.975952,194.5,4.5810863e-05,-8.3916855,3.9131062
39.0,46.0,43.30494,213.0,4.651767e-05,-9.295245,3.0202096
42.0,46.0,38.035934,213.0,4.70359e-05,-10.063183,2.1389933
46.0,46.0,33.021824,213.0,4.748151e-05,-9.560023,2.0320435
50.0,41.0,30.283194,222.0,4.796074e-05,-8.485043,2.1155593
54.0,37.0,27.1917,231.25,4.844305e-05,-7.985922,1.9911145
58.0,37.0,24.202255,231.5,4.8923346e-05,-7.486802,1.8666699
62.0,37.0,21.234426,231.75,4.9402213e-05,-6.8491282,2.2254176
64.0,37.0,19.568398,231.75,4.9826038e-05,-6.1555996,2.6128979
67.0,37.0,18.01709,231.75,5.035898e-05,-4.9489484,2.7432468
68.0,37.0,17.282726,231.75,5.11579e-05,-4.2137184,2.9504766
69.0,37.0,16.306807,231.75,5.2027382e-05,-3.6973627,2.7861636
