Vmax,Rmax_IBT,Rmax_CK22,R34,fcor,u_trans,v_trans
18.0,69.0,37.502674,81.25,2.8115106e-05,-0.9537499,2.935341
18.0,46.0,37.53234,81.25,2.882674e-05,-2.3985834,1.9423344
19.0,46.0,29.784376,68.0,2.8920396e-05,-3.5920286,0.25117946
21.0,46.0,22.53557,55.75,2.882674e-05,-3.08593,0.053864837
22.0,46.0,27.076797,69.5,2.895147e-05,-2.5579104,0.26884696
23.0,46.0,30.624893,83.5,2.9076216e-05,-2.5716083,0.044887364
23.0,46.0,30.624432,83.5,2.9057237e-05,-2.572,3.0670794e-08
23.0,46.0,30.624893,83.5,2.9076216e-05,-3.5460956,0.62527233
24.0,46.0,34.42512,97.5,2.9382152e-05,-3.974978,1.0650918
26.0,46.0,37.18211,111.25,2.9574905e-05,-2.562213,0.22416456
27.0,37.0,39.401966,122.0,2.9088405e-05,-1.002432,-0.23142977
28.0,28.0,40.96639,134.5,2.882674e-05,-0.9711675,1.1992915
28.0,28.0,41.53656,136.25,2.974942e-05,-1.4489768,2.7251296
28.0,28.0,42.39896,139.0,3.0820032e-05,-1.687384,1.941113
28.0,28.0,40.9794,134.5,3.1056334e-05,-1.4676703,0.47687522
28.0,28.0,39.558723,130.0,3.1068776e-05,-1.4591242,0.5024168
28.0,31.0,40.98728,134.25,3.129876e-05,-1.3227807,0.7948065
28.0,37.0,42.417267,138.75,3.156599e-05,-1.1992917,0.9711672
29.0,31.0,45.780693,155.25,3.1832646e-05,-1.2793709,0.8629465
31.0,28.0,48.28681,174.0,3.206281e-05,-2.9668384,0.85072666
32.0,28.0,46.561295,174.0,3.2225278e-05,-4.5284324,0.962547
33.0,28.0,44.16135,174.0,3.231108e-05,-2.5403342,0.40234962
33.0,28.0,44.1614,174.0,3.231066e-05,-0.5144,6.1341585e-09
33.0,28.0,44.16135,174.0,3.231108e-05,-0.9838464,0.30079174
33.0,28.0,43.148636,169.5,3.2379503e-05,-1.9077736,0.77079004
33.0,28.0,42.462013,166.5,3.2559245e-05,-1.7058278,1.1505953
33.0,28.0,42.446426,166.5,3.287545e-05,-0.79480684,1.3227805
33.0,28.0,42.42516,166.5,3.330315e-05,0.21477194,1.5281817
33.0,28.0,42.401356,166.5,3.377974e-05,0.2863626,2.0375755
33.0,28.0,42.375572,166.5,3.4293596e-05,-1.9839002,2.3643193
31.0,28.0,46.324883,166.5,3.4862267e-05,-4.6620474,2.173948
28.0,28.0,50.97238,166.5,3.5282377e-05,-6.0593886,1.1778251
28.0,28.0,48.134712,157.5,3.539425e-05,-6.1728,7.3609904e-08
28.0,28.0,45.289993,148.0,3.5282377e-05,-5.603333,-0.78749794
27.0,28.0,46.50982,143.5,3.5053064e-05,-4.492081,-1.1200018
26.0,28.0,46.84819,139.0,3.47882e-05,-4.025273,-0.8555991
27.0,28.0,46.51922,143.75,3.4590204e-05,-4.595092,-0.56420743
28.0,28.0,45.280964,148.25,3.454095e-05,-4.628895,0.080797255
29.0,28.0,44.937824,153.0,3.4788165e-05,-5.124426,0.44832912
31.0,28.0,43.740166,157.5,3.5035337e-05,-4.628895,-0.08079715
32.0,28.0,42.172523,157.5,3.496726e-05,-4.584545,-0.6443165
33.0,28.0,39.997513,157.5,3.47882e-05,-4.075151,-0.5727258
33.0,28.0,42.283577,167.0,3.4682347e-05,-3.5810745,-0.37638563
33.0,28.0,44.56218,176.0,3.454095e-05,-4.595092,-0.56420743
33.0,28.0,44.577007,176.0,3.4293942e-05,-6.126789,-0.7522766
33.0,28.0,44.591797,176.0,3.404614e-05,-6.138985,-0.6452325
33.0,28.0,44.60476,176.0,3.382911e-05,-5.6575384,-0.098752074
33.0,28.0,44.60655,176.0,3.3798577e-05,-5.6162233,0.6895844
33.0,28.0,44.59,176.0,3.4076787e-05,-5.4392037,1.5596656
33.0,28.0,44.56218,176.0,3.454095e-05,-5.836497,2.0096672
36.0,28.0,40.836937,176.0,3.499849e-05,-5.282572,2.0277884
39.0,28.0,37.555973,176.0,3.5529305e-05,-4.087694,2.173466
