Vmax,Rmax_IBT,Rmax_CK22,R34,fcor,u_trans,v_trans
26.0,65.0,30.86323,93.0,3.1901403e-05,-4.0703125,-3.9306548
26.0,65.0,30.878748,93.0,3.280731e-05,-3.5733228,-3.700284
27.0,50.0,36.55947,113.25,3.3674558e-05,-3.508199,-3.7620838
28.0,37.0,41.008392,134.5,3.454095e-05,-3.5733228,-3.700284
29.0,37.0,40.35637,136.75,3.54058e-05,-3.637357,-3.6373575
31.0,37.0,39.404778,141.25,3.626943e-05,-3.637357,-3.6373575
33.0,41.0,43.85743,173.25,4.065195e-05,-0.5015162,-4.084526
33.0,46.0,44.470676,176.0,4.1665367e-05,-0.21537305,-4.10956
34.0,46.0,42.837738,176.0,4.2743475e-05,-0.24229468,-4.6232553
36.0,46.0,40.550003,176.0,4.385554e-05,-0.7242286,-4.5726023
37.0,41.0,38.804737,174.75,4.4946602e-05,-1.4178783,-4.9447303
39.0,37.0,36.59102,173.5,4.6034886e-05,-1.8434445,-4.802338
40.0,28.0,36.167973,178.75,4.713826e-05,-2.1739483,-4.6620474
41.0,19.0,35.282173,185.25,4.8202877e-05,-2.5719998,-4.454835
