Vmax,Rmax_IBT,Rmax_CK22,R34,fcor,u_trans,v_trans
18.0,120.0,64.014305,129.33333,6.3457934e-05,-3.0536513,1.9081337
18.0,111.0,67.35882,136.0,6.393293e-05,-3.2865446,2.4765897
19.0,111.0,66.99539,142.0,6.4486994e-05,-2.6334584,2.4557397
21.0,111.0,64.841255,148.0,6.507438e-05,-2.5461504,2.5461497
22.0,106.0,64.362206,154.0,6.564321e-05,-2.4094055,2.675916
23.0,102.0,62.197937,160.66667,6.621089e-05,-1.7702868,2.5282307
24.0,96.0,60.374203,163.66667,6.677708e-05,-1.4489768,2.7251296
26.0,93.0,57.186176,166.66667,6.734234e-05,-1.4011964,2.7500026
26.0,83.0,58.25943,169.66667,6.7889225e-05,-1.4489768,2.7251296
26.0,74.0,59.328625,172.66667,6.8468675e-05,-1.352989,2.7740378
27.0,69.0,56.484356,172.66667,6.9141985e-05,-1.4645767,3.2894948
28.0,65.0,52.528885,172.66667,6.981338e-05,-1.2059524,2.8410463
29.0,59.0,50.89697,176.0,7.045497e-05,-0.8796764,2.4168892
31.0,56.0,41.26226,152.75,7.092813e-05,0.18806878,1.5316973
32.0,50.0,39.42877,152.75,7.107258e-05,1.4407012,0.5530335
33.0,46.0,36.882557,152.75,7.115043e-05,1.8797113,0.83690125
34.0,46.0,36.81287,159.5,7.145016e-05,2.1068592,1.4752387
36.0,46.0,35.8528,167.0,7.181604e-05,2.5884728,1.680974
37.0,41.0,34.3131,167.0,7.2148054e-05,2.672901,1.5431999
39.0,37.0,32.167442,167.0,7.247968e-05,2.6455612,1.5896136
