Vmax,Rmax_IBT,Rmax_CK22,R34,fcor,u_trans,v_trans
18.0,65.0,100.312645,204.0,3.961685e-05,0.33747673,-0.38822266
18.0,65.0,100.293396,204.0,3.9513863e-05,1.0131702,-0.17864926
18.0,65.0,100.284225,204.0,3.9464914e-05,0.9324094,-0.43478975
21.0,56.0,87.97802,204.0,3.9722265e-05,1.1821598,-0.9919499
22.0,50.0,83.71277,204.0,3.9893657e-05,1.4293293,-1.4801134
23.0,46.0,77.89459,204.0,4.0199502e-05,1.4008117,-2.1570606
23.0,46.0,77.94654,204.0,4.0792387e-05,1.2074809,-2.2709413
23.0,46.0,78.00098,204.0,4.142137e-05,1.7258934,-2.5587413
23.0,59.0,78.0444,204.0,4.192748e-05,2.0248604,-2.329336
23.0,69.0,78.06928,204.0,4.221983e-05,1.7210041,-1.9113684
23.0,74.0,78.08426,204.0,4.239659e-05,1.4032798,-1.5048333
23.0,74.0,78.09915,204.0,4.2573338e-05,1.6186123,-1.9988192
24.0,78.0,74.51624,204.0,4.2846932e-05,1.9611363,-3.019885
26.0,83.0,69.58654,204.0,4.3369746e-05,1.8004003,-3.1183844
27.0,83.0,69.62493,213.0,4.4061842e-05,1.8004003,-3.1183844
27.0,83.0,68.69024,215.0,4.4339973e-05,1.680974,-2.5884728
28.0,83.0,67.97689,222.0,4.4825505e-05,1.7702866,-2.5282307
28.0,83.0,62.345787,203.5,4.5551424e-05,2.1670158,-2.8757265
28.0,83.0,56.69155,185.5,4.627635e-05,2.0652049,-2.293642
28.0,63.0,56.69371,185.5,4.68328e-05,1.9838998,-2.3643196
28.0,56.0,56.97457,186.0,4.705418e-05,1.6738024,-3.7594225
28.0,37.0,57.1087,186.5,4.7479636e-05,1.3488839,-3.3386035
28.0,28.0,57.384537,187.75,4.7722115e-05,0.49076077,-2.524745
28.0,28.0,57.38152,187.75,4.8136746e-05,0.3218795,-2.0322676
28.0,28.0,57.38047,187.75,4.827553e-05,-0.29445636,-1.514847
28.0,28.0,57.379158,187.75,4.844305e-05,-0.61914724,-0.82163626
28.0,46.0,57.376297,187.75,4.8803005e-05,-0.5752977,-0.85291386
28.0,52.0,57.375294,187.75,4.8926922e-05,0.6521846,-1.3986142
28.0,65.0,57.373337,187.75,4.916265e-05,0.34714454,-1.5036479
28.0,59.0,63.24919,207.0,5.0788673e-05,0.86282426,-0.56032467
28.0,59.0,63.5263,207.75,5.0842926e-05,0.9166676,-0.4670653
28.0,56.0,66.43239,217.5,5.1074945e-05,1.542965,-0.026932467
28.0,56.0,66.43541,217.5,5.0943927e-05,1.4676704,0.476875
28.0,56.0,66.43733,217.5,5.0861e-05,0.0,1.5432
28.0,56.0,66.4433,217.5,5.059779e-05,-0.16093966,1.0161338
28.0,56.0,66.45135,217.5,5.0239494e-05,-0.21389963,1.0063182
28.0,56.0,66.45919,217.5,4.9880902e-05,-0.12444456,0.49912015
28.0,50.0,66.4655,217.5,4.9587754e-05,-0.18434453,0.48023376
28.0,48.0,66.467636,217.5,4.9486272e-05,-0.89980876,0.4987721
28.0,46.0,66.46943,217.5,4.9402213e-05,-1.0098981,0.19630417
28.0,41.0,58.626427,191.5,4.934827e-05,-1.0231642,0.107538775
28.0,41.0,57.217194,187.0,4.9348335e-05,-0.5093939,-0.07159072
28.0,37.0,48.162918,157.5,4.9402213e-05,-0.49912012,-0.12444464
28.0,50.0,50.989334,166.5,4.946806e-05,-0.49912012,-0.12444464
28.0,54.0,51.553856,168.5,4.9492985e-05,-2.5579104,-0.26884687
28.0,57.0,52.117958,170.5,4.954936e-05,-1.8940307,-0.80396855
28.0,65.0,53.809067,176.0,4.9641636e-05,-0.72448844,-1.3625648
28.0,65.0,55.511536,181.5,4.9946688e-05,-0.60297626,-1.4205232
28.0,65.0,57.35077,187.5,5.035898e-05,-0.476875,-1.4676704
28.0,65.0,57.34941,187.5,5.0491995e-05,-0.70374066,-1.9335115
28.0,69.0,57.346336,187.5,5.0782648e-05,-1.4489769,-2.7251296
28.0,74.0,57.340553,187.5,5.131329e-05,-1.8545487,-3.0864882
28.0,50.0,59.741234,195.5,5.1973897e-05,-2.013542,-2.9851985
28.0,28.0,62.25427,204.0,5.2740055e-05,-2.0653338,-2.9496028
28.0,46.0,57.212208,187.0,5.341699e-05,-2.013542,-2.9851985
28.0,50.0,56.650326,185.0,5.3516305e-05,-2.0575998,-3.563868
28.0,61.0,53.83853,176.0,5.391569e-05,-2.3147998,-4.0093513
28.0,74.0,51.020237,167.0,5.439729e-05,-2.3844197,-3.968342
28.0,74.0,56.629288,185.0,5.538781e-05,-2.6493552,-4.409269
28.0,74.0,62.18194,204.0,5.6516048e-05,-2.992633,-5.3988523
31.0,74.0,54.30153,199.0,5.7768793e-05,-2.931475,-6.010416
33.0,74.0,47.61077,194.5,5.9086666e-05,-2.5107033,-5.6391335
34.0,67.0,45.42653,189.5,5.986086e-05,-2.301478,-5.1692057
34.0,65.0,44.03307,187.5,6.036402e-05,-2.411905,-5.6820927
36.0,56.0,39.81532,180.75,6.1635496e-05,-1.0718958,-6.0790215
