Vmax,Rmax_IBT,Rmax_CK22,R34,fcor,u_trans,v_trans
21.0,102.0,53.83703,129.75,2.8808141e-05,-3.3836453,-1.2315458
21.0,93.0,53.856834,129.75,2.9076216e-05,-2.204634,-1.3246785
22.0,83.0,53.32966,134.25,2.9412737e-05,-0.67649424,-1.387019
23.0,74.0,51.692337,139.0,2.9824112e-05,0.18806867,-1.5316973
26.0,69.0,54.7437,162.5,3.0284877e-05,0.75198036,-2.4596157
28.0,65.0,57.357834,187.25,3.0820032e-05,0.75198036,-2.4596157
29.0,65.0,58.1955,197.5,3.1367068e-05,0.9537502,-2.9353406
31.0,65.0,57.897755,208.0,3.206281e-05,1.8039849,-3.6987174
32.0,65.0,55.38801,207.0,3.2999575e-05,2.3844204,-3.9683418
33.0,65.0,52.148354,206.25,3.404614e-05,2.4533148,-3.9261231
55.0,37.0,26.802996,220.0,4.1787123e-05,3.2372246,-3.9976385
57.0,37.0,25.800398,222.25,4.2640077e-05,3.4420083,-3.8227367
