Vmax,Rmax_IBT,Rmax_CK22,R34,fcor,u_trans,v_trans
21.0,167.0,75.66471,175.33333,4.357599e-05,-7.1315145,1.0022703
23.0,167.0,74.59423,194.66667,4.385554e-05,-7.092191,1.2505447
23.0,102.0,78.81513,205.0,4.418215e-05,-7.017023,1.6200086
23.0,37.0,83.30368,216.0,4.458322e-05,-6.987682,1.7422252
23.0,37.0,87.543465,226.33333,4.503086e-05,-7.4170957,2.1268167
23.0,37.0,92.0734,237.66667,4.5551555e-05,-7.378848,2.255938
24.0,102.0,88.1404,238.66667,4.6118712e-05,-7.2956214,2.512084
26.0,167.0,82.62497,240.66667,4.675884e-05,-7.1541514,2.8904626
27.0,167.0,78.78808,240.66667,4.7480786e-05,-7.1026154,3.014882
28.0,167.0,61.431976,201.25,4.8202877e-05,-7.1541514,2.8904626
28.0,167.0,60.998764,200.0,4.883824e-05,-7.2956214,2.512084
28.0,167.0,60.70643,199.0,4.9402213e-05,-7.378848,2.255938
28.0,130.0,59.868065,196.0,4.9898084e-05,-7.4170957,2.1268167
28.0,93.0,59.306065,194.5,5.035898e-05,-7.4530835,1.9970473
29.0,87.0,55.923523,191.5,5.081755e-05,-7.4170957,2.1268167
31.0,83.0,51.91214,189.75,5.131329e-05,-7.378848,2.255938
34.0,69.0,44.80846,189.25,5.1854324e-05,-7.827575,2.5433345
39.0,56.0,38.4293,189.75,5.250265e-05,-7.6310945,3.0831602
46.0,46.0,29.508938,190.75,5.331442e-05,-7.4592757,3.4783168
54.0,37.0,23.205063,192.0,5.4161024e-05,-7.4592757,3.4783168
59.0,31.0,19.96104,194.0,5.488616e-05,-7.1026154,3.014882
64.0,28.0,17.25586,196.75,5.5576067e-05,-7.048917,3.13838
