Vmax,Rmax_IBT,Rmax_CK22,R34,fcor,u_trans,v_trans
18.0,59.0,36.57163,79.25,2.8164797e-05,-4.572602,0.72422934
18.0,56.0,37.43851,81.25,2.7578055e-05,-5.144,6.134159e-08
18.0,56.0,37.438255,81.25,2.7571905e-05,-5.093939,-0.7159072
18.0,56.0,37.448658,81.25,2.7827968e-05,-5.01216,-1.1571488
19.0,56.0,39.15433,89.25,2.8058415e-05,-4.9687223,-1.3313649
21.0,56.0,39.962784,97.25,2.8327528e-05,-4.9687223,-1.3313649
22.0,56.0,39.87818,101.5,2.8595765e-05,-5.031591,-1.0694989
23.0,56.0,39.30143,106.5,2.882674e-05,-5.6162233,-0.6895869
24.0,56.0,39.226746,110.75,2.8988954e-05,-5.6506453,-0.29613873
26.0,56.0,38.698185,116.0,2.9076216e-05,-5.1408668,0.17952205
27.0,50.0,37.24926,116.0,2.9057237e-05,-4.10956,0.21537372
28.0,46.0,35.26313,116.0,2.9076216e-05,-4.0995407,-0.35866317
29.0,46.0,39.381046,133.75,2.928799e-05,-3.992961,-0.9955571
31.0,46.0,42.67663,153.0,2.9574905e-05,-3.9137876,-1.2716672
33.0,41.0,40.89303,159.25,2.9824281e-05,-3.890998,-1.3397782
36.0,37.0,39.465668,166.5,3.0073232e-05,-2.9002674,-1.0556108
36.0,37.0,40.283707,170.5,3.0340641e-05,-1.9209352,-0.7373776
36.0,37.0,41.515667,175.75,3.0571195e-05,-1.8940307,-0.80396855
37.0,37.0,41.028275,179.5,3.074071e-05,-1.8797112,-0.8369013
39.0,37.0,40.309967,185.25,3.0820032e-05,-1.420523,-0.60297644
39.0,37.0,40.309967,185.25,3.0820032e-05,-0.9889461,-0.28357556
40.0,37.0,39.1382,185.25,3.067696e-05,0.0,0.5144
41.0,37.0,37.479206,185.25,3.0571195e-05,0.5451811,-0.8724718
44.0,37.0,37.937546,203.5,3.0820032e-05,0.29445648,-1.514847
