Vmax,Rmax_IBT,Rmax_CK22,R34,fcor,u_trans,v_trans
22.0,83.0,42.975925,111.0,1.28564825e-05,-7.203507,2.765166
23.0,83.0,40.371613,111.0,1.3218036e-05,-6.8491282,2.2254176
26.0,83.0,38.543095,116.5,1.359812e-05,-6.541069,1.3903457
28.0,83.0,37.184242,122.75,1.3978337e-05,-6.5643377,1.2759771
31.0,65.0,36.678307,130.75,1.4301137e-05,-6.541069,1.3903457
33.0,46.0,36.708057,141.25,1.4738254e-05,-6.395002,1.9551464
33.0,50.0,39.316322,151.25,1.538383e-05,-5.594457,2.6087375
33.0,56.0,42.026703,162.0,1.6256854e-05,-4.691026,3.1641371
31.0,50.0,41.338722,147.75,1.7337476e-05,-4.6586723,4.0497203
28.0,46.0,40.796295,134.25,1.8531358e-05,-4.728565,4.728564
28.0,46.0,39.964027,131.5,1.9723484e-05,-5.643125,5.2622995
28.0,46.0,39.414654,129.5,2.0801292e-05,-6.3205776,4.425715
29.0,46.0,38.105465,129.5,2.1651224e-05,-6.472756,3.1569724
31.0,46.0,36.279396,129.5,2.231176e-05,-6.060662,2.8261323
33.0,46.0,35.234657,136.0,2.2852159e-05,-5.5000057,2.802391
36.0,46.0,34.490463,143.5,2.3317392e-05,-4.9960704,2.6564584
39.0,46.0,32.974483,147.0,2.381964e-05,-4.9489484,2.7432468
41.0,46.0,31.95951,153.0,2.432189e-05,-4.261569,1.8089292
42.0,46.0,31.821762,156.5,2.4823106e-05,-3.4613113,0.9925145
44.0,46.0,31.605267,162.0,2.53252e-05,-4.833779,1.7593513
46.0,30.0,32.24153,177.5,2.5845227e-05,-6.1555996,2.6128979
49.0,13.0,32.717567,194.5,2.6327272e-05,-7.3383517,2.384376
50.0,13.0,31.864803,194.5,2.6739734e-05,-7.547387,1.604245
51.0,13.0,30.691101,194.5,2.707799e-05,-8.105362,1.4291939
54.0,17.0,28.934372,194.5,2.7309074e-05,-7.6409082,1.0738611
57.0,22.0,27.318226,194.5,2.7578055e-05,-8.150302,1.1454518
59.0,22.0,26.036064,196.75,2.8002474e-05,-8.105362,1.4291939
62.0,22.0,24.780462,199.0,2.857718e-05,-7.8707714,2.406334
