Vmax,Rmax_IBT,Rmax_CK22,R34,fcor,u_trans,v_trans
23.0,102.0,62.906483,166.0,3.901884e-05,-7.7654185,5.0429225
23.0,93.0,74.32226,194.5,4.0199502e-05,-8.0187025,4.629599
23.0,93.0,72.589615,190.0,4.123163e-05,-7.7212005,4.105436
23.0,93.0,70.849045,185.5,4.2152973e-05,-7.7916756,3.9700541
24.0,93.0,67.64581,185.5,4.309081e-05,-7.397435,3.6079686
26.0,93.0,46.199116,136.0,4.385554e-05,-5.6391335,2.510704
28.0,74.0,44.327087,145.0,4.4252127e-05,-5.3501225,1.8421949
31.0,61.0,41.550915,150.66667,4.458322e-05,-8.943701,2.3964567
31.0,56.0,35.80641,130.0,4.4825505e-05,-7.112936,1.1265789
31.0,41.0,39.68061,143.5,4.4942408e-05,-4.4718504,1.1982284
31.0,30.0,42.756435,155.0,4.5309676e-05,-3.2428217,2.5335703
33.0,28.0,39.566444,157.5,4.5551555e-05,-5.122693,4.2984486
34.0,28.0,39.512924,164.5,4.655339e-05,-5.5439405,3.7394347
36.0,28.0,38.568367,171.25,4.7240763e-05,-5.0857368,2.4804783
37.0,28.0,36.09385,166.75,4.7776e-05,-4.735077,2.0099213
39.0,28.0,33.1412,162.0,4.8202877e-05,-4.22935,1.883028
40.0,28.0,33.245213,168.75,4.868247e-05,-4.087694,2.173466
41.0,28.0,32.68437,176.0,4.916265e-05,-4.1250043,2.1017933
41.0,28.0,37.845985,208.5,4.9659448e-05,-4.1958427,1.9565531
41.0,28.0,42.552704,240.75,5.012002e-05,-4.292491,1.7342775
41.0,28.0,42.46964,240.75,5.04964e-05,-4.350401,1.5834161
41.0,28.0,42.394623,240.75,5.083645e-05,-3.7880614,1.6079371
41.0,31.0,42.315887,240.75,5.119359e-05,-2.7251294,1.4489772
41.0,37.0,42.237038,240.75,5.155148e-05,-3.2083368,1.6347281
41.0,37.0,43.68909,252.25,5.1908508e-05,-3.2634332,1.5217636
41.0,37.0,45.02461,264.0,5.22651e-05,-3.2634332,1.5217636
45.0,37.0,38.836014,264.0,5.2567524e-05,-2.7251294,1.4489772
49.0,37.0,32.95562,264.0,5.2977284e-05,-3.3709748,2.3603814
51.0,31.0,29.701769,264.0,5.3604956e-05,-3.997639,3.237224
54.0,28.0,26.741865,264.0,5.439729e-05,-4.45888,3.483659
