Vmax,Rmax_IBT,Rmax_CK22,R34,fcor,u_trans,v_trans
21.0,74.0,22.692585,56.0,4.0829087e-05,-6.6709104,0.4664761
23.0,37.0,20.342175,56.0,4.093299e-05,-6.1690397,0.21542646
24.0,31.0,19.534779,56.0,4.0950763e-05,-5.6584,6.7475746e-08
26.0,28.0,18.439154,56.0,4.093299e-05,-4.628895,-0.08079715
27.0,28.0,20.7792,65.0,4.0914296e-05,-4.6296,5.520743e-08
28.0,28.0,21.125122,69.5,4.093299e-05,-4.10956,0.21537372
31.0,28.0,20.72731,74.0,4.0999777e-05,-4.084526,0.5015159
33.0,28.0,20.351185,79.0,4.1177245e-05,-3.992961,0.99555725
37.0,22.0,20.47745,88.0,4.1488478e-05,-4.3773727,1.5072504
41.0,19.0,20.193193,97.25,4.1909232e-05,-4.22935,1.883028
45.0,13.0,18.85213,99.5,4.2377917e-05,-4.087694,2.173466
49.0,9.0,17.451353,102.0,4.288343e-05,-4.1250043,2.1017933
50.0,9.0,17.371284,104.25,4.3369495e-05,-4.1958427,1.9565531
51.0,9.0,17.078857,106.5,4.385554e-05,-4.699278,2.0922532
51.0,9.0,17.334942,108.75,4.4322136e-05,-4.735077,2.0099213
51.0,9.0,17.576225,111.0,4.4825505e-05,-5.682092,2.4119058
51.0,13.0,17.534576,111.0,4.5430497e-05,-5.6391335,2.510704
51.0,19.0,17.49302,111.0,4.6034886e-05,-5.723321,2.31237
51.0,22.0,17.716637,113.25,4.6553385e-05,-5.836497,2.0096672
51.0,28.0,17.932835,115.75,4.6999867e-05,-5.8706813,1.9075009
51.0,28.0,17.900284,115.75,4.743253e-05,-5.9624667,1.5976379
51.0,28.0,17.87843,115.75,4.7722115e-05,-6.126789,0.75227386
51.0,28.0,17.871716,115.75,4.7811838e-05,-6.6872,7.974406e-08
51.0,28.0,17.87843,115.75,4.7722115e-05,-7.174196,-0.6276606
50.0,28.0,18.565767,115.75,4.7517093e-05,-7.1315145,-1.0022701
49.0,28.0,19.056782,115.75,4.7240763e-05,-7.621003,-1.2070487
49.0,28.0,19.398035,118.0,4.6999365e-05,-7.1315145,-1.0022701
49.0,28.0,19.73098,120.5,4.675884e-05,-7.1315145,-1.0022701
49.0,28.0,20.324652,125.0,4.6535308e-05,-6.6048694,-1.0461088
49.0,28.0,20.906364,129.5,4.627635e-05,-6.5410686,-1.3903486
49.0,28.0,21.482197,134.0,4.593141e-05,-5.9624667,-1.5976379
49.0,28.0,22.049126,139.0,4.5551555e-05,-5.9624667,-1.5976379
50.0,28.0,22.404432,145.75,4.5188062e-05,-5.9624667,-1.5976379
51.0,28.0,22.39644,153.0,4.4825505e-05,-5.9894414,-1.4933357
51.0,28.0,22.97631,157.5,4.446185e-05,-6.4885616,-1.6177803
51.0,28.0,23.543129,162.0,4.409823e-05,-5.9894414,-1.4933357
51.0,28.0,23.595125,162.0,4.373369e-05,-5.9624667,-1.5976379
51.0,28.0,23.647142,162.0,4.3369746e-05,-5.4392037,-1.5596656
52.0,28.0,23.076572,162.0,4.2986303e-05,-5.4392037,-1.5596656
54.0,28.0,22.236347,162.0,4.2640077e-05,-5.4903216,-1.3688911
55.0,28.0,22.249596,166.5,4.235939e-05,-5.5544395,-1.0796728
57.0,28.0,21.941847,171.25,4.2152973e-05,-6.126789,-0.7522766
58.0,28.0,22.058933,178.0,4.201284e-05,-6.661753,-0.5828276
59.0,28.0,21.836905,185.25,4.1909232e-05,-6.149311,-0.53799474
62.0,28.0,20.7504,187.5,4.1768282e-05,-6.149311,-0.53799474
64.0,28.0,19.726547,189.75,4.1665367e-05,-6.1643405,-0.32306045
67.0,28.0,18.785505,194.5,4.162827e-05,-6.1728,7.3609904e-08
69.0,28.0,17.850195,199.0,4.1665367e-05,-6.6831264,0.23337866
73.0,28.0,16.619839,206.0,4.1750343e-05,-6.6709104,0.4664761
77.0,28.0,15.230295,213.0,4.1909232e-05,-7.162149,0.75277144
78.0,28.0,14.9705925,220.0,4.2097578e-05,-7.1315145,1.0022703
80.0,28.0,14.472158,227.0,4.239659e-05,-7.017023,1.6200086
