Vmax,Rmax_IBT,Rmax_CK22,R34,fcor,u_trans,v_trans
21.0,74.0,32.175964,78.5,2.9680776e-05,-1.43083,-0.57809323
21.0,74.0,32.180218,78.5,2.9824112e-05,-1.4407014,-0.5530332
21.0,74.0,32.187027,78.5,3.005446e-05,-1.9209352,-0.7373776
21.0,74.0,32.194904,78.5,3.0322259e-05,-2.8814027,-1.1060663
21.0,69.0,34.944157,85.25,3.062727e-05,-3.443462,-1.0527729
21.0,65.0,38.103065,92.5,3.0820032e-05,-4.0926566,-0.43015498
21.0,65.0,44.22129,107.0,3.0732954e-05,-3.5920286,0.25117946
21.0,65.0,50.980743,122.75,3.0571195e-05,-2.0463283,0.21507755
22.0,65.0,45.225086,114.5,3.0533756e-05,-0.5144,6.1341585e-09
23.0,65.0,39.336742,106.5,3.0571195e-05,-0.5031591,-0.10694989
23.0,65.0,39.340607,106.5,3.0676947e-05,-0.99824023,-0.24888928
23.0,65.0,39.345764,106.5,3.0820032e-05,-0.93240947,-0.4347896
23.0,65.0,46.242443,124.5,3.0969848e-05,-0.9166674,-0.4670656
23.0,65.0,53.55034,143.5,3.1068776e-05,-1.0187877,-0.14318144
23.0,65.0,53.55034,143.5,3.1068776e-05,-0.8529139,0.57529765
23.0,65.0,53.53544,143.5,3.0820032e-05,-0.23142962,1.002432
23.0,65.0,53.50547,143.5,3.0322259e-05,0.46706542,0.9166675
26.0,65.0,48.2053,143.5,3.0073232e-05,0.42137182,0.29504773
28.0,65.0,43.814125,143.5,3.0322259e-05,-0.545181,0.87247187
28.0,56.0,43.80812,143.5,2.9824112e-05,-1.6214108,1.2667851
29.0,56.0,44.166805,150.0,2.9623012e-05,-1.4591242,0.5024168
31.0,56.0,43.9626,157.5,2.9574905e-05,-1.4973603,0.37333396
32.0,56.0,42.49334,157.5,2.9450248e-05,-1.4591242,0.5024168
33.0,56.0,40.452225,157.5,2.9325609e-05,-1.387019,0.6764941
33.0,56.0,42.18628,164.25,2.9200908e-05,-1.3087077,0.8177716
33.0,56.0,43.910007,171.25,2.9076216e-05,-1.3625647,0.7244886
33.0,56.0,43.91623,171.25,2.8932729e-05,-1.4591242,0.5024168
33.0,56.0,43.9207,171.25,2.882674e-05,-1.5281817,0.21477221
34.0,46.0,44.192814,178.0,2.880788e-05,-2.0576,2.4536634e-08
36.0,37.0,43.70978,185.5,2.882674e-05,-3.0845199,0.10771323
37.0,37.0,43.169994,188.5,2.884537e-05,-4.10956,0.21537372
39.0,37.0,42.374767,194.5,2.882674e-05,-4.0995407,0.3586633
40.0,37.0,41.15177,194.5,2.8664526e-05,-3.5920286,0.25117946
41.0,37.0,39.414364,194.5,2.857718e-05,-4.10956,-0.21537364
44.0,37.0,38.572784,205.5,2.8770512e-05,-4.559266,-0.8039214
46.0,37.0,37.752346,217.75,2.9076216e-05,-4.5445414,-0.8833687
47.0,37.0,36.70124,217.75,2.9288058e-05,-3.992961,-0.9955571
49.0,37.0,35.204716,217.75,2.9574905e-05,-3.7594223,-1.6738026
51.0,37.0,32.893166,217.75,3.0035622e-05,-3.9261231,-2.4533148
54.0,37.0,30.75991,217.75,3.0571195e-05,-3.9261231,-2.4533148
58.0,28.0,28.887432,226.5,3.108751e-05,-4.0093513,-2.3147995
62.0,19.0,26.80099,236.25,3.156599e-05,-3.7296379,-1.7391584
67.0,19.0,24.230017,245.5,3.1938525e-05,-3.3386033,-1.3488841
72.0,19.0,21.84486,254.75,3.231108e-05,-2.5884728,-1.6809741
