Vmax,Rmax_IBT,Rmax_CK22,R34,fcor,u_trans,v_trans
22.0,69.0,37.52182,95.0,3.6515845e-05,-4.892235,1.5895841
23.0,65.0,34.227898,93.0,3.6022833e-05,-4.8637476,1.6747227
26.0,41.0,30.924164,93.0,3.551058e-05,-4.1610575,2.0294824
28.0,19.0,28.195957,93.0,3.5035337e-05,-3.3709748,2.3603814
32.0,19.0,44.820904,167.0,3.462738e-05,-3.1057816,2.6998134
36.0,19.0,55.188797,241.0,3.4293596e-05,-2.949603,2.0653336
37.0,19.0,53.31701,241.0,3.393477e-05,-3.338604,1.3488826
39.0,19.0,50.624283,240.5,3.3798577e-05,-3.5657573,0.5011352
39.0,22.0,50.574,240.5,3.407694e-05,-3.048401,-0.48281947
39.0,28.0,50.490185,240.5,3.454095e-05,-2.36432,-1.9838994
42.0,28.0,45.544113,245.5,3.4893157e-05,-1.2553517,-2.8195667
46.0,28.0,40.541496,250.0,3.5282377e-05,-1.2553517,-2.8195667
45.0,28.0,42.393734,250.0,3.5739064e-05,-1.5117834,-2.080792
44.0,28.0,43.656376,250.0,3.626943e-05,-1.9113681,-1.7210042
44.0,22.0,46.872078,277.75,3.686701e-05,-2.3985834,-1.9423344
44.0,19.0,49.55865,305.25,3.7500762e-05,-2.1164968,-2.9131088
45.0,22.0,47.491302,305.25,3.811531e-05,-1.6079366,-3.7880616
46.0,28.0,44.662113,305.25,3.872924e-05,-0.74666744,-2.9947207
47.0,28.0,42.4819,300.75,3.9342347e-05,0.0,2.0576
49.0,28.0,39.696365,296.0,3.995476e-05,0.3572987,-2.0263405
51.0,22.0,35.696068,289.5,4.054804e-05,0.4628594,-2.004864
54.0,19.0,31.196869,282.25,4.1177245e-05,0.9537502,-2.9353406
