Vmax,Rmax_IBT,Rmax_CK22,R34,fcor,u_trans,v_trans
24.0,74.0,36.07382,102.0,3.127997e-05,-4.5833383,2.335326
26.0,74.0,34.01224,102.0,3.206281e-05,-5.5000057,2.802391
26.0,65.0,35.446877,106.25,3.278834e-05,-6.4166737,3.2694561
26.0,56.0,37.203213,111.0,3.3550914e-05,-5.8487573,3.242019
27.0,46.0,37.94085,117.75,3.447259e-05,-5.8487573,3.242019
28.0,37.0,38.16504,125.0,3.5282377e-05,-6.8128233,3.6224432
31.0,37.0,34.920933,125.0,3.572711e-05,-7.9254813,3.6957116
33.0,37.0,32.139923,125.0,3.6022833e-05,-7.4170957,2.1268167
34.0,31.0,34.586,139.5,3.639185e-05,-6.126789,0.75227386
36.0,28.0,36.495247,155.0,3.67623e-05,-5.5724363,0.98257077
39.0,28.0,34.497894,158.75,3.7002374e-05,-4.261569,1.8089292
41.0,28.0,32.983597,164.25,3.7500762e-05,-3.097807,3.4404635
44.0,31.0,35.54567,196.0,3.8618295e-05,-2.1739492,4.662047
46.0,37.0,36.920235,229.25,3.995476e-05,-3.5405736,5.0564613
47.0,37.0,36.386963,237.25,4.107334e-05,-4.8103695,4.6453195
49.0,37.0,35.217068,245.5,4.2152973e-05,-4.8907084,4.5606594
51.0,31.0,33.926884,269.25,4.3230084e-05,-4.3648295,4.364828
54.0,28.0,32.0062,294.25,4.4340795e-05,-4.1304092,4.5872846
58.0,31.0,27.943651,292.25,4.5551078e-05,-3.88467,4.797166
62.0,37.0,23.953339,291.5,4.675884e-05,-3.7148836,4.9298177
65.0,37.0,20.757408,283.25,4.7842143e-05,-3.628281,4.9939
69.0,37.0,17.76921,275.5,4.892293e-05,-3.8356214,5.477833
70.0,41.0,16.807589,275.5,5.015527e-05,-4.4337473,5.6749387
72.0,46.0,15.644032,275.5,5.131329e-05,-5.046895,4.3871965
