Vmax,Rmax_IBT,Rmax_CK22,R34,fcor,u_trans,v_trans
21.0,83.0,58.92643,139.0,4.2761105e-05,1.7637075,1.0597423
23.0,83.0,52.366623,139.0,4.239659e-05,2.9812334,0.7988192
23.0,83.0,69.09167,180.75,4.2305666e-05,4.105176,0.287062
23.0,83.0,86.25016,222.25,4.239659e-05,5.1408668,-0.17952283
23.0,83.0,83.52922,215.25,4.2621705e-05,5.6368685,-0.49316218
23.0,83.0,80.841286,208.25,4.288343e-05,6.0968027,-0.96563864
23.0,83.0,66.515305,173.5,4.30775e-05,6.60487,-1.0461085
23.0,83.0,52.459946,139.0,4.3126656e-05,6.1690397,-0.2154274
24.0,83.0,50.158287,139.0,4.2919404e-05,6.126789,0.752275
26.0,83.0,47.01847,139.0,4.2640077e-05,5.5133758,1.272863
26.0,69.0,56.70707,166.5,4.246295e-05,5.5133758,1.272863
26.0,56.0,66.40335,194.5,4.239659e-05,6.661753,0.5828282
27.0,65.0,63.4403,194.5,4.2481784e-05,7.197213,-0.25133196
28.0,74.0,59.34424,194.5,4.2640077e-05,6.637355,-0.81496435
29.0,69.0,59.550354,204.0,4.2761087e-05,5.5724363,-0.98257095
31.0,65.0,58.42047,213.0,4.288343e-05,6.126789,-0.7522748
31.0,59.0,58.41529,213.0,4.2967888e-05,6.6709104,-0.46647552
31.0,56.0,58.40541,213.0,4.3126656e-05,6.650567,-0.69900304
33.0,56.0,54.01632,218.5,4.3417953e-05,7.5987763,-1.3398695
36.0,56.0,50.13321,224.75,4.385554e-05,7.417095,-2.126818
40.0,46.0,45.09462,232.5,4.442506e-05,7.154151,-2.8904643
44.0,37.0,39.883762,240.75,4.506766e-05,6.629108,-2.8138895
47.0,37.0,35.04916,240.75,4.5708075e-05,6.7232733,-2.5808225
51.0,37.0,30.405018,240.75,4.627635e-05,6.428149,-1.8432422
52.0,37.0,29.957985,249.75,4.6637644e-05,6.0379095,-1.2833968
54.0,37.0,28.921532,259.5,4.6999867e-05,6.459339,-1.7307745
54.0,37.0,28.953823,262.75,4.7565834e-05,6.2839127,-2.2871568
54.0,37.0,29.050074,268.5,4.8202877e-05,6.200264,-2.5050693
55.0,37.0,27.854921,268.5,4.874788e-05,5.5944567,-2.6087384
57.0,37.0,26.198696,268.5,4.9402213e-05,5.608358,-3.6421103
57.0,37.0,25.886957,268.5,5.0359326e-05,5.196931,-4.2083907
57.0,37.0,25.579475,268.5,5.131329e-05,4.270449,-3.712244
58.0,37.0,24.475002,268.5,5.1925792e-05,3.0581894,-2.7536066
59.0,37.0,23.003492,268.5,5.250265e-05,2.909886,-2.909886
