Vmax,Rmax_IBT,Rmax_CK22,R34,fcor,u_trans,v_trans
23.0,74.0,32.366222,88.0,3.1832988e-05,-0.8851431,-1.2641155
23.0,74.0,32.353054,88.0,3.131743e-05,-0.60297626,-1.4205232
24.0,65.0,31.041431,88.0,3.0820003e-05,-0.5325461,-1.987489
26.0,56.0,29.269672,88.0,3.0322259e-05,-0.2507581,-2.042263
26.0,56.0,29.261702,88.0,2.9824112e-05,-0.14318131,-1.0187877
26.0,56.0,38.705204,115.5,3.0322259e-05,-0.46620473,-0.2173948
27.0,50.0,37.86116,117.5,3.0325084e-05,-1.0211315,-0.12537943
28.0,46.0,36.689285,120.0,3.0073232e-05,-1.0211315,-0.12537943
29.0,46.0,35.419903,120.0,2.9911247e-05,-1.0211315,-0.12537943
31.0,46.0,33.669487,120.0,2.9824112e-05,-1.542965,-0.026932383
32.0,46.0,32.591488,120.0,2.9930075e-05,-1.5394408,0.107648335
33.0,46.0,31.09184,120.0,3.0073232e-05,-2.042263,0.25075796
36.0,41.0,34.323166,144.25,2.9988305e-05,-1.987489,0.5325459
39.0,37.0,37.109154,169.25,3.0073232e-05,-1.128625,1.05246
51.0,31.0,26.799524,169.25,3.0571195e-05,-0.2414095,1.5242007
54.0,28.0,25.006575,167.0,3.0820032e-05,-0.35729903,2.0263405
67.0,28.0,19.310966,167.0,3.131743e-05,-0.7089397,2.472365
67.0,28.0,20.565151,185.0,3.206281e-05,-0.53474903,2.5157955
67.0,28.0,20.449318,185.0,3.257617e-05,-0.5325466,1.9874889
67.0,28.0,20.341993,185.0,3.305528e-05,-0.44662377,2.5329256
67.0,28.0,20.18052,185.0,3.3779972e-05,-0.482819,3.0484014
67.0,28.0,20.011946,185.0,3.454095e-05,-1.1723053,3.4046235
67.0,22.0,21.90694,219.5,3.5177454e-05,-1.5784872,3.2363775
67.0,19.0,23.366842,254.5,3.577612e-05,-1.3043696,2.797228
67.0,22.0,23.151302,254.5,3.6374164e-05,-0.7947916,2.4461174
67.0,28.0,22.924393,254.5,3.700857e-05,-0.7947916,2.4461174
69.0,28.0,21.328312,258.0,3.7746708e-05,-0.9537499,2.935341
72.0,28.0,19.811659,261.75,3.8483773e-05,-0.64169884,3.0189548
