Vmax,Rmax_IBT,Rmax_CK22,R34,fcor,u_trans,v_trans
18.0,78.0,44.445,94.5,3.793651e-05,-7.4530835,-1.9970473
18.0,74.0,45.86059,97.0,3.8483773e-05,-7.4530835,-1.9970473
19.0,69.0,43.5596,97.0,3.8851864e-05,-7.4530835,-1.9970473
21.0,65.0,40.477703,97.0,3.9219805e-05,-5.9336767,-1.7014533
22.0,65.0,41.30413,103.5,3.97091e-05,-5.3501225,-1.8421949
22.0,65.0,41.126175,105.5,3.9844857e-05,-6.6772065,-2.6977682
23.0,65.0,41.48757,111.5,4.0199502e-05,-5.8005347,-2.1112216
24.0,65.0,39.752766,111.5,4.0565898e-05,-5.3814583,-1.7485425
26.0,65.0,37.37728,111.5,4.093299e-05,-5.4111543,-1.6543573
27.0,65.0,43.552845,134.0,4.142125e-05,-5.8706813,-1.9075009
28.0,65.0,48.186844,157.5,4.1909232e-05,-5.4111543,-1.6543573
29.0,59.0,48.22541,164.0,4.2310836e-05,-5.4111543,-1.6543573
31.0,56.0,47.515163,171.0,4.2640077e-05,-4.9687223,-1.3313649
31.0,56.0,47.508747,171.0,4.2883064e-05,-4.9912014,-1.2444464
31.0,56.0,47.502235,171.0,4.3126656e-05,-5.4903216,-1.3688911
32.0,56.0,48.1018,180.5,4.3363005e-05,-5.8706813,-1.9075009
33.0,56.0,47.62702,190.0,4.385554e-05,-5.9583383,-3.0359263
33.0,56.0,49.059174,196.25,4.4891953e-05,-5.9703975,-4.0270834
33.0,56.0,50.668446,204.0,4.6034886e-05,-6.5435386,-4.088858
36.0,50.0,46.942497,209.0,4.6794798e-05,-6.8750057,-3.502992
39.0,46.0,43.751057,215.25,4.748151e-05,-6.578989,-2.9291546
