Vmax,Rmax_IBT,Rmax_CK22,R34,fcor,u_trans,v_trans
19.0,56.0,32.518303,74.0,3.0645733e-05,-6.0790215,1.0718954
21.0,56.0,34.168602,83.5,3.0820032e-05,-6.1643405,0.32306057
22.0,50.0,32.647243,83.5,3.080112e-05,-6.6872,7.974406e-08
23.0,46.0,27.147253,74.333336,3.0820032e-05,-6.661753,0.58282787
24.0,46.0,27.169853,77.333336,3.1080835e-05,-6.515807,1.5042937
26.0,46.0,26.68293,80.333336,3.156599e-05,-6.7672906,2.4630916
27.0,46.0,26.723274,83.333336,3.225484e-05,-6.5268664,3.0435271
28.0,46.0,25.34337,83.5,3.305528e-05,-6.4166737,3.2694561
31.0,37.0,24.614498,88.0,3.3835004e-05,-6.5268664,3.0435271
33.0,28.0,23.946367,92.5,3.454095e-05,-6.7232733,2.5808215
34.0,28.0,24.93554,99.25,3.509051e-05,-7.4530835,1.9970473
36.0,28.0,25.455994,106.75,3.5529305e-05,-8.050547,1.7111946
39.0,28.0,25.156433,113.5,3.5917514e-05,-8.079185,1.5704334
41.0,28.0,24.80096,120.25,3.626943e-05,-8.105362,1.4291939
44.0,28.0,23.975094,124.75,3.661998e-05,-8.079185,1.5704334
46.0,28.0,23.157145,129.75,3.700857e-05,-8.019455,1.8514384
49.0,28.0,22.379675,134.25,3.7481437e-05,-7.949956,2.1301837
51.0,28.0,21.598663,139.0,3.7992504e-05,-7.985922,1.9911145
52.0,28.0,21.295126,141.25,3.8483195e-05,-8.485043,2.1155593
54.0,28.0,20.728027,143.5,3.897458e-05,-8.485043,2.1155593
57.0,28.0,20.45493,152.5,3.950126e-05,-8.485043,2.1155593
59.0,28.0,20.0806,162.25,3.995476e-05,-8.079185,1.5704334
63.0,28.0,18.803804,166.75,4.0217004e-05,-7.6409082,1.0738611
67.0,28.0,17.399546,171.5,4.0444127e-05,-7.092191,1.2505447
68.0,28.0,16.95014,171.5,4.079225e-05,-7.017023,1.6200086
69.0,28.0,16.324488,171.5,4.1177245e-05,-5.9894414,1.4933358
