Vmax,Rmax_IBT,Rmax_CK22,R34,fcor,u_trans,v_trans
19.0,83.0,49.676125,111.0,3.4046185e-05,-7.716,9.201238e-08
21.0,74.0,46.153107,111.0,3.404614e-05,-7.716,9.201238e-08
22.0,65.0,47.871304,120.0,3.4046046e-05,-7.716,9.201238e-08
23.0,56.0,36.613377,99.0,3.404614e-05,-6.6872,7.974406e-08
24.0,56.0,37.383778,105.0,3.4026918e-05,-6.1728,7.3609904e-08
26.0,56.0,31.035702,92.75,3.404614e-05,-5.654953,0.19747426
26.0,56.0,31.037271,92.75,3.413246e-05,-5.6368685,0.49316204
26.0,56.0,31.040209,92.75,3.4293596e-05,-5.0806684,0.80469924
26.0,56.0,31.044315,92.75,3.4521672e-05,-5.0315914,1.0694966
26.0,56.0,31.049086,92.75,3.47882e-05,-5.5724363,0.98257077
27.0,56.0,29.864908,92.75,3.5016477e-05,-6.6048694,1.0461091
28.0,56.0,28.235191,92.75,3.5282377e-05,-7.092191,1.2505447
29.0,50.0,27.236332,92.75,3.5615627e-05,-7.547387,1.604245
31.0,46.0,25.851084,92.75,3.6022833e-05,-7.486802,1.8666699
32.0,37.0,28.12674,104.25,3.6496593e-05,-6.9226227,1.985029
33.0,28.0,29.741392,116.0,3.700857e-05,-7.4170957,2.1268167
34.0,28.0,28.802015,116.0,3.7482063e-05,-7.4530835,1.9970473
36.0,28.0,27.486523,116.0,3.7992504e-05,-7.378848,2.255938
37.0,28.0,26.655403,116.0,3.8568993e-05,-6.7672906,2.4630916
39.0,28.0,25.487373,116.0,3.9219805e-05,-6.6291075,2.81389
40.0,28.0,25.252903,118.0,3.99722e-05,-7.048917,3.13838
41.0,28.0,24.662258,120.25,4.0688625e-05,-7.2506685,2.6390269
42.0,28.0,23.96939,120.25,4.125035e-05,-7.949956,2.1301837
44.0,28.0,23.0061,120.25,4.1665367e-05,-7.574236,1.4722813
45.0,28.0,22.396736,120.25,4.1945124e-05,-7.6409082,1.0738611
46.0,28.0,21.542242,120.25,4.2152973e-05,-7.1479206,0.8776529
47.0,28.0,22.400785,129.5,4.2377553e-05,-7.1315145,1.0022703
49.0,28.0,22.833975,139.0,4.2640077e-05,-7.069287,1.3741292
50.0,28.0,23.654354,150.5,4.298623e-05,-7.017023,1.6200086
51.0,28.0,23.929996,162.0,4.3369746e-05,-7.017023,1.6200086
52.0,28.0,24.237623,171.0,4.3733544e-05,-7.017023,1.6200086
54.0,28.0,24.108656,180.75,4.409823e-05,-7.044228,1.4972953
