Vmax,Rmax_IBT,Rmax_CK22,R34,fcor,u_trans,v_trans
19.0,50.0,29.1009,65.75,4.3333006e-05,-2.7251294,1.4489772
21.0,56.0,37.667088,90.25,4.409823e-05,-2.7175589,2.3623366
21.0,65.0,42.069115,100.25,4.5024495e-05,-3.1057816,2.6998134
21.0,74.0,46.748924,111.0,4.5551555e-05,-3.867023,1.407481
21.0,74.0,52.0738,123.0,4.516408e-05,-5.1432166,-0.08977461
21.0,74.0,58.054893,136.25,4.4340795e-05,-5.5347505,-1.1764487
23.0,74.0,47.18399,125.75,4.348651e-05,-5.4392037,-1.5596656
26.0,74.0,39.006294,116.0,4.288343e-05,-4.025273,-0.8555991
27.0,69.0,37.474922,116.0,4.285189e-05,-3.0395107,0.5359477
28.0,65.0,35.374157,116.0,4.3369746e-05,-2.949603,2.0653336
28.0,65.0,37.09012,121.25,4.438833e-05,-3.8227363,3.4420085
28.0,65.0,38.94804,127.5,4.5551555e-05,-5.4100595,3.9306364
28.0,65.0,38.952225,127.5,4.645805e-05,-6.4166737,3.2694561
28.0,65.0,38.9546,127.5,4.6999867e-05,-6.9226227,1.985029
28.0,65.0,38.954502,127.5,4.696901e-05,-6.6709104,0.4664761
28.0,65.0,38.953583,127.5,4.675884e-05,-6.6831264,0.23337866
29.0,65.0,41.4281,140.75,4.6789104e-05,-6.157763,0.43059334
31.0,65.0,43.027393,155.25,4.6999867e-05,-5.5887356,0.8851692
32.0,50.0,42.36896,158.5,4.747969e-05,-5.4903216,1.3688912
33.0,37.0,41.37462,164.5,4.796257e-05,-6.0593886,1.1778251
