Vmax,Rmax_IBT,Rmax_CK22,R34,fcor,u_trans,v_trans
21.0,46.0,42.061855,101.75,3.0322259e-05,-0.3997639,-0.32372242
22.0,46.0,43.365696,109.75,3.0390698e-05,-1.1992917,-0.9711672
23.0,46.0,43.77817,118.25,3.0571195e-05,-1.7256485,-1.1206495
24.0,46.0,43.48751,122.25,3.0801373e-05,-1.8333348,-0.9341312
26.0,46.0,42.68324,127.5,3.1068776e-05,-1.8167529,-0.9659848
27.0,41.0,42.43168,131.5,3.1298652e-05,-1.781934,-1.0287998
28.0,37.0,41.69064,136.75,3.156599e-05,-1.781934,-1.0287998
28.0,37.0,42.834335,140.25,3.1901272e-05,-2.2916684,-1.167664
28.0,37.0,44.54927,145.75,3.231108e-05,-3.7296379,-1.7391584
28.0,41.0,44.55421,145.75,3.276982e-05,-4.735077,-2.0099213
28.0,46.0,44.55981,145.75,3.330315e-05,-5.6391335,-2.510704
29.0,46.0,42.947586,145.75,3.392228e-05,-6.1090612,-2.7199292
31.0,46.0,40.70204,145.75,3.454095e-05,-6.6291075,-2.81389
31.0,41.0,41.462875,148.75,3.5035107e-05,-6.200263,-2.5050704
31.0,37.0,42.604523,152.75,3.5529305e-05,-6.200263,-2.5050704
32.0,37.0,41.11901,152.75,3.610892e-05,-5.72332,-2.312373
33.0,37.0,39.040874,152.75,3.67623e-05,-5.6391335,-2.510704
34.0,37.0,38.17148,154.75,3.7463404e-05,-5.5000043,-2.8023937
36.0,37.0,36.922806,157.5,3.8238195e-05,-5.398853,-2.9926329
40.0,37.0,33.74495,161.0,3.9023686e-05,-5.608358,-3.6421106
44.0,37.0,30.790169,166.5,3.995476e-05,-4.5145,-4.20984
45.0,28.0,30.591438,172.0,4.108542e-05,-3.6282802,-4.993901
46.0,19.0,29.90115,178.0,4.239659e-05,-3.0359256,-5.9583387
51.0,19.0,27.625582,196.75,4.3800716e-05,-2.3964777,-6.243039
57.0,19.0,24.990347,215.25,4.5309676e-05,-1.8432418,-6.428149
58.0,19.0,22.984568,200.0,4.686122e-05,-1.5042926,-6.5158076
59.0,19.0,20.827694,185.0,4.844305e-05,-1.046108,-6.60487
