Vmax,Rmax_IBT,Rmax_CK22,R34,fcor,u_trans,v_trans
19.0,65.0,24.170992,56.0,2.8432856e-05,-7.781996,2.6795564
21.0,56.0,22.516014,56.0,2.9076216e-05,-8.362695,2.55673
22.0,56.0,27.051968,69.5,2.96808e-05,-8.900515,2.55218
23.0,56.0,27.13758,74.333336,3.0322259e-05,-8.806023,2.8612514
24.0,46.0,29.395285,83.333336,3.106777e-05,-8.700802,3.1668322
26.0,37.0,26.2053,78.75,3.1814445e-05,-8.806023,2.8612514
26.0,37.0,27.792034,83.25,3.2453212e-05,-8.900515,2.55218
26.0,37.0,29.3841,88.0,3.305528e-05,-8.900515,2.55218
27.0,37.0,29.815788,92.5,3.3692544e-05,-8.900515,2.55218
28.0,37.0,29.64476,97.25,3.4293596e-05,-8.984162,2.2400038
28.0,37.0,33.20079,108.5,3.4805926e-05,-9.021887,2.0828683
28.0,37.0,36.75878,120.75,3.5282377e-05,-9.021887,2.0828683
29.0,37.0,39.103455,133.0,3.577549e-05,-9.021887,2.0828683
31.0,37.0,40.591305,145.75,3.626943e-05,-8.485043,2.1155593
32.0,37.0,41.234695,153.5,3.6779806e-05,-8.485043,2.1155593
33.0,37.0,41.163086,162.25,3.7254722e-05,-8.553706,1.8181444
33.0,37.0,42.26647,166.75,3.765985e-05,-8.611947,1.5185186
33.0,37.0,43.364223,171.5,3.7992504e-05,-8.659697,1.2170426
33.0,37.0,45.008793,178.5,3.8219197e-05,-8.679619,1.0657214
33.0,37.0,46.637238,185.25,3.8483773e-05,-8.105362,1.4291939
33.0,37.0,47.697327,189.75,3.891868e-05,-7.949956,2.1301837
33.0,37.0,48.736965,194.5,3.9464914e-05,-7.8707714,2.406334
33.0,37.0,49.238693,196.75,4.0040133e-05,-7.2956214,2.512084
33.0,37.0,49.72757,199.0,4.0688625e-05,-6.6291075,2.81389
33.0,37.0,50.186256,201.5,4.1402553e-05,-5.904447,3.1394508
33.0,37.0,50.63231,203.75,4.2152973e-05,-5.234831,3.2710865
33.0,41.0,51.149925,206.0,4.2882777e-05,-4.6350904,3.2455244
33.0,46.0,51.66291,208.25,4.3612705e-05,-4.161584,3.0235665
33.0,46.0,52.167652,210.5,4.4376906e-05,-4.2137184,2.9504766
33.0,46.0,52.673927,213.0,4.506766e-05,-4.454835,2.5719995
33.0,46.0,52.623596,213.0,4.5587683e-05,-4.1958427,1.9565531
33.0,46.0,52.580067,213.0,4.6034886e-05,-4.22935,1.883028
33.0,46.0,52.53651,213.0,4.6481266e-05,-4.087694,2.173466
33.0,46.0,52.485607,213.0,4.6999867e-05,-3.7454257,2.7212098
33.0,50.0,52.416252,213.0,4.77037e-05,-3.4404626,3.0978076
33.0,56.0,52.3429,213.0,4.844305e-05,-3.597875,2.9135017
33.0,56.0,52.281227,213.0,4.9060553e-05,-3.8381126,2.5888395
33.0,56.0,52.22295,213.0,4.9641636e-05,-4.0093513,2.3147995
34.0,56.0,50.038784,213.0,5.020367e-05,-4.4092693,2.649355
36.0,56.0,46.984814,213.0,5.083645e-05,-4.1081805,3.0957372
37.0,56.0,45.0168,213.0,5.165219e-05,-3.7620835,3.5081997
39.0,56.0,42.278,213.0,5.250265e-05,-3.9405332,3.306499
41.0,56.0,38.62545,215.25,5.323198e-05,-4.161584,3.0235665
44.0,56.0,35.339092,217.5,5.392461e-05,-4.2137184,2.9504766
45.0,56.0,33.90187,217.5,5.461538e-05,-4.161584,3.0235665
46.0,56.0,31.914883,217.5,5.5340646e-05,-4.397403,3.5609465
46.0,56.0,32.25294,222.25,5.616343e-05,-4.3345866,3.6371489
46.0,56.0,32.561245,227.0,5.698501e-05,-4.5189986,3.4053109
47.0,56.0,31.32515,229.25,5.7704467e-05,-4.7455335,3.081786
49.0,56.0,29.535194,231.5,5.83877e-05,-4.798595,2.9984958
50.0,56.0,28.704054,238.5,5.9086597e-05,-4.7455335,3.081786
51.0,56.0,27.268032,245.25,5.9784e-05,-4.2137184,2.9504766
54.0,56.0,24.597363,247.5,6.044465e-05,-3.597875,2.9135017
57.0,56.0,22.147413,249.75,6.1173734e-05,-2.97585,3.5464787
59.0,56.0,19.97581,252.0,6.20959e-05,-2.8764894,4.264569
62.0,56.0,17.985382,254.5,6.3016254e-05,-3.374768,3.882226
