Vmax,Rmax_IBT,Rmax_CK22,R34,fcor,u_trans,v_trans
21.0,56.0,22.972595,55.5,5.4869415e-05,2.9002674,-1.0556108
23.0,56.0,20.53701,55.5,5.4633376e-05,2.9182487,-1.0048335
28.0,41.0,19.047707,62.5,5.4379685e-05,2.9002674,-1.0556108
33.0,28.0,17.893223,69.5,5.4161024e-05,1.9335115,-0.70374054
34.0,19.0,17.349037,69.5,5.402488e-05,1.4501337,-0.5278054
36.0,9.0,16.588566,69.5,5.392461e-05,1.4501337,-0.5278054
36.0,9.0,16.590055,69.5,5.378865e-05,1.4501337,-0.5278054
36.0,9.0,16.591187,69.5,5.3688025e-05,0.48337787,-0.17593513
36.0,9.0,16.591373,69.5,5.367022e-05,0.0,0.0
36.0,9.0,16.591187,69.5,5.3688025e-05,0.0,0.0
36.0,9.0,17.142801,71.75,5.370568e-05,0.0,0.0
36.0,9.0,17.690094,74.25,5.3688025e-05,-0.99824023,-0.24888928
37.0,13.0,18.735817,81.0,5.358759e-05,-1.987489,-0.5325459
39.0,19.0,19.403717,88.25,5.345127e-05,-1.987489,-0.5325459
40.0,19.0,18.863794,88.25,5.3368232e-05,-1.4501337,-0.5278054
41.0,19.0,18.10448,88.25,5.321436e-05,-1.6854874,-1.1801907
42.0,19.0,18.901499,95.0,5.2840835e-05,-1.9988195,-1.618612
44.0,19.0,19.348297,102.0,5.250265e-05,-1.945499,-0.6698891
45.0,19.0,18.841599,102.0,5.2502462e-05,-2.572,3.0670794e-08
46.0,19.0,18.12283,102.0,5.250265e-05,-3.0296943,-0.5889124
