Vmax,Rmax_IBT,Rmax_CK22,R34,fcor,u_trans,v_trans
19.0,74.0,97.72897,215.75,2.263241e-05,0.0,1.5432
21.0,74.0,92.60468,219.75,2.306609e-05,-0.21507771,-2.0463283
22.0,74.0,109.319695,269.5,2.3580958e-05,-0.9634883,-2.3847167
23.0,74.0,121.99332,319.75,2.432189e-05,-2.72121,-3.7454257
24.0,74.0,101.717766,280.0,2.5450681e-05,-4.7285643,-4.7285647
26.0,74.0,81.61081,240.75,2.6577594e-05,-5.0564623,-3.540572
26.0,74.0,70.736694,209.25,2.7221759e-05,-5.041671,-2.5688608
26.0,74.0,60.08661,178.25,2.7827968e-05,-4.691026,-3.1641371
26.0,74.0,50.083183,149.0,2.882657e-05,-4.5872836,-4.13041
26.0,74.0,40.33134,120.25,2.9824112e-05,-4.3345866,-3.6371489
26.0,65.0,58.00931,171.75,3.053976e-05,-3.8827093,-2.5214612
26.0,56.0,76.33347,224.75,3.1068776e-05,-4.22935,-1.883028
27.0,56.0,67.17102,206.5,3.144162e-05,-4.3773727,-1.5072504
28.0,56.0,58.07103,189.75,3.1814445e-05,-4.735077,-2.0099213
29.0,46.0,56.523888,192.0,3.239785e-05,-4.454835,-2.5719995
31.0,37.0,53.98638,194.5,3.305528e-05,-4.409268,-2.649357
32.0,37.0,52.986988,198.25,3.36561e-05,-3.8827093,-2.5214612
33.0,37.0,51.51157,203.5,3.4293596e-05,-3.597875,-2.9135017
36.0,41.0,50.603626,220.5,3.5016685e-05,-2.8586583,-2.960227
39.0,46.0,49.544807,238.5,3.577612e-05,-2.476589,-3.286545
42.0,46.0,45.43271,249.0,3.6534195e-05,-1.9611359,-3.019885
46.0,46.0,40.994553,259.5,3.7254722e-05,-2.2168736,-2.8374693
49.0,48.0,37.097473,256.5,3.7888087e-05,-2.501326,-2.5901988
51.0,50.0,33.561897,254.75,3.8483773e-05,-2.4094055,-2.675916
55.0,50.0,31.020243,266.0,3.9115548e-05,-1.9001774,-2.4321167
59.0,50.0,28.08088,277.75,3.9709896e-05,-1.8574418,-2.4649088
