Vmax,Rmax_IBT,Rmax_CK22,R34,fcor,u_trans,v_trans
19.0,59.0,41.246017,93.666664,2.5181114e-05,-2.9182484,-1.0048336
21.0,46.0,14.885415,37.0,2.5575835e-05,-4.075151,-0.5727258
22.0,69.0,24.248093,62.5,2.5826263e-05,-5.1369505,-0.26921704
23.0,93.0,32.292053,88.0,2.6076874e-05,-4.584545,-0.6443165
26.0,93.0,31.934189,96.0,2.6489739e-05,-3.992961,-0.9955571
28.0,93.0,31.719856,104.25,2.6827835e-05,-5.5887356,-0.885169
31.0,83.0,29.906353,106.75,2.686531e-05,-6.6709104,-0.46647593
33.0,74.0,28.700478,111.25,2.6827835e-05,-5.6506453,-0.29613873
34.0,46.0,31.555542,126.0,2.6915257e-05,-4.6232553,-0.24229534
36.0,19.0,33.787823,141.0,2.707799e-05,-5.0806684,-0.8046991
39.0,22.0,32.64642,146.75,2.7308726e-05,-5.5133758,-1.2728637
41.0,28.0,31.64418,152.75,2.7578055e-05,-6.5410686,-1.3903486
44.0,28.0,31.17327,161.5,2.7865863e-05,-6.6048694,-1.0461088
46.0,28.0,30.792477,171.25,2.807779e-05,-5.644616,-0.3947104
50.0,19.0,28.442465,172.25,2.8058503e-05,-4.1152,4.9073268e-08
54.0,9.0,26.162334,173.5,2.807779e-05,-4.064535,-0.6437593
58.0,9.0,24.327417,174.5,2.8396104e-05,-4.3773727,-1.5072504
62.0,9.0,22.483515,175.75,2.882674e-05,-4.29249,-1.7342796
63.0,9.0,23.598179,194.0,2.9200624e-05,-3.8155465,-1.5415819
64.0,9.0,24.287678,213.25,2.9574905e-05,-4.29249,-1.7342796
