Vmax,Rmax_IBT,Rmax_CK22,R34,fcor,u_trans,v_trans
24.0,28.0,35.92928,101.0,3.8391085e-05,-7.1917305,-0.37690386
26.0,28.0,59.710266,176.0,3.8238195e-05,-6.1690397,-0.21542926
27.0,31.0,57.253494,176.0,3.840947e-05,-5.1369505,0.26921716
28.0,37.0,53.86249,176.0,3.872924e-05,-5.0315914,1.0694966
28.0,37.0,53.86362,176.0,3.899269e-05,-5.411155,1.6543547
28.0,37.0,53.8646,176.0,3.9219805e-05,-5.0121593,1.1571491
29.0,46.0,51.77224,176.0,3.9360526e-05,-4.0995407,0.3586633
31.0,56.0,48.870422,176.0,3.9464914e-05,-4.1051755,0.28706223
32.0,56.0,47.076317,176.0,3.9587136e-05,-4.0926566,0.4301551
33.0,56.0,44.5768,176.0,3.9709896e-05,-4.1051755,0.28706223
37.0,41.0,44.13067,198.5,3.9850627e-05,-4.6232553,0.24229544
41.0,28.0,42.40921,222.5,3.995476e-05,-4.075151,0.5727259
44.0,28.0,39.547905,225.75,3.999125e-05,-3.522114,0.74864763
46.0,28.0,37.173946,231.5,3.995476e-05,-4.0995407,0.3586633
