Vmax,Rmax_IBT,Rmax_CK22,R34,fcor,u_trans,v_trans
19.0,65.0,30.215822,69.0,3.8397844e-05,-0.99824023,-0.24888928
21.0,74.0,34.401997,83.0,3.8483773e-05,-0.5124426,0.04483291
21.0,74.0,34.405785,83.0,3.8606504e-05,0.0,0.5144
21.0,74.0,34.409676,83.0,3.872924e-05,0.94701535,0.40198427
22.0,74.0,32.86444,83.0,3.8851933e-05,1.5281817,0.21477194
23.0,74.0,30.781921,83.0,3.897458e-05,1.5373278,0.13449882
24.0,56.0,39.347343,110.25,3.9097198e-05,1.0211315,0.12537916
26.0,37.0,46.907047,138.75,3.9219805e-05,0.9538867,0.38539532
27.0,37.0,45.042416,138.75,3.932401e-05,0.8107055,0.6333926
28.0,37.0,42.474937,138.75,3.9464914e-05,1.0912071,1.0912071
31.0,46.0,40.12221,144.0,3.9673138e-05,0.9070702,1.2484751
33.0,56.0,38.355156,150.25,3.995476e-05,0.24140969,1.5242007
37.0,41.0,46.271744,210.0,4.032183e-05,-0.2414095,1.5242007
41.0,28.0,49.59908,271.0,4.0688625e-05,0.0,1.0288
45.0,31.0,43.601997,271.0,4.0951327e-05,0.46706542,0.9166675
49.0,37.0,37.86816,271.0,4.1177245e-05,0.7005981,1.3750013
54.0,31.0,31.999031,271.0,4.1421372e-05,0.50241673,1.4591242
59.0,28.0,27.229465,271.0,4.1665367e-05,0.0,1.5432
62.0,28.0,26.264229,306.75,4.1890966e-05,-0.32084942,1.5094774
64.0,28.0,24.627197,342.25,4.2152973e-05,-0.21477191,1.5281817
