Vmax,Rmax_IBT,Rmax_CK22,R34,fcor,u_trans,v_trans
22.0,46.0,36.414013,93.0,3.2000706e-05,-3.8003547,4.8642335
23.0,46.0,34.139576,93.0,3.280731e-05,-4.001094,4.0010924
23.0,46.0,40.361927,108.75,3.338414e-05,-4.5777426,3.325923
23.0,46.0,46.696835,125.0,3.3550914e-05,-3.7594223,1.6738026
26.0,41.0,41.20379,122.75,3.3048953e-05,-2.5247452,0.49076045
28.0,37.0,36.723778,120.5,3.280731e-05,-1.8493588,0.90199214
28.0,41.0,41.715225,136.25,3.3860135e-05,-1.5834811,2.026764
28.0,46.0,46.717354,152.75,3.5282377e-05,-2.1164973,2.9131083
29.0,46.0,46.218792,156.75,3.6183363e-05,-2.850266,3.648175
31.0,46.0,45.12362,162.0,3.700857e-05,-2.97585,3.5464787
32.0,41.0,43.38069,161.5,3.7937178e-05,-2.476589,3.286545
33.0,37.0,41.222183,162.0,3.897458e-05,-1.7342788,4.2924905
33.0,37.0,39.36391,154.75,4.0199233e-05,-1.3313664,4.9687223
33.0,37.0,37.729935,148.25,4.142137e-05,-2.510703,5.639134
33.0,28.0,36.4577,143.25,4.2415013e-05,-3.3619473,5.176946
33.0,19.0,35.37661,139.0,4.3369746e-05,-2.998495,4.7985954
34.0,19.0,37.60005,153.5,4.4425436e-05,-2.1017945,4.125004
36.0,19.0,38.88336,169.0,4.5551555e-05,-2.572001,4.4548345
37.0,22.0,38.60731,174.5,4.670438e-05,-3.2710857,5.2348313
39.0,28.0,37.666206,180.75,4.796257e-05,-3.3436012,5.7912846
40.0,22.0,37.050583,185.0,4.9401966e-05,-3.7090986,6.1729755
41.0,19.0,35.709244,189.75,5.083645e-05,-4.8558373,5.996457
44.0,19.0,33.79725,199.25,5.2080464e-05,-5.643125,5.2622995
46.0,19.0,31.78402,208.25,5.321436e-05,-5.4351177,4.7246733
46.0,19.0,31.181273,204.5,5.4296732e-05,-4.9695573,4.4746113
46.0,19.0,30.606026,201.25,5.5340646e-05,-5.351831,4.818812
47.0,19.0,29.24712,198.75,5.638094e-05,-5.8233404,5.06215
49.0,19.0,27.302101,196.75,5.7453286e-05,-5.351831,4.818812
51.0,19.0,24.357828,189.25,5.8602967e-05,-4.9114785,5.266917
54.0,19.0,21.848734,182.75,5.9784e-05,-4.3871984,5.0468936
55.0,19.0,20.13039,169.25,6.095922e-05,-3.88467,4.797166
57.0,19.0,18.319025,157.0,6.20965e-05,-4.2984505,5.1226916
58.0,19.0,17.66503,157.0,6.311379e-05,-4.3871984,5.0468936
59.0,19.0,16.780481,157.0,6.416161e-05,-3.6421094,5.6083584
