Vmax,Rmax_IBT,Rmax_CK22,R34,fcor,u_trans,v_trans
29.0,28.0,28.632534,97.5,5.2603573e-05,-0.5325461,-1.987489
33.0,28.0,27.221426,106.5,5.22651e-05,-0.37333372,-1.4973603
37.0,22.0,31.453806,140.5,5.1890565e-05,-0.5024166,-1.4591243
41.0,19.0,33.170242,176.25,5.155148e-05,-0.8851431,-1.2641155
46.0,19.0,29.303349,184.25,5.1259714e-05,-1.1646678,-1.0124303
51.0,19.0,26.065557,194.5,5.1074945e-05,-1.3227804,-0.79480714
49.0,19.0,26.042067,173.0,5.1003422e-05,-1.0161338,-0.16093983
46.0,19.0,25.489574,153.0,5.1074945e-05,-0.94701535,0.40198427
46.0,22.0,27.582945,169.0,5.1277493e-05,-0.7995278,0.64744484
46.0,28.0,29.354183,185.25,5.155148e-05,-1.0326023,1.1468211
51.0,28.0,25.445995,188.0,5.17895e-05,-0.9070703,1.248475
57.0,28.0,21.998064,192.25,5.2027382e-05,-0.9070703,1.248475
55.0,22.0,22.542257,186.75,5.2265113e-05,-0.9287209,1.2324544
54.0,19.0,22.779606,183.0,5.250265e-05,-0.9070703,1.248475
50.0,19.0,26.82206,193.25,5.272224e-05,-0.7716003,1.3364503
46.0,19.0,31.310865,203.5,5.2977284e-05,-0.24888912,0.9982403
46.0,22.0,29.778446,189.5,5.3315063e-05,0.23142964,1.002432
46.0,28.0,28.071863,176.25,5.3688025e-05,0.1609398,1.0161338
46.0,22.0,28.545603,180.75,5.40251e-05,0.0,1.5432
46.0,19.0,28.990656,185.25,5.439729e-05,0.13449873,1.5373278
46.0,19.0,29.72489,192.0,5.4886936e-05,0.0718092,2.0563467
46.0,19.0,30.426594,199.0,5.5340646e-05,-1.0288004,1.7819338
46.0,19.0,30.395714,199.0,5.5576304e-05,-1.9702666,1.6532495
46.0,19.0,30.346607,199.0,5.581132e-05,-1.3226001,1.5762128
47.0,22.0,29.350172,201.25,5.708457e-05,-0.017952355,0.51408666
49.0,28.0,28.041672,204.0,5.721923e-05,0.2835757,0.988946
50.0,31.0,27.045546,204.0,5.7435722e-05,0.67649436,1.387019
51.0,37.0,25.641506,204.0,5.768715e-05,0.46706542,0.9166675
51.0,46.0,25.600348,204.0,5.790325e-05,0.5144,0.89096695
51.0,56.0,25.552649,204.0,5.8154368e-05,1.5048333,1.4032798
51.0,46.0,25.793978,208.5,5.8504276e-05,2.1068592,1.4752387
51.0,37.0,25.993614,213.25,5.8853857e-05,2.7500026,1.4011965
51.0,37.0,25.679401,208.5,5.908655e-05,2.3847167,0.9634883
51.0,37.0,25.331816,204.0,5.9319285e-05,2.3675385,1.0049607
51.0,37.0,25.27259,204.0,5.9633003e-05,2.2709413,1.207481
51.0,37.0,25.200375,204.0,6.0016075e-05,2.6455612,1.5896136
55.0,41.0,24.338558,255.0,6.0427534e-05,2.4969501,1.8141404
59.0,46.0,21.157084,305.5,6.0942573e-05,2.54615,2.54615
