Vmax,Rmax_IBT,Rmax_CK22,R34,fcor,u_trans,v_trans
22.0,83.0,42.904972,106.5,5.2134033e-05,-5.1174836,3.451786
23.0,83.0,40.075794,106.5,5.2977284e-05,-4.9489484,2.7432468
23.0,83.0,41.180847,109.5,5.3504096e-05,-4.623397,2.2549803
23.0,83.0,42.83254,113.25,5.392461e-05,-4.9960704,2.6564584
26.0,59.0,34.24882,101.5,5.447984e-05,-4.798595,2.9984958
28.0,37.0,27.589693,90.25,5.510506e-05,-4.691026,3.1641371
29.0,37.0,26.586187,90.25,5.5810742e-05,-4.2137184,2.9504766
31.0,37.0,25.19129,90.25,5.6516048e-05,-3.54648,2.9758492
33.0,37.0,24.392014,95.5,5.7119636e-05,-2.9602275,2.858658
36.0,37.0,23.917534,102.0,5.768715e-05,-2.6759155,2.409406
39.0,37.0,23.929907,111.0,5.8252957e-05,-2.7983472,2.2660568
41.0,37.0,23.748663,120.5,5.8853857e-05,-3.54648,2.9758492
44.0,37.0,22.737827,125.5,5.9499554e-05,-4.3345866,3.6371489
46.0,37.0,21.883478,131.75,6.0247978e-05,-4.45888,3.483659
47.0,37.0,24.89912,164.75,6.110411e-05,-3.9405332,3.306499
49.0,37.0,26.483053,199.0,6.20965e-05,-3.859019,4.1382923
49.0,37.0,22.916073,160.25,6.3193635e-05,-4.532115,5.596693
49.0,37.0,18.41629,122.75,6.43901e-05,-4.3340306,5.751454
49.0,33.0,18.936848,126.75,6.517047e-05,-4.532115,5.596693
50.0,31.0,18.978111,129.25,6.557428e-05,-5.17956,6.3962207
51.0,28.0,18.75518,136.5,6.689037e-05,-5.2904005,6.304851
51.0,28.0,19.216875,142.0,6.8368216e-05,-5.503283,6.795985
51.0,28.0,19.563232,148.0,7.003676e-05,-5.31086,7.5846915
52.0,37.0,18.602634,146.75,7.18435e-05,-4.588426,8.629577
