Vmax,Rmax_IBT,Rmax_CK22,R34,fcor,u_trans,v_trans
22.0,46.0,46.83514,115.0,6.18486e-05,-2.9353406,0.95375043
23.0,46.0,45.840317,120.0,6.20965e-05,-2.9353406,0.95375043
24.0,46.0,39.95488,110.5,6.2361e-05,-2.9812334,0.79881895
26.0,46.0,34.525726,102.0,6.255676e-05,-2.5528288,0.31344745
27.0,46.0,33.11602,102.0,6.260854e-05,-2.5684752,-0.13460852
28.0,46.0,31.174221,102.0,6.255676e-05,-2.5403342,-0.40234956
29.0,46.0,29.983776,102.0,6.245841e-05,-2.5403342,-0.40234956
31.0,46.0,28.336662,102.0,6.2326726e-05,-3.0821702,-0.16153023
31.0,56.0,32.3695,116.5,6.2194275e-05,-3.5986066,0.12566544
31.0,65.0,36.465244,131.75,6.20965e-05,-4.1145735,0.07181978
32.0,65.0,35.315033,132.75,6.207934e-05,-4.1152,4.9073268e-08
33.0,65.0,33.635387,134.0,6.20965e-05,-4.1145735,-0.071819685
34.0,65.0,32.396362,134.0,6.20264e-05,-4.6296,5.520743e-08
36.0,65.0,30.657417,134.0,6.20965e-05,-5.115821,0.5376939
37.0,69.0,30.28637,138.0,6.2488e-05,-5.5347505,1.1764463
39.0,74.0,29.685406,143.5,6.3016254e-05,-5.4392037,1.5596656
39.0,74.0,29.653782,143.5,6.349167e-05,-5.3501225,1.8421949
39.0,74.0,29.624424,143.5,6.393293e-05,-4.769434,1.926975
40.0,74.0,28.564964,143.5,6.425876e-05,-4.1250043,2.1017933
41.0,74.0,27.077114,143.5,6.461839e-05,-3.9261231,2.4533148
