Vmax,Rmax_IBT,Rmax_CK22,R34,fcor,u_trans,v_trans
18.0,74.0,55.145393,118.0,2.6374551e-05,-7.524167,7.0163994
18.0,56.0,56.436447,120.5,2.8327528e-05,-9.155485,6.651846
21.0,56.0,49.923393,120.5,3.0073232e-05,-10.633813,5.1864543
21.0,56.0,57.99799,139.0,3.0820032e-05,-10.330388,3.1583135
22.0,56.0,55.372475,139.0,3.128524e-05,-9.056865,1.925094
23.0,56.0,51.791496,139.0,3.156599e-05,-8.079185,1.5704334
24.0,56.0,50.48655,141.25,3.1757718e-05,-7.044228,1.4972953
26.0,56.0,48.27885,143.75,3.206281e-05,-7.518239,1.7357235
29.0,56.0,46.352577,157.5,3.2751006e-05,-7.4170957,2.1268167
33.0,56.0,43.700974,171.5,3.3550914e-05,-5.723321,2.31237
37.0,56.0,41.367058,183.0,3.4150773e-05,-4.362359,2.7259054
41.0,56.0,38.495346,194.25,3.47882e-05,-4.2704496,3.7122433
41.0,56.0,40.387962,206.25,3.565281e-05,-4.440341,4.287987
41.0,56.0,42.212246,217.75,3.651592e-05,-3.882227,3.3747668
42.0,56.0,41.85023,224.5,3.720518e-05,-3.7923467,2.6554291
44.0,56.0,40.768932,231.5,3.7746686e-05,-3.9261231,2.4533148
45.0,56.0,41.19865,245.5,3.815216e-05,-4.0093513,2.3147995
46.0,56.0,40.74507,259.0,3.8483773e-05,-3.2894945,1.4645773
49.0,31.0,38.56349,271.25,3.8814866e-05,-2.9182484,1.0048336
51.0,9.0,36.312973,282.5,3.9219805e-05,-3.1493306,1.7457025
55.0,15.0,32.507805,287.0,3.9758743e-05,-3.1981113,2.5897794
59.0,22.0,28.560078,291.5,4.0444127e-05,-3.8227363,3.4420085
64.0,22.0,24.300716,301.25,4.1299234e-05,-3.8227363,3.4420085
69.0,22.0,20.532936,310.25,4.2152973e-05,-4.0535274,3.1669629
73.0,22.0,18.127518,319.5,4.2834457e-05,-4.0093513,2.3147995
77.0,22.0,15.696822,328.5,4.3369746e-05,-4.1958427,1.9565531
