Vmax,Rmax_IBT,Rmax_CK22,R34,fcor,u_trans,v_trans
24.0,56.0,46.783195,132.25,2.5224208e-05,-2.9602275,2.858658
26.0,56.0,44.097878,132.25,2.5826394e-05,-3.1493306,1.7457025
27.0,56.0,45.482193,141.25,2.593324e-05,-3.4245641,1.1127088
28.0,56.0,45.893394,150.25,2.6076874e-05,-3.6335058,1.9319696
29.0,56.0,45.111534,153.25,2.6746382e-05,-3.4404626,3.0978076
31.0,56.0,43.97746,157.25,2.7827968e-05,-4.440341,4.287987
31.0,50.0,45.497402,163.0,2.9213295e-05,-5.3599854,5.5504246
31.0,46.0,47.13276,169.0,3.0820032e-05,-4.5353513,6.242375
32.0,46.0,45.466393,169.0,3.2490098e-05,-3.8580015,6.6822515
33.0,46.0,43.120598,169.0,3.404614e-05,-5.0671396,6.4856443
33.0,46.0,43.06538,169.0,3.5270856e-05,-6.0193334,5.6131196
33.0,46.0,43.019684,169.0,3.626943e-05,-5.122693,4.2984486
33.0,41.0,39.251434,153.75,3.711256e-05,-4.3345866,3.6371489
33.0,37.0,35.561974,139.0,3.7992504e-05,-4.72864,3.9677987
36.0,28.0,31.09919,131.5,3.920089e-05,-5.5167465,4.6290984
39.0,19.0,27.447788,125.0,4.0444127e-05,-5.674938,4.433748
40.0,22.0,27.342655,128.75,4.145866e-05,-5.269585,4.1170516
41.0,28.0,27.158564,134.25,4.239659e-05,-3.374768,3.882226
46.0,28.0,24.978617,143.5,4.335084e-05,-1.7342788,4.2924905
51.0,28.0,22.920864,152.75,4.4340795e-05,-1.3313664,4.9687223
