Vmax,Rmax_IBT,Rmax_CK22,R34,fcor,u_trans,v_trans
21.0,74.0,59.124275,139.5,3.9709757e-05,-7.1917305,-0.37690386
21.0,74.0,68.10295,159.75,3.9464914e-05,-6.6780353,-0.34998214
21.0,69.0,68.10462,159.75,3.948233e-05,-6.1643405,-0.32306045
21.0,65.0,68.10295,159.75,3.9464914e-05,-6.149311,-0.53799474
21.0,65.0,68.067345,159.75,3.909713e-05,-5.627403,-0.5914631
21.0,65.0,68.03163,159.75,3.872924e-05,-5.115821,-0.53769374
21.0,65.0,68.02615,159.75,3.8673184e-05,-4.6119833,-0.40349606
21.0,65.0,68.03163,159.75,3.872924e-05,-4.6232553,-0.24229534
22.0,65.0,64.80093,159.75,3.8729002e-05,-5.6575384,-0.098752074
23.0,65.0,60.41484,159.75,3.872924e-05,-6.6872,7.974406e-08
23.0,65.0,60.41484,159.75,3.872924e-05,-7.697204,0.5382417
26.0,65.0,52.55348,155.0,3.9464914e-05,-6.6709104,0.4664761
28.0,65.0,48.452675,158.25,3.964787e-05,-5.1432166,-0.08977461
31.0,65.0,45.074295,162.0,3.9464914e-05,-4.6232553,-0.24229534
33.0,41.0,49.160454,195.0,3.921969e-05,-4.62678,-0.16157195
36.0,19.0,52.114395,229.25,3.897458e-05,-4.1051755,0.28706223
37.0,19.0,50.251663,229.25,3.893751e-05,-4.064535,0.6437594
39.0,19.0,47.624893,229.25,3.897458e-05,-4.10956,0.21537372
40.0,22.0,43.116657,212.5,3.8974402e-05,-4.6232553,-0.24229534
41.0,28.0,38.398144,196.75,3.897458e-05,-4.1152,4.9073268e-08
42.0,28.0,38.060944,202.25,3.895601e-05,-3.0633945,0.37613693
44.0,28.0,37.147095,208.5,3.897458e-05,-3.0395107,0.5359477
46.0,28.0,34.37198,208.5,3.9078826e-05,-3.048401,0.48281956
49.0,28.0,31.879208,208.5,3.9219805e-05,-3.0694926,0.32261634
51.0,24.0,30.472128,215.75,3.9342027e-05,-3.0845199,0.10771323
54.0,22.0,28.941608,224.5,3.9464914e-05,-3.08593,0.053864837
57.0,20.0,26.935228,224.5,3.9587365e-05,-3.5986066,0.12566544
59.0,19.0,25.111012,224.5,3.9709896e-05,-3.0633945,0.37613693
63.0,22.0,22.83585,224.5,3.98319e-05,-3.5346434,0.6870646
67.0,28.0,20.562706,224.5,3.995476e-05,-4.052681,0.7145969
