Vmax,Rmax_IBT,Rmax_CK22,R34,fcor,u_trans,v_trans
26.0,83.0,43.12434,127.75,4.175071e-05,1.3364503,-0.7716001
31.0,83.0,41.24298,148.0,4.1665367e-05,0.44990438,0.24938604
32.0,83.0,51.28897,192.5,4.1628722e-05,-1.1468209,1.0326025
33.0,83.0,59.131252,238.5,4.1665367e-05,-1.8648189,0.8695792
36.0,74.0,55.98955,250.5,4.175072e-05,-2.0048637,0.4628596
39.0,65.0,53.08866,264.0,4.1909232e-05,-2.5247452,0.49076045
40.0,59.0,51.33883,266.0,4.20982e-05,-2.4843612,0.66568244
41.0,56.0,48.82123,268.5,4.239659e-05,-2.3675385,1.0049607
44.0,65.0,44.19816,267.0,4.2846772e-05,-2.1322846,1.4382441
46.0,74.0,40.132195,266.0,4.3369746e-05,-2.36432,1.9838994
49.0,56.0,40.292995,313.75,4.3837317e-05,-2.590199,2.5013258
51.0,37.0,38.77055,361.0,4.4340795e-05,-2.3623376,2.7175581
55.0,37.0,33.038677,352.0,4.494627e-05,-2.3623376,2.7175581
59.0,37.0,27.7687,342.25,4.5551555e-05,-3.4898872,2.1807244
60.0,31.0,26.547325,345.25,4.601698e-05,-3.8418703,1.4747552
62.0,28.0,24.863838,349.75,4.651767e-05,-3.9261231,2.4533148
62.0,46.0,24.536968,349.75,4.7204387e-05,-3.1573792,3.3858755
62.0,65.0,24.18062,349.75,4.796257e-05,-2.97585,3.5464787
62.0,65.0,23.829704,349.75,4.871866e-05,-3.1573792,3.3858755
62.0,65.0,23.516405,349.75,4.9402213e-05,-3.7923467,2.6554291
63.0,56.0,22.333546,354.0,4.9952992e-05,-4.261569,1.8089292
64.0,46.0,20.794636,359.0,5.035898e-05,-3.4613113,0.9925145
65.0,46.0,19.864925,359.0,5.0561797e-05,-2.9353406,0.95375043
67.0,46.0,18.559244,359.0,5.083645e-05,-1.8501421,1.7866613
