Vmax,Rmax_IBT,Rmax_CK22,R34,fcor,u_trans,v_trans
19.0,93.0,81.93054,185.0,1.5080007e-05,-0.8555985,4.025273
21.0,93.0,76.41694,185.0,1.6509784e-05,-1.9269764,4.769434
21.0,93.0,76.6328,185.0,1.7868473e-05,-2.829201,4.9003177
21.0,93.0,76.81562,185.0,1.9036203e-05,-3.4420075,3.8227372
21.0,93.0,76.94727,185.0,1.9887504e-05,-3.4116557,2.3011906
21.0,93.0,77.04874,185.0,2.0549318e-05,-3.9261231,2.4533148
21.0,83.0,73.505394,177.0,2.1197937e-05,-3.7923467,2.6554291
21.0,74.0,70.18753,168.75,2.1808535e-05,-3.7454257,2.7212098
21.0,74.0,70.26739,168.75,2.243739e-05,-3.7454257,2.7212098
21.0,74.0,70.34661,168.75,2.306609e-05,-4.362359,2.7259054
21.0,74.0,70.42757,168.75,2.3713e-05,-4.9489484,2.7432468
21.0,74.0,70.503334,168.75,2.432189e-05,-4.6620474,2.173948
21.0,74.0,70.57232,168.75,2.4880008e-05,-3.8418703,1.4747552
21.0,74.0,70.62703,168.75,2.53252e-05,-3.4781058,0.9319554
23.0,78.0,63.03145,168.75,2.5650812e-05,-3.556468,0.56328946
26.0,83.0,56.793934,168.75,2.5826394e-05,-4.1051755,0.28706223
27.0,78.0,53.233944,164.75,2.5863888e-05,-4.6232553,0.24229544
28.0,74.0,49.456596,162.0,2.5826394e-05,-5.1314692,0.3588278
28.0,65.0,49.456562,162.0,2.5826239e-05,-5.1314692,0.3588278
28.0,56.0,49.456596,162.0,2.5826394e-05,-4.6183224,0.322945
28.0,56.0,49.456825,162.0,2.5845029e-05,-4.10956,0.21537372
28.0,56.0,49.456596,162.0,2.5826394e-05,-4.1145735,0.07181978
31.0,56.0,51.57677,184.75,2.570097e-05,-4.1126933,-0.14361951
33.0,56.0,53.31136,208.5,2.5575835e-05,-4.1126933,-0.14361951
33.0,56.0,53.313828,208.5,2.5538091e-05,-4.1152,4.9073268e-08
33.0,56.0,53.31136,208.5,2.5575835e-05,-4.1126933,0.14361764
33.0,56.0,53.303337,208.5,2.5701047e-05,-4.6232553,0.24229544
33.0,56.0,53.295116,208.5,2.5826394e-05,-4.1145735,0.07181978
36.0,56.0,49.146908,208.5,2.58262e-05,-4.1152,4.9073268e-08
39.0,56.0,45.52867,208.5,2.5826394e-05,-3.5657573,0.5011352
39.0,56.0,45.514923,208.5,2.5932664e-05,-3.974978,1.0650918
39.0,56.0,45.49637,208.5,2.6076874e-05,-4.572602,0.72422934
42.0,59.0,41.121166,208.5,2.6183145e-05,-5.1369505,0.26921716
46.0,65.0,36.91829,208.5,2.6327272e-05,-5.115821,0.5376939
49.0,65.0,34.603542,208.5,2.657739e-05,-5.5544395,1.0796729
51.0,65.0,32.50426,208.5,2.6827835e-05,-5.065851,0.8932462
54.0,65.0,30.631111,208.5,2.6915046e-05,-5.065851,0.8932462
57.0,65.0,28.904478,208.5,2.707799e-05,-6.014591,1.3885788
59.0,65.0,27.40598,210.0,2.754033e-05,-6.9562116,1.8639108
62.0,65.0,26.042622,213.0,2.807779e-05,-7.486802,1.8666699
63.0,50.0,26.855179,231.5,2.8433358e-05,-7.486802,1.8666699
64.0,37.0,27.114674,250.0,2.882674e-05,-7.4170957,2.1268167
64.0,31.0,26.65966,247.75,2.9431012e-05,-6.8491282,2.2254176
64.0,28.0,26.15559,245.5,3.0073232e-05,-7.4170957,2.1268167
64.0,28.0,25.960238,245.5,3.0608455e-05,-7.4530835,1.9970473
64.0,28.0,25.793148,245.5,3.1068776e-05,-6.9226227,1.985029
65.0,31.0,25.056355,245.5,3.1441057e-05,-6.359905,2.0664594
67.0,37.0,24.054024,245.5,3.1814445e-05,-6.359905,2.0664594
68.0,31.0,23.325912,245.5,3.2292555e-05,-6.359905,2.0664594
69.0,28.0,22.339931,245.5,3.280731e-05,-5.8005347,2.1112216
