Vmax,Rmax_IBT,Rmax_CK22,R34,fcor,u_trans,v_trans
26.0,56.0,63.2901,185.0,4.8424972e-05,-2.0576,2.4536634e-08
28.0,56.0,56.638687,185.0,4.844305e-05,-1.5347463,0.16130817
31.0,56.0,50.977257,185.0,4.8545055e-05,-1.4906167,0.39940947
33.0,56.0,46.110962,185.0,4.868306e-05,-1.2324542,0.9287212
33.0,56.0,46.10394,185.0,4.8784972e-05,-0.81777143,1.3087078
33.0,56.0,46.094467,185.0,4.892293e-05,-0.5298712,0.88185364
36.0,56.0,41.86406,185.0,4.9144684e-05,-0.5144002,0.8909669
39.0,56.0,38.162674,185.0,4.9402213e-05,0.0,1.0288
39.0,56.0,38.131737,185.0,4.967755e-05,0.59009546,0.84274364
39.0,56.0,38.10891,185.0,4.9880902e-05,0.6333926,0.8107055
37.0,56.0,40.261234,185.0,4.9880895e-05,0.545181,0.87247187
36.0,56.0,41.795883,185.0,4.9880902e-05,0.45099625,0.92467934
37.0,41.0,42.544247,196.5,5.0066228e-05,0.50241673,1.4591242
39.0,28.0,42.20442,208.25,5.035898e-05,0.451188,1.4757695
40.0,28.0,36.343357,183.0,5.0699255e-05,0.39260858,2.0197961
41.0,28.0,30.136688,157.5,5.1074945e-05,-0.17933224,2.04977
44.0,28.0,27.293573,152.25,5.1432376e-05,-0.7707906,1.9077735
46.0,28.0,24.457706,148.0,5.178951e-05,-0.9659845,1.816753
46.0,31.0,24.420734,148.0,5.214629e-05,-0.7716003,1.3364503
46.0,37.0,24.38385,148.0,5.250265e-05,-0.86294687,1.2793705
47.0,31.0,27.25512,175.5,5.284089e-05,-0.8404868,1.2942365
49.0,28.0,28.749664,203.75,5.321436e-05,-0.836901,1.8797114
