Vmax,Rmax_IBT,Rmax_CK22,R34,fcor,u_trans,v_trans
32.0,93.0,68.17253,282.25,7.217568e-05,-1.0124304,-1.1646677
33.0,93.0,63.62961,287.0,7.2037474e-05,-0.40198416,-0.9470154
36.0,74.0,55.408497,287.0,7.18437e-05,0.0,0.5144
39.0,56.0,48.354317,287.0,7.181604e-05,-0.15039603,0.49192315
39.0,56.0,47.952194,282.5,7.204855e-05,-0.4253638,1.483419
39.0,56.0,47.47089,277.75,7.247968e-05,-0.46285924,2.004864
33.0,37.0,58.691746,270.75,7.1339105e-05,0.08977544,-5.1432166
33.0,37.0,58.165413,263.75,7.025991e-05,0.32294452,-4.618323
33.0,37.0,58.38218,263.75,6.937719e-05,0.8711122,-3.493841
33.0,37.0,58.54239,263.75,6.869332e-05,1.1060667,-2.8814027
33.0,37.0,60.09227,270.75,6.812548e-05,1.4382445,-2.1322844
33.0,37.0,61.51463,277.75,6.7793495e-05,1.8167529,-0.9659847
34.0,37.0,57.48564,271.0,6.7657966e-05,2.572,-1.1242569e-07
36.0,37.0,52.362137,264.0,6.7793495e-05,3.4245644,1.1127083
36.0,37.0,52.290638,264.0,6.812481e-05,4.125004,2.1017947
36.0,37.0,52.167877,264.0,6.869332e-05,5.345802,3.0863998
36.0,37.0,55.73369,287.25,6.9426766e-05,6.2367687,3.6007998
36.0,37.0,58.91401,310.0,7.025991e-05,7.33334,3.7365239
37.0,37.0,55.45556,310.0,7.100405e-05,7.9887733,3.5568306
39.0,37.0,50.706997,310.0,7.181604e-05,9.398556,4.1845064
40.0,56.0,47.630867,307.75,7.2759154e-05,10.338411,4.602957
