Vmax,Rmax_IBT,Rmax_CK22,R34,fcor,u_trans,v_trans
19.0,83.0,28.458235,65.0,3.5225974e-05,-7.985922,1.9911145
21.0,74.0,27.799337,68.0,3.577612e-05,-7.8707714,2.406334
22.0,69.0,26.576218,68.0,3.6355057e-05,-7.827575,2.5433345
23.0,65.0,24.92652,68.0,3.700857e-05,-7.734046,2.814962
24.0,56.0,30.631668,86.666664,3.7709124e-05,-8.163975,3.1338549
26.0,46.0,31.003517,92.75,3.8483773e-05,-7.9887724,3.556831
27.0,46.0,29.843708,92.75,3.9360046e-05,-7.9887724,3.556831
28.0,46.0,28.23773,92.75,4.0199502e-05,-8.163975,3.1338549
28.0,46.0,31.800583,104.25,4.082841e-05,-7.827575,2.5433345
28.0,46.0,35.364532,115.75,4.142137e-05,-7.781996,2.6795564
29.0,46.0,34.075687,115.75,4.2152224e-05,-7.6837406,2.9495103
31.0,46.0,32.280872,115.75,4.288343e-05,-7.734046,2.814962
31.0,46.0,37.36584,134.25,4.3508902e-05,-7.827575,2.5433345
31.0,46.0,42.404186,153.0,4.409823e-05,-7.827575,2.5433345
31.0,50.0,47.994644,173.75,4.4667133e-05,-7.2956214,2.512084
31.0,56.0,53.46866,194.25,4.5309676e-05,-7.6310945,3.0831602
31.0,56.0,54.662346,199.0,4.6101006e-05,-7.397435,3.6079686
31.0,56.0,55.83107,203.5,4.6999867e-05,-6.6822524,3.8579993
31.0,65.0,59.35018,217.75,4.794359e-05,-6.471182,4.2024355
31.0,74.0,62.78266,231.5,4.892293e-05,-6.3968544,4.3147326
29.0,83.0,67.182365,231.5,4.9880335e-05,-6.471182,4.2024355
28.0,93.0,70.375015,231.5,5.083645e-05,-6.5435386,4.088858
27.0,102.0,80.11041,245.5,5.1772084e-05,-6.471182,4.2024355
26.0,111.0,89.012665,259.0,5.2740055e-05,-4.9695573,4.4746113
26.0,111.0,87.43115,254.5,5.3805616e-05,-3.3259244,4.5777416
26.0,111.0,85.843925,249.75,5.4869302e-05,-2.1739492,4.662047
26.0,111.0,85.83731,249.75,5.5881403e-05,-1.5072497,4.377373
26.0,111.0,85.82987,249.75,5.6750614e-05,-1.8682618,3.66667
26.0,111.0,85.82263,249.75,5.7459245e-05,-2.4557393,2.6334586
26.0,111.0,85.8174,249.75,5.7920843e-05,-2.2046347,1.3246775
26.0,111.0,85.81555,249.75,5.8072626e-05,-1.987489,0.5325459
26.0,111.0,85.81455,249.75,5.8154368e-05,-1.3497132,0.7481582
27.0,111.0,80.6192,247.5,5.845177e-05,-1.0597425,1.7637073
28.0,111.0,73.83592,245.25,5.8853857e-05,0.10768647,2.05478
29.0,111.0,70.64731,247.75,5.9319344e-05,0.8369013,1.8797112
31.0,111.0,65.81775,249.75,5.9784e-05,0.9019925,1.8493587
31.0,102.0,65.18955,247.5,6.014943e-05,0.42536357,1.4834191
31.0,93.0,64.56178,245.25,6.0479695e-05,0.13449873,1.5373278
31.0,93.0,63.925686,242.75,6.084426e-05,0.0,1.5432
31.0,93.0,63.28994,240.5,6.1173734e-05,-0.2414095,1.5242007
31.0,93.0,62.191364,236.0,6.1422e-05,-0.43478987,0.93240935
31.0,93.0,60.97227,231.25,6.1635496e-05,-0.66130006,0.7881064
31.0,93.0,60.945774,231.25,6.186616e-05,-1.0326023,1.1468211
31.0,93.0,60.919273,231.25,6.20965e-05,-0.46706545,0.9166675
32.0,93.0,60.067795,240.5,6.23267e-05,0.1431813,1.0187877
33.0,93.0,57.515568,249.75,6.255676e-05,0.1431813,1.0187877
34.0,83.0,54.63016,249.75,6.2786596e-05,0.1431813,1.0187877
36.0,74.0,50.62862,249.75,6.3016254e-05,0.23142964,1.002432
