Vmax,Rmax_IBT,Rmax_CK22,R34,fcor,u_trans,v_trans
21.0,56.0,24.639969,60.5,4.07438e-05,-4.735077,2.0099213
23.0,56.0,20.366896,55.75,4.1177245e-05,-4.3773727,1.5072504
24.0,46.0,21.221813,60.25,4.14576e-05,-3.4434626,1.0527711
26.0,37.0,21.590534,64.75,4.1665367e-05,-2.9668384,0.85072666
26.0,37.0,23.1683,69.25,4.1890762e-05,-2.9182484,1.0048336
26.0,37.0,24.752384,74.25,4.2152973e-05,-2.8195667,1.255352
26.0,56.0,28.718025,85.75,4.2500058e-05,-2.7251294,1.4489772
26.0,74.0,32.70687,97.25,4.288343e-05,-2.6455615,1.589613
27.0,74.0,31.440174,97.25,4.326623e-05,-2.6174154,1.6355432
28.0,74.0,29.692709,97.25,4.3612705e-05,-2.774038,1.3529882
29.0,59.0,32.026897,108.75,4.3873522e-05,-2.9182484,1.0048336
31.0,46.0,33.530228,120.5,4.409823e-05,-3.4434626,1.0527711
32.0,46.0,32.355335,120.5,4.4377168e-05,-3.974978,1.0650918
33.0,46.0,30.71983,120.5,4.458322e-05,-4.084526,0.5015159
36.0,41.0,28.293789,120.5,4.461925e-05,-4.1152,4.9073268e-08
39.0,37.0,26.180426,120.5,4.458322e-05,-4.1126933,-0.14361951
41.0,37.0,24.322603,120.5,4.456449e-05,-4.6296,5.520743e-08
44.0,37.0,22.675991,120.5,4.458322e-05,-5.1369505,0.26921716
46.0,31.0,21.201431,120.5,4.4704215e-05,-5.6368685,0.49316204
49.0,28.0,19.877892,120.5,4.4825505e-05,-6.1643405,0.32306057
47.0,28.0,21.708754,127.25,4.4843327e-05,-6.1728,7.3609904e-08
46.0,28.0,23.360315,134.5,4.4825505e-05,-6.1728,7.3609904e-08
45.0,28.0,24.336082,134.5,4.484315e-05,-6.1728,7.3609904e-08
44.0,28.0,25.026638,134.5,4.4825505e-05,-6.1643405,-0.32306045
41.0,28.0,26.905336,134.5,4.470386e-05,-6.149311,-0.53799474
39.0,28.0,29.023888,134.5,4.458322e-05,-6.1643405,-0.32306045
39.0,28.0,29.024958,134.5,4.4564338e-05,-6.1728,7.3609904e-08
39.0,28.0,29.023888,134.5,4.458322e-05,-6.6872,7.974406e-08
40.0,28.0,28.148968,134.5,4.456443e-05,-6.6872,7.974406e-08
41.0,28.0,26.913412,134.5,4.458322e-05,-7.197213,0.25133088
45.0,28.0,24.348549,134.5,4.4685716e-05,-7.184057,0.5023589
49.0,28.0,21.867641,134.5,4.4825505e-05,-7.6866384,0.6724937
51.0,28.0,20.510103,134.5,4.496446e-05,-7.184057,0.5023589
54.0,28.0,19.28302,134.5,4.506766e-05,-6.6831264,0.23337866
57.0,28.0,18.4553,136.75,4.5066754e-05,-6.1728,7.3609904e-08
59.0,28.0,17.674826,139.0,4.506766e-05,-6.1690397,0.21542646
59.0,28.0,17.660778,139.0,4.5188157e-05,-6.149311,0.5379949
59.0,28.0,17.646564,139.0,4.5309676e-05,-6.1643405,0.32306057
58.0,28.0,18.26207,139.0,4.5327295e-05,-6.1728,7.3609904e-08
57.0,28.0,18.69474,139.0,4.5309676e-05,-6.1728,7.3609904e-08
55.0,28.0,19.367407,139.0,4.5345612e-05,-6.1728,7.3609904e-08
54.0,28.0,19.84422,139.0,4.5309676e-05,-6.149311,-0.53799474
54.0,28.0,19.868338,139.0,4.5085508e-05,-6.0790215,-1.0718952
54.0,28.0,19.896393,139.0,4.4825505e-05,-5.5887356,-0.885169
58.0,28.0,18.335426,139.0,4.46856e-05,-5.115821,-0.53769374
62.0,28.0,16.774982,139.0,4.458322e-05,-4.6042385,-0.48392436
63.0,28.0,16.43187,139.0,4.444339e-05,-5.115821,-0.53769374
64.0,28.0,15.926741,139.0,4.4340795e-05,-5.1314692,-0.35882762
