Vmax,Rmax_IBT,Rmax_CK22,R34,fcor,u_trans,v_trans
22.0,74.0,42.36227,106.5,3.8514692e-05,-2.9947207,0.7466679
23.0,74.0,45.05371,120.5,3.897458e-05,-2.401169,0.921722
23.0,74.0,44.86196,119.75,3.9397866e-05,-2.1322846,1.4382441
23.0,74.0,45.046734,120.5,3.995476e-05,-2.0248609,2.3293355
23.0,74.0,45.076763,120.5,4.0688625e-05,-2.8065593,3.009667
23.0,74.0,45.09665,120.5,4.1177245e-05,-3.1981113,2.5897794
23.0,65.0,47.61464,127.0,4.155122e-05,-3.0536513,1.9081337
23.0,56.0,50.538788,134.0,4.1909232e-05,-3.6987176,1.8039843
23.0,56.0,50.561928,134.0,4.2396296e-05,-4.261569,1.8089292
23.0,56.0,50.584976,134.0,4.288343e-05,-3.236378,1.5784862
24.0,56.0,48.408875,134.0,4.3266016e-05,-2.1570606,1.4008118
26.0,56.0,45.419632,134.0,4.3612705e-05,-2.3985834,1.9423344
26.0,56.0,45.430115,134.0,4.4031673e-05,-3.3709748,2.3603814
26.0,56.0,45.4378,134.0,4.4340795e-05,-5.7628055,2.2121327
24.0,59.0,48.451553,134.0,4.4395045e-05,-7.044228,1.4972953
23.0,65.0,50.65317,134.0,4.4340795e-05,-5.627403,0.59146327
24.0,65.0,48.446106,134.0,4.4250264e-05,-3.0864,3.6804952e-08
26.0,65.0,45.4378,134.0,4.4340795e-05,-2.0126367,0.42779866
24.0,65.0,48.46878,134.0,4.4855293e-05,-1.4801137,1.429329
23.0,65.0,50.70894,134.0,4.5551555e-05,-0.7373781,1.920935
23.0,69.0,61.53128,161.5,4.613748e-05,-0.49076116,2.524745
23.0,74.0,72.88675,190.0,4.675884e-05,-0.482819,3.0484014
22.0,74.0,66.19901,161.5,4.751761e-05,-0.5359485,3.0395107
21.0,74.0,57.247612,134.0,4.8202877e-05,-0.32187933,2.0322676
19.0,74.0,61.81257,134.0,4.8599068e-05,-0.13449918,1.5373276
18.0,74.0,65.210014,134.0,4.892293e-05,-0.46285924,2.004864
19.0,74.0,61.876503,134.0,4.940219e-05,-0.5325466,1.9874889
21.0,74.0,57.359055,134.0,4.9880902e-05,-0.80396825,1.8940308
22.0,74.0,53.049007,130.5,5.0257477e-05,-0.7716003,1.3364503
23.0,74.0,48.17952,127.25,5.059779e-05,-0.7005982,1.3750013
26.0,65.0,43.012363,126.75,5.0955707e-05,-0.4511881,1.4757695
28.0,56.0,38.97308,127.25,5.131329e-05,-0.39940992,1.4906167
28.0,56.0,38.120476,124.5,5.1688363e-05,-0.32084942,1.5094774
28.0,56.0,37.55129,122.5,5.2027382e-05,-0.32084942,1.5094774
28.0,56.0,39.11903,127.75,5.226512e-05,-0.18806891,1.5316973
28.0,56.0,41.11028,134.5,5.250265e-05,-0.16130862,1.5347462
28.0,56.0,45.080097,147.0,5.2840893e-05,0.0,2.0576
28.0,56.0,49.593002,162.0,5.321436e-05,-0.053857062,1.5422599
29.0,50.0,46.090557,157.25,5.3534062e-05,0.0,1.5432
31.0,46.0,42.259026,152.75,5.392461e-05,-0.63583326,1.9568939
33.0,37.0,34.280552,135.5,5.453301e-05,-1.4008113,2.1570609
36.0,28.0,28.06928,120.0,5.510506e-05,-2.4649084,1.8574424
37.0,24.0,28.490587,127.0,5.5357996e-05,-3.338604,1.3488826
39.0,22.0,28.528778,134.5,5.5576067e-05,-3.3836453,1.2315458
