Vmax,Rmax_IBT,Rmax_CK22,R34,fcor,u_trans,v_trans
18.0,111.0,81.738884,162.25,6.732903e-05,-7.203507,2.765166
18.0,111.0,84.33659,167.0,6.801876e-05,-7.5761228,3.2158742
18.0,111.0,85.68529,169.25,6.869166e-05,-7.859775,3.8334668
18.0,111.0,87.04432,171.5,6.936598e-05,-7.7916756,3.9700541
18.0,78.0,92.26599,180.5,7.008042e-05,-7.648375,4.2395635
18.0,46.0,97.586334,189.75,7.092813e-05,-7.8522463,4.9066296
18.0,46.0,100.327255,194.5,7.2020426e-05,-8.102682,5.4653273
21.0,65.0,70.63934,159.75,7.216409e-05,-2.7583733,-2.3145492
21.0,65.0,69.50959,157.5,7.159438e-05,-2.182414,-2.1824145
21.0,65.0,62.938133,143.5,7.111708e-05,-1.7540995,-1.8810419
21.0,65.0,56.436344,130.0,7.07056e-05,-1.1505954,-1.7058277
22.0,65.0,52.613503,127.5,7.030424e-05,-0.45118815,-1.4757695
23.0,65.0,47.950996,125.25,7.003676e-05,0.26627314,-0.9937445
23.0,65.0,43.31806,113.25,6.99867e-05,0.86282426,-0.56032467
23.0,65.0,38.717907,102.0,7.003676e-05,0.97844696,-0.3179166
24.0,65.0,36.989292,102.0,7.007009e-05,1.4757695,-0.45118806
26.0,65.0,34.62069,102.0,7.003676e-05,1.9676926,-0.6015841
26.0,59.0,35.42347,104.25,6.984707e-05,2.384717,-0.96348816
26.0,56.0,36.226852,106.5,6.958979e-05,1.6432723,-1.2382947
26.0,59.0,37.029808,108.75,6.943302e-05,0.70059824,-1.3750012
26.0,65.0,37.832558,111.0,6.914198e-05,0.7037408,-1.9335115
27.0,65.0,36.22776,111.0,6.851924e-05,0.4628594,-2.004864
28.0,65.0,34.026783,111.0,6.7793495e-05,0.0,2.0576
28.0,56.0,34.02649,111.0,6.724625e-05,-0.6656827,-2.4843612
28.0,46.0,34.026104,111.0,6.666408e-05,-0.7988192,-2.9812334
29.0,46.0,32.68715,111.0,6.5887405e-05,-1.0048332,-2.9182487
31.0,46.0,30.84147,111.0,6.507438e-05,-2.180724,-3.4898875
33.0,31.0,28.126934,111.0,6.439014e-05,-2.9758494,-3.5464797
36.0,19.0,25.792307,111.0,6.370404e-05,-2.9758494,-3.5464797
39.0,19.0,24.658176,115.5,6.286706e-05,-2.850266,-3.648175
41.0,19.0,23.578985,120.5,6.20965e-05,-2.2168736,-2.8374693
45.0,19.0,21.895948,125.0,6.1600585e-05,-2.0248609,-2.3293355
49.0,19.0,20.069912,130.0,6.1173734e-05,-2.1439936,-2.2201703
50.0,20.0,19.552137,130.0,6.061291e-05,-2.54615,-2.5461502
51.0,22.0,18.801785,130.0,6.0016075e-05,-2.3145494,-2.758373
54.0,22.0,18.485046,139.0,5.9400594e-05,-1.7702862,-2.528231
57.0,22.0,18.058558,148.0,5.8853857e-05,-1.6532496,-1.9702665
55.0,22.0,18.87244,148.0,5.841685e-05,-1.5528905,-1.349907
54.0,22.0,19.436203,148.0,5.8154368e-05,-1.1992917,-0.9711672
52.0,20.0,20.281649,148.0,5.8119283e-05,-0.7645473,-0.6884017
51.0,19.0,20.868013,148.0,5.8154368e-05,-0.4802338,-0.1843444
50.0,19.0,22.767094,157.0,5.807266e-05,-0.4802338,-0.1843444
49.0,19.0,24.456366,167.0,5.7920843e-05,-1.091207,-1.0912073
49.0,22.0,25.182268,173.75,5.7687117e-05,-1.1505954,-1.7058277
49.0,28.0,25.882256,180.5,5.7453286e-05,0.4019842,-0.9470154
49.0,28.0,26.138237,182.75,5.730116e-05,1.5432,-6.745542e-08
49.0,28.0,26.374016,185.0,5.721923e-05,1.5422599,-0.05385685
49.0,20.0,27.010242,192.0,5.7183723e-05,1.5197554,-0.2679739
49.0,13.0,27.586376,199.0,5.721923e-05,3.08593,-0.053864934
47.0,15.0,30.060549,210.5,5.728425e-05,4.0995407,0.35866353
46.0,19.0,32.126644,222.25,5.7453286e-05,2.935341,0.95375
46.0,19.0,32.84064,230.25,5.7786172e-05,1.9988195,1.618612
46.0,19.0,33.533634,238.5,5.8154368e-05,2.0267637,1.5834814
49.0,19.0,30.839378,247.75,5.8387322e-05,2.291669,1.1676637
51.0,19.0,28.18788,256.75,5.862087e-05,2.8616602,1.156186
52.0,24.0,27.411144,264.75,5.8917754e-05,3.84187,1.4747559
54.0,31.0,25.998783,273.0,5.9319285e-05,3.6335058,1.9319696
55.0,31.0,25.02797,284.75,5.9830414e-05,3.8381126,2.5888395
57.0,31.0,23.406712,296.25,6.0479695e-05,4.2137184,2.9504774
58.0,26.0,22.31889,303.25,6.121931e-05,4.1081815,3.0957363
59.0,22.0,20.684258,310.0,6.20965e-05,4.6586714,4.0497212
60.0,22.0,19.435501,317.0,6.297582e-05,5.002652,5.1803975
62.0,22.0,17.67447,324.0,6.416161e-05,5.383837,6.890997
