Vmax,Rmax_IBT,Rmax_CK22,R34,fcor,u_trans,v_trans
19.0,96.0,62.567265,141.66667,2.0316229e-05,2.9142914,-4.8501954
21.0,93.0,38.988926,96.0,2.1556822e-05,3.1641378,-4.6910257
22.0,93.0,40.073864,102.333336,2.2783106e-05,3.4053106,-4.5189986
23.0,93.0,40.9322,111.0,2.3819783e-05,3.7002842,-3.5733223
23.0,78.0,52.006847,140.0,2.456044e-05,3.8381126,-2.5888393
23.0,65.0,63.49783,169.66667,2.5074483e-05,3.451297,-2.2412987
23.0,65.0,59.61085,159.66667,2.5525604e-05,2.5282307,-1.7702866
23.0,65.0,56.228405,151.33333,2.5826394e-05,1.3750014,-0.70059794
23.0,96.0,55.515217,149.66667,2.5989128e-05,0.5144,-2.2485139e-08
23.0,130.0,54.14263,145.75,2.6076874e-05,0.90837646,-0.48299235
23.0,130.0,57.95334,155.5,2.6202031e-05,1.1992918,-0.97116715
23.0,130.0,62.37995,166.75,2.6327272e-05,1.4097834,-0.6276759
24.0,111.0,61.185066,171.0,2.647116e-05,2.042263,-0.25075826
26.0,93.0,59.21758,175.75,2.6577594e-05,2.5716083,0.04488753
26.0,83.0,62.10353,184.25,2.655894e-05,2.572,-1.1242569e-07
26.0,74.0,65.641235,194.5,2.6577594e-05,2.4843612,-0.6656825
26.0,74.0,64.67562,191.75,2.6790154e-05,2.1811795,-1.3629527
26.0,74.0,64.04602,190.0,2.707799e-05,2.1811795,-1.3629527
27.0,78.0,60.609158,187.25,2.7328011e-05,2.349639,-1.0461265
28.0,83.0,56.60347,185.25,2.7578055e-05,2.4596157,-0.75198007
29.0,69.0,56.527355,192.25,2.777153e-05,2.9947207,-0.7466677
31.0,56.0,55.27197,199.25,2.807779e-05,3.4245644,-1.1127081
31.0,46.0,57.041824,205.75,2.8571234e-05,4.1250043,-2.1017938
31.0,37.0,59.040955,213.0,2.9325609e-05,4.0703125,-3.9306545
31.0,37.0,60.271248,217.5,3.0465293e-05,3.8356209,-5.4778333
31.0,37.0,61.497047,222.0,3.156599e-05,2.3844204,-3.9683418
32.0,41.0,61.58889,232.0,3.211853e-05,0.8039684,-1.8940308
33.0,46.0,60.680428,243.0,3.2559245e-05,0.49076077,-2.524745
33.0,46.0,58.771477,234.0,3.3284552e-05,0.56328917,-3.5564682
33.0,46.0,57.04754,226.75,3.404614e-05,0.21529634,-3.0788817
32.0,50.0,59.870537,225.25,3.4683122e-05,0.08976139,-2.5704334
31.0,56.0,62.100746,224.75,3.5282377e-05,-0.044887558,-2.5716083
29.0,50.0,66.74698,227.5,3.5899484e-05,0.0,2.572
28.0,46.0,70.84595,231.5,3.651592e-05,0.4023494,-2.5403345
29.0,46.0,66.71985,227.25,3.7076243e-05,0.7466676,-2.9947207
31.0,46.0,61.968998,224.5,3.7746686e-05,0.8711122,-3.493841
33.0,56.0,54.06993,215.75,3.863721e-05,0.99555683,-3.992961
36.0,65.0,47.662148,208.5,3.9709896e-05,1.759352,-4.833779
40.0,37.0,46.70382,235.75,4.082308e-05,2.2109132,-5.208585
44.0,9.0,43.598244,264.0,4.2152973e-05,2.1112225,-5.8005347
45.0,15.0,40.578487,254.25,4.3837386e-05,1.8432422,-6.428149
46.0,22.0,37.149017,245.25,4.5551555e-05,1.3885782,-6.0145917
