Vmax,Rmax_IBT,Rmax_CK22,R34,fcor,u_trans,v_trans
24.0,52.0,39.741165,111.5,4.0175855e-05,0.1077138,3.0845199
26.0,50.0,37.355194,111.5,3.9863004e-05,0.0897615,2.5704334
27.0,46.0,35.223415,111.5,3.9606068e-05,0.32084933,1.5094774
28.0,46.0,33.924522,111.5,3.9464914e-05,0.77644527,0.6749535
29.0,50.0,32.711956,111.5,3.9146216e-05,0.7995278,0.64744484
31.0,56.0,31.039637,111.5,3.897458e-05,0.41081813,0.30957362
31.0,56.0,35.533752,127.25,3.893783e-05,1.0281733,0.035904597
31.0,56.0,36.94107,132.75,3.894797e-05,1.9209352,-0.7373778
31.0,56.0,40.001705,143.75,3.897458e-05,0.48922348,-0.1589583
32.0,56.0,41.652916,155.0,3.9011247e-05,0.29504773,0.42137182
33.0,56.0,42.344124,166.5,3.897458e-05,0.52987117,0.88185376
33.0,46.0,42.357826,166.5,3.8673836e-05,1.7256485,1.1206493
33.0,41.0,42.36457,166.5,3.852599e-05,3.5564682,0.56328934
33.0,37.0,42.3664,166.5,3.8483773e-05,4.62678,-0.16157055
34.0,37.0,51.71926,214.0,3.8722843e-05,4.595092,-0.5642061
35.0,37.0,54.568726,231.5,3.8895552e-05,5.317157,-1.9352865
36.0,37.0,58.53899,261.5,3.9219805e-05,6.200264,-2.5050693
37.0,37.0,56.20047,261.5,3.9833045e-05,6.1556,-2.6128974
38.0,37.0,55.09683,261.5,4.000273e-05,5.7320495,-3.4441626
38.0,37.0,55.067738,261.5,4.0143746e-05,4.798595,-2.9984958
39.0,37.0,52.94412,261.5,4.0444127e-05,4.161057,-2.029483
39.0,37.0,52.859497,261.5,4.082799e-05,4.350401,-1.5834162
39.0,37.0,52.782463,261.5,4.1177245e-05,4.9447303,-1.4178786
42.0,37.0,46.228962,261.5,4.1555628e-05,5.4111547,-1.6543561
44.0,37.0,42.94395,261.5,4.1805193e-05,5.6820927,-2.4119053
46.0,37.0,39.919125,261.5,4.2152973e-05,5.8487573,-3.2420187
46.0,31.0,41.57257,281.0,4.3157106e-05,5.6710668,-3.5436769
46.0,31.0,41.58311,281.5,4.325311e-05,4.208392,-5.19693
46.0,28.0,42.952347,300.75,4.4340795e-05,3.5609472,-4.3974023
47.0,28.0,39.55683,284.75,4.5376055e-05,3.9306555,-4.070312
48.0,28.0,38.04132,277.75,4.5791323e-05,3.6421103,-5.608358
49.0,28.0,35.538292,268.5,4.651767e-05,2.1112225,-5.8005347
