Vmax,Rmax_IBT,Rmax_CK22,R34,fcor,u_trans,v_trans
19.0,46.0,102.359665,222.5,2.9805278e-05,-4.6232553,0.24229544
21.0,56.0,90.67546,213.0,2.9824112e-05,-4.084526,0.5015159
22.0,56.0,89.1651,219.25,2.9892668e-05,-3.048401,0.48281956
23.0,56.0,86.08261,226.75,3.0073232e-05,-2.4461174,0.79479206
24.0,59.0,83.33612,229.5,3.0427838e-05,-2.9002674,1.0556108
26.0,65.0,79.49643,233.75,3.0820032e-05,-2.4168894,0.8796756
27.0,65.0,78.472855,241.0,3.1068776e-05,-2.349639,1.0461266
28.0,65.0,75.8433,247.75,3.131743e-05,-2.349639,1.0461266
28.0,65.0,72.86826,238.0,3.1690262e-05,-1.6646336,1.2094265
28.0,65.0,70.17367,229.5,3.206281e-05,-0.9919501,1.1821597
29.0,59.0,65.9098,224.25,3.2329626e-05,-0.61914724,0.82163626
31.0,56.0,61.014084,220.0,3.2559245e-05,-0.5900956,0.8427435
31.0,78.0,63.027424,227.25,3.273275e-05,-1.7058278,1.1505953
31.0,102.0,65.3946,236.25,3.305528e-05,-2.080792,1.5117832
32.0,87.0,61.806564,232.0,3.3798766e-05,-2.3985834,1.9423344
33.0,74.0,57.696964,229.25,3.454095e-05,-2.5884728,1.6809741
34.0,65.0,55.69713,229.75,3.484378e-05,-2.143994,2.2201698
36.0,56.0,53.145966,231.75,3.5035337e-05,-1.1206491,1.7256486
37.0,56.0,52.99398,240.25,3.5405705e-05,-1.071997,1.1100849
39.0,56.0,51.97309,250.0,3.577612e-05,-1.5290946,1.3768034
41.0,56.0,45.47271,236.5,3.6078403e-05,-1.7637078,1.059742
44.0,56.0,40.13909,224.75,3.626943e-05,-1.4407014,0.5530332
