Vmax,Rmax_IBT,Rmax_CK22,R34,fcor,u_trans,v_trans
23.0,56.0,27.253107,74.0,3.7746686e-05,0.17933193,-2.04977
22.0,56.0,29.08761,74.0,3.8047827e-05,1.0719969,-1.1100851
21.0,56.0,30.452896,74.0,3.8238195e-05,1.2160583,-0.95008886
21.0,56.0,30.458626,74.0,3.8465183e-05,1.1821598,-0.9919499
21.0,56.0,30.465342,74.0,3.872924e-05,1.7058278,-1.1505952
22.0,56.0,29.109837,74.0,3.904225e-05,2.106859,-1.4752388
23.0,56.0,27.284033,74.0,3.9464914e-05,2.1824143,-2.1824143
23.0,56.0,39.716785,106.5,4.0039817e-05,2.362337,-2.7175586
23.0,56.0,52.450607,139.0,4.0688625e-05,3.242822,-2.5335703
24.0,56.0,54.26355,150.0,4.1317813e-05,4.5418825,-2.4149618
26.0,56.0,55.02071,162.0,4.1909232e-05,4.377373,-1.5072502
27.0,56.0,42.65506,131.5,4.237825e-05,4.4502573,-1.2760907
28.0,56.0,31.09505,102.0,4.288343e-05,4.6620474,-2.1739488
28.0,56.0,31.098595,102.0,4.3485215e-05,4.9939003,-3.6282809
28.0,56.0,31.103493,102.0,4.4340795e-05,3.8846695,-4.797166
29.0,50.0,35.449463,120.25,4.5617347e-05,2.656458,-4.9960704
31.0,46.0,38.626045,139.0,4.6999867e-05,2.8292003,-4.900318
32.0,46.0,37.2088,139.0,4.810087e-05,3.8003554,-4.864233
33.0,46.0,35.22536,139.0,4.916265e-05,4.560659,-4.8907084
33.0,33.0,37.41771,148.0,5.0322647e-05,4.7285643,-4.7285643
33.0,22.0,39.574688,157.5,5.155148e-05,4.474611,-4.969558
34.0,33.0,38.28126,158.25,5.273501e-05,3.5436769,-5.6710668
36.0,46.0,36.434933,159.75,5.4161024e-05,1.98503,-6.922622
