Vmax,Rmax_IBT,Rmax_CK22,R34,fcor,u_trans,v_trans
21.0,74.0,34.283607,82.5,4.758333e-05,-3.522114,0.74864763
23.0,74.0,45.35041,120.5,4.796257e-05,-3.4613113,0.9925145
26.0,69.0,43.922176,129.5,4.8340455e-05,-3.9353857,1.203167
28.0,65.0,42.521328,139.0,4.868306e-05,-5.0494905,0.9815209
29.0,50.0,44.124184,150.0,4.8958875e-05,-6.138985,0.6452327
31.0,37.0,44.86727,162.0,4.916265e-05,-6.661753,0.58282787
32.0,37.0,45.989426,173.5,4.9299855e-05,-6.6709104,0.4664761
33.0,37.0,46.20838,185.0,4.9402213e-05,-7.184057,0.5023589
37.0,37.0,41.466705,190.5,4.952138e-05,-7.184057,0.5023589
41.0,37.0,36.91754,196.75,4.9641636e-05,-6.149311,0.5379949
44.0,31.0,34.333847,200.5,4.976091e-05,-5.115821,0.5376939
46.0,28.0,32.167336,205.75,4.9880902e-05,-5.6368685,0.49316204
46.0,28.0,34.89134,232.0,4.999981e-05,-6.149311,0.5379949
46.0,28.0,37.46914,259.5,5.012002e-05,-6.149311,0.5379949
47.0,28.0,36.040977,259.5,5.023885e-05,-5.6368685,0.49316204
49.0,28.0,34.0355,259.5,5.035898e-05,-5.6368685,0.49316204
50.0,28.0,32.76194,259.5,5.0478226e-05,-6.149311,0.5379949
51.0,28.0,30.97283,259.5,5.059779e-05,-6.157763,0.43059334
54.0,28.0,28.565083,264.0,5.0681003e-05,-5.6368685,0.49316204
57.0,28.0,26.245365,268.5,5.083645e-05,-5.5724363,0.98257077
57.0,28.0,26.574907,282.0,5.1229214e-05,-5.0121593,1.1571491
57.0,28.0,26.88107,296.5,5.155148e-05,-4.6042385,0.4839245
55.0,28.0,28.681515,301.0,5.145008e-05,-4.62678,-0.16157195
54.0,28.0,30.048038,306.0,5.131329e-05,-4.62678,0.16156985
54.0,28.0,29.983849,306.0,5.1479627e-05,-4.559266,0.8039215
54.0,28.0,29.864363,306.0,5.178951e-05,-3.867023,1.407481
54.0,28.0,29.727627,306.0,5.2145984e-05,-3.7296379,1.7391584
54.0,28.0,29.591164,306.0,5.250265e-05,-3.974978,1.0650918
57.0,28.0,26.904537,317.0,5.2686628e-05,-4.075151,0.5727259
59.0,28.0,24.262438,329.0,5.2977284e-05,-4.1958427,1.9565531
