Vmax,Rmax_IBT,Rmax_CK22,R34,fcor,u_trans,v_trans
21.0,74.0,34.316505,83.0,3.5775953e-05,-2.8586588,2.9602263
23.0,74.0,27.268093,74.5,3.651592e-05,-3.3302557,3.2159903
23.0,74.0,27.282757,74.5,3.7291586e-05,-3.4404626,3.0978076
23.0,74.0,27.295906,74.5,3.7992504e-05,-3.6973627,2.7861636
24.0,65.0,27.89188,79.0,3.8557282e-05,-3.5274155,2.119484
26.0,56.0,27.872879,83.5,3.897458e-05,-3.3145537,1.406945
26.0,56.0,27.876778,83.5,3.9256523e-05,-3.4434626,1.0527711
26.0,56.0,27.879715,83.5,3.9464914e-05,-3.4613113,0.9925145
26.0,56.0,27.882805,83.5,3.969135e-05,-2.9182484,1.0048336
26.0,56.0,27.886452,83.5,3.995476e-05,-2.8195667,1.255352
26.0,56.0,27.890991,83.5,4.0284867e-05,-3.1793177,1.6904734
26.0,56.0,27.896503,83.5,4.0688625e-05,-3.2083368,1.6347281
27.0,46.0,26.848091,83.5,4.11222e-05,-4.087694,2.173466
28.0,37.0,25.40432,83.5,4.1665367e-05,-4.362359,2.7259054
29.0,37.0,26.430614,89.5,4.2396696e-05,-4.6350904,3.2455244
31.0,37.0,27.140411,97.5,4.3126656e-05,-3.8381126,2.5888395
34.0,31.0,26.870651,108.5,4.364846e-05,-3.5274155,2.119484
39.0,28.0,26.249737,120.5,4.409823e-05,-4.1958427,1.9565531
41.0,28.0,24.377018,120.5,4.4583543e-05,-4.735077,2.0099213
44.0,28.0,22.708252,120.5,4.506766e-05,-4.6620474,2.173948
47.0,28.0,24.017746,143.5,4.5569235e-05,-4.087694,2.173466
51.0,28.0,24.190887,166.5,4.6034886e-05,-3.6987176,1.8039843
54.0,28.0,22.947609,171.0,4.6433015e-05,-3.8155472,1.5415801
57.0,28.0,21.741129,176.0,4.675884e-05,-3.9137876,1.2716672
58.0,28.0,21.128948,176.0,4.6999416e-05,-3.974978,1.0650918
59.0,28.0,20.26931,176.0,4.7240763e-05,-4.427309,1.3535628
