Vmax,Rmax_IBT,Rmax_CK22,R34,fcor,u_trans,v_trans
22.0,65.0,36.847885,92.75,3.9059894e-05,-6.243039,2.3964772
23.0,56.0,28.185596,76.25,3.995476e-05,-6.2839127,2.2871566
24.0,56.0,43.330788,120.75,4.0932642e-05,-6.6291075,2.81389
26.0,56.0,56.62583,166.5,4.1909232e-05,-5.398853,2.9926329
28.0,50.0,51.028614,166.5,4.2743548e-05,-4.45888,3.483659
31.0,46.0,46.236412,166.5,4.3612705e-05,-4.5872836,4.13041
31.0,46.0,46.20886,166.5,4.4703906e-05,-4.9695573,4.4746113
31.0,46.0,46.180634,166.5,4.5793287e-05,-4.6586723,4.0497203
31.0,46.0,46.650055,168.5,4.672816e-05,-4.5189986,3.4053109
31.0,46.0,47.366955,171.0,4.748151e-05,-4.362359,2.7259054
32.0,46.0,44.828674,168.5,4.7998703e-05,-4.5833383,2.335326
33.0,46.0,41.888454,166.5,4.844305e-05,-4.623397,2.2549803
34.0,46.0,42.435036,176.0,4.9060058e-05,-5.1692057,2.3014786
36.0,46.0,42.013634,185.0,4.9641636e-05,-5.317157,1.9352864
36.0,46.0,41.980484,185.0,5.001836e-05,-5.411155,1.6543547
36.0,46.0,41.95046,185.0,5.035898e-05,-4.833779,1.7593513
37.0,46.0,40.559097,186.0,5.080047e-05,-4.1610575,2.0294824
39.0,46.0,38.58582,187.25,5.131329e-05,-4.0093513,2.3147995
39.0,46.0,39.881054,195.5,5.1854662e-05,-3.7454257,2.7212098
39.0,46.0,41.16928,203.5,5.250265e-05,-3.637358,3.6373568
63.0,41.0,19.391237,250.0,5.6198736e-05,-3.4898872,2.1807244
67.0,37.0,16.851776,278.0,5.6750614e-05,-4.0491395,2.2444746
67.0,37.0,16.702608,278.0,5.725458e-05,-4.5833383,2.335326
67.0,37.0,16.575428,278.0,5.768715e-05,-3.6335058,1.9319696
72.0,37.0,13.694311,278.0,5.803723e-05,-2.6455615,1.589613
77.0,37.0,11.347979,278.0,5.83877e-05,-2.6455615,1.589613
