Vmax,Rmax_IBT,Rmax_CK22,R34,fcor,u_trans,v_trans
21.0,74.0,55.54824,134.5,2.53252e-05,-6.3205776,4.425715
23.0,59.0,51.656944,139.25,2.6239493e-05,-7.333341,3.7365215
26.0,46.0,48.88707,145.75,2.707799e-05,-6.9350953,3.3824704
27.0,50.0,54.807938,169.5,2.7846456e-05,-6.4166737,3.2694561
28.0,56.0,59.470695,194.5,2.857718e-05,-5.5000057,2.802391
28.0,50.0,61.47616,200.5,2.9362516e-05,-4.6620474,2.173948
28.0,46.0,63.76346,208.5,3.0073232e-05,-4.3773727,1.5072504
29.0,46.0,64.05133,217.5,3.055246e-05,-4.9447303,1.4178778
31.0,46.0,63.002235,227.0,3.1068776e-05,-5.128252,2.3913426
32.0,46.0,60.637386,227.0,3.1882373e-05,-5.1174836,3.451786
33.0,46.0,57.313446,227.0,3.280731e-05,-4.72864,3.9677987
34.0,41.0,56.98005,234.75,3.356313e-05,-4.287988,4.4403396
36.0,37.0,55.562237,243.5,3.454095e-05,-4.6291003,5.5167446
37.0,37.0,54.635582,249.5,3.6053276e-05,-5.503283,6.795985
39.0,37.0,52.751102,257.0,3.7746686e-05,-5.8514132,6.498654
40.0,37.0,51.602135,263.75,3.9219427e-05,-5.920455,5.717316
41.0,37.0,49.54199,271.0,4.0688625e-05,-5.7173176,5.9204526
44.0,37.0,44.74353,271.0,4.2274456e-05,-5.737106,6.5997844
46.0,37.0,40.383495,271.0,4.385554e-05,-6.539814,7.2632003
49.0,37.0,36.441704,271.0,4.5345325e-05,-7.274716,7.2747135
51.0,37.0,32.875557,271.0,4.675884e-05,-7.487013,6.2823477
55.0,56.0,28.821014,275.0,4.8065325e-05,-6.9839077,5.2627535
59.0,74.0,24.75011,280.25,4.9402213e-05,-5.5504265,5.359984
62.0,69.0,22.154057,280.25,5.0918992e-05,-4.0270853,5.970396
64.0,65.0,19.766712,280.25,5.250265e-05,-3.269458,6.4166727
