Vmax,Rmax_IBT,Rmax_CK22,R34,fcor,u_trans,v_trans
21.0,83.0,55.446556,134.5,2.4121002e-05,2.6759157,-2.4094057
23.0,83.0,51.396843,139.0,2.4823696e-05,1.9423348,-2.398583
24.0,83.0,49.324005,139.0,2.5431671e-05,1.3529886,-2.774038
26.0,83.0,46.477467,139.0,2.6076874e-05,0.0,3.0864
26.0,83.0,46.504944,139.0,2.6846594e-05,-1.3488836,-3.3386035
26.0,83.0,46.53073,139.0,2.7578055e-05,-1.7702862,-2.528231
26.0,83.0,46.549477,139.0,2.8115257e-05,-1.4293292,-1.4801135
26.0,83.0,46.56541,139.0,2.857718e-05,-1.3499072,-1.5528904
27.0,78.0,47.84408,148.0,2.901991e-05,-1.3246776,-2.2046344
28.0,74.0,48.08033,157.5,2.9574905e-05,-2.0575998,-3.563868
29.0,74.0,46.354145,157.5,3.040936e-05,-3.7122447,-4.2704487
31.0,74.0,43.94093,157.5,3.131743e-05,-4.72864,-3.9677987
28.0,74.0,48.823555,159.75,3.210021e-05,-4.5189986,-3.4053109
26.0,74.0,54.68336,162.25,3.280731e-05,-4.362359,-2.7259054
27.0,59.0,52.537323,162.25,3.3463915e-05,-3.599235,-1.9950885
28.0,46.0,49.556618,162.25,3.404614e-05,-3.5274143,-2.1194856
31.0,46.0,45.17144,162.25,3.45592e-05,-3.0536513,-1.9081337
33.0,46.0,41.395885,162.25,3.5035337e-05,-3.6987176,-1.8039843
34.0,46.0,40.012897,162.25,3.5547455e-05,-4.802338,-1.843444
36.0,46.0,38.079224,162.25,3.6022833e-05,-5.8005347,-2.1112216
33.0,46.0,41.34003,162.25,3.6429672e-05,-6.359905,-2.0664594
31.0,46.0,45.133484,162.25,3.67623e-05,-6.4885616,-1.6177803
29.0,50.0,48.393284,164.5,3.7045116e-05,-6.096802,-0.96563894
28.0,56.0,51.006855,166.75,3.7254722e-05,-6.126789,-0.7522766
31.0,56.0,47.018684,169.0,3.7414888e-05,-5.6368685,-0.49316186
33.0,56.0,43.550083,171.25,3.7500762e-05,-4.1126933,0.14361764
34.0,46.0,42.624126,173.5,3.7426125e-05,-3.0746555,0.26899746
36.0,37.0,41.030487,176.0,3.7500762e-05,-3.2894945,-1.4645773
40.0,31.0,38.33367,185.0,3.809626e-05,-4.2137184,-2.9504766
44.0,28.0,35.236855,194.5,3.872924e-05,-5.8706813,-1.9075009
46.0,19.0,33.875595,203.5,3.901771e-05,-7.7113,-0.26928657
49.0,9.0,32.524162,213.0,3.897458e-05,-7.621003,1.2070489
50.0,9.0,32.87574,224.5,3.8501657e-05,-6.886925,2.1055422
51.0,9.0,32.631485,236.0,3.7992504e-05,-7.092191,1.2505447
51.0,9.0,33.501198,245.5,3.801023e-05,-7.197213,0.25133088
51.0,9.0,34.33974,254.75,3.7992504e-05,-7.112936,1.1265789
52.0,9.0,33.672127,257.0,3.7395603e-05,-7.4170957,2.1268167
54.0,9.0,32.55468,259.25,3.67623e-05,-7.069287,1.3741292
57.0,9.0,30.524548,261.5,3.6546244e-05,-7.697204,0.5382417
59.0,9.0,28.598862,263.75,3.651592e-05,-8.229147,0.14363956
60.0,9.0,27.803736,263.75,3.6515612e-05,-8.744801,1.042807e-07
62.0,9.0,26.665535,263.75,3.651592e-05,-8.210351,0.57412446
63.0,9.0,26.441315,273.5,3.633638e-05,-7.162149,0.75277144
64.0,9.0,25.761896,282.5,3.626943e-05,-6.637355,-0.8149663
65.0,9.0,24.987186,284.75,3.6564863e-05,-6.8092465,-2.3446116
67.0,9.0,23.818209,287.0,3.700857e-05,-6.459339,-1.7307743
69.0,19.0,22.249083,294.25,3.7340244e-05,-6.6048694,-1.0461088
72.0,28.0,20.69269,301.0,3.7746686e-05,-6.4885616,-1.6177803
75.0,24.0,19.063095,303.25,3.834269e-05,-6.2839127,-2.2871566
77.0,22.0,17.518108,305.5,3.897458e-05,-5.7628055,-2.2121327
