Vmax,Rmax_IBT,Rmax_CK22,R34,fcor,u_trans,v_trans
21.0,74.0,30.261951,74.0,3.0820032e-05,-8.732816,0.4576692
22.0,65.0,28.926771,74.0,3.099288e-05,-7.1315145,1.0022703
23.0,56.0,24.83574,68.0,3.131743e-05,-6.4885616,1.6177806
26.0,46.0,25.64354,77.0,3.1758027e-05,-6.359905,2.0664594
28.0,37.0,26.284681,86.666664,3.231108e-05,-6.7232733,2.5808215
29.0,37.0,26.317,89.666664,3.2949505e-05,-6.677208,2.697765
31.0,37.0,23.318403,83.5,3.3550914e-05,-6.886925,2.1055422
32.0,31.0,25.708572,95.0,3.3940916e-05,-6.515807,1.5042937
33.0,28.0,27.479769,106.5,3.4293596e-05,-5.9030786,1.8047506
36.0,22.0,27.07183,113.25,3.4787576e-05,-5.2463775,2.1196725
39.0,19.0,26.60419,120.5,3.5282377e-05,-4.802338,1.843444
40.0,19.0,25.848679,120.5,3.5689798e-05,-4.9192324,1.5039588
41.0,19.0,24.79179,120.5,3.6022833e-05,-4.4718504,1.1982284
46.0,19.0,25.516758,143.5,3.6250534e-05,-3.4613113,0.9925145
51.0,19.0,25.502384,167.0,3.651592e-05,-3.2894945,1.4645773
54.0,19.0,24.206608,169.25,3.697151e-05,-3.5274155,2.119484
57.0,19.0,22.974562,171.5,3.7500762e-05,-3.4898872,2.1807244
65.0,19.0,19.219147,176.0,3.7966707e-05,-3.5274155,2.119484
75.0,19.0,16.022572,180.75,3.8483773e-05,-4.0491395,2.2444746
75.0,19.0,15.970381,180.75,3.872924e-05,-4.5833383,2.335326
73.0,19.0,16.651348,182.0,3.9024882e-05,-3.6666706,1.8682607
69.0,19.0,17.830418,185.25,3.9464914e-05,-3.6666706,1.8682607
70.0,13.0,17.43716,187.5,3.9932504e-05,-4.1250043,2.1017933
72.0,9.0,16.837223,189.75,4.0444127e-05,-3.9683423,2.3844194
73.0,9.0,16.33574,189.75,4.1054955e-05,-3.8827093,2.5214612
75.0,9.0,15.672435,189.75,4.1665367e-05,-4.0093513,2.3147995
76.0,9.0,15.565897,199.25,4.2119602e-05,-4.087694,2.173466
77.0,9.0,15.180329,208.5,4.2640077e-05,-3.8381126,2.5888395
