Vmax,Rmax_IBT,Rmax_CK22,R34,fcor,u_trans,v_trans
19.0,111.0,46.25763,104.0,3.0284775e-05,-1.5432006,2.6729007
21.0,111.0,48.010338,116.0,3.1068776e-05,-2.1670153,2.875727
22.0,111.0,49.67164,125.0,3.1671727e-05,-2.8065593,3.009667
23.0,111.0,50.05945,134.25,3.231108e-05,-3.3065002,3.940532
26.0,78.0,47.529804,141.25,3.3178836e-05,-3.6371503,4.334585
28.0,46.0,45.280144,148.25,3.404614e-05,-4.138292,3.8590195
29.0,50.0,47.021126,159.75,3.4701996e-05,-4.2645693,2.8764882
31.0,56.0,47.65342,171.25,3.5282377e-05,-4.3141212,2.8016236
33.0,46.0,44.694763,176.0,3.5936264e-05,-3.8381126,2.5888395
36.0,37.0,42.01551,180.5,3.651592e-05,-3.1793177,1.6904734
40.0,37.0,38.7365,187.5,3.6866975e-05,-2.774038,1.3529882
44.0,37.0,35.23094,194.75,3.7254722e-05,-2.2201705,2.1439936
51.0,28.0,29.06305,201.5,3.795543e-05,-1.8004006,3.1183841
59.0,19.0,24.187117,208.25,3.872924e-05,-1.690473,3.179318
64.0,13.0,21.648964,215.25,3.9342376e-05,-1.6355429,2.6174157
69.0,9.0,19.326344,222.0,3.995476e-05,-1.9611359,3.019885
68.0,11.0,20.18783,231.75,4.0743616e-05,-2.1164973,2.9131083
67.0,13.0,20.852247,241.0,4.142137e-05,-1.7866617,1.8501415
67.0,13.0,20.979816,247.75,4.1738418e-05,-1.7256485,1.1206495
67.0,13.0,21.128128,254.5,4.1909232e-05,-1.8167529,0.9659848
64.0,24.0,22.697994,256.75,4.2134823e-05,-1.7256485,1.1206495
62.0,37.0,24.431746,259.0,4.239659e-05,-1.128625,1.05246
60.0,33.0,25.618341,264.0,4.2725165e-05,-0.79480684,1.3227805
59.0,31.0,26.451832,268.5,4.3126656e-05,-0.6698888,1.9454991
60.0,33.0,25.46721,268.5,4.3594475e-05,-0.7519801,2.4596157
62.0,37.0,24.120163,268.5,4.409823e-05,-0.9659845,1.816753
62.0,37.0,24.07771,273.0,4.452836e-05,-1.7540995,1.8810419
62.0,37.0,23.977642,277.5,4.506766e-05,-2.25725,2.10492
63.0,37.0,22.97392,280.0,4.5914465e-05,-3.0581892,2.7536068
64.0,37.0,21.619324,282.25,4.675884e-05,-3.6481745,2.8502665
67.0,28.0,19.780888,291.75,4.724015e-05,-3.7454257,2.7212098
69.0,19.0,17.999668,300.75,4.7722115e-05,-4.45888,3.483659
70.0,22.0,17.117126,300.75,4.8508653e-05,-5.269585,4.1170516
72.0,28.0,15.954914,300.75,4.9402213e-05,-5.477834,3.8356197
73.0,28.0,15.144016,305.75,5.0257207e-05,-5.8487573,3.242019
75.0,28.0,14.094935,310.25,5.1074945e-05,-6.472756,3.1569724
