Vmax,Rmax_IBT,Rmax_CK22,R34,fcor,u_trans,v_trans
18.0,56.0,91.04488,185.0,4.2621756e-05,-1.6854874,1.1801907
18.0,56.0,91.08561,185.0,4.288343e-05,-1.0124304,1.1646677
19.0,56.0,86.36037,185.0,4.312661e-05,-0.46706545,0.9166675
21.0,56.0,79.94275,185.0,4.3369746e-05,-0.35187057,0.9667557
21.0,56.0,79.97064,185.0,4.361269e-05,-0.46706545,0.9166675
21.0,56.0,79.99846,185.0,4.385554e-05,-0.5900956,0.8427435
22.0,56.0,76.121765,185.0,4.407997e-05,-1.071997,1.1100849
23.0,56.0,70.82211,185.0,4.4340795e-05,-1.5762132,1.3225996
23.0,56.0,70.84711,185.0,4.468625e-05,-2.0267637,1.5834814
23.0,56.0,70.87457,185.0,4.506766e-05,-2.0540903,1.5478686
26.0,50.0,67.23308,196.75,4.5430632e-05,-2.0267637,1.5834814
28.0,46.0,63.678627,208.25,4.5793287e-05,-1.9411135,1.6873834
31.0,46.0,57.191647,208.25,4.6155597e-05,-1.4032797,1.5048335
33.0,46.0,51.597626,208.25,4.651767e-05,-1.2667849,1.6214111
33.0,41.0,46.869026,188.0,4.6861216e-05,-1.090362,1.7449437
33.0,37.0,42.383,169.25,4.7240763e-05,-1.209427,1.6646333
33.0,37.0,42.36138,169.25,4.7631922e-05,-1.4752389,2.1068587
33.0,37.0,42.32973,169.25,4.8202877e-05,-1.634729,3.2083364
33.0,37.0,45.577408,183.0,4.907282e-05,-1.5072497,4.377373
33.0,37.0,48.663826,197.0,5.012002e-05,-0.9625483,4.528432
36.0,37.0,43.97537,197.0,5.115834e-05,-0.48392585,4.6042385
39.0,37.0,39.8251,197.0,5.22651e-05,-0.32294413,4.618323
41.0,31.0,36.147385,197.0,5.327162e-05,-0.5376954,5.1158204
44.0,28.0,32.806,197.0,5.4633376e-05,-0.62766284,7.174196
