Vmax,Rmax_IBT,Rmax_CK22,R34,fcor,u_trans,v_trans
26.0,139.0,96.133995,280.66666,3.4009976e-05,-7.1315145,1.0022703
26.0,130.0,97.21912,283.66666,3.4293596e-05,-7.069287,1.3741292
27.0,120.0,93.84376,286.66666,3.4682645e-05,-7.044228,1.4972953
28.0,111.0,88.60801,290.0,3.5035337e-05,-7.112936,1.1265789
28.0,102.0,87.69894,287.0,3.5195262e-05,-7.184057,0.5023589
28.0,93.0,86.78299,283.66666,3.5282377e-05,-7.1917305,0.376904
29.0,83.0,82.17398,281.0,3.540562e-05,-7.697204,0.5382417
31.0,74.0,63.663795,231.5,3.5529305e-05,-7.184057,0.5023589
32.0,65.0,60.52965,229.25,3.567087e-05,-7.184057,0.5023589
33.0,56.0,56.46935,226.75,3.577612e-05,-6.6780353,0.3499823
34.0,50.0,54.350815,227.0,3.5830974e-05,-6.1728,7.3609904e-08
36.0,46.0,51.39297,227.0,3.577612e-05,-6.149311,-0.53799474
40.0,41.0,44.890106,224.75,3.5566092e-05,-6.0790215,-1.0718952
44.0,37.0,38.865227,222.25,3.5282377e-05,-6.0790215,-1.0718952
47.0,31.0,34.75351,222.5,3.5053774e-05,-5.5544395,-1.0796728
51.0,28.0,30.782303,222.5,3.47882e-05,-4.9447303,-1.4178778
57.0,22.0,27.128294,224.75,3.4398356e-05,-3.8418703,-1.4747552
62.0,19.0,24.12684,227.0,3.404614e-05,-3.443462,-1.0527729
68.0,13.0,20.842478,227.0,3.386654e-05,-3.5657573,-0.50113505
75.0,9.0,17.939064,227.0,3.3798577e-05,-3.0821702,-0.16153023
