Vmax,Rmax_IBT,Rmax_CK22,R34,fcor,u_trans,v_trans
22.0,69.0,28.948109,73.75,4.0131872e-05,-1.7258937,2.558741
23.0,65.0,25.559101,69.5,4.0688625e-05,-2.2660575,2.7983465
26.0,65.0,29.124886,87.0,4.131806e-05,-2.2168736,2.8374693
28.0,65.0,32.514744,106.5,4.1909232e-05,-1.1561859,2.8616602
29.0,59.0,33.262707,113.0,4.2396543e-05,0.0,2.572
31.0,56.0,33.574566,120.5,4.288343e-05,0.6656826,2.4843612
32.0,37.0,36.509903,136.0,4.3473032e-05,0.92172235,2.4011688
33.0,19.0,38.549133,153.0,4.409823e-05,1.0869741,2.3310237
36.0,22.0,41.438915,182.5,4.4686185e-05,1.0869741,2.3310237
39.0,28.0,43.17775,213.0,4.5309676e-05,1.255352,2.8195667
42.0,28.0,39.153748,221.5,4.6016623e-05,1.255352,2.8195667
46.0,28.0,35.058777,231.5,4.675884e-05,1.9081333,3.0536516
46.0,28.0,34.895477,231.5,4.744572e-05,2.065334,2.9496028
46.0,28.0,34.715958,231.5,4.8202877e-05,1.9319694,3.6335058
46.0,28.0,34.49765,231.5,4.9126556e-05,1.203168,3.9353852
46.0,28.0,34.263885,231.5,5.012002e-05,0.78521717,4.0395923
47.0,28.0,34.343826,245.5,5.1092775e-05,0.80392164,4.559266
49.0,28.0,33.471943,259.5,5.2027382e-05,1.203168,3.9353852
51.0,28.0,30.234703,259.5,5.2822998e-05,1.8682617,3.66667
54.0,28.0,27.301216,259.5,5.3688025e-05,2.0922532,4.699278
