Vmax,Rmax_IBT,Rmax_CK22,R34,fcor,u_trans,v_trans
26.0,50.0,27.538433,83.5,1.9345352e-05,-4.0995407,-0.35866317
28.0,37.0,28.068806,92.5,1.9288536e-05,-4.025273,-0.8555991
29.0,37.0,27.163874,92.5,1.9035988e-05,-3.974978,-1.0650918
31.0,37.0,25.920414,92.5,1.8783807e-05,-4.064535,-0.6437593
33.0,37.0,26.494724,102.0,1.872692e-05,-4.1152,4.9073268e-08
36.0,37.0,26.974693,111.0,1.8783807e-05,-4.0995407,0.3586633
36.0,31.0,30.932888,128.0,1.8871968e-05,-4.584545,0.6443166
36.0,28.0,35.181465,145.75,1.9036203e-05,-5.065851,0.8932462
37.0,28.0,33.405224,142.0,1.9250496e-05,-5.5544395,1.0796729
39.0,28.0,31.41505,139.0,1.9540814e-05,-6.541069,1.3903457
40.0,28.0,30.613138,139.0,1.9919029e-05,-7.044228,1.4972953
41.0,28.0,29.486723,139.0,2.0297284e-05,-7.6409082,1.0738611
42.0,28.0,30.59159,148.0,2.056796e-05,-7.174196,0.62766075
44.0,28.0,31.238823,157.5,2.0801292e-05,-6.6048694,1.0461091
45.0,28.0,30.50026,157.5,2.1034215e-05,-5.9624667,1.5976379
46.0,28.0,29.45509,157.5,2.130504e-05,-5.9336767,1.7014533
47.0,24.0,28.770908,157.5,2.1663518e-05,-6.4281497,1.8432412
49.0,22.0,27.805935,157.5,2.206018e-05,-5.465595,1.4645014
51.0,22.0,29.87223,182.5,2.2418257e-05,-4.492081,1.1200019
54.0,22.0,31.37323,208.25,2.2814716e-05,-5.411155,1.6543547
59.0,20.0,28.026798,205.75,2.333616e-05,-6.3228717,2.1771395
64.0,19.0,25.23234,203.75,2.3819783e-05,-5.9894414,1.4933358
65.0,22.0,24.694834,203.75,2.407052e-05,-6.0790215,1.0718954
67.0,28.0,23.948421,203.75,2.432189e-05,-5.9894414,1.4933358
68.0,24.0,23.195023,201.5,2.4823492e-05,-6.3228717,2.1771395
69.0,22.0,22.262348,199.25,2.53252e-05,-6.459339,1.7307743
73.0,22.0,20.84561,199.25,2.5632004e-05,-7.112936,1.1265789
77.0,22.0,19.42129,199.25,2.5826394e-05,-6.661753,0.58282787
