Vmax,Rmax_IBT,Rmax_CK22,R34,fcor,u_trans,v_trans
21.0,56.0,90.41437,208.5,4.1177245e-05,-1.3499072,-1.5528904
22.0,56.0,85.96091,208.5,4.1158888e-05,-1.2324542,-0.9287212
23.0,56.0,79.888664,208.5,4.1177245e-05,-0.99824023,-0.24888928
24.0,87.0,72.89534,199.0,4.1281e-05,-0.94701535,0.40198427
26.0,120.0,68.02605,199.25,4.142137e-05,-0.8818539,0.529871
27.0,96.0,67.083534,205.5,4.1543368e-05,-1.3227807,0.7948065
28.0,74.0,65.00056,213.0,4.1665367e-05,-1.18216,0.9919497
28.0,56.0,66.44685,217.75,4.1769013e-05,-1.071997,1.1100849
28.0,37.0,67.870926,222.25,4.1909232e-05,-0.7146647,0.7400566
31.0,31.0,64.37956,234.75,4.2098174e-05,-0.28016227,0.43141216
33.0,28.0,61.050972,247.5,4.239659e-05,0.0,0.5144
33.0,28.0,62.770607,255.75,4.271917e-05,0.16130833,1.5347463
33.0,28.0,64.21948,264.0,4.3369746e-05,0.31383038,3.587098
36.0,28.0,57.732655,265.0,4.457724e-05,0.39471,5.6446166
39.0,28.0,51.974068,266.25,4.6034886e-05,0.0,5.6584
41.0,28.0,48.516193,279.75,4.73251e-05,-0.35882682,5.1314697
44.0,28.0,44.82776,294.25,4.868306e-05,-0.2961378,5.6506453
45.0,28.0,43.56761,306.75,5.0149865e-05,-0.4664749,6.6709104
46.0,28.0,41.06493,319.75,5.178951e-05,-1.1454502,8.150302
47.0,24.0,38.58998,319.25,5.3581138e-05,-1.9250966,9.056864
49.0,22.0,35.366203,319.5,5.5576067e-05,-2.8575244,9.3465395
51.0,22.0,30.661781,318.0,5.7962672e-05,-4.184505,9.398557
54.0,22.0,26.617779,317.0,6.0016075e-05,-3.7090986,6.1729755
55.0,24.0,25.210907,314.25,6.0964852e-05,-2.244474,4.04914
57.0,28.0,23.37558,312.5,6.1635496e-05,-2.1739492,4.662047
58.0,19.0,21.886284,321.25,6.288439e-05,-2.8023927,5.5000052
59.0,9.0,19.88948,331.25,6.416161e-05,-2.829201,4.9003177
60.0,9.0,18.69534,327.75,6.514278e-05,-2.572001,4.4548345
62.0,9.0,17.176239,326.5,6.5983986e-05,-1.0650932,3.9749777
