Vmax,Rmax_IBT,Rmax_CK22,R34,fcor,u_trans,v_trans
21.0,65.0,32.310688,78.5,3.429355e-05,-3.992961,-0.9955571
21.0,65.0,32.30352,78.5,3.404614e-05,-3.3836453,-1.2315458
22.0,65.0,33.66123,85.5,3.3798424e-05,-3.0864875,-1.85455
23.0,65.0,34.16423,92.75,3.3550914e-05,-3.236378,-1.5784862
23.0,65.0,33.983067,92.0,3.3303062e-05,-3.974978,-1.0650918
23.0,65.0,34.154533,92.5,3.305528e-05,-3.4245641,-1.1127088
23.0,65.0,27.862183,76.0,3.278856e-05,-2.4596157,-0.7519806
23.0,65.0,21.973871,60.5,3.2559245e-05,-2.4956007,-0.6222232
26.0,50.0,23.671803,71.5,3.2416516e-05,-3.0395107,-0.5359476
28.0,37.0,25.338692,83.5,3.231108e-05,-3.5920286,-0.25117934
31.0,22.0,21.64219,77.25,3.2149346e-05,-4.084526,-0.5015177
33.0,9.0,18.640074,71.75,3.206281e-05,-4.084526,-0.5015177
37.0,9.0,19.18005,81.5,3.2168387e-05,-4.6232553,0.24229544
41.0,9.0,19.598236,92.5,3.231108e-05,-4.62678,0.16156985
44.0,19.0,17.082195,85.25,3.234785e-05,-5.144,6.134159e-08
46.0,28.0,15.018595,78.5,3.231108e-05,-5.6575384,0.0987522
50.0,20.0,13.9259815,78.25,3.220548e-05,-6.1690397,-0.21542926
54.0,13.0,13.003754,78.5,3.206281e-05,-6.1643405,-0.32306045
55.0,15.0,12.781963,78.5,3.191942e-05,-6.1690397,-0.21542926
57.0,19.0,12.460913,78.5,3.1814445e-05,-6.6861815,-0.116707
