Vmax,Rmax_IBT,Rmax_CK22,R34,fcor,u_trans,v_trans
24.0,50.0,27.524553,78.25,2.9768038e-05,-1.9335115,0.7037405
26.0,56.0,30.833614,92.75,3.0073232e-05,-2.4843612,0.66568244
27.0,50.0,31.3654,97.75,3.0247455e-05,-2.9668384,0.85072666
28.0,46.0,31.716331,104.25,3.0571195e-05,-3.1493306,1.7457025
29.0,37.0,29.13588,99.25,3.128006e-05,-3.2865446,2.4765897
31.0,28.0,26.558834,95.0,3.206281e-05,-3.4898872,2.1807244
33.0,28.0,24.570929,95.0,3.257788e-05,-3.6666706,1.8682607
36.0,28.0,22.850018,95.0,3.305528e-05,-3.451297,2.241299
39.0,28.0,23.72437,106.0,3.363739e-05,-3.4404626,3.0978076
41.0,28.0,24.519243,118.25,3.4293596e-05,-3.1573792,3.3858755
46.0,28.0,25.409935,143.5,3.8569506e-05,-5.122693,4.2984486
46.0,28.0,25.302984,143.5,3.9709896e-05,-5.5167465,4.6290984
46.0,28.0,25.196453,143.5,4.0847022e-05,-5.9964585,4.855836
46.0,28.0,25.09703,143.5,4.1909232e-05,-6.2423763,4.53535
46.0,28.0,25.968119,150.0,4.2798216e-05,-6.613904,3.9740324
46.0,28.0,26.923187,157.5,4.3612705e-05,-6.7485657,3.740791
49.0,28.0,26.10515,166.0,4.453384e-05,-6.875007,3.5029888
51.0,28.0,25.284948,176.0,4.5309676e-05,-6.8092465,2.3446116
54.0,22.0,23.484802,175.5,4.5744513e-05,-6.5643377,1.2759771
57.0,19.0,21.947681,176.0,4.6034886e-05,-6.541069,1.3903457
60.0,19.0,20.159826,179.25,4.645069e-05,-6.987682,1.7422252
64.0,19.0,18.32487,182.75,4.675884e-05,-6.6221204,0.9306796
68.0,19.0,17.662685,205.5,4.6848996e-05,-6.6872,7.974406e-08
72.0,19.0,16.464432,229.5,4.675884e-05,-6.661753,-0.5828276
73.0,19.0,16.00166,222.5,4.660746e-05,-6.096802,-0.96563894
75.0,19.0,15.3695965,217.75,4.627635e-05,-5.9336767,-1.7014533
78.0,19.0,14.304817,227.5,4.5726574e-05,-5.2463765,-2.1196752
82.0,19.0,13.144303,238.5,4.506766e-05,-4.9960704,-2.6564584
