Vmax,Rmax_IBT,Rmax_CK22,R34,fcor,u_trans,v_trans
22.0,56.0,34.50476,88.25,3.0645762e-05,-5.9108,4.9597487
23.0,56.0,32.36346,88.25,3.156599e-05,-5.1769457,3.3619483
26.0,37.0,29.299385,88.25,3.203164e-05,-3.8418703,1.4747552
28.0,19.0,26.757677,88.25,3.231108e-05,-2.9515393,0.9023753
29.0,19.0,32.559322,110.5,3.2645774e-05,-2.349639,1.0461266
31.0,19.0,37.50753,134.0,3.305528e-05,-1.7866617,1.8501415
33.0,19.0,35.442398,138.0,3.3674598e-05,-1.7258937,2.558741
36.0,19.0,34.01024,143.5,3.4293596e-05,-2.6759155,2.409406
45.0,22.0,29.203434,158.25,3.4720364e-05,-3.6666706,1.8682607
54.0,28.0,25.119083,173.75,3.5035337e-05,-3.2634332,1.5217636
57.0,28.0,28.887707,232.25,3.5356297e-05,-2.401169,0.921722
59.0,28.0,30.640537,291.75,3.5529305e-05,-3.0746555,0.26899746
59.0,28.0,32.75808,335.75,3.536889e-05,-3.0746555,-0.26899737
59.0,28.0,34.322754,379.75,3.5282377e-05,-2.042263,0.25075796
59.0,28.0,34.026962,379.75,3.5738864e-05,-1.7058278,1.1505953
59.0,28.0,33.685913,379.75,3.626943e-05,-1.7256485,1.1206495
59.0,37.0,33.630764,379.75,3.6355534e-05,-2.2916691,1.167663
59.0,46.0,33.52848,379.75,3.651592e-05,-2.949603,2.0653336
59.0,37.0,33.06041,379.75,3.72546e-05,-3.6973627,2.7861636
59.0,28.0,32.598568,379.75,3.7992504e-05,-4.5833383,2.335326
59.0,28.0,32.421127,377.5,3.817059e-05,-5.411155,1.6543547
59.0,28.0,32.30783,375.25,3.8238195e-05,-5.0121593,1.1571491
59.0,28.0,31.9827,368.5,3.8495782e-05,-4.492081,1.1200019
59.0,28.0,31.55949,363.25,3.897458e-05,-4.6620474,2.173948
59.0,41.0,28.857943,298.25,3.981279e-05,-5.291123,3.179226
59.0,56.0,25.118616,233.75,4.0688625e-05,-6.6291075,2.81389
60.0,41.0,24.306707,231.25,4.1324474e-05,-7.518239,1.7357235
62.0,28.0,23.2867,229.0,4.1665367e-05,-7.697204,0.5382417
64.0,31.0,22.35035,242.5,4.159732e-05,-7.714825,-0.13466191
67.0,37.0,21.37178,257.25,4.142137e-05,-7.2016,8.587822e-08
70.0,37.0,19.170572,248.75,4.1451316e-05,-7.184057,0.5023589
75.0,37.0,16.995651,240.75,4.1665367e-05,-7.069287,1.3741292
76.0,31.0,16.70797,265.75,4.2078915e-05,-6.886925,2.1055422
77.0,28.0,15.874938,292.0,4.2640077e-05,-7.2956214,2.512084
