Vmax,Rmax_IBT,Rmax_CK22,R34,fcor,u_trans,v_trans
21.0,74.0,39.827656,97.25,2.53252e-05,-5.8005347,2.1112216
22.0,74.0,38.07334,97.25,2.5719453e-05,-5.3501225,1.8421949
23.0,74.0,35.704037,97.25,2.6076874e-05,-5.2085843,2.2109134
24.0,74.0,34.626213,98.25,2.668391e-05,-5.0857368,2.4804783
26.0,74.0,33.145836,99.5,2.7328068e-05,-5.2085843,2.2109134
26.0,74.0,33.15695,99.5,2.7864946e-05,-5.8706813,1.9075009
26.0,74.0,33.166405,99.5,2.8327528e-05,-5.9336767,1.7014533
27.0,56.0,36.49987,113.5,2.8701992e-05,-5.9336767,1.7014533
28.0,37.0,38.833923,127.25,2.9076216e-05,-5.317157,1.9352864
33.0,24.0,36.978638,144.0,2.9555842e-05,-4.735077,2.0099213
39.0,13.0,35.506218,161.75,3.0073232e-05,-5.282572,2.0277884
42.0,15.0,34.32762,174.0,3.0645577e-05,-5.9030786,1.8047506
46.0,19.0,32.851086,187.75,3.1068776e-05,-5.5724363,0.98257077
50.0,15.0,30.007679,187.75,3.1124564e-05,-5.644616,0.39471057
54.0,13.0,27.240154,187.75,3.1068776e-05,-5.1314692,0.3588278
57.0,15.0,26.940691,200.0,3.1173917e-05,-5.6368685,0.49316204
59.0,19.0,26.510462,213.0,3.131743e-05,-5.6368685,0.49316204
60.0,19.0,24.469307,197.25,3.1416464e-05,-5.644616,0.39471057
62.0,19.0,22.319908,183.0,3.156599e-05,-5.6368685,0.49316204
64.0,19.0,21.118402,183.0,3.1814445e-05,-6.138985,0.6452327
