Vmax,Rmax_IBT,Rmax_CK22,R34,fcor,u_trans,v_trans
18.0,56.0,44.5992,92.5,6.0683415e-05,-4.8637476,1.6747227
18.0,56.0,49.27008,102.0,6.0711227e-05,-3.9137876,1.2716672
18.0,56.0,49.290314,102.0,6.110371e-05,-2.2274175,1.2859998
18.0,56.0,49.31765,102.0,6.1635496e-05,-1.9702666,1.6532495
18.0,56.0,62.466537,127.0,6.2194005e-05,-2.143994,2.2201698
18.0,56.0,76.45317,152.5,6.278661e-05,-2.58978,3.1981103
19.0,56.0,86.363495,180.25,6.334349e-05,-3.0235677,4.1615834
21.0,56.0,93.09738,208.25,6.393293e-05,-2.3148007,4.009351
22.0,56.0,88.26061,208.25,6.465212e-05,-1.5784872,3.2363775
23.0,56.0,81.538284,208.25,6.530208e-05,-1.9839002,2.3643193
26.0,50.0,72.473724,210.5,6.564361e-05,-2.5587418,1.725893
28.0,46.0,64.62999,212.75,6.5983986e-05,-2.5282311,1.770286
29.0,46.0,61.50796,212.75,6.6612985e-05,-2.1824148,2.182414
31.0,46.0,57.1547,212.75,6.734234e-05,-1.9001774,2.4321167
32.0,46.0,55.081886,215.75,6.8001784e-05,-1.5896137,2.645561
33.0,46.0,52.078163,220.25,6.869332e-05,-1.2904117,3.3616364
33.0,46.0,51.702633,218.75,6.946107e-05,-0.68706566,3.5346432
33.0,46.0,51.42004,217.75,7.025991e-05,-0.43882746,3.57396
36.0,41.0,45.599182,217.75,7.102261e-05,-0.25117877,3.5920289
39.0,37.0,40.514545,217.75,7.181604e-05,0.0,3.6008
