Vmax,Rmax_IBT,Rmax_CK22,R34,fcor,u_trans,v_trans
21.0,46.0,38.104668,93.0,3.156599e-05,-2.36432,-1.9838994
22.0,31.0,51.590164,130.0,3.219311e-05,-2.7500021,-1.4011968
23.0,19.0,62.62858,167.0,3.2559245e-05,-3.4613113,-0.9925145
24.0,19.0,56.345215,156.75,3.2757493e-05,-4.052681,-0.7145968
26.0,19.0,49.891068,148.0,3.280731e-05,-3.57396,-0.43882802
26.0,22.0,48.138596,143.0,3.28259e-05,-3.5810745,-0.37638563
26.0,28.0,46.706013,139.0,3.280731e-05,-4.6042385,-0.48392436
27.0,28.0,45.506897,140.5,3.2807122e-05,-6.149311,-0.53799474
28.0,28.0,43.841766,143.5,3.280731e-05,-5.6584,6.7475746e-08
29.0,28.0,46.221546,157.0,3.2844415e-05,-4.6042385,0.4839245
31.0,28.0,47.750732,171.5,3.280731e-05,-4.075151,0.5727259
33.0,28.0,46.2914,181.5,3.2540396e-05,-3.587098,0.31383038
36.0,28.0,44.938267,192.25,3.231108e-05,-3.6008,4.293911e-08
41.0,28.0,37.704338,188.0,3.232342e-05,-3.5657573,-0.50113505
46.0,28.0,32.30614,185.0,3.2559245e-05,-3.9137876,-1.2716672
45.0,22.0,31.706598,173.0,3.29993e-05,-3.7594223,-1.6738026
44.0,19.0,30.678833,162.0,3.3550914e-05,-3.6335058,-1.9319696
40.0,19.0,31.966114,150.0,3.4101708e-05,-3.6666696,-1.8682624
36.0,19.0,32.962982,139.0,3.454095e-05,-3.443462,-1.0527729
33.0,19.0,34.259037,133.25,3.4720088e-05,-3.5810745,-0.37638563
31.0,19.0,36.20062,129.5,3.47882e-05,-3.57396,-0.43882802
31.0,19.0,34.149525,122.25,3.4874658e-05,-3.493841,-0.8711125
31.0,19.0,32.350403,115.75,3.5035337e-05,-3.2894945,-1.4645773
31.0,13.0,38.131466,136.75,3.5461406e-05,-3.2083359,-1.6347296
31.0,9.0,43.879967,157.0,3.577612e-05,-2.0463283,-0.21507749
32.0,9.0,43.33157,161.0,3.564022e-05,-1.1468209,1.0326025
33.0,9.0,42.531513,167.0,3.5282377e-05,-1.4293294,1.4801131
44.0,22.0,29.92162,157.5,3.394096e-05,-0.8427437,0.59009534
46.0,19.0,28.765936,162.0,3.3798577e-05,-0.9919501,1.1821597
49.0,13.0,29.524683,179.75,3.3445598e-05,-0.6764945,1.3870189
51.0,9.0,30.058342,199.0,3.305528e-05,-0.7244884,1.3625648
54.0,13.0,28.289747,199.0,3.278872e-05,-0.8851434,1.2641153
57.0,19.0,26.685621,199.0,3.2559245e-05,-0.9919501,1.1821597
58.0,22.0,24.745754,184.75,3.231107e-05,-1.071997,1.1100849
59.0,28.0,22.672401,171.25,3.206281e-05,-0.7645473,0.6884017
62.0,19.0,21.542698,171.0,3.1851636e-05,-1.1646681,1.0124301
64.0,9.0,20.506842,171.0,3.156599e-05,-1.4801137,1.429329
64.0,9.0,21.016062,176.75,3.110615e-05,-2.143994,2.2201698
64.0,9.0,21.564718,182.75,3.0571195e-05,-1.7210038,1.9113686
65.0,13.0,21.204285,180.0,3.0054469e-05,-1.7210038,1.9113686
67.0,19.0,20.518429,178.25,2.9574905e-05,-1.7210038,1.9113686
69.0,22.0,19.844162,180.0,2.9126011e-05,-1.9702666,1.6532495
72.0,28.0,19.21906,182.75,2.882674e-05,-2.4461174,0.79479206
75.0,31.0,18.883244,190.25,2.8789205e-05,-3.0864,3.6804952e-08
77.0,37.0,18.556406,199.25,2.882674e-05,-3.0821702,0.16153029
78.0,22.0,18.503904,203.75,2.8701976e-05,-3.556468,0.56328946
80.0,9.0,18.24324,208.25,2.857718e-05,-4.0995407,0.3586633
