Vmax,Rmax_IBT,Rmax_CK22,R34,fcor,u_trans,v_trans
22.0,78.0,41.755554,104.25,4.7415226e-05,-2.5684752,-0.13460852
23.0,74.0,58.110188,153.0,4.7240763e-05,-2.401169,-0.921722
24.0,69.0,54.625755,150.75,4.689749e-05,-2.5282311,-1.770286
26.0,65.0,50.3196,148.5,4.651767e-05,-2.5587418,-1.725893
27.0,56.0,48.226776,148.5,4.6257705e-05,-3.1793177,-1.6904734
28.0,46.0,45.352783,148.5,4.6034886e-05,-3.7880614,-1.6079371
31.0,50.0,41.156776,148.5,4.5793313e-05,-4.3773727,-1.5072504
33.0,56.0,37.570618,148.5,4.5551555e-05,-4.9912014,-1.2444464
33.0,50.0,36.912964,145.5,4.530912e-05,-5.5544395,-1.0796728
33.0,46.0,36.475056,143.5,4.506766e-05,-6.096802,-0.96563894
36.0,46.0,33.512646,143.5,4.4806973e-05,-6.6221204,-0.9306794
39.0,46.0,30.934414,143.5,4.458322e-05,-6.661753,-0.5828276
40.0,41.0,30.696648,147.0,4.4425244e-05,-6.6861815,-0.116707
41.0,37.0,30.304108,153.0,4.4340795e-05,-7.2016,8.587822e-08
44.0,37.0,29.862465,164.0,4.4321812e-05,-7.2005033,0.12568462
46.0,37.0,29.38576,176.0,4.4340795e-05,-7.197213,0.25133088
49.0,37.0,29.44506,194.5,4.437624e-05,-7.714825,0.13466209
51.0,37.0,29.115665,213.0,4.4340795e-05,-7.7113,-0.26928657
55.0,31.0,26.275002,213.0,4.4207183e-05,-8.169052,-1.0030354
59.0,28.0,23.535648,213.0,4.385554e-05,-7.949956,-2.1301837
59.0,28.0,23.568121,210.75,4.314432e-05,-7.734046,-2.814962
59.0,28.0,23.595892,208.5,4.239659e-05,-7.378847,-2.2559419
63.0,28.0,21.062891,201.5,4.1938572e-05,-7.0442276,-1.4972984
67.0,28.0,18.356325,194.5,4.1665367e-05,-7.6409082,-1.0738609
