Vmax,Rmax_IBT,Rmax_CK22,R34,fcor,u_trans,v_trans
18.0,83.0,35.07437,76.0,2.6758651e-05,-6.472756,3.1569724
18.0,83.0,38.649597,83.5,2.7827968e-05,-7.827575,2.5433345
19.0,83.0,36.73581,83.5,2.826516e-05,-8.584134,1.6685855
21.0,83.0,34.171974,83.5,2.8327528e-05,-7.6584864,0.94034237
22.0,78.0,36.511482,93.25,2.8220926e-05,-6.6780353,0.3499823
23.0,74.0,38.384132,104.0,2.807779e-05,-6.1643405,0.32306057
23.0,69.0,39.96732,108.5,2.8183593e-05,-5.644616,0.39471057
23.0,65.0,41.906536,113.5,2.8327528e-05,-5.1408668,-0.17952439
23.0,59.0,45.256554,122.0,2.8345898e-05,-5.1056576,-0.62689716
23.0,56.0,48.970383,132.0,2.8327528e-05,-6.126789,-0.7522766
24.0,56.0,46.94626,132.0,2.828972e-05,-7.1917305,-0.37690386
26.0,56.0,44.195213,132.0,2.8327528e-05,-6.6709104,0.4664761
27.0,56.0,45.864285,142.25,2.8539498e-05,-6.0379095,1.283396
28.0,56.0,46.646523,153.0,2.882674e-05,-6.4885616,1.6177806
29.0,56.0,45.52949,154.75,2.9057397e-05,-6.515807,1.5042937
31.0,56.0,43.962383,157.5,2.9325609e-05,-6.6221204,0.9306796
33.0,39.0,41.59787,162.0,2.9680361e-05,-6.149311,0.5379949
36.0,22.0,39.472088,166.75,3.0073232e-05,-4.9912014,1.2444466
39.0,33.0,36.59375,166.75,3.0446365e-05,-4.623397,2.2549803
41.0,46.0,34.04648,166.75,3.0820032e-05,-4.6620474,2.173948
44.0,37.0,31.781239,166.75,3.1136988e-05,-5.282572,2.0277884
46.0,28.0,29.73546,166.75,3.156599e-05,-5.723321,2.31237
49.0,24.0,27.849575,166.75,3.225515e-05,-6.1555996,2.6128979
51.0,22.0,26.10992,166.75,3.305528e-05,-5.594457,2.6087375
54.0,26.0,25.689468,176.75,3.379828e-05,-5.4502587,2.8979545
57.0,31.0,25.166313,187.25,3.454095e-05,-5.291123,3.179226
60.0,30.0,22.236431,177.75,3.5263238e-05,-5.1769457,3.3619483
64.0,28.0,19.577543,169.25,3.6022833e-05,-5.6710668,3.5436769
64.0,24.0,19.419127,169.25,3.6893784e-05,-6.2367687,3.6007993
64.0,22.0,19.265095,169.25,3.7746686e-05,-7.048917,3.13838
62.0,22.0,20.208935,169.25,3.8483773e-05,-7.4170957,2.1268167
62.0,19.0,21.634052,190.0,3.872924e-05,-6.126789,0.75227386
60.0,20.0,23.08425,198.75,3.880883e-05,-4.10956,0.21537372
59.0,22.0,24.316805,208.25,3.897458e-05,-3.867023,1.407481
59.0,22.0,22.972034,191.5,3.9513176e-05,-4.2645693,2.8764882
59.0,22.0,21.563652,176.0,4.0199502e-05,-5.291123,3.179226
60.0,24.0,21.251642,180.0,4.0811385e-05,-6.010416,2.9314744
62.0,28.0,20.713985,185.0,4.142137e-05,-5.594457,2.6087375
63.0,28.0,21.508457,209.5,4.2011954e-05,-4.6620474,2.173948
64.0,28.0,21.604687,233.75,4.2640077e-05,-4.4092693,2.649355
65.0,28.0,20.801624,233.75,4.3387576e-05,-4.7455335,3.081786
67.0,28.0,19.756168,233.75,4.409823e-05,-6.060662,2.8261323
68.0,22.0,19.309017,243.25,4.4674405e-05,-6.395002,1.9551464
69.0,19.0,18.584362,252.5,4.506766e-05,-5.9894414,1.4933358
