Vmax,Rmax_IBT,Rmax_CK22,R34,fcor,u_trans,v_trans
26.0,56.0,35.27046,106.0,3.1938627e-05,-1.5117838,2.0807917
28.0,37.0,39.56089,130.0,3.231108e-05,0.0,1.0288
31.0,37.0,38.799107,139.0,3.2776272e-05,0.0,1.0288
33.0,37.0,38.01924,148.0,3.305528e-05,-0.5124426,0.04483291
34.0,37.0,36.824467,148.0,3.280742e-05,-0.8529139,-0.57529765
36.0,37.0,35.15585,148.0,3.2559245e-05,-0.5093939,0.07159074
37.0,37.0,33.48726,145.5,3.287544e-05,0.0,1.0288
39.0,37.0,31.641468,143.5,3.330315e-05,0.59009546,0.84274364
39.0,31.0,33.532413,152.5,3.352002e-05,0.97844696,0.31791666
39.0,28.0,35.41597,162.0,3.3550914e-05,0.545181,0.87247187
39.0,28.0,35.439354,162.0,3.32473e-05,0.545181,0.87247187
39.0,28.0,35.454124,162.0,3.305528e-05,0.49912012,0.124444626
37.0,31.0,35.26825,153.5,3.342089e-05,1.0049604,2.3675385
36.0,37.0,34.556522,145.75,3.404614e-05,1.0049604,2.3675385
36.0,37.0,33.271244,140.25,3.466464e-05,0.95008886,1.2160583
36.0,37.0,32.405647,136.75,3.5282377e-05,1.7256485,1.1206493
36.0,37.0,33.63341,142.0,3.581302e-05,1.7058278,1.1505953
36.0,37.0,34.956547,148.25,3.626943e-05,1.5478681,2.0540907
33.0,37.0,39.500717,154.5,3.665754e-05,2.1439936,2.2201703
31.0,37.0,45.127174,162.0,3.700857e-05,2.4318738,0.8373613
32.0,37.0,43.766445,163.0,3.7377657e-05,2.4596157,0.75198025
33.0,37.0,41.854115,164.25,3.7746686e-05,2.875727,2.1670153
33.0,31.0,41.72574,164.0,3.8115297e-05,2.9496028,2.065334
33.0,28.0,41.81938,164.5,3.8483773e-05,1.9077734,0.77079064
33.0,28.0,43.049564,169.5,3.8851842e-05,3.019885,1.9611363
33.0,28.0,44.59517,175.75,3.9219805e-05,5.8005347,2.111222
34.0,28.0,43.02642,175.75,3.964225e-05,5.8005347,2.111222
36.0,28.0,40.84004,175.75,3.995476e-05,4.350401,1.5834165
44.0,28.0,32.78494,179.75,4.002796e-05,4.6296,-2.0236625e-07
51.0,28.0,27.185259,185.25,3.995476e-05,4.62678,-0.16157055
51.0,22.0,28.213121,194.25,3.9832186e-05,5.1369505,-0.2692161
51.0,19.0,29.197319,203.75,3.9709896e-05,5.1408668,-0.17952283
54.0,19.0,27.63163,207.75,3.9673e-05,5.144,-2.2485138e-07
57.0,19.0,26.203316,213.0,3.9709896e-05,4.62678,0.16157068
58.0,19.0,25.789913,217.25,3.981339e-05,4.6232553,0.24229462
59.0,19.0,25.05653,222.25,3.995476e-05,5.1369505,0.26921624
