Vmax,Rmax_IBT,Rmax_CK22,R34,fcor,u_trans,v_trans
21.0,56.0,37.939365,93.0,2.7415295e-05,-4.4092693,2.649355
21.0,56.0,37.976,93.0,2.8327528e-05,-4.9298167,3.7148848
22.0,59.0,35.200256,90.0,2.9287934e-05,-5.2669168,4.9114795
23.0,65.0,32.327377,88.0,3.0322259e-05,-5.0026526,5.180396
24.0,65.0,31.056526,88.0,3.1516207e-05,-4.8103695,4.6453195
26.0,65.0,29.305264,88.0,3.2559245e-05,-5.5439405,3.7394347
29.0,56.0,27.775812,94.5,3.3222863e-05,-6.1090612,2.7199292
33.0,46.0,26.329031,102.0,3.3550914e-05,-4.4030113,1.4306257
34.0,46.0,27.821918,111.0,3.346614e-05,-2.4318738,0.83736134
36.0,46.0,28.75895,120.5,3.3550914e-05,-1.2382945,1.6432725
36.0,31.0,28.736313,120.5,3.4293596e-05,-0.3579532,2.5469694
39.0,19.0,32.479324,148.0,3.5035337e-05,-0.31383142,3.587098
40.0,31.0,35.075,166.5,3.587423e-05,-0.50151706,4.084526
41.0,46.0,36.736607,185.0,3.67623e-05,-0.8100037,3.5085118
42.0,41.0,35.5308,185.0,3.7642243e-05,-1.0556116,2.9002671
44.0,37.0,33.861977,185.0,3.8483773e-05,-0.8507276,2.966838
45.0,41.0,32.771626,185.0,3.9238177e-05,-0.6252733,3.5460956
46.0,46.0,31.265648,185.0,3.995476e-05,-0.482819,3.0484014
46.0,46.0,31.153309,185.0,4.0688585e-05,-0.482819,3.0484014
46.0,46.0,31.041264,185.0,4.142137e-05,-0.69428885,3.0072958
49.0,37.0,29.51473,192.0,4.2134692e-05,-0.99251556,3.4613109
51.0,28.0,28.08176,199.0,4.288343e-05,-0.93195647,3.4781055
