Vmax,Rmax_IBT,Rmax_CK22,R34,fcor,u_trans,v_trans
22.0,74.0,59.220505,148.5,3.098091e-05,-8.711524,0.7621595
23.0,74.0,69.83282,185.0,3.1068776e-05,-8.723498,0.6100073
23.0,74.0,69.83446,185.0,3.1086616e-05,-9.2465105,0.4845909
23.0,74.0,69.83282,185.0,3.1068776e-05,-9.767646,0.34109187
24.0,74.0,66.79827,185.0,3.1086616e-05,-9.772111,0.17057197
26.0,74.0,62.648247,185.0,3.1068776e-05,-8.723498,-0.610007
26.0,74.0,62.643112,185.0,3.0962445e-05,-7.598777,-1.339869
26.0,74.0,62.636307,185.0,3.0820032e-05,-7.486802,-1.8666697
26.0,74.0,62.629387,185.0,3.06764e-05,-8.019456,-1.8514382
26.0,74.0,62.624275,185.0,3.0571195e-05,-8.210351,-0.5741242
27.0,56.0,60.10411,185.0,3.0533534e-05,-8.199081,0.7173266
28.0,37.0,56.639816,185.0,3.0571195e-05,-7.621003,1.2070489
29.0,37.0,54.51512,185.0,3.065766e-05,-6.6048694,1.0461091
31.0,37.0,51.5692,185.0,3.0820032e-05,-6.650567,0.699002
31.0,37.0,51.564857,185.0,3.099362e-05,-7.174196,0.62766075
31.0,37.0,51.556667,185.0,3.131743e-05,-6.5643377,1.2759771
32.0,37.0,49.713615,185.0,3.1864078e-05,-5.836497,2.0096672
33.0,37.0,47.128944,185.0,3.2559245e-05,-5.9583397,3.0359237
33.0,37.0,47.08526,185.0,3.3321485e-05,-5.6710668,3.5436769
33.0,37.0,47.043304,185.0,3.404614e-05,-5.234831,3.2710865
33.0,37.0,47.01007,185.0,3.4614717e-05,-4.499044,2.4938607
33.0,37.0,46.985344,185.0,3.5035337e-05,-4.802338,1.843444
33.0,37.0,46.968582,185.0,3.5319274e-05,-4.9912014,1.2444466
33.0,37.0,46.956078,185.0,3.5529305e-05,-5.0121593,1.1571491
36.0,37.0,43.059395,185.0,3.5738853e-05,-4.492081,1.1200019
39.0,37.0,39.64058,185.0,3.6022833e-05,-3.890998,1.3397782
