Vmax,Rmax_IBT,Rmax_CK22,R34,fcor,u_trans,v_trans
21.0,93.0,51.7034,125.0,2.6790125e-05,-3.7122447,4.2704487
23.0,93.0,48.041847,129.5,2.7578055e-05,-4.9695573,4.4746113
24.0,93.0,49.47944,138.75,2.8414863e-05,-6.573089,4.9531794
26.0,93.0,49.76959,148.25,2.9325609e-05,-6.573089,4.9531794
26.0,93.0,52.98905,157.5,3.022853e-05,-6.080291,4.7504444
26.0,93.0,56.23001,166.5,3.131743e-05,-6.3968544,4.3147326
27.0,93.0,54.049118,166.5,3.2750897e-05,-7.054831,4.238968
28.0,93.0,50.982597,166.5,3.4293596e-05,-7.2497687,4.8900304
31.0,78.0,46.41184,166.5,3.574515e-05,-7.074693,5.1400633
33.0,65.0,42.432648,166.5,3.700857e-05,-7.416011,4.6340394
36.0,65.0,41.466915,178.0,3.7905476e-05,-7.7916756,3.9700541
39.0,65.0,40.33012,190.0,3.872924e-05,-8.0187025,4.629599
44.0,50.0,36.416096,203.5,3.981419e-05,-7.8522463,4.9066296
49.0,37.0,32.67372,217.5,4.093299e-05,-7.495758,4.503904
57.0,28.0,27.132149,233.75,4.190747e-05,-7.648375,4.2395635
64.0,19.0,22.200905,250.0,4.288343e-05,-7.648375,4.2395635
67.0,20.0,20.318699,250.0,4.3994638e-05,-8.098279,4.4889493
69.0,22.0,18.58946,250.0,4.506766e-05,-8.322115,4.0589647
72.0,22.0,17.053253,250.0,4.5931934e-05,-8.523138,3.6178584
75.0,22.0,15.645086,250.0,4.675884e-05,-8.4587,3.766056
77.0,20.0,14.343115,266.25,4.7720794e-05,-7.859775,3.8334668
80.0,19.0,12.948981,282.5,4.868306e-05,-7.859775,3.8334668
