Vmax,Rmax_IBT,Rmax_CK22,R34,fcor,u_trans,v_trans
19.0,74.0,41.155235,93.0,3.543644e-05,-5.2085843,2.2109134
21.0,74.0,38.277863,93.0,3.6022833e-05,-5.904447,3.1394508
22.0,74.0,36.58355,93.0,3.6958398e-05,-6.3586354,3.3809469
23.0,74.0,34.27444,93.0,3.7746686e-05,-6.8491282,2.2254176
24.0,74.0,34.56447,97.5,3.793139e-05,-7.174196,0.62766075
26.0,74.0,34.12722,102.0,3.7746686e-05,-7.7054253,-0.40382555
27.0,46.0,36.62609,113.5,3.7395697e-05,-7.6409082,-1.0738609
28.0,19.0,38.180008,125.0,3.700857e-05,-7.112936,-1.1265788
29.0,22.0,36.80625,125.0,3.682949e-05,-6.637355,-0.8149663
31.0,28.0,34.90925,125.0,3.67623e-05,-7.174196,-0.6276606
32.0,28.0,34.115025,126.5,3.672481e-05,-7.2005033,-0.12568446
33.0,28.0,33.285126,129.5,3.67623e-05,-6.1643405,0.32306057
33.0,28.0,33.282654,129.5,3.6866528e-05,-5.0806684,0.80469924
33.0,28.0,33.27936,129.5,3.700857e-05,-5.5544395,1.0796729
36.0,37.0,41.801693,179.5,3.7057613e-05,-6.0379095,1.283396
39.0,46.0,48.100185,231.5,3.7254722e-05,-5.4903216,1.3688912
40.0,50.0,43.97934,217.5,3.7832222e-05,-4.9192324,1.5039588
41.0,56.0,39.474335,204.0,3.8483773e-05,-4.9447303,1.4178778
42.0,56.0,38.15699,204.0,3.8907176e-05,-4.9447303,1.4178778
44.0,56.0,36.33476,204.0,3.9219805e-05,-4.892235,1.5895841
45.0,56.0,35.17757,204.0,3.9464445e-05,-4.833779,1.7593513
46.0,56.0,33.55261,204.0,3.9709896e-05,-4.833779,1.7593513
52.0,56.0,28.991787,213.0,4.005804e-05,-5.411155,1.6543547
59.0,56.0,24.74799,222.0,4.0444127e-05,-6.014591,1.3885788
