Vmax,Rmax_IBT,Rmax_CK22,R34,fcor,u_trans,v_trans
19.0,56.0,49.75595,113.75,1.9105524e-05,-4.3648295,4.364828
21.0,56.0,57.112988,138.75,2.0297284e-05,-4.8103695,4.6453195
21.0,50.0,59.19224,143.5,2.1361562e-05,-5.5167465,4.6290984
21.0,46.0,61.28652,148.0,2.231176e-05,-5.8262177,4.232993
22.0,46.0,59.5174,150.25,2.3046781e-05,-6.1073027,3.8162675
23.0,46.0,56.646732,152.75,2.3819783e-05,-6.6822524,3.8579993
24.0,46.0,55.226204,155.0,2.4911164e-05,-7.57322,4.3723993
26.0,46.0,52.82294,157.5,2.6076874e-05,-7.648375,4.2395635
27.0,37.0,52.353355,162.0,2.7115508e-05,-8.175388,4.346932
28.0,28.0,50.910866,166.75,2.807779e-05,-8.250009,4.2035866
28.0,28.0,52.3496,171.25,2.9026161e-05,-7.9254813,3.6957116
28.0,28.0,53.78513,176.0,2.9824112e-05,-6.8092465,2.3446116
31.0,28.0,49.060276,176.0,3.0358577e-05,-5.4903216,1.3688912
33.0,28.0,44.99121,176.0,3.0820032e-05,-5.2463775,2.1196725
36.0,28.0,41.96129,178.25,3.1460386e-05,-5.8487573,3.242019
39.0,28.0,39.25509,180.75,3.206281e-05,-5.548076,2.7059765
42.0,22.0,36.15886,185.25,3.2509317e-05,-5.836497,2.0096672
46.0,19.0,32.97497,190.0,3.280731e-05,-5.5347505,1.1764463
51.0,19.0,29.73309,197.0,3.2949843e-05,-4.6042385,0.4839245
57.0,19.0,26.910368,203.75,3.305528e-05,-4.052681,0.7145969
59.0,19.0,26.192616,215.25,3.3302775e-05,-3.4613113,0.9925145
62.0,19.0,25.342115,226.75,3.3550914e-05,-3.493841,0.8711126
63.0,15.0,24.82189,229.25,3.367456e-05,-3.5460956,0.62527233
64.0,13.0,24.008831,231.5,3.3798577e-05,-3.5085115,0.8100043
67.0,13.0,22.529001,231.5,3.408319e-05,-4.0097275,0.9257192
69.0,13.0,21.183186,231.5,3.4293596e-05,-3.5986066,0.12566544
70.0,15.0,20.082394,215.25,3.4144083e-05,-3.5657573,-0.50113505
72.0,19.0,18.751032,199.25,3.404614e-05,-4.10956,-0.21537364
