Vmax,Rmax_IBT,Rmax_CK22,R34,fcor,u_trans,v_trans
19.0,56.0,25.755646,59.25,3.5424247e-05,-2.5157955,-0.53474945
21.0,56.0,25.53278,62.75,3.5282377e-05,-2.5157955,-0.53474945
23.0,56.0,27.742933,75.75,3.514024e-05,-3.0395107,-0.5359476
26.0,56.0,30.137005,90.0,3.5035337e-05,-3.0788815,-0.21529658
26.0,56.0,32.339577,96.5,3.5016834e-05,-3.6008,4.293911e-08
26.0,56.0,34.868683,104.0,3.5035337e-05,-3.0864,3.6804952e-08
26.0,46.0,33.603928,100.25,3.501664e-05,-3.0864,3.6804952e-08
26.0,37.0,32.502846,97.0,3.5035337e-05,-3.0788815,0.21529667
27.0,37.0,33.402115,103.5,3.512165e-05,-3.0395107,0.5359477
28.0,37.0,33.89027,111.0,3.5282377e-05,-3.493841,0.8711126
28.0,37.0,35.88672,117.5,3.551081e-05,-3.4613113,0.9925145
28.0,37.0,38.169785,125.0,3.577612e-05,-3.4245641,1.1127088
29.0,37.0,34.3457,116.75,3.6022728e-05,-2.9182484,1.0048336
31.0,37.0,30.40654,108.75,3.626943e-05,-2.9002674,1.0556108
31.0,31.0,29.380018,105.0,3.649725e-05,-2.384717,0.9634875
31.0,28.0,28.479126,101.75,3.67623e-05,-2.7500029,1.4011955
32.0,28.0,29.666325,109.75,3.714993e-05,-3.2083368,1.6347281
33.0,28.0,30.363325,118.0,3.7500762e-05,-3.4613113,0.9925145
34.0,28.0,29.416973,118.0,3.7642087e-05,-4.084526,0.5015159
36.0,28.0,28.095182,118.0,3.7746686e-05,-4.064535,0.6437594
37.0,28.0,31.019455,135.25,3.7955524e-05,-4.5109434,1.0414342
39.0,28.0,33.188953,153.0,3.8238195e-05,-4.4502573,1.27609
42.0,28.0,29.91389,153.0,3.8587892e-05,-4.3773727,1.5072504
46.0,28.0,26.762453,153.0,3.897458e-05,-4.3773727,1.5072504
49.0,28.0,26.517185,164.0,3.9342358e-05,-4.3773727,1.5072504
51.0,28.0,26.212013,176.0,3.9709896e-05,-3.8418703,1.4747552
54.0,28.0,26.33828,194.25,4.007682e-05,-3.2894945,1.4645773
57.0,28.0,26.031239,212.75,4.0444127e-05,-3.2894945,1.4645773
58.0,31.0,24.987263,209.25,4.0792347e-05,-3.2894945,1.4645773
59.0,37.0,23.687763,206.25,4.1177245e-05,-3.6666706,1.8682607
