Vmax,Rmax_IBT,Rmax_CK22,R34,fcor,u_trans,v_trans
31.0,93.0,51.572792,185.5,3.5447832e-05,-2.58978,3.1981103
31.0,93.0,46.89567,169.0,3.626943e-05,-2.0576007,3.5638676
32.0,74.0,48.84445,182.75,3.7217767e-05,-1.5834175,4.350401
33.0,56.0,50.52356,196.75,3.8238195e-05,-0.35866448,4.09954
34.0,46.0,53.88494,224.0,3.9274943e-05,0.50151676,4.084526
36.0,37.0,56.424603,252.25,4.0199502e-05,0.1077138,3.0845199
39.0,37.0,54.58422,272.75,4.081082e-05,-0.49076116,2.524745
41.0,37.0,52.362328,294.0,4.142137e-05,0.0,3.0864
43.0,39.0,48.3378,295.5,4.2323125e-05,0.92571855,4.009728
46.0,41.0,43.711044,296.75,4.3369746e-05,2.8016233,4.3141212
48.0,39.0,39.420074,296.75,4.4371634e-05,4.287987,4.4403405
51.0,37.0,35.53302,298.75,4.5551555e-05,4.3340306,5.751454
57.0,33.0,27.961811,298.75,4.702918e-05,3.858,6.682252
64.0,31.0,21.495731,299.0,4.868306e-05,4.4825974,6.902594
