Vmax,Rmax_IBT,Rmax_CK22,R34,fcor,u_trans,v_trans
22.0,74.0,44.58156,114.5,1.7628035e-05,-4.5833383,2.335326
23.0,74.0,44.06891,120.5,1.8278848e-05,-5.899206,4.130667
24.0,74.0,43.1781,122.75,1.9074474e-05,-6.9797745,4.361449
26.0,74.0,41.54998,125.0,1.9793031e-05,-5.723321,2.31237
27.0,74.0,43.667454,136.25,2.0208568e-05,-4.833779,1.7593513
28.0,74.0,45.097942,148.0,2.0549318e-05,-4.769434,1.926975
29.0,74.0,42.475452,144.5,2.1072145e-05,-4.802338,1.843444
31.0,74.0,39.510765,141.25,2.1556822e-05,-4.350401,1.5834161
32.0,74.0,43.86667,162.0,2.1864855e-05,-3.9137876,1.2716672
33.0,74.0,47.113834,182.75,2.206018e-05,-3.9557843,1.1343023
34.0,74.0,39.92814,159.0,2.2223932e-05,-4.0395923,0.7852167
36.0,74.0,32.888428,136.5,2.231176e-05,-4.064535,0.6437594
37.0,46.0,37.15287,159.0,2.2311444e-05,-3.0395107,0.5359477
39.0,19.0,40.613953,183.0,2.231176e-05,-2.5157957,0.5347483
40.0,22.0,38.25298,176.5,2.2362132e-05,-3.522114,0.74864763
41.0,28.0,35.735,171.0,2.2563274e-05,-3.4245641,1.1127088
42.0,31.0,37.507984,185.75,2.2990624e-05,-3.2083368,1.6347281
44.0,37.0,38.723812,201.5,2.3568628e-05,-3.0864885,1.8545485
45.0,30.0,37.641846,201.5,2.415856e-05,-2.5282311,1.770286
46.0,22.0,36.122433,201.5,2.4823696e-05,-3.0581892,2.7536068
49.0,24.0,33.82423,201.5,2.5575906e-05,-3.7620835,3.5081997
51.0,28.0,31.714855,201.5,2.6327272e-05,-3.3858752,3.1573796
