Vmax,Rmax_IBT,Rmax_CK22,R34,fcor,u_trans,v_trans
21.0,83.0,38.780857,95.5,4.1899257e-05,0.0,2.572
22.0,83.0,40.200027,101.0,4.215294e-05,0.2241649,-2.5622127
22.0,83.0,41.555363,106.5,4.245846e-05,-1.6079366,-3.7880616
23.0,83.0,43.34745,115.5,4.288343e-05,-2.6554294,-3.7923465
26.0,69.0,42.53145,125.75,4.3697768e-05,-2.5335698,-3.2428222
28.0,56.0,41.79287,136.5,4.458322e-05,-2.5897794,-3.1981113
28.0,56.0,43.929897,143.75,4.4879198e-05,-2.2412982,-3.4512973
29.0,56.0,46.445404,158.0,4.5442626e-05,-1.7391587,-3.7296376
30.0,56.0,47.51551,164.75,4.5737143e-05,-0.89324653,-5.065851
31.0,56.0,49.91205,180.5,4.651767e-05,-1.0796734,-5.554439
33.0,56.0,46.079597,184.25,4.801062e-05,-1.3688903,-5.4903216
33.0,56.0,46.062355,184.25,4.8282647e-05,-2.552181,-8.900515
36.0,56.0,42.93643,189.75,4.9641636e-05,-2.6795554,-7.7819963
37.0,39.0,41.21718,189.75,5.1110805e-05,-2.5107033,-5.6391335
39.0,22.0,38.83954,189.75,5.250265e-05,-2.1196742,-5.246377
40.0,17.0,37.29065,189.75,5.3770742e-05,-1.7014539,-5.9336762
41.0,13.0,35.858124,189.75,5.4548353e-05,-1.4722819,-7.5742354
41.0,13.0,35.141335,189.75,5.510506e-05,-1.0738598,-7.6409082
44.0,22.0,32.135548,191.5,5.6715413e-05,-0.8776534,-7.14792
44.0,24.0,31.614761,192.5,5.7118126e-05,-0.8065414,-7.6737313
46.0,31.0,29.441359,194.5,5.83877e-05,-1.2505451,-7.092191
