Vmax,Rmax_IBT,Rmax_CK22,R34,fcor,u_trans,v_trans
19.0,130.0,74.650475,157.0,6.37495e-05,0.089775175,5.1432166
21.0,130.0,73.37356,167.0,6.4846485e-05,-2.6493561,4.4092684
22.0,130.0,73.84214,176.0,6.57629e-05,-5.608358,3.6421106
23.0,130.0,72.17374,185.33333,6.643758e-05,-6.6291075,2.81389
24.0,93.0,72.125084,194.66667,6.6945526e-05,-7.017023,1.6200086
26.0,56.0,57.111084,167.0,6.711647e-05,-8.229147,0.14363956
26.0,65.0,57.903755,169.25,6.703356e-05,-8.611948,-1.5185183
26.0,74.0,58.698547,171.5,6.643758e-05,-7.495756,-4.503907
27.0,59.0,52.900116,162.0,6.5106775e-05,-5.507212,-6.1163797
28.0,46.0,46.626534,152.75,6.370404e-05,-4.560659,-4.890709
28.0,46.0,44.5851,145.75,6.2923275e-05,-4.362359,-2.7259054
28.0,46.0,42.505043,139.0,6.255676e-05,-4.4718504,-1.1982284
29.0,41.0,40.751305,139.0,6.2417275e-05,-5.144,6.134159e-08
31.0,37.0,38.316128,139.0,6.255676e-05,-6.585606,1.16122
32.0,31.0,33.87229,127.25,6.2936626e-05,-8.079185,1.5704334
33.0,28.0,29.235405,116.0,6.324571e-05,-8.225387,0.2872353
33.0,28.0,25.878227,101.75,6.306784e-05,-7.6409082,-1.0738609
33.0,28.0,22.4669,88.0,6.278661e-05,-6.637355,-0.8149663
34.0,28.0,21.730999,88.0,6.271687e-05,-5.144,6.134159e-08
36.0,28.0,20.699675,88.0,6.278661e-05,-4.084526,0.5015159
37.0,22.0,20.055536,88.0,6.292951e-05,-2.9002674,1.0556108
39.0,19.0,19.14742,88.0,6.324571e-05,-2.4321163,1.9001777
41.0,19.0,17.776718,88.0,6.3715444e-05,-1.8141406,2.49695
44.0,19.0,16.551033,88.0,6.43901e-05,-0.93195647,3.4781055
46.0,19.0,15.446206,88.0,6.521662e-05,0.07182014,4.1145735
49.0,19.0,14.441372,88.0,6.621089e-05,0.32294455,4.618323
