Vmax,Rmax_IBT,Rmax_CK22,R34,fcor,u_trans,v_trans
18.0,46.0,30.330193,65.0,5.046033e-05,-2.6455615,1.589613
18.0,46.0,39.457355,83.0,5.1074945e-05,-2.2936418,2.065205
21.0,46.0,41.31516,98.25,5.155144e-05,-2.3145502,2.7583723
23.0,46.0,42.814133,113.5,5.2027382e-05,-2.8065593,3.009667
23.0,46.0,42.83213,113.5,5.2567924e-05,-3.7002842,3.5733225
23.0,46.0,42.853523,113.5,5.321436e-05,-3.4420075,3.8227372
24.0,46.0,41.00005,113.5,5.4025008e-05,-2.850266,3.648175
26.0,46.0,38.44326,113.5,5.4869302e-05,-2.58978,3.1981103
26.0,46.0,38.455868,113.5,5.562873e-05,-2.3623376,2.7175581
26.0,46.0,38.466606,113.5,5.6281307e-05,-2.4094055,2.675916
27.0,46.0,36.89104,113.5,5.6715737e-05,-2.2168736,2.8374693
28.0,46.0,34.71273,113.5,5.721923e-05,-1.634729,3.2083364
28.0,46.0,34.714207,113.5,5.8084104e-05,-0.99251556,3.4613109
28.0,46.0,34.71565,113.5,5.9086666e-05,-1.1982298,4.47185
31.0,46.0,31.486347,113.5,6.0067927e-05,-1.674722,4.8637476
33.0,46.0,28.698135,113.5,6.0942573e-05,-2.2412982,3.4512973
33.0,46.0,28.824936,114.0,6.158976e-05,-2.5282311,1.770286
33.0,46.0,29.27858,115.75,6.20965e-05,-2.1322846,1.4382441
33.0,46.0,36.283844,145.25,6.2591025e-05,-1.4801137,1.429329
33.0,46.0,43.221237,176.0,6.3016254e-05,-1.818679,1.8186784
33.0,46.0,43.19702,176.0,6.339461e-05,-2.25725,2.10492
33.0,46.0,43.177223,176.0,6.370404e-05,-2.4649084,1.8574424
34.0,41.0,43.329063,185.0,6.389861e-05,-2.1322846,1.4382441
36.0,37.0,42.398827,194.5,6.416161e-05,-2.25725,2.10492
39.0,37.0,38.16975,194.5,6.461264e-05,-1.6809736,2.588473
41.0,37.0,34.42156,194.5,6.530208e-05,-1.4069444,3.314554
42.0,33.0,34.4952,207.25,6.623923e-05,-1.1982298,4.47185
44.0,31.0,33.71136,222.5,6.734234e-05,-0.48392585,4.6042385
45.0,31.0,32.753277,230.25,6.8468566e-05,0.24229456,4.6232553
46.0,31.0,31.035255,238.5,6.958979e-05,0.53769445,5.115821
