Vmax,Rmax_IBT,Rmax_CK22,R34,fcor,u_trans,v_trans
22.0,65.0,37.849636,96.0,3.526386e-05,0.3926086,-2.0197961
23.0,65.0,34.22545,92.75,3.577612e-05,0.17941363,-2.5657349
24.0,59.0,36.0503,101.5,3.6269415e-05,0.0,2.572
26.0,56.0,37.28755,111.0,3.67623e-05,-0.14353077,-2.052588
27.0,78.0,44.08153,136.0,3.723625e-05,0.10764817,-1.5394409
28.0,102.0,49.587593,162.0,3.7746686e-05,0.5671514,-1.977892
31.0,69.0,44.090656,158.25,3.8305727e-05,1.2553518,-2.8195667
33.0,37.0,39.53112,155.0,3.897458e-05,1.521764,-3.263433
34.0,31.0,38.94135,158.25,3.9758805e-05,1.739159,-3.7296376
36.0,28.0,37.798485,162.0,4.0688625e-05,2.1017947,-4.125004
40.0,22.0,35.41004,171.5,4.171432e-05,2.4804792,-5.0857363
44.0,19.0,32.573402,180.5,4.288343e-05,1.8421946,-5.3501225
45.0,19.0,30.893225,177.0,4.418298e-05,1.2728634,-5.5133758
46.0,19.0,28.912426,173.5,4.5551555e-05,1.5596664,-5.4392033
49.0,19.0,26.688402,173.5,4.6861296e-05,2.009667,-5.8364973
51.0,19.0,24.645575,173.5,4.8202877e-05,2.0664587,-6.359905
