Vmax,Rmax_IBT,Rmax_CK22,R34,fcor,u_trans,v_trans
24.0,46.0,29.527191,84.0,3.0072972e-05,2.8292003,-4.900318
26.0,46.0,36.36363,108.75,3.131743e-05,2.5688603,-5.0416713
27.0,31.0,35.024223,108.75,3.238554e-05,2.7259054,-4.362359
28.0,19.0,33.16238,108.75,3.330315e-05,3.3064997,-3.9405327
29.0,19.0,32.01739,108.75,3.40646e-05,3.5733232,-3.7002835
31.0,19.0,30.4241,108.75,3.47882e-05,2.4765894,-3.2865446
31.0,19.0,30.420639,108.75,3.5634133e-05,1.3488839,-3.3386035
31.0,19.0,30.416885,108.75,3.651592e-05,1.1723057,-3.4046235
32.0,19.0,29.666615,109.75,3.7377715e-05,1.2315464,-3.3836453
33.0,19.0,28.60667,111.0,3.8238195e-05,1.2553518,-2.8195667
34.0,19.0,27.708658,111.0,3.9097224e-05,1.2553518,-2.8195667
36.0,19.0,26.450716,111.0,3.995476e-05,0.5011348,-3.5657573
37.0,19.0,27.083014,117.5,4.0792456e-05,-0.24229468,-4.6232553
39.0,19.0,27.391968,125.0,4.1665367e-05,-0.7242286,-4.5726023
40.0,19.0,26.557323,125.0,4.2640102e-05,-1.0414333,-4.510944
41.0,19.0,25.390095,125.0,4.3612705e-05,-0.9955566,-3.992961
44.0,19.0,23.237274,122.75,4.451651e-05,-0.93195575,-3.4781058
46.0,19.0,21.305733,120.5,4.5309676e-05,-1.2315462,-3.3836453
