Vmax,Rmax_IBT,Rmax_CK22,R34,fcor,u_trans,v_trans
21.0,59.0,41.820366,101.0,3.5133842e-05,-3.7923467,2.6554291
21.0,56.0,48.285835,115.5,3.626943e-05,-5.8233404,5.06215
22.0,56.0,52.7202,131.5,3.788745e-05,-7.0305395,6.7893124
23.0,56.0,55.840748,148.0,3.9464914e-05,-6.3147583,6.771751
22.0,56.0,59.926247,148.0,4.0559506e-05,-5.3599854,5.5504246
21.0,56.0,62.94439,148.0,4.1177245e-05,-5.548076,2.7059765
22.0,56.0,59.978992,148.0,4.1288622e-05,-6.6780353,0.3499823
23.0,56.0,55.937286,148.0,4.1177245e-05,-6.17186,0.10772967
23.0,56.0,55.215977,146.0,4.1169853e-05,-5.603333,0.7874981
23.0,56.0,55.056053,146.0,4.142137e-05,-4.4718504,1.1982284
26.0,56.0,49.39169,146.0,4.2049847e-05,-4.087694,2.173466
28.0,56.0,44.631916,146.0,4.3126656e-05,-4.8907084,4.5606594
31.0,56.0,40.55042,146.0,4.458322e-05,-5.643125,5.2622995
33.0,56.0,37.02318,146.0,4.5309676e-05,-6.2367687,3.6007993
34.0,56.0,37.557777,153.75,4.582603e-05,-6.395002,1.9551464
36.0,56.0,37.418995,162.0,4.627635e-05,-5.836497,2.0096672
41.0,50.0,31.657627,162.0,4.6860587e-05,-5.041672,2.5688584
46.0,46.0,27.109955,162.0,4.748151e-05,-5.4502587,2.8979545
52.0,33.0,24.68528,181.5,4.811911e-05,-5.9583397,3.0359237
59.0,22.0,21.705603,201.5,4.868306e-05,-4.802338,1.843444
59.0,22.0,22.511435,217.75,4.895174e-05,-3.9137876,1.2716672
59.0,22.0,23.175415,236.25,4.9402213e-05,-3.7923467,2.6554291
57.0,22.0,24.857931,236.25,5.035898e-05,-3.7122447,4.2704487
57.0,19.0,24.92897,243.0,5.155148e-05,-4.1304092,4.5872846
57.0,19.0,25.106789,253.5,5.2424508e-05,-4.6586723,4.0497203
57.0,19.0,25.25663,264.0,5.321436e-05,-4.5872836,4.13041
55.0,19.0,26.372286,264.0,5.424346e-05,-4.3648295,4.364828
54.0,19.0,27.050735,264.0,5.5340646e-05,-4.209839,4.5145006
54.0,20.0,26.735813,264.0,5.639854e-05,-4.0497217,4.658671
54.0,22.0,26.42475,264.0,5.7453286e-05,-3.5609474,4.397402
54.0,30.0,26.102516,264.0,5.855672e-05,-3.40531,4.5189996
54.0,37.0,25.814728,264.0,5.9551734e-05,-3.0235677,4.1615834
57.0,37.0,23.169258,264.0,6.028232e-05,-2.721211,3.745425
59.0,37.0,20.817749,264.0,6.0942573e-05,-2.65543,3.7923458
64.0,37.0,16.954521,264.0,6.17335e-05,-2.3011916,3.411655
69.0,37.0,13.831918,264.0,6.255676e-05,-2.4533143,3.9261234
