Vmax,Rmax_IBT,Rmax_CK22,R34,fcor,u_trans,v_trans
18.0,65.0,32.180817,70.5,2.1355403e-05,0.0897615,2.5704334
18.0,65.0,36.10773,78.5,2.206018e-05,0.0,2.572
21.0,59.0,33.510002,82.5,2.2865013e-05,0.0,2.572
23.0,56.0,32.155785,88.0,2.3819783e-05,0.26884723,2.5579104
26.0,50.0,30.427422,91.5,2.491148e-05,0.64169866,3.0189548
28.0,46.0,29.545952,97.5,2.6076874e-05,1.203168,3.9353852
31.0,41.0,30.706482,109.75,2.7221819e-05,1.4306251,4.4030113
33.0,37.0,31.708712,122.75,2.8327528e-05,1.1982286,4.4718504
34.0,37.0,33.912716,135.75,2.9344279e-05,0.80392164,4.559266
36.0,37.0,35.785885,150.25,3.0322259e-05,0.3586633,4.0995407
40.0,31.0,34.113,159.75,3.1317442e-05,0.07182014,4.1145735
44.0,28.0,32.046307,169.0,3.231108e-05,7.1952445e-07,4.1152
47.0,37.0,34.184994,205.25,3.3284563e-05,0.16157071,4.62678
51.0,46.0,34.519367,243.0,3.4293596e-05,-0.24229458,4.6232553
57.0,41.0,30.694271,255.75,3.5350302e-05,-0.32294413,4.618323
62.0,37.0,27.050129,268.5,3.651592e-05,0.0,5.144
63.0,37.0,25.981174,272.5,3.7795886e-05,0.3588273,5.1314697
64.0,37.0,24.547684,278.0,3.9219805e-05,-0.10773146,6.17186
67.0,37.0,22.242882,278.0,4.0774194e-05,-0.4664749,6.6709104
69.0,37.0,20.081152,278.0,4.239659e-05,-0.5828298,6.661753
