Vmax,Rmax_IBT,Rmax_CK22,R34,fcor,u_trans,v_trans
21.0,65.0,35.13037,86.0,3.0141708e-05,-2.2201705,2.1439936
21.0,65.0,35.162582,86.0,3.1068776e-05,-2.5013263,2.590198
22.0,65.0,34.559364,88.25,3.1870466e-05,-2.753606,3.0581899
23.0,65.0,33.283226,90.5,3.2559245e-05,-2.3011916,3.411655
23.0,65.0,34.546707,93.5,3.305509e-05,-1.634729,3.2083364
23.0,65.0,36.014862,97.5,3.3550914e-05,-1.5432006,2.6729007
24.0,59.0,36.89605,103.5,3.4237924e-05,-1.8141406,2.49695
26.0,56.0,37.271935,111.0,3.5035337e-05,-1.6809736,2.588473
26.0,56.0,37.29076,111.0,3.5880923e-05,-1.4011964,2.7500026
26.0,56.0,37.310093,111.0,3.67623e-05,-1.3397776,3.8909981
26.0,56.0,37.327164,111.0,3.7549762e-05,-1.5895832,4.892235
26.0,56.0,37.347214,111.0,3.8483773e-05,-2.3913443,5.1282516
27.0,56.0,38.197334,118.0,3.9758834e-05,-3.444163,5.732049
28.0,56.0,38.21251,125.0,4.1177245e-05,-3.7090986,6.1729755
31.0,46.0,44.12628,158.75,4.2500003e-05,-3.6008012,6.2367682
33.0,37.0,48.72768,194.25,4.385554e-05,-4.3147345,6.396853
36.0,37.0,45.222176,199.0,4.536378e-05,-4.8558373,5.996457
39.0,37.0,41.9051,203.75,4.675884e-05,-5.092301,5.0922995
41.0,31.0,40.661297,220.0,4.7812136e-05,-4.797167,3.8846688
44.0,28.0,39.027367,236.25,4.868306e-05,-4.797167,3.8846688
46.0,28.0,35.457157,236.25,4.952167e-05,-4.5145,4.20984
49.0,28.0,32.244743,236.25,5.035898e-05,-4.440341,4.287987
51.0,28.0,29.337418,236.25,5.1223804e-05,-4.1304092,4.5872846
54.0,28.0,26.658691,236.25,5.22651e-05,-3.8356214,5.477833
54.0,28.0,27.52841,262.0,5.365191e-05,-3.7090986,6.1729755
54.0,28.0,28.019672,286.75,5.510506e-05,-4.4337473,5.6749387
55.0,28.0,26.488237,286.75,5.6387547e-05,-4.728565,4.728564
57.0,28.0,24.582388,286.75,5.7453286e-05,-3.7620835,3.5081997
