Vmax,Rmax_IBT,Rmax_CK22,R34,fcor,u_trans,v_trans
21.0,69.0,59.532135,138.33333,5.5357894e-05,-3.4434626,1.0527711
23.0,56.0,56.718937,148.33333,5.5576067e-05,-3.4613113,0.9925145
24.0,56.0,54.145065,148.33333,5.5811077e-05,-3.974978,1.0650918
26.0,56.0,50.569214,148.33333,5.6046403e-05,-3.992961,0.99555725
27.0,56.0,50.392025,154.66667,5.626305e-05,-4.492081,1.1200019
28.0,56.0,43.83131,143.75,5.6516048e-05,-4.9687223,1.3313649
29.0,50.0,42.711506,146.0,5.6867644e-05,-5.465595,1.4645014
31.0,46.0,40.80903,148.25,5.721923e-05,-6.014591,1.3885788
31.0,46.0,41.29727,150.0,5.74697e-05,-6.0790215,1.0718954
31.0,46.0,42.014854,152.5,5.768715e-05,-7.1315145,1.0022703
31.0,56.0,42.00791,152.5,5.7920905e-05,-7.6409082,1.0738611
31.0,65.0,42.000916,152.5,5.8154368e-05,-7.6409082,1.0738611
33.0,65.0,38.953575,156.75,5.8387086e-05,-7.1315145,1.0022703
36.0,65.0,36.384686,162.0,5.862087e-05,-6.6048694,1.0461091
40.0,65.0,33.21032,169.75,5.8853162e-05,-6.0790215,1.0718954
44.0,65.0,29.767181,178.0,5.9086666e-05,-5.5544395,1.0796729
46.0,50.0,27.218975,178.0,5.933547e-05,-5.0494905,0.9815209
49.0,37.0,24.951988,178.0,5.9551734e-05,-5.603333,0.7874981
52.0,31.0,22.194717,178.0,5.970273e-05,-6.149311,0.5379949
57.0,28.0,19.524744,178.0,5.9784e-05,-6.1690397,0.21542646
59.0,28.0,18.86163,194.0,5.978363e-05,-5.6584,6.7475746e-08
62.0,28.0,17.99798,210.75,5.9784e-05,-5.1408668,0.17952205
68.0,31.0,15.041695,226.5,5.9864953e-05,-4.6042385,0.4839245
75.0,37.0,12.128166,243.25,6.0016075e-05,-4.052681,0.7145969
76.0,41.0,11.613445,250.75,6.0184117e-05,-3.4434626,1.0527711
77.0,46.0,10.86207,259.0,6.0479695e-05,-3.236378,1.5784862
80.0,31.0,9.865136,259.0,6.0942573e-05,-3.2634332,1.5217636
