Vmax,Rmax_IBT,Rmax_CK22,R34,fcor,u_trans,v_trans
22.0,28.0,27.088783,69.5,3.146036e-05,0.08976139,-2.5704334
23.0,28.0,25.418556,69.5,3.206281e-05,0.0,2.572
24.0,28.0,25.745481,73.5,3.2577856e-05,0.0,2.0576
26.0,28.0,26.17814,78.5,3.305528e-05,0.0,2.0576
26.0,28.0,26.184563,78.5,3.3550914e-05,0.0,2.0576
26.0,28.0,26.19093,78.5,3.404614e-05,0.053856835,-1.5422599
26.0,28.0,26.825212,80.5,3.45224e-05,0.0,2.0576
26.0,28.0,27.7762,83.5,3.5035337e-05,0.0,2.0576
26.0,28.0,27.785103,83.5,3.5671197e-05,-0.28636262,-2.0375755
26.0,28.0,27.79345,83.5,3.626943e-05,-0.8695794,-1.8648188
27.0,28.0,26.772541,83.5,3.6694502e-05,-1.4293292,-1.4801135
28.0,28.0,25.36708,83.5,3.700857e-05,-1.6214108,-1.2667851
28.0,19.0,26.505617,87.0,3.7254817e-05,-1.664633,-1.2094275
28.0,9.0,28.21365,92.5,3.7500762e-05,-2.0267637,-1.5834814
29.0,22.0,32.98502,112.0,3.781433e-05,-1.7866614,-1.850142
31.0,37.0,36.82158,131.75,3.8238195e-05,-0.73737776,-1.9209352
32.0,37.0,35.558052,131.75,3.8833463e-05,0.17941363,-2.5657349
33.0,37.0,33.792477,131.75,3.9464914e-05,0.7947918,-2.4461174
