Vmax,Rmax_IBT,Rmax_CK22,R34,fcor,u_trans,v_trans
21.0,74.0,66.789825,152.75,6.3721156e-05,0.0,2.0576
21.0,65.0,66.7563,152.75,6.324571e-05,0.28636274,-2.0375755
23.0,59.0,59.0371,153.25,6.2804e-05,0.5325463,-1.987489
26.0,56.0,53.08437,154.75,6.2326726e-05,0.7373778,-1.9209352
27.0,46.0,57.73317,176.75,6.1681334e-05,0.8177716,-1.3087077
28.0,37.0,60.691093,199.25,6.1173734e-05,1.6432723,-1.2382947
29.0,37.0,52.074764,178.25,6.107029e-05,2.3116984,-1.1274905
31.0,37.0,43.30036,157.5,6.1173734e-05,1.4308301,-0.5780929
32.0,37.0,43.857746,166.5,6.120228e-05,1.0288,-4.4970278e-08
33.0,37.0,43.323574,176.0,6.14047e-05,1.7449437,1.090362
33.0,37.0,47.385036,194.5,6.1912426e-05,2.1439936,2.2201703
33.0,37.0,51.30556,213.0,6.255676e-05,0.53594774,3.0395107
32.0,37.0,54.871914,213.0,6.3165586e-05,-1.3488835,3.3386037
31.0,37.0,57.44076,213.0,6.370404e-05,-1.6809736,2.588473
31.0,37.0,50.420197,185.0,6.411583e-05,-1.7866617,1.8501415
31.0,37.0,43.204906,157.5,6.43901e-05,-1.128625,1.05246
31.0,37.0,48.01583,176.0,6.4487125e-05,-0.56032455,0.8628243
31.0,37.0,52.73814,194.5,6.461839e-05,0.0,1.0288
32.0,37.0,46.392017,178.0,6.493773e-05,0.47687504,1.4676704
33.0,37.0,39.944744,162.0,6.552959e-05,0.6252724,3.5460956
34.0,37.0,39.6675,168.5,6.6516826e-05,0.179523,5.1408668
36.0,37.0,38.641525,176.0,6.756802e-05,-0.8555985,4.025273
41.0,37.0,32.799747,185.0,6.8412395e-05,-1.2059524,2.8410463
46.0,37.0,27.801231,194.5,6.8917754e-05,0.40198418,0.9470154
49.0,41.0,25.913921,203.5,6.875591e-05,2.0576,-8.9940556e-08
51.0,46.0,23.919403,213.0,6.869332e-05,3.7296376,1.7391587
54.0,59.0,21.533783,213.0,6.9616995e-05,4.205011,3.7862084
57.0,74.0,19.360832,213.0,7.07056e-05,3.3302555,3.2159905
57.0,59.0,19.725756,227.0,7.115016e-05,3.451297,2.2412987
57.0,46.0,19.883116,240.5,7.159438e-05,4.7455335,3.0817857
58.0,46.0,18.886127,240.5,7.24246e-05,5.351832,4.818811
