Vmax,Rmax_IBT,Rmax_CK22,R34,fcor,u_trans,v_trans
19.0,93.0,157.13309,317.5,5.2668147e-05,1.4074812,3.867023
21.0,93.0,144.35686,317.5,5.392461e-05,0.48392498,4.6042385
22.0,93.0,136.48474,317.5,5.518752e-05,-0.59146494,5.6274023
23.0,93.0,125.37003,317.5,5.6516048e-05,-1.5042925,6.5158076
24.0,93.0,118.458145,317.5,5.7867244e-05,-2.6390293,7.250668
26.0,93.0,108.71789,317.5,5.9319285e-05,-4.239562,7.6483755
26.0,111.0,112.41939,328.5,6.101245e-05,-6.0172276,7.7017026
26.0,130.0,116.34592,340.25,6.255676e-05,-6.9109797,6.9109774
27.0,130.0,114.7182,359.75,6.3611595e-05,-7.4908514,5.4424195
28.0,130.0,106.822174,379.75,6.43901e-05,-7.1541514,2.8904626
28.0,130.0,109.63562,389.75,6.5261585e-05,-6.650567,0.699002
28.0,130.0,112.51922,400.5,6.575688e-05,-6.6861815,-0.116707
28.0,111.0,102.14815,349.5,6.5554e-05,-6.149311,-0.53799474
28.0,93.0,88.47671,298.5,6.507438e-05,-4.025273,-0.8555991
29.0,78.0,83.644424,298.5,6.474221e-05,-1.3497132,-0.7481582
31.0,65.0,76.91971,298.5,6.461839e-05,1.5347463,-0.1613084
31.0,56.0,76.87861,298.5,6.48412e-05,2.9947207,0.74666774
31.0,46.0,76.79339,298.5,6.530208e-05,2.1068592,1.4752387
33.0,41.0,65.20876,289.0,6.576963e-05,0.96348816,2.384717
36.0,37.0,55.789085,280.25,6.643758e-05,0.64169866,3.0189548
36.0,37.0,69.46806,400.5,6.734234e-05,-0.107714124,3.0845199
39.0,37.0,52.78795,321.75,6.801876e-05,-1.5834811,2.026764
40.0,30.0,47.64696,291.75,6.824875e-05,-1.5197554,-0.2679738
41.0,22.0,41.55075,261.5,6.801876e-05,0.3218795,-2.0322676
44.0,20.0,37.75434,270.5,6.729516e-05,2.4094057,-2.6759157
46.0,19.0,34.21639,280.25,6.666408e-05,3.955784,-1.1343029
