Vmax,Rmax_IBT,Rmax_CK22,R34,fcor,u_trans,v_trans
24.0,56.0,24.401722,69.0,5.743559e-05,-5.041672,2.5688584
28.0,56.0,25.462292,83.0,5.8154368e-05,-5.9583397,3.0359237
29.0,37.0,25.633377,87.0,5.887031e-05,-6.875007,3.5029888
31.0,19.0,25.818495,93.0,5.9551734e-05,-6.6291075,2.81389
32.0,19.0,32.892006,123.0,6.0131915e-05,-6.8092465,2.3446116
33.0,19.0,38.626694,154.75,6.0711227e-05,-7.2506685,2.6390269
34.0,19.0,37.117252,154.75,6.140358e-05,-7.6837406,2.9495103
36.0,19.0,35.00842,154.75,6.20965e-05,-7.3383517,2.384376
39.0,28.0,31.625591,153.5,6.265402e-05,-6.8491282,2.2254176
41.0,37.0,28.739042,152.5,6.324571e-05,-7.048917,3.13838
44.0,31.0,27.157951,159.0,6.401257e-05,-6.7485657,3.740791
46.0,28.0,25.665485,167.0,6.4846485e-05,-6.1073027,3.8162675
47.0,22.0,24.410519,163.5,6.5659406e-05,-5.340635,4.0244584
49.0,19.0,22.901161,162.0,6.643758e-05,-5.1174836,3.451786
49.0,19.0,22.803638,161.5,6.711639e-05,-4.499044,2.4938607
49.0,19.0,22.739796,162.0,6.7793495e-05,-3.0581892,2.7536068
50.0,19.0,21.465115,157.25,6.858037e-05,-2.2412982,3.4512973
51.0,19.0,19.879976,152.75,6.936598e-05,-1.9950879,3.5992353
