Vmax,Rmax_IBT,Rmax_CK22,R34,fcor,u_trans,v_trans
18.0,111.0,89.012184,185.0,3.0316345e-05,-4.6296,5.520743e-08
18.0,111.0,98.48991,204.0,3.0322259e-05,-4.628895,0.080797255
19.0,111.0,93.42037,204.0,3.0340834e-05,-4.6296,5.520743e-08
21.0,111.0,86.59244,204.0,3.0322259e-05,-4.10956,-0.21537364
22.0,93.0,82.4866,204.0,3.02348e-05,-4.084526,-0.5015177
23.0,74.0,76.9178,204.0,3.0073232e-05,-4.0395923,-0.78521657
24.0,65.0,73.542015,204.0,2.9823932e-05,-4.510944,-1.0414339
26.0,56.0,68.94958,204.0,2.9574905e-05,-4.559266,-0.8039214
27.0,56.0,66.159744,204.0,2.9431345e-05,-5.115821,-0.53769374
28.0,56.0,52.832672,173.0,2.9325609e-05,-5.124426,-0.44832897
28.0,56.0,52.83128,173.0,2.920077e-05,-5.6368685,-0.49316186
28.0,56.0,52.829777,173.0,2.9076216e-05,-5.6368685,-0.49316186
28.0,56.0,52.828304,173.0,2.8951237e-05,-5.6368685,-0.49316186
28.0,56.0,52.826874,173.0,2.882674e-05,-5.6368685,-0.49316186
29.0,56.0,50.88559,173.0,2.8720322e-05,-5.6368685,-0.49316186
31.0,56.0,40.04121,143.75,2.857718e-05,-5.603333,-0.78749794
31.0,56.0,40.04451,143.75,2.8346067e-05,-6.0790215,-1.0718952
31.0,56.0,40.048264,143.75,2.807779e-05,-6.0790215,-1.0718952
32.0,56.0,38.705666,143.75,2.782788e-05,-6.0790215,-1.0718952
33.0,56.0,36.842957,143.75,2.7578055e-05,-5.5347505,-1.1764487
36.0,46.0,37.371475,157.5,2.7271411e-05,-5.031591,-1.0694989
39.0,37.0,37.719837,171.5,2.707799e-05,-5.1314692,-0.35882762
42.0,37.0,34.225357,171.5,2.7109061e-05,-5.115821,0.5376939
46.0,37.0,30.853119,171.5,2.7328068e-05,-5.0315914,1.0694966
50.0,37.0,28.925041,176.0,2.7646678e-05,-4.9192324,1.5039588
54.0,37.0,26.81457,180.75,2.807779e-05,-4.802338,1.843444
54.0,37.0,26.724756,180.75,2.8539564e-05,-4.699278,2.0922532
54.0,37.0,26.620747,180.75,2.9076216e-05,-4.499044,2.4938607
54.0,41.0,27.679293,190.0,2.9680685e-05,-3.8827093,2.5214612
54.0,46.0,28.66912,199.0,3.0322259e-05,-3.7923467,2.6554291
54.0,46.0,28.525692,199.0,3.096295e-05,-3.7454257,2.7212098
54.0,46.0,28.391134,199.0,3.156599e-05,-3.4116557,2.3011906
55.0,46.0,28.668509,208.25,3.2044096e-05,-2.9851987,2.0135417
57.0,46.0,28.40105,217.5,3.2559245e-05,-2.6334584,2.4557397
58.0,41.0,27.521692,217.5,3.326586e-05,-2.58978,3.1981103
59.0,37.0,26.318127,217.5,3.404614e-05,-2.5335698,3.2428222
60.0,37.0,25.644798,220.0,3.4788136e-05,-2.58978,3.1981103
62.0,37.0,24.654995,222.25,3.5529305e-05,-2.58978,3.1981103
