Vmax,Rmax_IBT,Rmax_CK22,R34,fcor,u_trans,v_trans
22.0,50.0,41.40543,103.5,4.34062e-05,-2.1734653,4.087694
26.0,28.0,37.428223,111.0,4.409823e-05,-2.0135427,2.985198
28.0,31.0,37.376743,122.25,4.4583165e-05,-2.0652046,2.2936423
31.0,37.0,37.388714,134.5,4.506766e-05,-1.8574418,2.4649088
31.0,37.0,37.886955,136.25,4.577517e-05,-1.6355429,2.6174157
31.0,37.0,38.635593,139.0,4.651767e-05,-1.942335,2.398583
32.0,31.0,38.921524,145.5,4.719234e-05,-2.3293362,2.0248601
33.0,28.0,38.63716,152.5,4.7722115e-05,-2.3985834,1.9423344
34.0,28.0,37.479565,153.5,4.801675e-05,-2.4969504,1.8141398
36.0,28.0,35.850487,154.75,4.8202877e-05,-2.8195667,1.255352
39.0,28.0,42.248158,206.25,4.8425e-05,-2.4956007,0.6222233
41.0,28.0,45.993294,259.0,4.868306e-05,-2.401169,0.921722
44.0,28.0,40.777954,251.5,4.9042563e-05,-2.5884728,1.6809741
46.0,28.0,36.379738,245.5,4.9402213e-05,-2.4969504,1.8141398
46.0,28.0,36.305466,245.5,4.9695125e-05,-3.0864885,1.8545485
46.0,28.0,36.258484,245.5,4.9880902e-05,-3.493841,0.8711126
46.0,28.0,35.905502,241.75,4.989878e-05,-4.1152,4.9073268e-08
46.0,28.0,35.587914,238.75,4.9880902e-05,-4.628895,0.080797255
46.0,28.0,36.52771,247.75,4.9982766e-05,-5.1314692,0.3588278
46.0,28.0,37.53289,259.0,5.012002e-05,-4.1051755,0.28706223
45.0,28.0,39.24888,254.5,5.023899e-05,-3.5920286,0.25117946
44.0,28.0,40.237576,250.0,5.035898e-05,-3.0633945,0.37613693
44.0,28.0,40.19947,250.0,5.0513943e-05,-3.556468,0.56328946
44.0,28.0,40.178802,250.0,5.059779e-05,-3.5958652,0.188452
41.0,31.0,44.34843,250.0,5.0496215e-05,-3.5986066,-0.12566707
39.0,37.0,49.063587,250.0,5.035898e-05,-3.5986066,-0.12566707
39.0,37.0,49.07087,250.0,5.0323157e-05,-4.1152,4.9073268e-08
39.0,37.0,49.063587,250.0,5.035898e-05,-3.6008,4.293911e-08
41.0,37.0,45.025974,255.25,5.044234e-05,-2.5684752,0.13460858
44.0,37.0,41.428883,261.75,5.059779e-05,-2.5469694,0.3579537
44.0,37.0,41.37939,261.75,5.0782666e-05,-2.4461174,0.79479206
44.0,37.0,41.30126,261.75,5.1074945e-05,-2.6994264,1.4963164
47.0,28.0,35.708992,259.0,5.1479976e-05,-2.3293362,2.0248601
51.0,19.0,30.456001,257.0,5.2027382e-05,-1.5896137,2.645561
51.0,28.0,30.2649,257.0,5.2686617e-05,-1.1127082,3.4245644
51.0,37.0,30.04435,257.0,5.345127e-05,-1.2315469,3.383645
55.0,28.0,26.637375,268.75,5.422597e-05,-1.3488835,3.3386037
59.0,19.0,22.92308,280.25,5.510506e-05,-0.9257185,4.009728
60.0,19.0,21.790432,284.25,5.6128676e-05,-0.89324754,5.065851
62.0,19.0,20.259178,289.25,5.721923e-05,-0.6268964,5.1056576
