Vmax,Rmax_IBT,Rmax_CK22,R34,fcor,u_trans,v_trans
21.0,83.0,19.467937,48.0,2.9537363e-05,-7.6310945,3.0831602
23.0,56.0,18.520447,51.0,3.0571195e-05,-7.9254813,3.6957116
23.0,56.0,23.339775,64.0,3.163977e-05,-7.648375,4.2395635
23.0,56.0,28.897293,78.5,3.2559245e-05,-7.7654185,5.0429225
23.0,65.0,28.909174,78.5,3.3129843e-05,-7.2497687,4.8900304
23.0,74.0,28.917908,78.5,3.3550914e-05,-7.9254813,3.6957116
23.0,74.0,28.927776,78.5,3.402696e-05,-7.985922,1.9911145
23.0,74.0,28.938423,78.5,3.454095e-05,-6.541069,1.3903457
23.0,69.0,29.651655,80.5,3.515817e-05,-4.5109434,1.0414342
23.0,65.0,30.719215,83.5,3.577612e-05,-5.0494905,0.9815209
24.0,50.0,34.19245,96.5,3.6306028e-05,-6.0593886,1.1778251
26.0,37.0,37.27665,111.0,3.67623e-05,-6.0379095,1.283396
27.0,37.0,35.859943,111.0,3.709459e-05,-5.4392037,1.5596656
28.0,37.0,33.90849,111.0,3.7500762e-05,-5.2085843,2.2109134
28.0,37.0,34.48368,113.0,3.816411e-05,-5.4502587,2.8979545
28.0,37.0,35.344963,116.0,3.897458e-05,-5.8487573,3.242019
31.0,37.0,32.32276,116.0,3.9868293e-05,-6.4166737,3.2694561
33.0,37.0,29.719286,116.0,4.0688625e-05,-6.578989,2.9291546
33.0,37.0,30.40107,118.75,4.1232008e-05,-6.7672906,2.4630916
33.0,37.0,31.407711,122.75,4.1665367e-05,-6.8491282,2.2254176
37.0,37.0,31.298428,137.5,4.211654e-05,-6.359905,2.0664594
41.0,37.0,30.433727,152.75,4.2640077e-05,-5.128252,2.3913426
47.0,37.0,26.82341,162.0,4.3350592e-05,-3.7454257,2.7212098
54.0,37.0,23.368244,171.25,4.409823e-05,-4.2137184,2.9504766
