Vmax,Rmax_IBT,Rmax_CK22,R34,fcor,u_trans,v_trans
21.0,74.0,26.814022,65.0,5.155148e-05,-8.108039,3.2758577
22.0,69.0,27.529886,69.5,5.2348532e-05,-7.5761228,3.2158742
23.0,65.0,27.568012,74.5,5.321436e-05,-6.6822524,3.8579993
24.0,65.0,27.291561,76.75,5.4172917e-05,-6.080291,4.7504444
26.0,65.0,26.477383,79.0,5.5340646e-05,-6.3962226,5.1795588
26.0,65.0,29.705574,88.25,5.6750614e-05,-6.8233113,4.602381
28.0,56.0,29.722466,97.5,5.698501e-05,-6.03977,3.9222732
29.0,50.0,31.959148,108.75,5.790196e-05,-5.269585,4.1170516
31.0,46.0,33.256454,120.5,5.9086666e-05,-4.72864,3.9677987
33.0,37.0,30.192379,120.5,5.989982e-05,-4.138292,3.8590195
36.0,28.0,27.521074,120.5,6.0711227e-05,-3.237225,3.997638
42.0,22.0,26.172905,143.5,6.171582e-05,-2.1734653,4.087694
49.0,19.0,23.522583,166.75,6.278661e-05,-1.1982298,4.47185
52.0,19.0,21.372898,173.5,6.383556e-05,-0.40349755,4.611983
57.0,19.0,19.006634,180.5,6.4846485e-05,0.0,4.6296
58.0,15.0,18.65542,187.25,6.580799e-05,0.0,4.6296
59.0,13.0,17.916859,194.5,6.666408e-05,0.18845132,3.5958652
57.0,13.0,19.60387,199.0,6.7342e-05,0.74666774,2.9947207
54.0,13.0,21.53872,203.5,6.801876e-05,2.1194847,3.527415
52.0,15.0,23.05965,213.0,6.891796e-05,3.3064992,3.9405327
51.0,19.0,24.244003,222.5,6.981338e-05,3.442008,3.822737
55.0,22.0,21.002731,224.75,7.0431255e-05,3.5081995,3.7620835
59.0,28.0,17.810242,227.0,7.115043e-05,4.8907084,4.560659
63.0,24.0,15.356517,233.75,7.230173e-05,6.3962226,5.1795588
