Vmax,Rmax_IBT,Rmax_CK22,R34,fcor,u_trans,v_trans
18.0,139.0,55.81693,120.0,2.2116787e-05,-1.8501421,1.7866613
18.0,130.0,54.881012,118.0,2.2563274e-05,-1.8167529,0.9659848
18.0,111.0,44.079926,95.25,2.2638762e-05,-1.542965,0.026932418
18.0,93.0,34.158207,74.25,2.2563274e-05,-1.542965,0.026932418
21.0,93.0,38.942535,95.0,2.2566788e-05,-1.5148472,0.29445627
23.0,93.0,42.73254,116.0,2.2563274e-05,-1.0231642,0.107538775
24.0,69.0,51.855644,143.0,2.2535944e-05,-1.02739,-0.05384341
25.0,46.0,59.784096,171.5,2.2515807e-05,-1.0286434,-0.017954921
25.0,46.0,55.74492,163.25,2.251704e-05,-1.5422599,0.053856615
26.0,46.0,51.06214,155.25,2.2563274e-05,-2.572,3.0670794e-08
27.0,46.0,54.280914,167.75,2.2768078e-05,-3.0694926,-0.32261625
28.0,46.0,56.881577,182.75,2.2814716e-05,-2.86166,-1.1561865
30.0,37.0,51.558567,181.25,2.227391e-05,-2.774038,-1.3529882
33.0,28.0,46.44239,180.5,2.1808535e-05,-2.5579104,0.26884696
36.0,28.0,44.40196,186.75,2.207259e-05,-3.2083368,1.6347281
39.0,28.0,42.920033,194.5,2.2563274e-05,-3.867023,1.407481
40.0,31.0,41.697197,194.5,2.2795972e-05,-4.5109434,1.0414342
41.0,37.0,39.97404,194.5,2.306609e-05,-4.4030113,1.4306257
45.0,37.0,40.08973,216.25,2.351193e-05,-4.1250043,2.1017933
49.0,37.0,39.27491,238.5,2.4070872e-05,-4.0093513,2.3147995
54.0,24.0,35.998165,250.25,2.4641571e-05,-3.9261231,2.4533148
59.0,13.0,32.83173,261.5,2.53252e-05,-4.6350904,3.2455244
60.0,11.0,31.760597,261.0,2.6183361e-05,-5.0564623,3.540572
62.0,9.0,30.327742,262.0,2.707799e-05,-5.0564623,3.540572
67.0,9.0,27.679607,278.25,2.7827624e-05,-4.691026,3.1641371
72.0,9.0,25.023483,296.25,2.857718e-05,-4.6350904,3.2455244
76.0,9.0,22.665703,298.25,2.9450326e-05,-4.993901,3.6282797
80.0,9.0,20.263891,301.0,3.0322259e-05,-4.5777426,3.325923
82.0,9.0,18.942238,312.0,3.1087176e-05,-4.0535274,3.1669629
85.0,9.0,17.47148,324.25,3.1814445e-05,-3.9405332,3.306499
