Vmax,Rmax_IBT,Rmax_CK22,R34,fcor,u_trans,v_trans
21.0,74.0,62.457367,146.75,4.0351933e-05,-4.5777426,3.325923
21.0,74.0,51.871723,122.75,4.1177245e-05,-4.798595,2.9984958
22.0,74.0,56.300423,138.25,4.203046e-05,-5.6391335,2.510704
23.0,74.0,59.21803,155.25,4.288343e-05,-5.723321,2.31237
24.0,69.0,56.76466,156.0,4.3631237e-05,-6.1090612,2.7199292
26.0,65.0,53.524937,157.5,4.4340795e-05,-5.8487573,3.242019
27.0,59.0,61.521965,188.5,4.503028e-05,-5.5439405,3.7394347
28.0,56.0,67.19948,219.75,4.5793287e-05,-6.1073027,3.8162675
29.0,56.0,60.782883,208.0,4.6758345e-05,-6.7485657,3.740791
31.0,56.0,53.925983,196.75,4.7722115e-05,-6.7485657,3.740791
31.0,56.0,55.38568,202.25,4.8461e-05,-6.298661,3.491405
31.0,56.0,56.91771,208.25,4.916265e-05,-6.7485657,3.740791
31.0,56.0,52.27167,190.5,4.992778e-05,-7.127736,4.115199
31.0,56.0,47.69735,173.5,5.083645e-05,-6.902594,4.482598
32.0,41.0,49.146843,186.75,5.2009094e-05,-6.3205776,4.425715
33.0,28.0,49.439854,201.25,5.321436e-05,-7.495758,4.503904
34.0,28.0,44.50917,188.5,5.4178654e-05,-8.175388,4.346932
36.0,28.0,39.205452,176.0,5.510506e-05,-6.5435386,4.088858
36.0,28.0,48.712635,226.25,5.6198063e-05,-4.6586723,4.0497203
36.0,28.0,57.19133,277.75,5.721923e-05,-4.5145,4.20984
37.0,28.0,54.853683,281.0,5.79737e-05,-4.5872836,4.13041
39.0,28.0,51.386726,284.75,5.862087e-05,-4.0703125,3.9306548
40.0,37.0,49.21747,288.5,5.9318572e-05,-3.0372913,3.4940033
41.0,46.0,46.142517,293.75,6.0016075e-05,-2.476589,3.286545
44.0,41.0,41.17141,297.0,6.0710943e-05,-2.0135427,2.985198
46.0,37.0,36.753372,301.25,6.14047e-05,-2.119485,3.5274146
49.0,39.0,32.83549,310.0,6.209665e-05,-2.1164973,2.9131083
51.0,41.0,29.192802,319.5,6.278661e-05,-2.2660575,2.7983465
54.0,41.0,25.766289,325.75,6.349199e-05,-2.1164973,2.9131083
57.0,41.0,22.558784,333.5,6.416161e-05,-1.7258937,2.558741
59.0,41.0,19.847328,330.75,6.476662e-05,-1.5432006,2.6729007
62.0,41.0,17.450197,328.5,6.530208e-05,-1.5432006,2.6729007
