Vmax,Rmax_IBT,Rmax_CK22,R34,fcor,u_trans,v_trans
18.0,74.0,34.290043,74.0,3.2615044e-05,-8.744801,1.042807e-07
18.0,74.0,34.288162,74.0,3.2559245e-05,-8.743469,-0.15261684
18.0,74.0,38.72441,83.0,3.2559226e-05,-8.744801,1.042807e-07
18.0,74.0,37.297962,80.666664,3.2559245e-05,-7.716,9.201238e-08
19.0,83.0,43.957855,98.666664,3.253988e-05,-6.6872,7.974406e-08
21.0,93.0,48.861874,117.333336,3.2559245e-05,-5.6575384,0.0987522
22.0,83.0,51.743713,129.66667,3.2608445e-05,-5.6368685,0.49316204
23.0,74.0,53.160156,142.0,3.280731e-05,-4.9912014,1.2444466
24.0,56.0,55.514027,154.33333,3.324693e-05,-5.2463775,2.1196725
26.0,37.0,45.366333,134.25,3.3798577e-05,-5.2463775,2.1196725
27.0,37.0,51.92238,159.75,3.429375e-05,-5.282572,2.0277884
28.0,37.0,56.592133,185.0,3.47882e-05,-4.735077,2.0099213
28.0,37.0,58.01322,189.75,3.526354e-05,-4.1250043,2.1017933
28.0,37.0,59.434494,194.25,3.577612e-05,-3.451297,2.241299
31.0,37.0,53.037254,192.0,3.633698e-05,-3.1057816,2.6998134
33.0,37.0,47.576263,189.75,3.700857e-05,-2.8065593,3.009667
37.0,37.0,41.79356,189.75,3.7832568e-05,-2.97585,3.5464787
41.0,37.0,36.314457,189.75,3.872924e-05,-3.0372913,3.4940033
42.0,37.0,36.34216,199.0,3.958717e-05,-3.5733235,3.700283
44.0,37.0,35.566048,208.5,4.0444127e-05,-4.20501,3.7862093
44.0,37.0,38.039864,226.75,4.131761e-05,-4.397403,3.5609465
44.0,37.0,40.347427,245.5,4.2152973e-05,-4.5777426,3.325923
44.0,37.0,41.15664,254.75,4.288318e-05,-4.6350904,3.2455244
44.0,37.0,41.874302,263.75,4.3612705e-05,-4.5777426,3.325923
45.0,37.0,40.035957,263.75,4.4425535e-05,-4.397403,3.5609465
46.0,37.0,37.515846,263.75,4.5309676e-05,-4.138292,3.8590195
49.0,37.0,34.31861,268.5,4.6257806e-05,-3.859019,4.1382923
51.0,37.0,31.320261,273.0,4.7240763e-05,-4.3648295,4.364828
55.0,37.0,27.835056,280.0,4.8221e-05,-4.5145,4.20984
59.0,37.0,24.161148,287.0,4.916265e-05,-4.001094,4.0010924
60.0,37.0,22.99298,287.0,5.0018007e-05,-3.508199,3.7620838
62.0,37.0,21.484915,287.0,5.083645e-05,-3.4420075,3.8227372
