Vmax,Rmax_IBT,Rmax_CK22,R34,fcor,u_trans,v_trans
21.0,65.0,28.23241,69.5,2.6827835e-05,-0.37638676,3.5810742
23.0,65.0,25.343235,69.5,2.7596761e-05,-0.5359485,3.0395107
26.0,65.0,23.003216,69.5,2.8327528e-05,-0.7519801,2.4596157
26.0,65.0,32.22348,97.0,2.8882941e-05,-1.0461262,2.3496392
26.0,65.0,41.841537,125.0,2.9325609e-05,-0.8404868,1.2942365
26.0,59.0,42.170235,125.75,2.9736848e-05,-0.70374113,1.9335114
26.0,56.0,42.65593,127.25,3.0073232e-05,-1.8545493,3.0864878
26.0,56.0,42.82531,128.0,3.0340789e-05,-1.9113681,1.7210042
26.0,56.0,43.470802,129.5,3.0571195e-05,-1.781934,1.0287998
27.0,56.0,41.823265,129.5,3.089467e-05,-2.5884728,1.6809741
28.0,56.0,39.550472,129.5,3.1068776e-05,-2.4318738,0.83736134
29.0,65.0,38.15709,129.5,3.089469e-05,-3.0395107,-0.5359476
31.0,74.0,36.236378,129.5,3.0571195e-05,-3.0072958,-0.6942893
32.0,74.0,35.058537,129.5,3.0266092e-05,-2.5247452,-0.49076036
33.0,74.0,33.42294,129.5,3.0073232e-05,-2.5684752,-0.13460852
34.0,65.0,39.137276,157.5,3.012302e-05,-2.562213,0.22416456
36.0,56.0,43.59276,185.5,3.0322259e-05,-2.5247452,0.49076045
37.0,46.0,42.21618,185.5,3.0626965e-05,-2.5157957,0.5347483
39.0,37.0,40.29747,185.5,3.0820032e-05,-4.1152,4.9073268e-08
39.0,37.0,40.971718,188.5,3.0627205e-05,-3.0395107,-0.5359476
39.0,37.0,41.745888,192.25,3.0322259e-05,-3.048401,-0.48281947
41.0,41.0,38.784054,192.25,3.0160296e-05,-4.052681,-0.7145968
44.0,46.0,36.158592,192.25,3.0073232e-05,-4.4030113,-1.4306257
45.0,46.0,35.18966,192.25,3.0054374e-05,-4.052681,-0.7145968
46.0,46.0,33.80838,192.25,3.0073232e-05,-4.1145735,0.07181978
