Vmax,Rmax_IBT,Rmax_CK22,R34,fcor,u_trans,v_trans
19.0,69.0,40.7915,93.0,2.7546965e-05,-6.7672906,2.4630916
21.0,56.0,37.976,93.0,2.8327528e-05,-5.9030786,1.8047506
22.0,50.0,36.293472,93.0,2.856409e-05,-4.9912014,1.2444466
23.0,46.0,34.020176,93.0,2.857718e-05,-5.6162233,0.6895844
24.0,46.0,34.32921,97.5,2.8664448e-05,-6.149311,0.5379949
26.0,46.0,33.95004,102.0,2.882674e-05,-4.559266,0.8039215
26.0,46.0,34.738605,104.25,2.9031857e-05,-3.2083368,1.6347281
26.0,46.0,35.53716,106.5,2.9574905e-05,-3.0096667,2.8065598
28.0,46.0,33.13931,108.75,3.0764262e-05,-3.9306557,4.070311
31.0,46.0,31.080385,111.0,3.206281e-05,-5.340635,4.0244584
34.0,46.0,27.838415,111.0,3.2881726e-05,-6.2367687,3.6007993
39.0,46.0,24.828678,111.0,3.3550914e-05,-5.7912855,3.3435993
36.0,46.0,27.139416,113.25,3.4311972e-05,-4.691026,3.1641371
33.0,46.0,29.829575,115.75,3.5035337e-05,-3.4404626,3.0978076
32.0,46.0,31.291916,115.75,3.5652523e-05,-2.418854,3.3292665
31.0,46.0,32.34836,115.75,3.626943e-05,-1.4069444,3.314554
32.0,46.0,31.895979,118.0,3.6971553e-05,-0.37613782,3.0633945
33.0,46.0,30.943718,120.5,3.7746686e-05,0.5632893,3.5564682
36.0,46.0,28.603893,120.5,3.85512e-05,1.231546,3.3836453
39.0,46.0,26.539566,120.5,3.9464914e-05,2.0576,3.5638678
40.0,46.0,23.414331,109.0,4.0603256e-05,2.3603818,3.3709745
41.0,46.0,20.175598,97.5,4.1665367e-05,2.116497,2.9131083
