Vmax,Rmax_IBT,Rmax_CK22,R34,fcor,u_trans,v_trans
23.0,93.0,36.20745,97.0,4.284646e-05,-3.4613113,0.9925145
26.0,93.0,37.421562,111.5,4.3126656e-05,-3.3616366,1.2904108
27.0,87.0,45.12226,138.5,4.361283e-05,-3.2634332,1.5217636
28.0,83.0,51.030876,166.5,4.409823e-05,-3.1493306,1.7457025
33.0,83.0,48.712524,194.5,4.4322125e-05,-2.5587418,1.725893
39.0,83.0,45.533733,222.0,4.458322e-05,-2.9851987,2.0135417
39.0,83.0,45.455982,222.0,4.5080073e-05,-3.7454257,2.7212098
39.0,83.0,45.34428,222.0,4.5793287e-05,-3.273622,3.273621
42.0,74.0,46.99608,278.0,4.6740533e-05,-2.7861626,3.6973631
46.0,65.0,44.32826,333.0,4.7722115e-05,-2.65543,3.7923458
46.0,65.0,44.013412,333.0,4.8442795e-05,-2.721211,3.745425
46.0,65.0,43.70057,333.0,4.916265e-05,-2.850266,3.648175
46.0,65.0,43.30207,333.0,5.0084356e-05,-2.850266,3.648175
46.0,65.0,42.876305,333.0,5.1074945e-05,-2.119485,3.5274146
46.0,65.0,42.477444,333.0,5.2009273e-05,-1.6079365,3.7880616
46.0,65.0,42.066734,333.0,5.2977284e-05,-1.7342788,4.2924905
46.0,65.0,41.63267,333.0,5.400738e-05,-1.9269764,4.769434
46.0,65.0,41.173523,333.0,5.510506e-05,-1.5895832,4.892235
47.0,65.0,38.78038,333.0,5.6333833e-05,-1.5895832,4.892235
49.0,65.0,35.676403,333.0,5.7453286e-05,-2.65543,3.7923458
50.0,69.0,33.81409,337.0,5.8242367e-05,-3.4940042,3.03729
51.0,74.0,31.341915,343.0,5.8853857e-05,-2.6452003,3.1524255
