Vmax,Rmax_IBT,Rmax_CK22,R34,fcor,u_trans,v_trans
28.0,56.0,31.11349,102.0,4.6233235e-05,-2.8195667,1.255352
33.0,56.0,30.76306,120.0,4.675884e-05,-3.4116557,2.3011906
33.0,56.0,38.36227,151.75,4.768554e-05,-4.0535274,3.1669629
33.0,56.0,46.015312,185.25,4.868306e-05,-3.8227363,3.4420085
36.0,50.0,43.75695,194.0,4.9282764e-05,-3.215991,3.3302548
39.0,46.0,41.568428,203.75,4.9880902e-05,-2.6998143,3.1057808
39.0,46.0,42.92588,212.5,5.081802e-05,-2.58978,3.1981103
39.0,46.0,44.37651,222.5,5.178951e-05,-2.850266,3.648175
40.0,46.0,42.914734,224.75,5.2555984e-05,-3.1669621,4.053528
41.0,46.0,40.692085,227.0,5.321436e-05,-3.097807,3.4404635
42.0,46.0,39.048332,227.0,5.3753487e-05,-2.9098864,2.9098854
44.0,46.0,36.744907,227.0,5.439729e-05,-2.3603823,3.370974
45.0,41.0,34.858322,224.25,5.544004e-05,-2.1017945,4.125004
46.0,37.0,32.50049,222.5,5.6516048e-05,-2.5214605,3.8827095
50.0,41.0,29.109089,231.75,5.723656e-05,-3.508199,3.7620838
54.0,46.0,25.388046,240.5,5.7920843e-05,-4.6586723,4.0497203
57.0,46.0,22.906992,240.25,5.8801543e-05,-5.269585,4.1170516
59.0,46.0,20.666107,240.75,5.9784e-05,-4.440341,4.287987
60.0,50.0,19.694386,241.5,6.0774328e-05,-3.88467,4.797166
62.0,56.0,18.386091,243.0,6.186609e-05,-4.724675,5.4351163
