Vmax,Rmax_IBT,Rmax_CK22,R34,fcor,u_trans,v_trans
23.0,74.0,37.039833,100.0,3.4293556e-05,-0.7466673,2.994721
23.0,56.0,45.92681,122.75,3.5035337e-05,0.053865105,3.08593
24.0,46.0,54.099228,150.25,3.575772e-05,0.74864846,3.522114
26.0,37.0,60.52307,178.25,3.651592e-05,0.5632893,3.5564682
27.0,41.0,49.46322,152.25,3.734082e-05,0.21529637,3.0788817
28.0,46.0,38.891075,127.25,3.8238195e-05,0.06284262,3.6002517
32.0,37.0,35.00942,130.5,3.9182993e-05,0.16157071,4.62678
36.0,28.0,31.348259,134.25,4.0199502e-05,-0.32294413,4.618323
39.0,28.0,30.773682,143.0,4.131763e-05,-0.80469835,5.080669
41.0,28.0,30.280905,153.0,4.239659e-05,-0.9257185,4.009728
45.0,28.0,28.885395,164.0,4.3266522e-05,-1.5415812,3.815547
49.0,28.0,27.10402,176.0,4.409823e-05,-1.5217645,3.2634327
49.0,22.0,29.96325,203.25,4.5085722e-05,-1.5415812,3.815547
49.0,19.0,32.543674,231.5,4.6034886e-05,-1.4074823,3.8670228
47.0,19.0,34.282074,231.75,4.679501e-05,-0.74864864,3.5221138
46.0,19.0,35.62733,234.0,4.748151e-05,-0.6252733,3.5460956
45.0,28.0,35.195858,215.0,4.8238886e-05,-0.69428885,3.0072958
44.0,37.0,33.967194,196.75,4.892293e-05,-0.6656832,2.4843612
44.0,37.0,33.022396,190.25,4.9420156e-05,-0.7089397,2.472365
44.0,37.0,32.267754,185.0,4.9880902e-05,-0.9217227,2.4011688
46.0,22.0,29.831047,186.75,5.0496288e-05,-0.9659845,1.816753
49.0,9.0,27.654566,189.75,5.1074945e-05,-1.209427,1.6646333
50.0,11.0,26.525177,188.0,5.15039e-05,-1.6186125,1.998819
51.0,13.0,25.199558,187.5,5.178951e-05,-1.2324542,0.9287212
