Vmax,Rmax_IBT,Rmax_CK22,R34,fcor,u_trans,v_trans
22.0,69.0,27.3149,69.5,3.5405803e-05,-1.945499,-0.6698891
23.0,65.0,25.59217,69.5,3.5529305e-05,-1.7058278,-1.1505953
26.0,56.0,27.832645,83.25,3.5776113e-05,-0.9500887,-1.2160584
28.0,46.0,29.637154,97.5,3.6022833e-05,-0.545181,-0.87247187
31.0,46.0,36.442554,130.75,3.6127643e-05,-0.26493552,-0.4409269
33.0,46.0,41.872005,164.25,3.626943e-05,-0.40198416,-0.9470154
34.0,46.0,41.557907,168.75,3.6639136e-05,-0.36868888,-0.9604676
36.0,46.0,40.53853,173.5,3.700857e-05,-0.33494443,-0.97274953
37.0,46.0,44.196,197.75,3.716858e-05,-0.41845053,-0.93985564
39.0,46.0,46.625454,222.5,3.7254722e-05,-0.36868888,-0.9604676
39.0,46.0,46.606525,222.5,3.7377755e-05,-0.55303335,-1.4407014
39.0,46.0,46.58745,222.5,3.7500762e-05,-0.4987722,-0.8998087
39.0,46.0,46.58275,222.5,3.7531503e-05,-0.5752977,-0.85291386
39.0,46.0,46.549545,222.5,3.7746686e-05,-0.5278055,-1.4501337
37.0,46.0,48.962242,222.5,3.8391707e-05,-0.3218794,-2.0322676
36.0,46.0,50.648438,222.5,3.9219805e-05,-0.044887558,-2.5716083
36.0,46.0,50.55314,222.5,3.9973107e-05,0.17941363,-2.5657349
36.0,46.0,50.462227,222.5,4.0688625e-05,0.4023494,-2.5403345
36.0,56.0,58.657,264.0,4.1299307e-05,0.49076077,-2.524745
36.0,65.0,66.2778,305.5,4.1909232e-05,0.81000394,-3.5085118
34.0,65.0,70.560776,305.5,4.258532e-05,0.85559785,-4.0252733
33.0,65.0,73.59225,305.5,4.3369746e-05,0.62527275,-3.5460956
34.0,65.0,70.159,305.5,4.432263e-05,0.7145974,-4.052681
36.0,65.0,65.38692,305.5,4.5309676e-05,1.0414337,-4.510944
39.0,59.0,57.000885,296.5,4.6173707e-05,0.50151646,-4.084526
41.0,56.0,49.8919,287.0,4.6999867e-05,0.0,3.6008
42.0,65.0,48.676132,296.5,4.7860347e-05,-0.18845141,-3.5958652
44.0,74.0,46.354866,305.5,4.868306e-05,-0.6942889,-3.0072958
45.0,83.0,44.16802,305.5,4.9438124e-05,-1.3043691,-2.7972283
46.0,93.0,41.21967,305.5,5.012002e-05,-1.6809736,-2.588473
