Vmax,Rmax_IBT,Rmax_CK22,R34,fcor,u_trans,v_trans
22.0,65.0,30.569988,78.5,2.2902728e-05,-6.459339,1.7307743
23.0,65.0,28.704647,78.5,2.3568628e-05,-6.3228717,2.1771395
26.0,59.0,26.060024,78.5,2.4283936e-05,-5.548076,2.7059765
28.0,56.0,23.873745,78.5,2.5074483e-05,-5.6710668,3.5436769
29.0,56.0,26.789396,91.5,2.5951318e-05,-5.899206,4.130667
31.0,56.0,29.15475,104.25,2.6827835e-05,-4.9298167,3.7148848
31.0,56.0,29.153423,104.25,2.7577758e-05,-4.9298167,3.7148848
31.0,56.0,29.151937,104.25,2.8327528e-05,-6.03977,3.9222732
32.0,56.0,29.736471,109.75,2.9181427e-05,-7.19847,3.990177
33.0,56.0,29.914429,115.5,3.0073232e-05,-7.9887724,3.556831
36.0,46.0,31.089022,130.0,3.096305e-05,-8.700802,3.1668322
39.0,37.0,32.206833,145.75,3.1814445e-05,-8.217424,2.9908972
42.0,37.0,33.11621,167.75,3.257751e-05,-8.163975,3.1338549
46.0,37.0,32.949936,189.75,3.330315e-05,-8.108039,3.2758577
46.0,37.0,32.829315,189.75,3.4045075e-05,-7.5761228,3.2158742
46.0,37.0,32.70855,189.75,3.47882e-05,-7.5761228,3.2158742
46.0,37.0,31.891521,184.75,3.5509933e-05,-8.108039,3.2758577
46.0,37.0,31.168161,180.5,3.626943e-05,-8.584982,3.468555
46.0,46.0,31.049911,180.5,3.707605e-05,-9.538868,3.85395
46.0,56.0,30.915646,180.5,3.7992504e-05,-9.538868,3.85395
46.0,56.0,30.746256,180.5,3.9150687e-05,-9.538868,3.85395
46.0,56.0,30.593145,180.5,4.0199502e-05,-8.996645,3.8188505
46.0,46.0,31.36628,187.0,4.0781022e-05,-8.049631,3.4168665
46.0,37.0,32.24414,194.5,4.1177245e-05,-7.8707714,2.406334
46.0,37.0,32.15582,194.5,4.169999e-05,-8.12907,1.2875189
46.0,37.0,32.079315,194.5,4.2152973e-05,-8.185313,0.8603102
50.0,30.0,29.387362,199.0,4.2433345e-05,-7.6737313,0.80654085
54.0,22.0,26.584484,203.5,4.2640077e-05,-6.5643377,1.2759771
59.0,26.0,24.198244,221.0,4.2882435e-05,-5.9336767,1.7014533
64.0,31.0,21.789806,241.0,4.3126656e-05,-5.5347505,1.1764463
68.0,30.0,19.691418,241.0,4.336937e-05,-5.6162233,0.6895844
72.0,28.0,17.5924,241.0,4.3612705e-05,-5.065851,0.8932462
76.0,28.0,15.967766,241.0,4.3836884e-05,-4.9912014,1.2444466
80.0,28.0,14.31984,241.0,4.409823e-05,-4.9687223,1.3313649
