Vmax,Rmax_IBT,Rmax_CK22,R34,fcor,u_trans,v_trans
23.0,74.0,30.823822,83.5,4.0444127e-05,-6.5268664,-3.0435271
23.0,74.0,30.846943,83.5,4.1493146e-05,-6.6822524,-3.8579993
23.0,74.0,30.86668,83.5,4.239659e-05,-7.2506685,-2.6390269
26.0,46.0,38.84687,115.25,4.2609907e-05,-8.12907,-1.2875186
28.0,19.0,45.334183,148.0,4.2640077e-05,-6.5856066,-1.1612198
28.0,19.0,40.928078,133.75,4.3004355e-05,-5.5133758,-1.2728637
28.0,19.0,36.799286,120.5,4.3369746e-05,-6.1127267,-0.85908866
28.0,19.0,40.220985,131.5,4.3527078e-05,-6.6709104,-0.46647593
28.0,19.0,43.92558,143.5,4.3612705e-05,-6.661753,-0.5828276
28.0,19.0,43.926178,143.5,4.373415e-05,-6.126789,-0.7522766
28.0,19.0,43.926758,143.5,4.385554e-05,-5.6162233,-0.6895869
28.0,22.0,48.04476,156.75,4.3976466e-05,-4.6042385,-0.48392436
28.0,28.0,52.413326,171.25,4.409823e-05,-3.5810745,-0.37638563
31.0,31.0,49.918518,180.5,4.425555e-05,-2.562213,-0.22416449
33.0,37.0,47.573334,190.0,4.4340795e-05,-3.08593,0.053864837
33.0,31.0,42.20283,167.0,4.4237815e-05,-3.5958652,0.188452
33.0,28.0,37.061398,146.0,4.409823e-05,-3.08593,0.053864837
34.0,28.0,37.31617,152.5,4.4043514e-05,-2.0375755,-0.2863629
36.0,28.0,37.051937,159.75,4.409823e-05,-0.8427437,-0.59009534
37.0,22.0,36.38521,162.5,4.430434e-05,0.14318137,-1.0187877
39.0,19.0,35.379498,166.5,4.458322e-05,0.07176545,-1.026294
40.0,22.0,35.80385,175.25,4.48255e-05,0.09815215,-0.50494903
41.0,28.0,35.638878,185.25,4.506766e-05,0.24938604,-0.44990438
