Vmax,Rmax_IBT,Rmax_CK22,R34,fcor,u_trans,v_trans
23.0,37.0,35.32495,95.75,3.1205145e-05,4.287987,4.4403405
26.0,37.0,37.917816,113.25,3.0322259e-05,4.6586714,4.0497212
26.0,37.0,45.653553,136.25,2.974414e-05,4.2137184,2.9504774
26.0,37.0,53.756966,160.0,2.9574905e-05,1.945499,0.66988903
24.0,37.0,53.79601,150.25,2.9798815e-05,-0.13449885,-1.5373278
23.0,37.0,52.616566,141.0,3.0322259e-05,-0.08976121,-2.5704334
23.0,37.0,51.219715,137.5,3.08699e-05,0.85072714,-2.9668381
23.0,37.0,50.019695,134.25,3.156599e-05,1.0048335,-2.9182487
24.0,37.0,47.96595,134.25,3.2379307e-05,1.0048335,-2.9182487
26.0,37.0,45.13649,134.25,3.330315e-05,1.0527725,-3.4434621
26.0,37.0,52.339012,155.0,3.4256507e-05,0.85559785,-4.0252733
26.0,37.0,59.59298,176.0,3.5282377e-05,0.35882726,-5.1314697
28.0,37.0,50.146606,164.0,3.6355716e-05,-0.39470965,-5.6446166
31.0,37.0,42.572033,153.0,3.7500762e-05,-0.89324653,-5.065851
31.0,37.0,44.321373,159.5,3.8673737e-05,-1.430625,-4.4030113
31.0,37.0,46.301735,166.5,3.995476e-05,-2.5107033,-5.6391335
32.0,37.0,44.56993,166.5,4.1256204e-05,-3.6224422,-6.812824
33.0,37.0,42.12349,166.5,4.288343e-05,-4.8867993,-8.464186
34.0,37.0,38.85411,159.0,4.5151475e-05,-6.0406265,-8.955596
36.0,37.0,35.36367,152.75,4.748151e-05,-8.218642,-8.510653
37.0,41.0,34.066334,152.75,4.9287984e-05,-9.859633,-7.4297695
39.0,46.0,32.279003,152.75,5.083645e-05,-10.785304,-7.0040593
42.0,46.0,30.682041,165.75,5.2369873e-05,-11.137088,-6.4299994
46.0,46.0,28.611797,180.5,5.3688025e-05,-11.278267,-5.021408
46.0,46.0,28.451677,180.5,5.481204e-05,-10.822309,-3.3087146
46.0,46.0,28.34306,180.5,5.5576067e-05,-9.440572,-2.5295932
47.0,41.0,27.37662,180.5,5.58787e-05,-7.949956,-2.1301837
49.0,37.0,26.042498,180.5,5.6046403e-05,-6.987682,-1.742225
52.0,37.0,23.234116,180.5,5.6480403e-05,-6.987682,-1.742225
57.0,37.0,20.474676,180.5,5.698501e-05,-6.0379095,-1.2833986
58.0,37.0,20.307018,189.75,5.7452624e-05,-5.0494905,-0.9815207
59.0,37.0,19.731491,199.0,5.7920843e-05,-4.350401,-1.5834161
