Vmax,Rmax_IBT,Rmax_CK22,R34,fcor,u_trans,v_trans
21.0,83.0,75.68179,185.0,1.1696372e-05,-5.1408668,0.17952205
22.0,83.0,78.05675,199.5,1.1766238e-05,-4.6119833,0.4034962
23.0,83.0,79.106255,215.25,1.19500755e-05,-4.0926566,0.4301551
24.0,78.0,71.15532,202.0,1.22922465e-05,-4.084526,0.5015159
26.0,74.0,63.11786,190.0,1.2710968e-05,-5.0806684,0.80469924
27.0,65.0,67.12127,209.25,1.3053136e-05,-6.0379095,1.283396
28.0,56.0,69.77612,229.25,1.3471513e-05,-5.8005347,2.1112216
29.0,56.0,70.00306,238.0,1.40860775e-05,-5.5000057,2.802391
31.0,56.0,69.27138,247.75,1.4738254e-05,-5.548076,2.7059765
32.0,50.0,62.550713,231.0,1.5263418e-05,-5.2085843,2.2109134
33.0,46.0,55.633865,215.5,1.5750842e-05,-4.735077,2.0099213
36.0,46.0,52.397392,218.75,1.6237758e-05,-4.6620474,2.173948
39.0,46.0,49.609993,222.5,1.6762664e-05,-4.5833383,2.335326
40.0,50.0,46.5442,214.0,1.735665e-05,-4.499044,2.4938607
41.0,56.0,43.070473,206.0,1.8026287e-05,-3.9261231,2.4533148
41.0,56.0,48.68745,235.75,1.8764735e-05,-3.7923467,2.6554291
41.0,56.0,54.267746,266.25,1.9540814e-05,-4.6350904,3.2455244
42.0,56.0,52.351986,265.0,2.0259351e-05,-5.4100595,3.9306364
44.0,56.0,49.871788,264.0,2.1053198e-05,-4.8103695,4.6453195
45.0,56.0,48.18012,263.5,2.2022281e-05,-3.9678004,4.7286386
46.0,56.0,46.014652,264.25,2.306609e-05,-4.9695573,4.4746113
47.0,41.0,44.563736,264.5,2.4165034e-05,-5.6710668,3.5436769
49.0,28.0,42.784473,266.0,2.5074483e-05,-5.7628055,2.2121327
50.0,24.0,40.80561,260.5,2.550689e-05,-4.9687223,1.3313649
51.0,22.0,38.668182,257.25,2.5826394e-05,-3.1793177,1.6904734
52.0,24.0,37.546177,257.5,2.6377029e-05,-1.6809736,2.588473
54.0,28.0,35.996624,259.25,2.707799e-05,-1.634729,3.2083364
57.0,24.0,34.10955,267.25,2.7906068e-05,-2.3148007,4.009351
59.0,22.0,32.16997,275.5,2.882674e-05,-2.5214605,3.8827095
70.0,22.0,24.181856,275.5,2.9834679e-05,-2.418854,3.3292665
75.0,22.0,21.946571,275.5,3.0073232e-05,-2.3623376,2.7175581
