Vmax,Rmax_IBT,Rmax_CK22,R34,fcor,u_trans,v_trans
19.0,65.0,51.222458,115.5,2.4340236e-05,-4.6586723,4.0497203
21.0,65.0,55.597897,134.5,2.5074483e-05,-5.122693,4.2984486
23.0,69.0,57.712578,155.25,2.5719883e-05,-5.477834,3.8356197
26.0,74.0,59.227264,176.0,2.6327272e-05,-5.8487573,3.242019
28.0,74.0,56.599487,185.0,2.6952534e-05,-5.682092,2.4119058
31.0,74.0,54.1937,194.75,2.7578055e-05,-5.7628055,2.2121327
32.0,65.0,55.912804,208.5,2.8221415e-05,-5.8005347,2.1112216
33.0,56.0,56.346977,222.25,2.882674e-05,-5.4392037,1.5596656
36.0,56.0,52.108025,224.5,2.938153e-05,-5.5347505,1.1764463
39.0,56.0,48.324238,226.75,2.9824112e-05,-5.065851,0.8932462
42.0,56.0,45.202766,238.75,3.0016983e-05,-5.0121593,1.1571491
46.0,56.0,41.634068,250.25,3.0322259e-05,-4.1250043,2.1017933
51.0,43.0,37.526188,266.0,3.1118103e-05,-3.54648,2.9758492
57.0,31.0,33.517986,282.5,3.206281e-05,-3.9405332,3.306499
62.0,30.0,29.360996,291.75,3.2825894e-05,-4.6350904,3.2455244
67.0,28.0,25.635948,300.75,3.3550914e-05,-4.5777426,3.325923
70.0,28.0,23.028685,303.0,3.4274843e-05,-4.5189986,3.4053109
75.0,28.0,20.362885,305.25,3.5035337e-05,-4.397403,3.5609465
76.0,28.0,19.435993,305.25,3.5880672e-05,-4.3345866,3.6371489
77.0,28.0,18.270876,305.25,3.67623e-05,-4.45888,3.483659
