Time,Vmax,Rmax,rmx_ck22,R34,fcor,vmx_obs,rmx_obs,r34_obs,vmx_sar,rmx_sar,r34_sar
2019-08-24 18:00:00.000039936,18.004,55.56,33.253788,55.56,2.6827835e-05,,,,,,
2019-08-24 21:00:00.000039936,18.004,55.56,33.258614,55.56,2.7077813e-05,,,,,,
2019-08-25 00:00:00.000039936,18.004,55.56,33.26348,55.56,2.7328068e-05,,,,,,
2019-08-25 03:00:00.000039936,18.004,55.56,33.26824,55.56,2.7577498e-05,,,,,,
2019-08-25 06:00:00.000039936,18.004,55.56,33.273067,55.56,2.7827968e-05,,,,,,
2019-08-25 09:00:00.000039936,19.0328,55.56,31.273668,55.56,2.8077788e-05,,,,,,
2019-08-25 12:00:00.000039936,20.576,55.56,28.62864,55.56,2.8327528e-05,,,,,,
2019-08-25 15:00:00.000039936,21.604801,55.56,27.067732,55.56,2.857676e-05,,,,,,
2019-08-25 18:00:00.000039936,23.148,55.56,24.97538,55.56,2.882674e-05,,,,,,
2019-08-25 21:00:00.000039936,23.148,55.56,29.239021,64.82,2.9057088e-05,,,,,,
2019-08-26 00:00:00.000039936,23.148,55.56,29.245117,64.82,2.9325609e-05,,,,,,
2019-08-26 03:00:00.000039936,23.148,55.56,29.253351,64.82,2.9680712e-05,,,,,,
2019-08-26 06:00:00.000039936,23.148,55.56,29.262327,64.82,3.0073232e-05,,,,,,
2019-08-26 09:00:00.000039936,23.148,55.56,29.27046,64.82,3.042774e-05,,,,,,
2019-08-26 12:00:00.000039936,23.148,55.56,29.279486,64.82,3.0820032e-05,,,,,,
2019-08-26 15:00:00.000039936,23.148,50.004,29.290426,64.82,3.1298605e-05,,,,,,
2019-08-26 18:00:00.000039936,23.148,46.3,29.302187,64.82,3.1814445e-05,,,,,,
2019-08-26 21:00:00.000039936,23.148,46.3,29.313513,64.82,3.231086e-05,,,,,,
2019-08-27 00:00:00.000039936,23.148,46.3,29.324804,64.82,3.280731e-05,,,,,,
2019-08-27 01:30:00.000039936,23.148,46.3,27.185366,60.19,3.305528e-05,,,,,,
2019-08-27 03:00:00.000039936,23.148,46.3,27.191214,60.19,3.3350185e-05,,,,,,
2019-08-27 06:00:00.000039936,23.148,46.3,27.204924,60.19,3.404614e-05,,,,,,
2019-08-27 09:00:00.000039936,23.148,46.3,27.21601,60.19,3.460929e-05,,,,,,
2019-08-27 11:00:00.000053248,23.148,46.3,27.229183,60.19,3.5282377e-05,,,,,,
2019-08-27 12:00:00.000039936,23.148,46.3,27.238825,60.19,3.577612e-05,,,,,,
2019-08-27 15:00:00.000039936,23.148,46.3,29.417234,64.82001,3.6909e-05,,,,,,
2019-08-27 18:00:00.000039936,23.148,46.3,31.602612,69.45,3.7746686e-05,,,,,,
2019-08-27 21:00:00.000039936,24.1768,40.744,30.03529,69.45,3.8624843e-05,,,,,,
2019-08-28 00:00:00.000039936,25.720001,37.04,27.896845,69.45,3.9464914e-05,,,,,,
2019-08-28 03:00:00.000039936,26.7488,37.04,27.521793,71.765,4.0284907e-05,,,,,,
2019-08-28 06:00:00.000039936,28.292,37.04,26.541847,74.08,4.1177245e-05,,,,,,
2019-08-28 09:00:00.000039936,29.3208,37.04,25.392923,74.08,4.2250827e-05,,,,,,
2019-08-28 12:00:00.000039936,30.864,37.04,23.798613,74.08,4.3369746e-05,,,,,,
2019-08-28 15:00:00.000039936,32.9216,27.78,24.138577,81.488,4.4359578e-05,17.00883,37.5,,,,
2019-08-28 15:30:00.000053248,33.436,27.78,24.200996,83.340004,4.458322e-05,,,,,,
2019-08-28 18:00:00.000039936,36.008,27.78,21.910904,83.340004,4.6034886e-05,,,,,,
2019-08-28 21:00:00.000039936,37.0368,27.78,21.086317,83.340004,4.7167025e-05,,,,,,
2019-08-29 00:00:00.000039936,38.58,27.78,19.922813,83.340004,4.796257e-05,,,,,,
2019-08-29 03:00:00.000039936,38.58,27.78,22.17266,92.59999,4.8886846e-05,,,,,,
2019-08-29 06:00:00.000039936,38.58,27.78,24.426853,101.86,4.9880902e-05,,,,,,
2019-08-29 09:00:00.000039936,38.58,27.78,24.434175,101.86,5.1039155e-05,,,,33.64049,10.0,43.0
2019-08-29 12:00:00.000039936,38.58,27.78,24.441637,101.86,5.22651e-05,,,,,,
2019-08-29 15:00:00.000039936,38.58,27.78,25.574486,106.49,5.348652e-05,,,,,,
2019-08-29 18:00:00.000039936,38.58,27.78,26.707277,111.119995,5.4633376e-05,,,,,,
2019-08-29 21:00:00.000039936,39.6088,22.223999,25.69547,111.119995,5.5628738e-05,,,,,,
2019-08-30 00:00:00.000039936,41.152,18.52,24.267645,111.119995,5.6516048e-05,29.114395,12.5,85.2579,,,
2019-08-30 03:00:00.000039936,43.724,18.52,23.927935,120.38,5.7336405e-05,27.504131,25.0,78.58271,,,
2019-08-30 06:00:00.000039936,46.296,18.52,23.459267,129.64,5.8154368e-05,,,,,,
2019-08-30 09:00:00.000039936,47.3248,18.52,22.996822,131.955,5.912113e-05,38.537277,11.520196,104.0236,,,
2019-08-30 12:00:00.000039936,48.868,18.52,22.135317,134.27,6.0016075e-05,38.57807,13.545873,95.959564,,,
2019-08-30 15:00:00.000039936,49.8968,18.52,22.03394,138.9,6.0647446e-05,35.18783,,108.86127,,,
2019-08-30 18:00:00.000039936,51.440002,18.52,21.517767,143.53,6.1173734e-05,,,,,,
2019-08-30 21:00:00.000039936,55.040802,18.52,19.296871,145.845,6.178485e-05,,,,,,
2019-08-31 00:00:00.000039936,59.156002,18.52,17.055561,148.16,6.2326726e-05,44.440384,16.389542,111.38398,52.91022,14.0,77.0
2019-08-31 03:00:00.000039936,60.1848,18.52,16.479534,148.16,6.270628e-05,,,,,,
2019-08-31 06:00:00.000039936,61.728,18.52,15.667803,148.16,6.3016254e-05,,,,,,
2019-08-31 09:00:00.000039936,62.7568,18.52,15.719416,155.105,6.3376916e-05,,,,,,
2019-08-31 12:00:00.000039936,64.3,18.52,15.468196,162.04999,6.370404e-05,,,,,,
2019-08-31 15:00:00.000039936,65.328804,18.52,14.951037,162.04999,6.3950334e-05,40.631718,,115.722664,,,
2019-08-31 18:00:00.000039936,66.872,18.52,14.22022,162.04999,6.416161e-05,,,,,,
2019-08-31 21:00:00.000039936,67.9008,18.52,14.039649,166.68,6.440633e-05,,,,,,
2019-09-01 00:00:00.000039936,69.444,18.52,13.619808,171.31,6.461839e-05,,,,,,
2019-09-01 03:00:00.000039936,72.016,18.52,12.66157,173.625,6.474955e-05,42.25231,,128.47449,,,
2019-09-01 06:00:00.000039936,74.588,18.52,11.775232,175.94,6.4846485e-05,,,,,,
2019-09-01 09:00:00.000039936,77.16,12.964,10.862172,175.94,6.497992e-05,,,,,,
2019-09-01 12:00:00.000039936,79.732,9.26,10.031726,175.94,6.507438e-05,,,,,,
