Time,Vmax,Rmax,rmx_ck22,R34,fcor,vmx_obs,rmx_obs,r34_obs,vmx_sar,rmx_sar,r34_sar
2018-09-01 06:00:00.000039936,18.004,55.56,33.428665,55.56,3.6022833e-05,,,,,,
2018-09-01 09:00:00.000039936,18.004,55.56,33.439133,55.56,3.6583242e-05,,,,,,
2018-09-01 12:00:00.000039936,18.004,55.56,33.4517,55.56,3.7254722e-05,,,,,,
2018-09-01 15:00:00.000039936,19.0328,55.56,36.845806,64.82,3.7991893e-05,,,,,,
2018-09-01 18:00:00.000039936,20.576,55.56,33.76545,64.82001,3.872924e-05,,,,,,
2018-09-01 21:00:00.000039936,21.604801,55.56,31.942308,64.82001,3.9360588e-05,,,,,,
2018-09-02 00:00:00.000039936,23.148,55.56,29.484959,64.82001,3.995476e-05,,,,,,
2018-09-02 03:00:00.000039936,24.1768,46.3,28.01632,64.82001,4.058389e-05,,,,,,
2018-09-02 06:00:00.000039936,25.720001,37.04,26.016296,64.82001,4.1177245e-05,,,,,,
2018-09-02 09:00:00.000039936,25.720001,37.04,27.944708,69.45,4.1701856e-05,,,,,,
2018-09-02 12:00:00.000039936,25.720001,37.04,29.88135,74.08,4.2152973e-05,,,,,,
2018-09-02 15:00:00.000039936,25.720001,37.04,29.889547,74.08,4.2499316e-05,,,,,,
2018-09-02 18:00:00.000039936,25.720001,37.04,29.898731,74.08,4.288343e-05,,,,,,
2018-09-02 21:00:00.000039936,25.720001,37.04,29.913158,74.08,4.3490654e-05,,,,,,
2018-09-03 00:00:00.000039936,25.720001,37.04,29.927645,74.08,4.409823e-05,,,,,,
2018-09-03 03:00:00.000039936,25.720001,37.04,29.93702,74.08,4.4497774e-05,,,,,,
2018-09-03 06:00:00.000039936,25.720001,37.04,29.94482,74.08,4.4825505e-05,,,,,,
2018-09-03 09:00:00.000039936,26.7488,37.04,31.323193,81.024994,4.5206594e-05,23.947962,36.528137,97.577095,,,
2018-09-03 12:00:00.000039936,28.292,37.04,31.810774,87.97,4.5551555e-05,,,,,,
2018-09-03 15:00:00.000039936,29.3208,37.04,29.575602,85.655,4.5792796e-05,,,,,,
2018-09-03 18:00:00.000039936,30.864,37.04,26.915005,83.34,4.6034886e-05,,,,,,
2018-09-03 21:00:00.000039936,31.8928,31.484,29.491304,94.91499,4.6360205e-05,,,,,,
2018-09-04 00:00:00.000039936,33.436,27.78,31.176151,106.490005,4.675884e-05,21.826399,50.0,84.58875,,,
2018-09-04 03:00:00.000039936,33.436,27.78,31.884079,108.80501,4.722266e-05,,,,,,
2018-09-04 06:00:00.000039936,33.436,27.78,32.593918,111.12001,4.7722115e-05,,,,,,
2018-09-04 09:00:00.000039936,34.4648,27.78,32.613926,115.74999,4.818451e-05,,,,22.153158,39.0,83.0
2018-09-04 12:00:00.000039936,36.008,27.78,31.937613,120.38,4.868306e-05,22.23037,37.5,92.205246,,,
2018-09-04 15:00:00.000039936,37.0368,27.78,31.889221,125.01,4.928218e-05,,,,,,
2018-09-04 18:00:00.000039936,38.58,27.78,31.18126,129.64,4.9880902e-05,,,,,,
2018-09-04 21:00:00.000039936,41.152,27.78,28.311523,129.64,5.0322746e-05,,,,,,
2018-09-05 00:00:00.000039936,43.724,27.78,25.786522,129.64,5.083645e-05,,,,,,
2018-09-05 03:00:00.000039936,46.296,27.78,24.771135,136.585,5.163479e-05,,,,,,
2018-09-05 06:00:00.000039936,48.868,27.78,23.747614,143.53,5.250265e-05,,,,,,
2018-09-05 09:00:00.000039936,51.440002,22.223999,21.746296,143.53,5.321392e-05,,,,,,
2018-09-05 12:00:00.000039936,54.012,18.52,19.949648,143.53,5.392461e-05,33.34266,12.5,86.47908,,,
2018-09-05 15:00:00.000039936,56.584,12.964,18.591185,145.845,5.4733893e-05,,,,,,
2018-09-05 18:00:00.000039936,59.156002,9.26,17.332033,148.16,5.5576067e-05,,,,,,
2018-09-05 21:00:00.000039936,59.156002,9.26,17.298597,148.16,5.639812e-05,41.008934,12.420963,99.04877,,,
2018-09-06 00:00:00.000039936,59.156002,9.26,17.265173,148.16,5.721923e-05,,,,,,
2018-09-06 03:00:00.000039936,56.584,12.964,18.727516,148.16,5.8055066e-05,,,,,,
2018-09-06 06:00:00.000039936,54.012,18.52,20.363878,148.16,5.8853857e-05,,,,,,
2018-09-06 09:00:00.000039936,49.8968,22.223999,23.424793,148.16,5.9603528e-05,,,,,,
2018-09-06 12:00:00.000039936,46.296,27.78,26.6234,148.16,6.0247978e-05,,,,,,
2018-09-06 15:00:00.000039936,42.1808,27.78,30.083906,143.53,6.0780898e-05,,,,,,
2018-09-06 18:00:00.000039936,38.58,27.78,33.488567,138.9,6.1173734e-05,,,,,,
2018-09-06 21:00:00.000039936,34.4648,27.78,39.62059,138.9,6.1473474e-05,28.985903,25.61037,83.27025,,,
2018-09-07 00:00:00.000039936,30.864,27.78,46.30346,138.9,6.1635496e-05,24.590408,12.5,86.03272,,,
2018-09-07 03:00:00.000039936,29.3208,31.484,50.511677,141.215,6.16872e-05,,,,,,
2018-09-07 06:00:00.000039936,28.292,37.04,53.880524,143.53,6.1635496e-05,,,,,,
2018-09-07 09:00:00.000039936,28.292,37.04,53.875683,143.53,6.1537175e-05,27.00227,29.300524,88.17869,,,
2018-09-07 12:00:00.000039936,28.292,37.04,53.86921,143.53,6.14047e-05,17.897987,12.5,18.835121,,,
2018-09-07 15:00:00.000039936,28.292,37.04,53.863586,143.53,6.128908e-05,,,,,,
2018-09-07 18:00:00.000039936,28.292,37.04,53.857914,143.53,6.1173734e-05,,,,,,
2018-09-07 21:00:00.000039936,28.292,37.04,53.85221,143.53,6.105815e-05,,,,,,
2018-09-08 00:00:00.000039936,28.292,37.04,53.846535,143.53,6.0942573e-05,,,,,,
2018-09-08 03:00:00.000039936,28.292,37.04,53.84,143.53,6.0809336e-05,,,,,,
2018-09-08 06:00:00.000039936,28.292,37.04,53.83512,143.53,6.0711227e-05,,,,,,
2018-09-08 09:00:00.000039936,28.292,31.484,53.834267,143.53,6.0693652e-05,,,,25.892027,22.0,60.0
2018-09-08 12:00:00.000039936,28.292,27.78,53.83512,143.53,6.0711227e-05,19.261215,37.5,49.867706,,,
2018-09-08 15:00:00.000039936,29.3208,27.78,52.21294,145.845,6.0728373e-05,,,,,,
2018-09-08 18:00:00.000039936,30.864,27.78,49.502254,148.16,6.0711227e-05,,,,,,
2018-09-08 21:00:00.000039936,30.864,27.78,50.30781,150.47499,6.061283e-05,,,,,,
2018-09-09 00:00:00.000039936,30.864,27.78,51.1125,152.79,6.0479695e-05,18.915411,37.5,52.986084,,,
2018-09-09 03:00:00.000039936,30.864,27.78,51.917557,155.105,6.034629e-05,,,,,,
2018-09-09 06:00:00.000039936,30.864,27.78,52.724415,157.42,6.0247978e-05,,,,,,
2018-09-09 09:00:00.000039936,31.8928,22.223999,50.358566,157.42,6.0230555e-05,28.332159,25.416306,80.694855,,,
2018-09-09 12:00:00.000039936,33.436,18.52,47.069984,157.42,6.0247978e-05,,,,,,
2018-09-09 15:00:00.000039936,34.4648,18.52,47.07551,164.365,6.023045e-05,,,,,,
2018-09-09 18:00:00.000039936,36.008,18.52,45.98374,171.31,6.0247978e-05,,,,,,
2018-09-09 21:00:00.000039936,38.58,18.52,41.873596,173.625,6.03283e-05,33.58013,12.050226,91.88961,,,
2018-09-10 00:00:00.000039936,41.152,18.52,38.227184,175.94,6.0479695e-05,32.001057,25.0,109.688736,,,
2018-09-10 03:00:00.000039936,43.724,12.964,34.97268,178.255,6.0694205e-05,,,,,,
2018-09-10 06:00:00.000039936,46.296,9.26,32.05272,180.57,6.0942573e-05,,,,,,
2018-09-10 09:00:00.000039936,49.8968,9.26,28.960117,187.515,6.115594e-05,,,,,,
2018-09-10 12:00:00.000039936,54.012,9.26,25.680082,194.46,6.14047e-05,40.342014,,159.70569,,,
2018-09-10 15:00:00.000039936,57.6128,9.26,22.980566,199.09,6.171557e-05,41.158653,,163.0155,,,
2018-09-10 18:00:00.000039936,61.728,9.26,20.204212,203.72,6.20965e-05,,,,,,
2018-09-10 21:00:00.000039936,60.1848,12.964,22.018997,212.98,6.2538726e-05,47.80406,23.997438,137.45099,,,
2018-09-11 00:00:00.000039936,59.156002,18.52,23.547197,222.23999,6.3016254e-05,,,,,,
2018-09-11 03:00:00.000039936,59.156002,22.223999,23.685495,224.555,6.345724e-05,,,,,,
2018-09-11 06:00:00.000039936,59.156002,27.78,23.81712,226.87,6.393293e-05,,,,,,
2018-09-11 09:00:00.000039936,61.728,27.78,21.456139,224.555,6.445173e-05,,,,,,
2018-09-11 12:00:00.000039936,64.3,27.78,19.349833,222.23999,6.507438e-05,,,,,,
