Time,Vmax,Rmax,rmx_ck22,R34,fcor,vmx_obs,rmx_obs,r34_obs,vmx_sar,rmx_sar,r34_sar
2019-09-14 00:00:00.000039936,18.004,129.64,77.903244,123.46667,6.3016254e-05,,,,,,
2019-09-14 03:00:00.000039936,18.004,120.38,82.039444,129.64,6.3457934e-05,,,,,,
2019-09-14 06:00:00.000039936,18.004,111.12,86.19752,135.81334,6.393293e-05,,,,,,
2019-09-14 09:00:00.000039936,19.0328,111.12,85.362915,141.98666,6.4486994e-05,,,,,,
2019-09-14 12:00:00.000039936,20.576,111.12,82.201035,148.15999,6.507438e-05,,,,,,
2019-09-14 15:00:00.000039936,21.604801,105.564,81.366066,154.33333,6.564321e-05,,,,,,
2019-09-14 18:00:00.000039936,23.148,101.86,78.39061,160.50667,6.621089e-05,,,,,,
2019-09-14 21:00:00.000039936,24.1768,96.304,75.983795,163.59334,6.677708e-05,,,,,,
2019-09-15 00:00:00.000039936,25.720001,92.6,71.826385,166.68,6.734234e-05,,,,13.759788,128.0,
2019-09-15 03:00:00.000039936,25.720001,83.34,73.285835,169.76666,6.7889225e-05,15.085386,87.5,,,,
2019-09-15 06:00:00.000039936,25.720001,74.08,74.75109,172.85333,6.8468675e-05,,,,,,
2019-09-15 09:00:00.000039936,26.7488,68.524,71.11716,172.85333,6.9141985e-05,,,,,,
2019-09-15 12:00:00.000039936,28.292,64.82,66.0517,172.85333,6.981338e-05,,,,,,
2019-09-15 15:00:00.000039936,29.3208,59.264,64.116615,175.94,7.045497e-05,,,,,,
2019-09-15 18:00:00.000039936,30.864,55.56,51.48777,152.79,7.092813e-05,,,,,,
2019-09-15 21:00:00.000039936,31.8928,50.004,49.146954,152.79,7.107258e-05,,,,,,
2019-09-16 00:00:00.000039936,33.436,46.3,45.884533,152.79,7.115043e-05,,,,,,
2019-09-16 03:00:00.000039936,34.4648,46.3,45.90888,159.735,7.145016e-05,26.922523,50.0,145.88724,,,
2019-09-16 06:00:00.000039936,36.008,46.3,44.823055,166.68,7.181604e-05,,,,,,
2019-09-16 09:00:00.000039936,37.0368,40.744,42.879448,166.68,7.2148054e-05,,,,,,
2019-09-16 12:00:00.000039936,38.58,37.04,40.155266,166.68,7.247968e-05,36.346745,40.84529,184.22426,,,
2019-09-16 15:00:00.000039936,38.58,37.04,41.80162,173.625,7.282703e-05,31.426052,50.0,180.8986,,,
2019-09-16 18:00:00.000039936,38.58,37.04,43.440216,180.57,7.314133e-05,,,,,,
2019-09-16 21:00:00.000039936,39.6088,37.04,42.085114,182.88501,7.337785e-05,,,,,,
2019-09-17 00:00:00.000039936,41.152,37.04,39.894875,185.20001,7.3581316e-05,31.61776,50.0,207.35118,,,
2019-09-17 03:00:00.000039936,42.1808,37.04,39.10063,189.83,7.380048e-05,31.503323,50.0,211.58528,,,
2019-09-17 06:00:00.000039936,43.724,37.04,37.47524,194.46,7.402041e-05,,,,,,
2019-09-17 09:00:00.000039936,44.7528,37.04,37.43554,203.72,7.423959e-05,,,,,,
2019-09-17 12:00:00.000039936,46.296,37.04,36.482727,212.98,7.4458614e-05,,,,,,
2019-09-17 15:00:00.000039936,47.3248,31.484,36.53932,224.555,7.465983e-05,38.392437,,221.92128,,,
2019-09-17 18:00:00.000039936,48.868,27.78,35.64924,236.13,7.4895885e-05,,,,,,
2019-09-17 21:00:00.000039936,49.8968,27.78,34.88056,243.075,7.5207055e-05,,,,,,
2019-09-18 00:00:00.000039936,51.440002,27.78,33.32228,250.01999,7.5550095e-05,43.3245,,346.56793,,,
2019-09-18 03:00:00.000039936,52.4688,27.78,32.281136,254.65,7.5842596e-05,43.00805,,313.2644,,,
2019-09-18 06:00:00.000039936,54.012,27.78,30.552492,259.28,7.620224e-05,,,,,,
2019-09-18 09:00:00.000039936,54.012,31.484,31.39899,270.855,7.671094e-05,,,,,,
2019-09-18 12:00:00.000039936,54.012,37.04,32.18438,282.43,7.728449e-05,41.207024,,348.7995,,,
