Time,Vmax,Rmax,rmx_ck22,R34,fcor,vmx_obs,rmx_obs,r34_obs,vmx_sar,rmx_sar,r34_sar
2020-07-28 12:00:00.000039936,18.004,277.8,188.8475,296.32,3.156599e-05,,,,,,
2020-07-28 15:00:00.000039936,18.004,277.8,189.11986,296.32,3.2377022e-05,,,,,,
2020-07-28 18:00:00.000039936,18.004,277.8,189.42621,296.32,3.330315e-05,,,,,,
2020-07-28 21:00:00.000039936,19.0328,277.8,191.28412,314.84,3.4415025e-05,,,,,,
2020-07-29 00:00:00.000039936,20.576,277.8,187.57347,333.36002,3.5529305e-05,,,,,,
2020-07-29 03:00:00.000039936,20.576,277.8,187.92479,333.36002,3.6484515e-05,,,,,,
2020-07-29 06:00:00.000039936,20.576,277.8,188.20326,333.36002,3.7254722e-05,,,,,,
2020-07-29 09:00:00.000039936,20.576,277.8,188.41783,333.36002,3.785632e-05,,,,,,
2020-07-29 12:00:00.000039936,20.576,277.8,188.55273,333.36002,3.8238195e-05,,,,,,
2020-07-29 15:00:00.000039936,20.576,277.8,205.483,361.14,3.834169e-05,,,,,,
2020-07-29 18:00:00.000039936,20.576,277.8,222.54045,388.91998,3.8483773e-05,,,,,,
2020-07-29 21:00:00.000039936,21.604801,277.8,227.2906,416.69998,3.8949467e-05,,,,,,
2020-07-30 00:00:00.000039936,23.148,277.8,225.1628,444.47998,3.9709896e-05,,,,,,
2020-07-30 03:00:00.000039936,24.1768,222.24,213.90465,444.47998,4.0718514e-05,,,,,,
2020-07-30 06:00:00.000039936,25.720001,166.68,145.77959,333.36,4.1909232e-05,,,,,,
2020-07-30 09:00:00.000039936,26.7488,157.42,138.76964,333.36,4.311126e-05,,,,,,
2020-07-30 12:00:00.000039936,28.292,148.16,128.84772,333.36,4.4340795e-05,,,,,,
2020-07-30 15:00:00.000039936,28.292,148.16,129.01123,333.36,4.539547e-05,,,,,,
2020-07-30 16:15:00.000053248,28.292,148.16,129.10765,333.36,4.6034886e-05,,,,,,
2020-07-30 18:00:00.000039936,30.864,148.16,100.96792,296.31998,4.7240763e-05,,,,,,
2020-07-30 21:00:00.000039936,31.8928,92.6,90.0959,277.80002,4.870951e-05,,,,,,
2020-07-31 00:00:00.000039936,33.436,37.04,62.473022,208.34999,4.9641636e-05,,,,,,
2020-07-31 03:00:00.000039936,34.4648,37.04,61.123623,212.98,5.037504e-05,,,,,,
2020-07-31 06:00:00.000039936,36.008,37.04,58.472195,217.60999,5.1074945e-05,,,,,,
2020-07-31 09:00:00.000039936,36.008,37.04,58.48522,217.60999,5.2027382e-05,,,,,,
2020-07-31 12:00:00.000039936,33.436,37.04,65.46488,217.60999,5.2977284e-05,,,,,,
2020-07-31 15:00:00.000039936,34.4648,31.484,56.457676,196.775,5.392453e-05,,,,,,
2020-07-31 18:00:00.000039936,36.008,27.78,47.174786,175.94,5.4869302e-05,,,,,,
2020-07-31 21:00:00.000039936,37.0368,27.78,45.20797,175.94,5.5828277e-05,,,,,,
2020-08-01 00:00:00.000039936,38.58,27.78,42.436092,175.94,5.6750614e-05,,,,,,
2020-08-01 03:00:00.000039936,38.58,22.223999,42.43528,175.94,5.7587524e-05,28.035685,25.0,116.31231,,,
2020-08-01 06:00:00.000039936,38.58,18.52,42.43417,175.94,5.83877e-05,,,,,,
2020-08-01 09:00:00.000039936,37.0368,18.52,40.425728,157.42,5.923377e-05,,,,,,
2020-08-01 12:00:00.000039936,36.008,18.52,37.138885,138.9,6.0016075e-05,,,,,,
2020-08-01 13:00:00.000066560,36.008,18.52,37.14185,138.9,6.0247978e-05,,,,,,
2020-08-01 15:00:00.000039936,33.9504,24.076,48.09298,164.21066,6.0649334e-05,,,,,,
2020-08-01 18:00:00.000039936,30.864,37.04,53.844112,160.50667,6.1173734e-05,,,,,,
2020-08-01 21:00:00.000039936,30.864,37.04,53.866543,160.50667,6.173014e-05,,,,,,
2020-08-02 00:00:00.000039936,30.864,37.04,53.890373,160.50667,6.2326726e-05,,,,,,
2020-08-02 03:00:00.000039936,29.3208,55.56,55.5228,154.33333,6.298156e-05,15.669994,50.0,,,,
2020-08-02 06:00:00.000039936,28.292,74.08,55.82176,148.15999,6.370404e-05,,,,,,
2020-08-02 09:00:00.000039936,28.292,64.82,55.859646,148.15999,6.447008e-05,,,,,,
2020-08-02 12:00:00.000039936,28.292,55.56,55.900436,148.15999,6.530208e-05,,,,,,
2020-08-02 15:00:00.000039936,29.3208,55.56,53.327076,148.15999,6.619382e-05,23.864376,37.5,135.3355,,,
2020-08-02 18:00:00.000039936,30.864,55.56,49.73122,148.15999,6.711647e-05,,,,,,
2020-08-02 21:00:00.000039936,30.864,55.56,49.76118,148.15999,6.800184e-05,,,,,,
2020-08-03 00:00:00.000039936,30.864,55.56,49.791798,148.15999,6.8917754e-05,28.719566,50.63098,162.09354,,,
2020-08-03 03:00:00.000039936,30.864,55.56,53.08445,157.42,6.989164e-05,20.386292,62.5,124.38153,,,
2020-08-03 06:00:00.000039936,30.864,55.56,56.388863,166.68,7.092813e-05,,,,,,
2020-08-03 09:00:00.000039936,30.864,55.56,56.426407,166.68,7.2004215e-05,,,,,,
2020-08-03 12:00:00.000039936,30.864,55.56,56.46529,166.68,7.314133e-05,,,,,,
2020-08-03 15:00:00.000039936,31.8928,46.3,54.920803,169.76666,7.425047e-05,20.434391,75.0,158.30833,,,
2020-08-03 18:00:00.000039936,33.436,37.04,44.5333,148.16,7.5550095e-05,,,,,,
