Time,Vmax,Rmax,rmx_ck22,R34,fcor,vmx_obs,rmx_obs,r34_obs,vmx_sar,rmx_sar,r34_sar
2017-08-30 06:00:00.000039936,18.004,111.12,33.515186,55.56,4.0688625e-05,,,,,,
2017-08-30 09:00:00.000039936,20.576,74.08,28.862577,55.56,4.0829087e-05,,,,,,
2017-08-30 12:00:00.000039936,23.148,37.04,25.179737,55.56,4.093299e-05,,,,,,
2017-08-30 15:00:00.000039936,24.1768,31.484,23.915066,55.56,4.0950763e-05,,,,,,
2017-08-30 18:00:00.000039936,25.720001,27.78,22.200256,55.56,4.093299e-05,,,,,,
2017-08-30 21:00:00.000039936,26.7488,27.78,24.794395,64.82,4.0914296e-05,,,,,,
2017-08-31 00:00:00.000039936,28.292,27.78,24.830936,69.45,4.093299e-05,,,,,,
2017-08-31 03:00:00.000039936,30.864,27.78,23.762146,74.08,4.0999777e-05,,,,,,
2017-08-31 06:00:00.000039936,33.436,27.78,22.780382,78.71,4.1177245e-05,,,,,,
2017-08-31 09:00:00.000039936,37.0368,22.223999,22.229813,87.97,4.1488478e-05,26.40944,16.37312,49.092045,30.702862,13.0,41.0
2017-08-31 12:00:00.000039936,41.152,18.52,21.204697,97.229996,4.1909232e-05,,,,,,
2017-08-31 15:00:00.000039936,44.7528,12.964,19.194174,99.545,4.2377917e-05,,,,,,
2017-08-31 18:00:00.000039936,48.868,9.26,17.171276,101.86,4.288343e-05,,,,,,
2017-08-31 21:00:00.000039936,49.8968,9.26,16.985855,104.175,4.3369495e-05,,,,,,
2017-09-01 00:00:00.000039936,51.440002,9.26,16.529343,106.490005,4.385554e-05,,,,,,
2017-09-01 03:00:00.000039936,51.440002,9.26,16.869728,108.80499,4.4322136e-05,,,,,,
2017-09-01 06:00:00.000039936,51.440002,9.26,17.208338,111.119995,4.4825505e-05,,,,,,
2017-09-01 09:00:00.000039936,51.440002,12.964,17.19973,111.119995,4.5430497e-05,,,,,,
2017-09-01 12:00:00.000039936,51.440002,18.52,17.191044,111.119995,4.6034886e-05,,,,,,
2017-09-01 15:00:00.000039936,51.440002,22.223999,17.52712,113.435,4.6553385e-05,,,,,,
2017-09-01 18:00:00.000039936,51.440002,27.78,17.862804,115.75,4.6999867e-05,,,,,,
2017-09-01 21:00:00.000039936,51.440002,27.78,17.85578,115.75,4.743253e-05,,,,,,
2017-09-02 00:00:00.000039936,51.440002,27.78,17.851252,115.75,4.7722115e-05,27.917873,25.0,77.797325,,,
2017-09-02 03:00:00.000039936,51.440002,27.78,17.849817,115.75,4.7811838e-05,,,,,,
2017-09-02 06:00:00.000039936,51.440002,27.78,17.851252,115.75,4.7722115e-05,,,,,,
2017-09-02 09:00:00.000039936,49.8968,27.78,18.758387,115.75,4.7517093e-05,38.269806,11.206423,96.62167,,,
2017-09-02 12:00:00.000039936,48.868,27.78,19.399136,115.75,4.7240763e-05,,,,,,
2017-09-02 15:00:00.000039936,48.868,27.78,19.77803,118.065,4.6999365e-05,,,,,,
2017-09-02 18:00:00.000039936,48.868,27.78,20.156597,120.380005,4.675884e-05,,,,,,
2017-09-02 21:00:00.000039936,48.868,27.78,20.909138,125.01,4.6535308e-05,40.123993,10.4374075,96.87267,,,
2017-09-03 00:00:00.000039936,48.868,27.78,21.660229,129.64001,4.627635e-05,30.793848,12.5,107.69422,,,
2017-09-03 03:00:00.000039936,48.868,27.78,22.411264,134.27,4.593141e-05,,,,,,
2017-09-03 06:00:00.000039936,48.868,27.78,23.1615,138.9,4.5551555e-05,,,,,,
2017-09-03 09:00:00.000039936,49.8968,27.78,23.46051,145.845,4.5188062e-05,,,,,,
2017-09-03 12:00:00.000039936,51.440002,27.78,23.309614,152.79001,4.4825505e-05,35.96661,,130.3078,,,
2017-09-03 15:00:00.000039936,51.440002,27.78,23.98505,157.42001,4.446185e-05,,,,,,
2017-09-03 18:00:00.000039936,51.440002,27.78,24.659088,162.05,4.409823e-05,,,,,,
2017-09-03 21:00:00.000039936,51.440002,27.78,24.671839,162.05,4.373369e-05,44.22814,18.6095,123.544716,,,
2017-09-04 00:00:00.000039936,51.440002,27.78,24.684322,162.05,4.3369746e-05,37.8244,,136.01907,,,
2017-09-04 03:00:00.000039936,52.4688,27.78,23.878714,162.05,4.2986303e-05,,,,,,
2017-09-04 06:00:00.000039936,54.012,27.78,22.729559,162.05,4.2640077e-05,,,,,,
2017-09-04 09:00:00.000039936,55.040802,27.78,22.58456,166.68001,4.235939e-05,49.65345,24.361137,146.8367,,,
2017-09-04 12:00:00.000039936,56.584,27.78,22.059464,171.31,4.2152973e-05,43.016987,,154.00043,,,
2017-09-04 15:00:00.000039936,57.6128,27.78,22.14067,178.255,4.201284e-05,43.382347,,159.35692,,,
2017-09-04 18:00:00.000039936,59.156002,27.78,21.826767,185.20001,4.1909232e-05,,,,,,
2017-09-04 21:00:00.000039936,61.728,27.78,20.381401,187.51498,4.1768282e-05,,,,,,
2017-09-05 00:00:00.000039936,64.3,27.78,19.05115,189.82999,4.1665367e-05,,,,,,
2017-09-05 03:00:00.000039936,66.872,27.78,17.99629,194.45999,4.162827e-05,,,,,,
2017-09-05 06:00:00.000039936,69.444,27.78,16.99291,199.09,4.1665367e-05,,,,,,
2017-09-05 09:00:00.000039936,73.0448,27.78,15.699863,206.035,4.1750343e-05,67.62829,18.480204,192.80081,,,
2017-09-05 12:00:00.000039936,77.16,27.78,14.273148,212.98001,4.1909232e-05,,,,,,
