Time,Vmax,Rmax,rmx_ck22,R34,fcor,vmx_obs,rmx_obs,r34_obs,vmx_sar,rmx_sar,r34_sar
2011-08-30 00:00:00.000039936,18.004,74.08,33.273067,55.56,2.7827968e-05,,,,,,
2011-08-30 03:00:00.000039936,19.0328,64.82,31.2806,55.56,2.8432856e-05,,,,,,
2011-08-30 06:00:00.000039936,20.576,55.56,28.64295,55.56,2.9076216e-05,,,,,,
2011-08-30 09:00:00.000039936,21.604801,55.56,34.028824,69.45,2.96808e-05,,,,,,
2011-08-30 12:00:00.000039936,23.148,55.56,33.56185,74.079994,3.0322259e-05,18.72052,87.5,115.796524,,,
2011-08-30 15:00:00.000039936,24.1768,46.3,36.003777,83.340004,3.106777e-05,,,,,,
2011-08-30 18:00:00.000039936,25.720001,37.04,31.532768,78.71,3.1814445e-05,,,,,,
2011-08-30 21:00:00.000039936,25.720001,37.04,33.462788,83.340004,3.2453212e-05,,,,,,
2011-08-31 00:00:00.000039936,25.720001,37.04,35.401203,87.97,3.305528e-05,15.773725,62.5,,,,
2011-08-31 03:00:00.000039936,26.7488,37.04,35.598274,92.6,3.3692544e-05,,,,,,
2011-08-31 06:00:00.000039936,28.292,37.04,34.9342,97.23,3.4293596e-05,,,,,,
2011-08-31 09:00:00.000039936,28.292,37.04,39.263783,108.80499,3.4805926e-05,,,,,,
2011-08-31 12:00:00.000039936,28.292,37.04,43.626953,120.38,3.5282377e-05,18.493996,62.5,91.903595,,,
2011-08-31 15:00:00.000039936,29.3208,37.04,46.21252,132.881,3.577549e-05,,,,,,
2011-08-31 18:00:00.000039936,30.864,37.04,47.63342,145.845,3.626943e-05,,,,,,
2011-08-31 21:00:00.000039936,31.8928,37.04,48.17494,153.716,3.6779806e-05,,,,,,
2011-09-01 00:00:00.000039936,33.436,37.04,47.728016,162.05,3.7254722e-05,25.605097,12.5,113.531395,,,
2011-09-01 03:00:00.000039936,33.436,37.04,49.154076,166.68,3.765985e-05,,,,,,
2011-09-01 06:00:00.000039936,33.436,37.04,50.579597,171.31,3.7992504e-05,,,,,,
2011-09-01 09:00:00.000039936,33.436,37.04,52.710068,178.255,3.8219197e-05,,,,,,
2011-09-01 12:00:00.000039936,33.436,37.04,54.846592,185.2,3.8483773e-05,22.322475,75.0,151.77817,,,
2011-09-01 15:00:00.000039936,33.436,37.04,56.285797,189.83,3.891868e-05,,,,,,
2011-09-01 18:00:00.000039936,33.436,37.04,57.732944,194.45999,3.9464914e-05,,,,,,
2011-09-01 21:00:00.000039936,33.436,37.04,58.472317,196.775,4.0040133e-05,,,,,,
2011-09-02 00:00:00.000039936,33.436,37.04,59.21591,199.09,4.0688625e-05,25.559984,50.0,169.1984,,,
2011-09-02 03:00:00.000039936,33.436,37.04,59.963123,201.405,4.1402553e-05,,,,,,
2011-09-02 06:00:00.000039936,33.436,37.04,60.712666,203.71999,4.2152973e-05,,,,,,
2011-09-02 09:00:00.000039936,33.436,40.744,61.46133,206.03499,4.2882777e-05,30.824394,57.399143,200.14922,,,
2011-09-02 12:00:00.000039936,33.436,46.3,62.210266,208.34999,4.3612705e-05,,,,,,
2011-09-02 15:00:00.000039936,33.436,46.3,62.960846,210.665,4.4376906e-05,26.301676,12.5,196.79013,,,
2011-09-02 18:00:00.000039936,33.436,46.3,63.707996,212.98,4.506766e-05,,,,,,
2011-09-02 21:00:00.000039936,33.436,46.3,63.731888,212.98,4.5587683e-05,,,,,,
2011-09-03 00:00:00.000039936,33.436,46.3,63.7521,212.98,4.6034886e-05,,,,,,
2011-09-03 03:00:00.000039936,33.436,46.3,63.77195,212.98,4.6481266e-05,,,,,,
2011-09-03 06:00:00.000039936,33.436,46.3,63.794815,212.98,4.6999867e-05,,,,,,
2011-09-03 09:00:00.000039936,33.436,50.004,63.82523,212.98,4.77037e-05,,,,,,
2011-09-03 12:00:00.000039936,33.436,55.56,63.856323,212.98,4.844305e-05,,,,,,
2011-09-03 15:00:00.000039936,33.436,55.56,63.881855,212.98,4.9060553e-05,,,,,,
2011-09-03 18:00:00.000039936,33.436,55.56,63.905376,212.98,4.9641636e-05,,,,,,
2011-09-03 21:00:00.000039936,34.4648,55.56,61.11859,212.98,5.020367e-05,,,,,,
2011-09-04 00:00:00.000039936,36.008,55.56,57.20858,212.98,5.083645e-05,,,,,,
2011-09-04 03:00:00.000039936,37.0368,55.56,54.775043,212.98,5.165219e-05,,,,,,
2011-09-04 06:00:00.000039936,38.58,55.56,51.347744,212.98,5.250265e-05,,,,,,
2011-09-04 09:00:00.000039936,41.152,55.56,46.685272,215.29498,5.323198e-05,41.540474,26.62087,179.54485,,,
2011-09-04 12:00:00.000039936,43.724,55.56,42.519974,217.60999,5.392461e-05,,,,,,
2011-09-04 15:00:00.000039936,44.7528,55.56,40.794132,217.60999,5.461538e-05,,,,,,
2011-09-04 18:00:00.000039936,46.296,55.56,38.36458,217.60999,5.5340646e-05,,,,,,
2011-09-04 21:00:00.000039936,46.296,55.56,39.0625,222.23999,5.616343e-05,,,,,,
2011-09-05 00:00:00.000039936,46.296,55.56,39.750603,226.87,5.698501e-05,,,,,,
2011-09-05 03:00:00.000039936,47.3248,55.56,38.467056,229.185,5.7704467e-05,39.016556,,205.69159,,,
2011-09-05 06:00:00.000039936,48.868,55.56,36.47174,231.5,5.83877e-05,,,,,,
2011-09-05 09:00:00.000039936,49.8968,55.56,35.87173,238.445,5.9086597e-05,,,,,,
2011-09-05 12:00:00.000039936,51.440002,55.56,34.513416,245.39001,5.9784e-05,,,,,,
2011-09-05 15:00:00.000039936,54.012,55.56,31.378311,247.70502,6.044465e-05,,,,,,
2011-09-05 18:00:00.000039936,56.584,55.56,28.529596,250.01999,6.1173734e-05,,,,,,
