Time,Vmax,Rmax,rmx_ck22,R34,fcor,vmx_obs,rmx_obs,r34_obs,vmx_sar,rmx_sar,r34_sar
2017-09-05 12:00:00.000039936,18.004,55.56,44.680595,74.08,3.0322259e-05,15.506188,50.0,,,,
2017-09-05 15:00:00.000039936,19.0328,55.56,42.02378,74.08,3.0645733e-05,,,,,,
2017-09-05 18:00:00.000039936,20.576,55.56,43.441036,83.34,3.0820032e-05,,,,,,
2017-09-05 21:00:00.000039936,21.604801,50.004,41.076035,83.34,3.080112e-05,,,,,,
2017-09-06 00:00:00.000039936,23.148,46.3,33.576515,74.079994,3.0820032e-05,17.61839,50.0,61.555424,,,
2017-09-06 03:00:00.000039936,24.1768,46.3,33.263332,77.166664,3.1080835e-05,,,,,,
2017-09-06 06:00:00.000039936,25.720001,46.3,32.16162,80.253334,3.156599e-05,,,,,,
2017-09-06 09:00:00.000039936,26.7488,46.3,31.890968,83.34,3.225484e-05,,,,,,
2017-09-06 12:00:00.000039936,28.292,46.3,29.770452,83.34,3.305528e-05,24.322098,37.5,87.381134,,,
2017-09-06 15:00:00.000039936,30.864,37.04,28.202375,87.97,3.3835004e-05,,,,,,
2017-09-06 18:00:00.000039936,33.436,27.78,26.79226,92.600006,3.454095e-05,,,,,,
2017-09-06 21:00:00.000039936,34.4648,27.78,27.717678,99.545,3.509051e-05,,,,24.626389,35.0,79.0
2017-09-07 00:00:00.000039936,36.008,27.78,27.989552,106.490005,3.5529305e-05,28.49845,37.5,106.10835,,,
2017-09-07 03:00:00.000039936,38.58,27.78,27.123861,113.435,3.5917514e-05,,,,,,
2017-09-07 06:00:00.000039936,41.152,27.78,26.262753,120.38,3.626943e-05,,,,,,
2017-09-07 09:00:00.000039936,43.724,27.78,24.94479,125.009995,3.661998e-05,38.852894,14.043661,115.69007,,,
2017-09-07 12:00:00.000039936,46.296,27.78,23.714203,129.64,3.700857e-05,32.730083,37.5,119.92662,,,
2017-09-07 15:00:00.000039936,48.868,27.78,22.557014,134.27,3.7481437e-05,33.41073,37.5,123.46701,,,
2017-09-07 18:00:00.000039936,51.440002,27.78,21.462318,138.9,3.7992504e-05,,,,,,
2017-09-07 21:00:00.000039936,52.4688,27.78,21.098825,141.215,3.8483195e-05,,,,,,
2017-09-08 00:00:00.000039936,54.012,27.78,20.40873,143.53,3.897458e-05,32.173176,37.5,95.945274,,,
2017-09-08 03:00:00.000039936,56.584,27.78,19.975126,152.79,3.950126e-05,,,,,,
2017-09-08 06:00:00.000039936,59.156002,27.78,19.47711,162.05,3.995476e-05,,,,,,
2017-09-08 09:00:00.000039936,62.7568,27.78,17.925695,166.68,4.0217004e-05,,,,,,
2017-09-08 12:00:00.000039936,66.872,27.78,16.270279,171.31,4.0444127e-05,42.293453,,110.187614,,,
