Time,Vmax,Rmax,rmx_ck22,R34,fcor,vmx_obs,rmx_obs,r34_obs,vmx_sar,rmx_sar,r34_sar
2020-08-21 09:00:00.000039936,18.004,120.38,53.80508,87.97,4.2517506e-05,,,,,,
2020-08-21 12:00:00.000039936,20.576,111.12,96.08431,175.94,4.2640077e-05,,,,,,
2020-08-21 15:00:00.000039936,20.576,111.12,101.47558,185.2,4.2787233e-05,,,,,,
2020-08-21 18:00:00.000039936,20.576,111.12,101.489494,185.2,4.288343e-05,,,,,,
2020-08-21 20:30:00.000066560,20.576,111.12,101.489494,185.2,4.288343e-05,,,,,,
2020-08-21 21:00:00.000039936,20.576,111.12,101.489456,185.2,4.2883155e-05,,,,,,
2020-08-21 23:30:00.000066560,20.576,111.12,101.489494,185.2,4.288343e-05,,,,,,
2020-08-22 00:00:00.000039936,20.576,185.2,190.11484,333.36,4.288343e-05,,,,,,
2020-08-22 03:00:00.000039936,20.576,185.2,190.1969,333.36,4.3139557e-05,,,,,,
2020-08-22 06:00:00.000039936,20.576,185.2,190.34732,333.36,4.3612705e-05,,,,,,
2020-08-22 09:00:00.000039936,21.604801,185.2,180.48276,333.36,4.399421e-05,,,,,,
2020-08-22 12:00:00.000039936,23.148,185.2,166.72888,333.36,4.4340795e-05,,,,,,
2020-08-22 15:00:00.000039936,23.148,166.68,166.79495,333.36,4.458272e-05,,,,,,
2020-08-22 18:00:00.000039936,23.148,148.16,166.86087,333.36,4.4825505e-05,,,,,,
2020-08-22 21:00:00.000039936,23.148,129.64,137.29626,277.8,4.5177072e-05,,,,,,
2020-08-23 00:00:00.000039936,23.148,111.12,89.0489,185.20001,4.5551555e-05,,,,,,
2020-08-23 03:00:00.000039936,23.148,111.12,89.08618,185.20001,4.5846053e-05,,,,,,
2020-08-23 04:30:00.000039936,23.148,111.12,89.11002,185.20001,4.6034886e-05,,,,,,
2020-08-23 06:00:00.000039936,23.148,111.12,89.1404,185.20001,4.627635e-05,,,,,,
2020-08-23 09:00:00.000039936,23.148,101.86,86.02142,179.02667,4.6624133e-05,,,,,,
2020-08-23 12:00:00.000039936,23.148,92.6,82.91105,172.85333,4.6999867e-05,,,,,,
2020-08-23 15:00:00.000039936,25.720001,74.08,73.02167,172.85333,4.7703612e-05,15.945936,12.5,,,,
2020-08-23 18:00:00.000039936,28.292,55.56,64.690956,172.85333,4.844305e-05,,,,,,
2020-08-23 21:00:00.000039936,28.292,50.004,64.72417,172.85333,4.889654e-05,,,,,,
2020-08-24 00:00:00.000039936,28.292,46.3,64.76102,172.85333,4.9402213e-05,,,,,,
2020-08-24 02:00:00.000053248,28.292,46.3,64.79559,172.85333,4.9880902e-05,,,,,,
2020-08-24 03:00:00.000039936,27.2632,46.3,92.32222,230.574,5.003534e-05,,,,,,
2020-08-24 06:00:00.000039936,25.720001,46.3,112.87024,259.28,5.035898e-05,,,,,,
2020-08-24 09:00:00.000039936,25.720001,46.3,115.11933,263.91,5.0992265e-05,,,,,,
2020-08-24 12:00:00.000039936,25.720001,46.3,117.39782,268.53998,5.178951e-05,,,,,,
2020-08-24 15:00:00.000039936,25.720001,50.004,117.51758,268.53998,5.2584353e-05,,,,,,
2020-08-24 18:00:00.000039936,25.720001,55.56,117.64597,268.53998,5.345127e-05,,,,,,
2020-08-24 21:00:00.000039936,26.7488,55.56,111.905,268.53998,5.443236e-05,,,,,,
2020-08-25 00:00:00.000039936,28.292,55.56,103.82428,268.53998,5.5340646e-05,,,,,,
2020-08-25 03:00:00.000039936,29.3208,74.08,98.81372,268.53998,5.5962748e-05,,,,,,
2020-08-25 06:00:00.000039936,30.864,92.6,63.94028,189.82999,5.6516048e-05,,,,,,
2020-08-25 09:00:00.000039936,31.8928,83.34,63.384365,196.77498,5.718338e-05,,,,,,
2020-08-25 12:00:00.000039936,33.436,74.08,61.327045,203.71999,5.7920843e-05,,,,,,
2020-08-25 15:00:00.000039936,34.4648,64.82,58.60909,203.71999,5.8701364e-05,25.287897,75.0,169.17326,,,
2020-08-25 18:00:00.000039936,36.008,55.56,54.79009,203.71999,5.9551734e-05,,,,,,
2020-08-25 21:00:00.000039936,37.0368,55.56,52.408062,203.71999,6.0479415e-05,,,,,,
2020-08-26 00:00:00.000039936,38.58,55.56,49.055325,203.71999,6.14047e-05,33.390186,24.167711,137.09677,,,
2020-08-26 03:00:00.000039936,42.1808,55.56,42.194115,203.71999,6.221096e-05,27.831207,50.0,162.74529,,,
2020-08-26 06:00:00.000039936,46.296,55.56,35.717514,203.71999,6.3016254e-05,,,,,,
2020-08-26 09:00:00.000039936,48.868,55.56,32.887577,208.34999,6.389803e-05,,,,,,
2020-08-26 12:00:00.000039936,51.440002,55.56,30.262005,212.98,6.4846485e-05,,,,,,
2020-08-26 15:00:00.000039936,56.584,40.744,25.844189,224.55501,6.580258e-05,41.34623,,184.41154,,,
2020-08-26 18:00:00.000039936,61.728,27.78,21.943413,236.12999,6.689037e-05,,,,,,
