Time,Vmax,Rmax,rmx_ck22,R34,fcor,vmx_obs,rmx_obs,r34_obs,vmx_sar,rmx_sar,r34_sar
2019-09-23 06:00:00.000039936,18.004,166.68,22.060804,37.04,2.7827968e-05,,,,,,
2019-09-23 09:00:00.000039936,19.0328,101.86,20.72386,37.04,2.7933747e-05,,,,,,
2019-09-23 12:00:00.000039936,20.576,37.04,18.961292,37.04,2.807779e-05,16.988874,12.5,,,,
2019-09-23 15:00:00.000039936,21.604801,37.04,22.477413,46.3,2.8183467e-05,,,,,,
2019-09-23 18:00:00.000039936,23.148,37.04,22.14421,49.38667,2.8327528e-05,,,,,,
2019-09-23 21:00:00.000039936,24.1768,37.04,37.28372,86.42667,2.852066e-05,,,,,,
2019-09-24 00:00:00.000039936,25.720001,37.04,50.033745,123.466675,2.882674e-05,20.387213,12.5,33.6806,,,
2019-09-24 03:00:00.000039936,26.7488,31.484,53.913933,138.90001,2.9287581e-05,,,,,,
2019-09-24 06:00:00.000039936,28.292,27.78,56.111237,154.33333,2.9824112e-05,,,,,,
2019-09-24 09:00:00.000039936,28.292,27.78,72.665886,197.54668,3.0322046e-05,,,,,,
2019-09-24 12:00:00.000039936,28.292,27.78,89.520195,240.76,3.0820032e-05,16.674192,12.5,,,,
2019-09-24 15:00:00.000039936,28.292,27.78,95.657616,256.19333,3.1317068e-05,,,,,,
2019-09-24 18:00:00.000039936,28.292,27.78,101.834435,271.62665,3.1814445e-05,,,,,,
2019-09-24 21:00:00.000039936,29.3208,27.78,103.01706,287.06,3.231047e-05,,,,,,
2019-09-25 00:00:00.000039936,30.864,27.78,78.36086,236.13,3.280731e-05,,,,,,
2019-09-25 03:00:00.000039936,33.436,31.484,70.872154,238.445,3.328394e-05,,,,,,
2019-09-25 06:00:00.000039936,36.008,37.04,64.341896,240.76001,3.3798577e-05,,,,,,
2019-09-25 09:00:00.000039936,37.0368,37.04,60.52306,236.13,3.4398345e-05,,,,,,
2019-09-25 12:00:00.000039936,38.58,37.04,55.798355,231.5,3.5035337e-05,23.943338,25.0,190.89386,,,
2019-09-25 15:00:00.000039936,39.6088,37.04,55.20502,238.445,3.5726185e-05,,,,,,
2019-09-25 18:00:00.000039936,41.152,37.04,53.487316,245.38998,3.626943e-05,,,,,,
2019-09-25 21:00:00.000039936,42.1808,37.04,52.834053,252.33499,3.6447887e-05,,,,,,
2019-09-26 00:00:00.000039936,43.724,37.04,51.141697,259.28,3.651592e-05,32.204845,12.5,225.59824,,,
2019-09-26 03:00:00.000039936,46.296,37.04,46.439865,259.28,3.668805e-05,,,,,,
2019-09-26 06:00:00.000039936,48.868,37.04,42.258926,259.28,3.700857e-05,,,,,,
2019-09-26 09:00:00.000039936,51.440002,37.04,41.885983,284.745,3.7512622e-05,,,,,,
2019-09-26 12:00:00.000039936,54.012,37.04,41.008274,310.21,3.8238195e-05,38.61266,,233.41234,,,
2019-09-26 15:00:00.000039936,56.584,37.04,37.237682,310.21,3.9109276e-05,,,,,,
2019-09-26 18:00:00.000039936,59.156002,37.04,33.791866,310.21,4.0199502e-05,,,,,,
2019-09-26 21:00:00.000039936,61.728,37.04,31.625517,324.1,4.1506435e-05,50.65893,30.718952,298.17126,,,
2019-09-27 00:00:00.000039936,64.3,37.04,29.406076,337.99,4.288343e-05,,,,,,
2019-09-27 03:00:00.000039936,64.3,37.04,29.374458,342.62,4.4152643e-05,,,,,,
2019-09-27 06:00:00.000039936,64.3,37.04,29.351793,347.25,4.5309676e-05,,,,,,
2019-09-27 09:00:00.000039936,62.7568,37.04,31.36445,356.51,4.6330544e-05,,,,,,
2019-09-27 12:00:00.000039936,61.728,37.04,32.92151,365.77002,4.7240763e-05,,,,,,
2019-09-27 15:00:00.000039936,59.156002,37.04,36.347073,368.08502,4.810066e-05,,,,,,
2019-09-27 18:00:00.000039936,56.584,37.04,40.270786,370.4,4.892293e-05,,,,,,
2019-09-27 21:00:00.000039936,55.040802,37.04,42.509556,368.085,4.9743336e-05,41.24891,44.460625,257.13715,,,
2019-09-28 00:00:00.000039936,54.012,37.04,43.95492,365.77002,5.059779e-05,37.922497,,274.19342,,,
2019-09-28 03:00:00.000039936,52.4688,37.04,46.247902,361.14,5.1515526e-05,,,,,,
2019-09-28 06:00:00.000039936,51.440002,37.04,47.624474,356.51,5.250265e-05,,,,,,
2019-09-28 09:00:00.000039936,52.4688,37.04,44.692036,349.565,5.35519e-05,43.043865,50.883537,256.31042,,,
2019-09-28 12:00:00.000039936,54.012,37.04,41.037987,342.62,5.4633376e-05,39.04862,,286.68488,,,
2019-09-28 15:00:00.000039936,56.584,37.04,36.45768,340.305,5.5693657e-05,,,,,,
2019-09-28 18:00:00.000039936,59.156002,37.04,32.408524,337.99,5.6750614e-05,,,,,,
2019-09-28 21:00:00.000039936,62.7568,37.04,27.75029,337.99,5.7780097e-05,,,,,,
