Time,Vmax,Rmax,rmx_ck22,R34,fcor,vmx_obs,rmx_obs,r34_obs,vmx_sar,rmx_sar,r34_sar
2011-09-07 00:00:00.000039936,18.004,138.9,67.72146,111.12,3.0073232e-05,,,,,,
2011-09-07 03:00:00.000039936,19.0328,138.9,63.765553,111.12,3.0551444e-05,,,,,,
2011-09-07 06:00:00.000039936,20.576,138.9,58.478825,111.12,3.1068776e-05,,,,,,
2011-09-07 09:00:00.000039936,21.604801,105.564,62.07926,124.084,3.1727024e-05,,,,,,
2011-09-07 12:00:00.000039936,23.148,74.08,64.494064,138.9,3.231108e-05,16.802813,62.5,,,,
2011-09-07 15:00:00.000039936,23.148,74.08,67.67563,145.38199,3.2613887e-05,,,,,,
2011-09-07 18:00:00.000039936,23.148,74.08,71.31438,152.79,3.280731e-05,,,,,,
2011-09-07 21:00:00.000039936,23.148,74.08,76.80393,163.90201,3.309102e-05,,,,,,
2011-09-08 00:00:00.000039936,23.148,74.08,82.78101,175.94,3.330315e-05,16.357714,87.5,,,,
2011-09-08 03:00:00.000039936,23.148,74.08,94.33429,199.09,3.3377026e-05,,,,,,
2011-09-08 06:00:00.000039936,23.148,74.08,105.980965,222.23999,3.330315e-05,,,,,,
2011-09-08 09:00:00.000039936,21.604801,74.08,114.744194,222.23999,3.3017426e-05,,,,,,
2011-09-08 12:00:00.000039936,20.576,74.08,121.16542,222.23999,3.280731e-05,,,,,,
2011-09-08 15:00:00.000039936,20.576,74.08,116.92755,214.832,3.2961227e-05,,,,,,
2011-09-08 18:00:00.000039936,20.576,74.08,113.267296,208.35,3.330315e-05,,,,,,
2011-09-08 21:00:00.000039936,20.576,83.34,113.33194,208.35,3.3636396e-05,,,,,,
2011-09-09 00:00:00.000039936,20.576,92.6,113.41105,208.35,3.404614e-05,,,,,,
2011-09-09 03:00:00.000039936,20.576,92.6,116.17408,212.98001,3.452184e-05,,,,,,
2011-09-09 06:00:00.000039936,20.576,92.6,118.95562,217.61,3.5035337e-05,,,,,,
2011-09-09 09:00:00.000039936,21.604801,92.6,112.70549,217.61,3.5491765e-05,,,,,,
2011-09-09 12:00:00.000039936,23.148,92.6,104.14322,217.61,3.6022833e-05,,,,,,
2011-09-09 15:00:00.000039936,23.148,92.6,104.273445,217.61,3.6743517e-05,,,,,,
2011-09-09 18:00:00.000039936,23.148,92.6,86.42804,182.11334,3.7500762e-05,,,,,,
2011-09-09 21:00:00.000039936,23.148,101.86,100.26471,209.276,3.8114875e-05,,,,,,
2011-09-10 00:00:00.000039936,23.148,111.12,114.9388,237.67334,3.872924e-05,,,,,,
2011-09-10 03:00:00.000039936,23.148,111.12,107.751785,223.47467,3.9390867e-05,,,,,,
2011-09-10 06:00:00.000039936,23.148,111.12,100.92323,209.89333,4.0199502e-05,,,,,,
2011-09-10 09:00:00.000039936,23.148,129.64,136.40016,277.8,4.124446e-05,,,,,,
2011-09-10 12:00:00.000039936,23.148,148.16,136.66917,277.8,4.239659e-05,,,,,,
2011-09-10 15:00:00.000039936,23.148,148.16,136.93622,277.8,4.3563825e-05,,,,,,
2011-09-10 18:00:00.000039936,23.148,148.16,137.16492,277.8,4.458322e-05,,,,,,
2011-09-10 21:00:00.000039936,23.148,129.64,152.10068,305.58,4.5279037e-05,,,,,,
2011-09-11 00:00:00.000039936,23.148,111.12,115.46524,236.12999,4.5793287e-05,,,,,,
2011-09-11 03:00:00.000039936,24.1768,111.12,109.67969,236.12999,4.6294295e-05,,,,,,
2011-09-11 06:00:00.000039936,25.720001,111.12,101.64231,236.12999,4.675884e-05,,,,,,
2011-09-11 09:00:00.000039936,25.720001,111.12,104.69038,242.612,4.7222646e-05,,,,,,
2011-09-11 12:00:00.000039936,25.720001,111.12,91.177345,212.97998,4.7722115e-05,,,,,,
2011-09-11 15:00:00.000039936,25.720001,111.12,94.63922,220.38799,4.8322774e-05,,,,,,
2011-09-11 18:00:00.000039936,25.720001,111.12,98.39944,228.41333,4.892293e-05,,,,,,
2011-09-11 21:00:00.000039936,25.720001,111.12,98.465836,228.41333,4.941985e-05,,,,,,
2011-09-12 00:00:00.000039936,25.720001,111.12,98.52691,228.41333,4.9880902e-05,,,,,,
2011-09-12 03:00:00.000039936,25.720001,111.12,98.594475,228.41333,5.0394814e-05,,,,,,
2011-09-12 06:00:00.000039936,25.720001,111.12,98.6521,228.41333,5.083645e-05,,,,,,
2011-09-12 09:00:00.000039936,25.720001,148.16,94.42516,219.15332,5.1111027e-05,,,,,,
2011-09-12 12:00:00.000039936,25.720001,185.2,90.199814,209.89333,5.131329e-05,,,,,,
2011-09-12 15:00:00.000039936,25.720001,161.124,101.59507,234.58667,5.155108e-05,,,,,,
2011-09-12 18:00:00.000039936,25.720001,138.9,113.083084,259.28,5.178951e-05,,,,,,
2011-09-12 21:00:00.000039936,24.1768,138.9,126.91506,268.54,5.200954e-05,,,,,,
2011-09-13 00:00:00.000039936,23.148,138.9,138.75972,277.80002,5.22651e-05,,,,,,
2011-09-13 03:00:00.000039936,23.148,138.9,176.32944,347.25,5.2585743e-05,,,,,,
2011-09-13 06:00:00.000039936,23.148,138.9,168.87907,333.36,5.2977284e-05,,,,,,
2011-09-13 09:00:00.000039936,23.148,161.124,168.97336,333.36,5.339793e-05,,,,,,
2011-09-13 12:00:00.000039936,23.148,185.2,169.09024,333.36,5.392461e-05,,,,,,
2011-09-13 15:00:00.000039936,23.148,185.2,154.17273,305.58,5.456246e-05,,,,,,
2011-09-13 18:00:00.000039936,23.148,185.2,139.33817,277.8,5.5340646e-05,,,,,,
2011-09-13 21:00:00.000039936,23.148,185.2,139.50235,277.8,5.624614e-05,,,,,,
2011-09-14 00:00:00.000039936,23.148,185.2,109.941666,222.23999,5.721923e-05,,,,,,
2011-09-14 03:00:00.000039936,24.1768,148.16,104.454315,222.23999,5.815441e-05,,,,,,
2011-09-14 06:00:00.000039936,25.720001,111.12,96.7829,222.23999,5.9086666e-05,,,,,,
2011-09-14 09:00:00.000039936,25.720001,101.86,96.878876,222.23999,5.9963815e-05,,,,,,
2011-09-14 12:00:00.000039936,25.720001,92.6,96.98433,222.23999,6.0942573e-05,,,,,,
2011-09-14 15:00:00.000039936,26.7488,92.6,116.92735,277.8,6.210789e-05,,,,,,
2011-09-14 18:00:00.000039936,28.292,92.6,108.34729,277.8,6.3474974e-05,,,,,,
2011-09-14 21:00:00.000039936,29.3208,111.12,113.72592,305.58,6.4989035e-05,,,,,,
2011-09-15 00:00:00.000039936,30.864,129.64,114.96018,333.36,6.666408e-05,,,,,,
2011-09-15 03:00:00.000039936,30.864,129.64,114.97174,333.36,6.835064e-05,,,,,,
2011-09-15 06:00:00.000039936,30.864,129.64,114.974,333.36,7.025991e-05,,,,,,
2011-09-15 09:00:00.000039936,30.864,129.64,114.96328,333.36,7.239117e-05,,,,,,
2011-09-15 12:00:00.000039936,30.864,129.64,114.93352,333.36,7.4895885e-05,,,,,,
2011-09-15 15:00:00.000039936,31.8928,96.304,108.78804,333.36,7.77672e-05,20.263262,25.0,101.41483,,,
2011-09-15 18:00:00.000039936,33.436,64.82,67.3922,222.23999,8.0919635e-05,,,,,,
