Time,Vmax,Rmax,rmx_ck22,R34,fcor,vmx_obs,rmx_obs,r34_obs,vmx_sar,rmx_sar,r34_sar
2018-10-07 12:00:00.000039936,18.004,222.24,180.61891,277.8,4.6999867e-05,,,,,,
2018-10-07 15:00:00.000039936,20.576,166.68,157.47502,277.8,4.732553e-05,,,,,,
2018-10-07 18:00:00.000039936,23.148,111.12,137.84344,277.8,4.7722115e-05,,,,,,
2018-10-07 21:00:00.000039936,24.1768,87.044,123.93707,263.91,4.840676e-05,,,,,,
2018-10-08 00:00:00.000039936,25.720001,64.82,89.24058,208.34999,4.916265e-05,,,,,,
2018-10-08 03:00:00.000039936,28.292,64.82,78.92023,208.34999,4.9743267e-05,,,,,,
2018-10-08 06:00:00.000039936,30.864,64.82,70.10703,208.34999,5.035898e-05,,,,,,
2018-10-08 09:00:00.000039936,31.8928,59.264,66.96784,208.34999,5.114065e-05,,,,,,
2018-10-08 12:00:00.000039936,33.436,55.56,62.56426,208.34999,5.2027382e-05,,,,,,
2018-10-08 15:00:00.000039936,36.008,50.004,55.348362,206.03499,5.292387e-05,,,,,,
2018-10-08 18:00:00.000039936,38.58,46.3,49.120815,203.71999,5.392461e-05,,,,,,
2018-10-08 21:00:00.000039936,41.152,40.744,46.635765,215.295,5.5069493e-05,,,,,,
2018-10-09 00:00:00.000039936,43.724,37.04,44.106594,226.87,5.6281307e-05,,,,29.951536,35.0,113.0
2018-10-09 03:00:00.000039936,43.724,37.04,45.29849,233.815,5.747122e-05,35.49104,,211.58676,,,
2018-10-09 06:00:00.000039936,43.724,37.04,46.471622,240.76001,5.862087e-05,,,,,,
2018-10-09 09:00:00.000039936,44.7528,31.484,44.077084,238.445,5.966776e-05,,,,,,
2018-10-09 12:00:00.000039936,46.296,27.78,40.942493,236.13,6.0711227e-05,37.83234,31.84181,171.32826,,,
2018-10-09 15:00:00.000039936,48.868,27.78,36.811825,236.13,6.1848725e-05,32.58658,37.5,210.2538,,,
2018-10-09 18:00:00.000039936,51.440002,27.78,33.12703,236.13,6.3016254e-05,,,,,,
2018-10-09 21:00:00.000039936,54.012,27.78,29.837553,236.13,6.414444e-05,,,,,,
2018-10-10 00:00:00.000039936,56.584,27.78,26.888561,236.13,6.530208e-05,46.488705,29.136255,163.68118,58.27289,24.0,180.0
2018-10-10 03:00:00.000039936,59.156002,27.78,24.237743,236.13,6.6499866e-05,,,,,,
2018-10-10 06:00:00.000039936,61.728,27.78,21.84397,236.13,6.7793495e-05,,,,,,
2018-10-10 09:00:00.000039936,62.7568,22.223999,20.588186,231.5,6.9257105e-05,,,,,,
2018-10-10 12:00:00.000039936,64.3,18.52,19.038113,226.87,7.07056e-05,,,,62.982723,17.0,152.0
