Time,Vmax,Rmax,rmx_ck22,R34,fcor,vmx_obs,rmx_obs,r34_obs,vmx_sar,rmx_sar,r34_sar
2012-09-12 00:00:00.000039936,18.004,46.3,80.57651,129.64,4.385554e-05,,,,,,
2012-09-12 03:00:00.000039936,20.576,50.004,75.03521,138.9,4.456451e-05,,,,,,
2012-09-12 06:00:00.000039936,23.148,55.56,49.612415,106.49,4.5309676e-05,,,,,,
2012-09-12 09:00:00.000039936,24.1768,46.3,54.71618,122.69499,4.613724e-05,,,,,,
2012-09-12 12:00:00.000039936,25.720001,37.04,57.884373,138.9,4.6999867e-05,,,,,,
2012-09-12 15:00:00.000039936,26.7488,37.04,58.080936,145.845,4.7841888e-05,,,,,,
2012-09-12 18:00:00.000039936,28.292,37.04,56.81821,152.79,4.868306e-05,,,,,,
2012-09-12 21:00:00.000039936,29.3208,31.484,59.453583,166.68001,4.9503687e-05,,,,,,
2012-09-13 00:00:00.000039936,30.864,27.78,60.360992,180.57,5.035898e-05,20.862358,62.5,138.18126,,,
2012-09-13 03:00:00.000039936,30.864,27.78,63.65452,189.83,5.1259103e-05,,,,,,
2012-09-13 06:00:00.000039936,30.864,27.78,66.965645,199.09,5.22651e-05,,,,,,
2012-09-13 09:00:00.000039936,30.864,27.78,72.74375,215.295,5.338013e-05,,,,,,
2012-09-13 12:00:00.000039936,30.864,27.78,78.549255,231.5,5.4633376e-05,,,,,,
2012-09-13 15:00:00.000039936,30.864,27.78,84.37274,247.705,5.601069e-05,23.070261,75.0,196.35062,,,
2012-09-13 18:00:00.000039936,30.864,27.78,90.200294,263.90997,5.7453286e-05,,,,,,
2012-09-13 21:00:00.000039936,30.864,27.78,91.918144,268.53998,5.8853708e-05,23.875664,63.047672,162.51364,,,
2012-09-14 00:00:00.000039936,30.864,27.78,93.62931,273.16998,6.0247978e-05,,,,,,
2012-09-14 03:00:00.000039936,30.864,27.78,93.69476,273.16998,6.160091e-05,,,,,,
2012-09-14 06:00:00.000039936,30.864,27.78,93.758675,273.16998,6.3016254e-05,,,,,,
2012-09-14 09:00:00.000039936,30.864,27.78,93.82489,273.16998,6.460098e-05,27.943342,81.48518,252.89464,,,
2012-09-14 12:00:00.000039936,30.864,27.78,93.8864,273.16998,6.621089e-05,,,,,,
2012-09-14 15:00:00.000039936,31.8928,27.78,89.30411,273.16998,6.769768e-05,,,,,,
2012-09-14 18:00:00.000039936,33.436,27.78,82.832664,273.16998,6.914198e-05,,,,,,
2012-09-14 21:00:00.000039936,34.4648,31.484,78.11843,270.855,7.066021e-05,,,,,,
2012-09-15 00:00:00.000039936,36.008,37.04,71.87268,268.54,7.2037474e-05,26.275434,12.5,147.53593,,,
2012-09-15 03:00:00.000039936,36.008,37.04,73.01829,273.16998,7.319599e-05,,,,,,
2012-09-15 06:00:00.000039936,36.008,37.04,74.165504,277.8,7.402041e-05,,,,,,
2012-09-15 09:00:00.000039936,36.008,37.04,72.96348,273.17,7.449665e-05,,,,,,
2012-09-15 12:00:00.000039936,36.008,37.04,71.77192,268.54,7.467736e-05,34.50969,50.0,217.47357,,,
2012-09-15 15:00:00.000039936,36.008,37.04,71.769325,268.54,7.474214e-05,,,,,,
2012-09-15 18:00:00.000039936,36.008,37.04,71.77192,268.54,7.467736e-05,,,,,,
2012-09-15 21:00:00.000039936,36.008,37.04,70.587524,263.91,7.458166e-05,,,,,,
2012-09-16 00:00:00.000039936,36.008,37.04,69.3994,259.28,7.4458614e-05,,,,,,
2012-09-16 03:00:00.000039936,34.4648,37.04,76.08148,263.91,7.4331416e-05,,,,,,
2012-09-16 06:00:00.000039936,33.436,37.04,81.39949,268.54,7.423962e-05,,,,,,
2012-09-16 09:00:00.000039936,33.436,37.04,81.400024,268.54,7.4189236e-05,,,,,,
2012-09-16 12:00:00.000039936,33.436,37.04,81.39949,268.54,7.423962e-05,,,,,,
2012-09-16 15:00:00.000039936,33.436,37.04,81.397675,268.54,7.4409436e-05,,,,,,
2012-09-16 18:00:00.000039936,33.436,37.04,81.39461,268.54,7.467736e-05,,,,,,
2012-09-16 21:00:00.000039936,31.8928,46.3,87.866684,268.54,7.493626e-05,,,,,,
2012-09-17 00:00:00.000039936,30.864,55.56,92.51223,268.54,7.533226e-05,,,,,,
2012-09-17 03:00:00.000039936,30.864,64.82,93.33242,270.855,7.59035e-05,,,,,,
2012-09-17 06:00:00.000039936,30.864,74.08,94.152794,273.17,7.663584e-05,,,,,,
2012-09-17 09:00:00.000039936,29.3208,74.08,101.85284,273.17,7.749908e-05,,,,,,
2012-09-17 12:00:00.000039936,28.292,74.08,107.39898,273.17,7.8360856e-05,,,,,,
2012-09-17 15:00:00.000039936,28.292,74.08,108.372284,275.48502,7.906724e-05,,,,,,
2012-09-17 18:00:00.000039936,28.292,74.08,109.337654,277.8,7.9644604e-05,,,,,,
2012-09-17 21:00:00.000039936,26.7488,74.08,118.46433,277.8,8.010208e-05,,,,,,
2012-09-18 00:00:00.000039936,25.720001,74.08,125.00845,277.8,8.049559e-05,,,,,,
2012-09-18 03:00:00.000039936,25.720001,83.34,127.2279,282.43,8.0919475e-05,,,,,,
2012-09-18 06:00:00.000039936,25.720001,92.6,129.44563,287.06,8.134267e-05,,,,,,
2012-09-18 09:00:00.000039936,25.720001,92.6,129.47444,287.06,8.173296e-05,,,,,,
2012-09-18 12:00:00.000039936,25.720001,92.6,129.50743,287.06,8.2185776e-05,,,,,,
2012-09-18 15:00:00.000039936,25.720001,111.12,143.71898,317.155,8.278409e-05,,,,,,
2012-09-18 18:00:00.000039936,25.720001,129.64,157.84308,347.25,8.34429e-05,,,,,,
2012-09-18 21:00:00.000039936,25.720001,129.64,157.87302,347.25,8.4067855e-05,,,,,,
2012-09-19 00:00:00.000039936,25.720001,129.64,157.90163,347.25,8.469088e-05,,,,,,
2012-09-19 03:00:00.000039936,25.720001,129.64,157.92892,347.25,8.531141e-05,,,,,,
2012-09-19 06:00:00.000039936,25.720001,129.64,157.95493,347.25,8.592957e-05,,,,,,
2012-09-19 09:00:00.000039936,25.720001,129.64,155.82788,342.62,8.657606e-05,,,,,,
2012-09-19 12:00:00.000039936,25.720001,129.64,153.69719,337.99,8.7158856e-05,,,,,,
2012-09-19 15:00:00.000039936,25.720001,129.64,153.71722,337.99,8.764269e-05,,,,,,
2012-09-19 18:00:00.000039936,25.720001,129.64,153.73053,337.99,8.7973065e-05,,,,,,
2012-09-19 21:00:00.000039936,25.720001,161.124,155.89062,342.62,8.818083e-05,,,,,,
2012-09-20 00:00:00.000039936,25.720001,194.46,158.0394,347.25,8.8175955e-05,,,,,,
2012-09-20 03:00:00.000039936,25.720001,194.46,154.80609,340.305,8.7947505e-05,,,,,,
2012-09-20 06:00:00.000039936,25.720001,194.46,151.55792,333.36,8.756649e-05,,,,,,
2012-09-20 09:00:00.000039936,25.720001,194.46,154.7747,340.305,8.7158645e-05,,,,,,
2012-09-20 12:00:00.000039936,25.720001,194.46,157.98752,347.25,8.675015e-05,,,,,,
2012-09-20 15:00:00.000039936,26.7488,188.904,155.38045,361.14,8.642768e-05,,,,,,
2012-09-20 18:00:00.000039936,28.292,185.2,148.09459,375.02997,8.613512e-05,,,,,,
2012-09-20 21:00:00.000039936,28.292,157.42,154.35493,391.235,8.585698e-05,22.450165,100.0,372.79703,,,
2012-09-21 00:00:00.000039936,28.292,129.64,160.57042,407.44,8.551773e-05,,,,,,
2012-09-21 03:00:00.000039936,28.292,129.64,160.59793,407.44,8.5079446e-05,,,,,,
2012-09-21 06:00:00.000039936,28.292,129.64,160.63419,407.44,8.448353e-05,,,,,,
2012-09-21 09:00:00.000039936,26.7488,129.64,172.31306,400.495,8.3729225e-05,,,,,,
2012-09-21 12:00:00.000039936,25.720001,129.64,179.27866,393.55,8.2815466e-05,,,,,,
2012-09-21 15:00:00.000039936,25.720001,129.64,177.1169,388.91998,8.181204e-05,,,,,,
2012-09-21 18:00:00.000039936,25.720001,129.64,174.93799,384.28998,8.070772e-05,,,,,,
2012-09-21 21:00:00.000039936,24.1768,129.64,187.84196,379.65997,7.9490055e-05,,,,,,
2012-09-22 00:00:00.000039936,23.148,129.64,195.91995,375.02997,7.8360856e-05,,,,,,
2012-09-22 03:00:00.000039936,23.148,129.64,190.77298,365.77,7.755941e-05,,,,,,
2012-09-22 06:00:00.000039936,23.148,129.64,185.6279,356.50998,7.6852295e-05,,,,,,
2012-09-22 09:00:00.000039936,23.148,129.64,181.71838,349.565,7.5952565e-05,,,,,,
2012-09-22 12:00:00.000039936,23.148,129.64,177.81116,342.62,7.511419e-05,,,,,,
2012-09-22 15:00:00.000039936,23.148,129.64,176.45772,340.305,7.445303e-05,,,,,,
2012-09-22 18:00:00.000039936,23.148,129.64,175.13304,337.99,7.402041e-05,,,,,,
2012-09-22 21:00:00.000039936,23.148,114.824,175.10739,337.99,7.382843e-05,,,,,,
2012-09-23 00:00:00.000039936,23.148,101.86,175.10365,337.99,7.380098e-05,,,,,,
2012-09-23 03:00:00.000039936,24.1768,83.34,165.84077,337.99,7.375159e-05,,,,,,
2012-09-23 06:00:00.000039936,25.720001,64.82,152.8555,337.99,7.380098e-05,,,,,,
2012-09-23 09:00:00.000039936,25.720001,59.264,147.41599,326.41498,7.397098e-05,,,,,,
2012-09-23 12:00:00.000039936,25.720001,55.56,141.97926,314.84,7.423962e-05,,,,,,
2012-09-23 15:00:00.000039936,25.720001,55.56,139.82294,310.21,7.456815e-05,,,,,,
2012-09-23 18:00:00.000039936,25.720001,55.56,137.6659,305.58,7.4895885e-05,,,,,,
2012-09-23 21:00:00.000039936,24.1768,74.08,149.27068,305.58,7.51304e-05,,,,,,
2012-09-24 00:00:00.000039936,23.148,92.6,157.56487,305.58,7.533226e-05,,,,,,
2012-09-24 03:00:00.000039936,23.148,92.6,152.52652,296.32,7.554987e-05,,,,,,
2012-09-24 06:00:00.000039936,23.148,92.6,147.49022,287.06,7.576771e-05,,,,,,
2012-09-24 09:00:00.000039936,23.148,92.6,139.92609,273.16998,7.596882e-05,,,,,,
2012-09-24 12:00:00.000039936,23.148,92.6,132.37595,259.27997,7.620224e-05,,,,,,
2012-09-24 15:00:00.000039936,23.148,83.34,127.36711,250.01999,7.651107e-05,,,,,,
2012-09-24 18:00:00.000039936,23.148,74.08,122.367714,240.76,7.6852295e-05,,,,,,
2012-09-24 21:00:00.000039936,21.604801,74.08,128.52985,233.815,7.7224904e-05,,,,,,
2012-09-25 00:00:00.000039936,20.576,74.08,131.34198,226.87,7.750023e-05,19.793192,100.0,153.92986,,,
2012-09-25 03:00:00.000039936,20.576,74.08,131.34991,226.87,7.756504e-05,,,,,,
2012-09-25 06:00:00.000039936,20.576,74.08,131.34198,226.87,7.750023e-05,,,,,,
2012-09-25 09:00:00.000039936,20.576,74.08,131.3347,226.87,7.744068e-05,,,,,,
2012-09-25 12:00:00.000039936,20.576,74.08,131.31554,226.87,7.728449e-05,,,,,,
2012-09-25 15:00:00.000039936,20.576,74.08,126.97467,219.925,7.6992736e-05,,,,,,
2012-09-25 18:00:00.000039936,20.576,74.08,122.63743,212.98,7.663584e-05,,,,,,
2012-09-25 21:00:00.000039936,20.576,74.08,116.89077,203.71999,7.631074e-05,,,,,,
2012-09-26 00:00:00.000039936,20.576,74.08,111.16644,194.45999,7.5985095e-05,,,,,,
2012-09-26 03:00:00.000039936,20.576,92.6,105.46797,185.2,7.567523e-05,,,,,,
2012-09-26 06:00:00.000039936,20.576,111.12,99.79217,175.94,7.533226e-05,,,,,,
2012-09-26 09:00:00.000039936,21.604801,92.6,94.512985,175.94,7.492862e-05,,,,,,
2012-09-26 12:00:00.000039936,23.148,74.08,87.22529,175.94,7.4458614e-05,20.72774,87.5,152.00922,,,
2012-09-26 15:00:00.000039936,24.1768,74.08,82.73179,175.94,7.39436e-05,,,,,,
2012-09-26 18:00:00.000039936,25.720001,74.08,76.53104,175.94,7.336144e-05,,,,,,
2012-09-26 21:00:00.000039936,25.720001,74.08,75.41078,173.625,7.27004e-05,24.784874,42.512955,114.94676,,,
2012-09-27 00:00:00.000039936,25.720001,74.08,74.29228,171.31,7.2037474e-05,22.498144,75.0,133.99278,,,
2012-09-27 03:00:00.000039936,25.720001,74.08,74.25138,171.31,7.145012e-05,,,,,,
2012-09-27 06:00:00.000039936,25.720001,74.08,74.214775,171.31,7.092813e-05,,,,,,
2012-09-27 09:00:00.000039936,25.720001,74.08,74.17982,171.31,7.0432616e-05,,,,,,
2012-09-27 12:00:00.000039936,25.720001,74.08,74.151726,171.31,7.003676e-05,,,,,,
2012-09-27 15:00:00.000039936,26.7488,64.82,73.52467,178.255,6.974616e-05,,,,,,
2012-09-27 18:00:00.000039936,28.292,55.56,71.03684,185.20001,6.958979e-05,,,,,,
2012-09-27 21:00:00.000039936,28.292,55.56,71.032936,185.20001,6.952259e-05,,,,,,
2012-09-28 00:00:00.000039936,28.292,55.56,71.03684,185.20001,6.958979e-05,,,,,,
2012-09-28 03:00:00.000039936,29.3208,55.56,65.85746,180.57,6.97296e-05,,,,,,
2012-09-28 06:00:00.000039936,30.864,55.56,59.630085,175.94002,7.003676e-05,,,,,,
2012-09-28 09:00:00.000039936,31.8928,50.004,54.557667,168.995,7.054392e-05,,,,,,
2012-09-28 12:00:00.000039936,33.436,46.3,48.750652,162.05,7.115043e-05,28.822437,37.5,117.046684,,,
2012-09-28 15:00:00.000039936,33.436,46.3,48.760555,162.05,7.165514e-05,,,,,,
2012-09-28 18:00:00.000039936,33.436,46.3,48.772285,162.05,7.2258685e-05,,,,,,
2012-09-28 21:00:00.000039936,33.436,46.3,45.92151,152.79,7.3075345e-05,,,,,,
2012-09-29 00:00:00.000039936,33.436,46.3,43.07313,143.53,7.402041e-05,28.669416,37.5,117.72115,,,
2012-09-29 03:00:00.000039936,33.436,46.3,43.089603,143.53,7.493943e-05,,,,,,
2012-09-29 06:00:00.000039936,33.436,46.3,43.10785,143.53,7.5985095e-05,,,,,,
2012-09-29 09:00:00.000039936,33.436,40.744,43.12914,143.53,7.723578e-05,,,,,,
2012-09-29 12:00:00.000039936,33.436,37.04,43.151245,143.53,7.85754e-05,,,,,,
2012-09-29 15:00:00.000039936,34.4648,37.04,41.25539,143.53,7.985769e-05,,,,,,
2012-09-29 18:00:00.000039936,36.008,37.04,38.587345,143.53,8.113127e-05,,,,,,
2012-09-29 21:00:00.000039936,37.0368,46.3,36.92334,143.53,8.2427294e-05,,,,,,
2012-09-30 00:00:00.000039936,38.58,55.56,34.580757,143.53,8.365155e-05,,,,,,
2012-09-30 03:00:00.000039936,38.58,50.004,34.57514,143.53,8.475269e-05,,,,,,
2012-09-30 06:00:00.000039936,38.58,46.3,34.569912,143.53,8.5723776e-05,,,,,,
