Time,Vmax,Rmax,rmx_ck22,R34,fcor,vmx_obs,rmx_obs,r34_obs,vmx_sar,rmx_sar,r34_sar
2020-09-07 12:00:00.000039936,18.004,92.6,68.56131,111.12,4.288343e-05,,,,,,
2020-09-07 15:00:00.000039936,18.004,92.6,68.57423,111.12,4.3090153e-05,,,,,,
2020-09-07 18:00:00.000039936,18.004,92.6,68.59173,111.12,4.3369746e-05,,,,,,
2020-09-07 21:00:00.000039936,19.0328,92.6,70.27598,120.38,4.371589e-05,,,,,,
2020-09-08 00:00:00.000039936,20.576,92.6,59.330048,111.119995,4.409823e-05,,,,,,
2020-09-08 03:00:00.000039936,21.604801,92.6,66.02497,129.64,4.444377e-05,,,,,,
2020-09-08 06:00:00.000039936,23.148,92.6,67.11151,141.98668,4.4825505e-05,,,,,,
2020-09-08 09:00:00.000039936,24.1768,83.34,63.761757,141.98668,4.5309498e-05,,,,,,
2020-09-08 12:00:00.000039936,25.720001,74.08,47.71694,115.75,4.5793287e-05,,,,,,
2020-09-08 15:00:00.000039936,25.720001,74.08,47.736275,115.75,4.6173736e-05,,,,,,
2020-09-08 18:00:00.000039936,25.720001,74.08,47.753754,115.75,4.651767e-05,,,,,,
2020-09-08 21:00:00.000039936,25.720001,83.34,53.81678,129.64,4.6879388e-05,,,,,,
2020-09-09 00:00:00.000039936,25.720001,92.6,59.94011,143.53,4.7240763e-05,17.509298,62.5,63.176105,,,
2020-09-09 03:00:00.000039936,25.720001,92.6,66.1188,157.42,4.758341e-05,,,,,,
2020-09-09 06:00:00.000039936,25.720001,92.6,72.35387,171.31,4.796257e-05,,,,,,
2020-09-09 09:00:00.000039936,25.720001,101.86,82.837555,194.45999,4.8424947e-05,,,,,,
2020-09-09 12:00:00.000039936,25.720001,111.12,93.444214,217.60999,4.892293e-05,18.548223,87.5,137.06631,,,
2020-09-09 15:00:00.000039936,25.720001,111.12,93.504486,217.60999,4.9402006e-05,,,,,,
2020-09-09 18:00:00.000039936,25.720001,111.12,93.564316,217.60999,4.9880902e-05,,,,,,
2020-09-09 21:00:00.000039936,25.720001,111.12,93.62362,217.60999,5.0358878e-05,,,,,,
2020-09-10 00:00:00.000039936,25.720001,111.12,93.68243,217.60999,5.083645e-05,19.022825,100.0,141.529,,,
2020-09-10 03:00:00.000039936,25.720001,111.12,93.73855,217.60999,5.129524e-05,,,,,,
2020-09-10 06:00:00.000039936,25.720001,111.12,93.79855,217.60999,5.178951e-05,,,,,,
2020-09-10 09:00:00.000039936,24.1768,111.12,102.525795,219.92499,5.236575e-05,24.86962,44.236637,121.31535,,,
2020-09-10 12:00:00.000039936,23.148,111.12,109.33264,222.23999,5.2977284e-05,20.1989,87.5,139.31914,,,
2020-09-10 15:00:00.000039936,23.148,111.12,109.41989,222.23999,5.35696e-05,,,,,,
2020-09-10 18:00:00.000039936,23.148,111.12,109.506325,222.23999,5.4161024e-05,,,,,,
2020-09-10 21:00:00.000039936,24.1768,92.6,104.007965,222.23999,5.475106e-05,24.869932,40.32705,110.775566,,,
2020-09-11 00:00:00.000039936,25.720001,74.08,96.35719,222.23999,5.5340646e-05,25.475397,50.0,118.66115,,,
2020-09-11 03:00:00.000039936,26.7488,74.08,91.6638,222.23999,5.591086e-05,,,,,,
2020-09-11 06:00:00.000039936,28.292,74.08,85.11888,222.23999,5.6516048e-05,,,,,,
2020-09-11 09:00:00.000039936,28.292,74.08,85.17308,222.23999,5.714894e-05,,,,,,
2020-09-11 12:00:00.000039936,28.292,74.08,85.23826,222.23999,5.7920843e-05,,,,,,
2020-09-11 15:00:00.000039936,28.292,74.08,85.31809,222.23999,5.8882262e-05,,,,,,
2020-09-11 18:00:00.000039936,28.292,74.08,85.410255,222.23999,6.0016075e-05,,,,,,
2020-09-11 21:00:00.000039936,29.3208,74.08,82.27231,224.555,6.127156e-05,24.701363,43.177223,117.009346,,,
2020-09-12 00:00:00.000039936,30.864,74.08,77.34577,226.87,6.255676e-05,23.979416,62.5,144.46611,,,
2020-09-12 03:00:00.000039936,30.864,74.08,77.402306,226.87,6.3738364e-05,,,,,,
2020-09-12 06:00:00.000039936,30.864,74.08,77.45343,226.87,6.4846485e-05,,,,,,
2020-09-12 09:00:00.000039936,30.864,74.08,77.501274,226.87,6.592062e-05,31.63963,25.115568,143.81311,,,
2020-09-12 12:00:00.000039936,30.864,74.08,77.543015,226.87,6.689037e-05,23.753227,50.0,173.18857,,,
2020-09-12 15:00:00.000039936,30.864,74.08,77.57812,226.87,6.773057e-05,,,,,,
2020-09-12 18:00:00.000039936,30.864,74.08,77.6081,226.87,6.8468675e-05,,,,,,
2020-09-12 21:00:00.000039936,31.8928,55.56,76.235245,233.815,6.9175585e-05,24.2594,42.944756,113.67903,,,
2020-09-13 00:00:00.000039936,33.436,37.04,72.98401,240.75998,6.981338e-05,25.612833,50.0,187.48357,,,
2020-09-13 03:00:00.000039936,33.436,37.04,72.988594,240.75998,7.038753e-05,,,,,,
2020-09-13 06:00:00.000039936,33.436,37.04,72.992455,240.75998,7.092813e-05,,,,,,
2020-09-13 09:00:00.000039936,34.4648,37.04,69.51437,240.75998,7.146592e-05,,,,,,
2020-09-13 12:00:00.000039936,36.008,37.04,64.64038,240.75998,7.2037474e-05,29.907204,50.0,211.1007,,,
2020-09-13 15:00:00.000039936,37.0368,37.04,59.302296,231.50002,7.2667404e-05,30.139439,50.0,216.36401,,,
2020-09-13 18:00:00.000039936,38.58,37.04,53.12414,222.24,7.336144e-05,,,,,,
2020-09-13 21:00:00.000039936,38.58,40.744,53.101677,222.24,7.408024e-05,,,,,,
2020-09-14 00:00:00.000039936,38.58,46.3,53.075672,222.24,7.4895885e-05,,,,,,
2020-09-14 03:00:00.000039936,39.6088,40.744,50.631638,222.24,7.581066e-05,,,,,,
2020-09-14 06:00:00.000039936,41.152,37.04,47.19852,222.24,7.6852295e-05,,,,,,
2020-09-14 08:50:00.000035840,43.724,37.04,42.055534,222.24,7.793102e-05,,,,,,
2020-09-14 09:00:00.000039936,43.724,37.04,42.051346,222.24,7.799754e-05,,,,,,
2020-09-14 12:00:00.000039936,43.724,37.04,41.97419,222.24,7.921766e-05,,,,,,
