Time,Vmax,Rmax,rmx_ck22,R34,fcor,vmx_obs,rmx_obs,r34_obs,vmx_sar,rmx_sar,r34_sar
2017-10-08 06:00:00.000039936,18.004,74.08,46.000633,74.08,7.511419e-05,,,,,,
2017-10-08 09:00:00.000039936,18.004,74.08,45.988583,74.08,7.466084e-05,,,,,,
2017-10-08 12:00:00.000039936,18.004,74.08,45.977383,74.08,7.423962e-05,,,,,,
2017-10-08 15:00:00.000039936,18.004,74.08,48.9719,78.71,7.3938456e-05,,,,,,
2017-10-08 18:00:00.000039936,18.004,74.08,51.9823,83.34,7.380098e-05,,,,,,
2017-10-08 21:00:00.000039936,18.004,74.08,51.982647,83.34,7.381184e-05,,,,11.848731,42.0,
2017-10-09 00:00:00.000039936,18.004,74.08,51.989414,83.34,7.402041e-05,,,,,,
2017-10-09 03:00:00.000039936,18.004,74.08,55.030205,87.97,7.440938e-05,,,,,,
2017-10-09 06:00:00.000039936,18.004,74.08,58.088604,92.600006,7.4895885e-05,,,,,,
2017-10-09 09:00:00.000039936,18.004,74.08,58.105194,92.600006,7.533215e-05,,,,,,
2017-10-09 12:00:00.000039936,18.004,74.08,58.121716,92.600006,7.576771e-05,,,,,,
2017-10-09 15:00:00.000039936,19.0328,68.524,57.744465,97.229996,7.621856e-05,,,,,,
2017-10-09 18:00:00.000039936,20.576,64.82,50.40612,92.600006,7.663584e-05,,,,,,
2017-10-09 21:00:00.000039936,20.576,64.82,53.987953,98.77334,7.7041645e-05,,,,,,
2017-10-10 00:00:00.000039936,20.576,64.82,50.43076,92.6,7.728449e-05,,,,,,
2017-10-10 03:00:00.000039936,21.604801,59.264,49.003963,94.915,7.7273515e-05,,,,,,
2017-10-10 06:00:00.000039936,23.148,55.56,46.401848,97.229996,7.70685e-05,,,,,,
2017-10-10 09:00:00.000039936,23.148,55.56,49.9191,104.175,7.6776516e-05,,,,,,
2017-10-10 12:00:00.000039936,23.148,55.56,53.452118,111.12,7.641916e-05,15.568997,37.5,,,,
2017-10-10 15:00:00.000039936,23.148,50.004,53.438053,111.12,7.610987e-05,,,,,,
2017-10-10 18:00:00.000039936,23.148,46.3,53.422424,111.12,7.576771e-05,,,,,,
2017-10-10 21:00:00.000039936,24.1768,46.3,50.70036,111.12,7.536476e-05,,,,,,
2017-10-11 00:00:00.000039936,25.720001,46.3,46.969223,111.12,7.4895885e-05,17.481571,50.0,,,,
2017-10-11 03:00:00.000039936,26.7488,46.3,44.681587,111.12,7.434929e-05,,,,,,
2017-10-11 06:00:00.000039936,28.292,46.3,41.539536,111.12,7.380098e-05,,,,,,
2017-10-11 09:00:00.000039936,29.3208,40.744,39.609753,111.12,7.3311734e-05,,,,,,
2017-10-11 12:00:00.000039936,30.864,37.04,36.95033,111.12,7.2921e-05,17.274958,50.0,,,,
2017-10-11 15:00:00.000039936,31.8928,37.04,35.312534,111.12,7.2617666e-05,,,,,,
2017-10-11 18:00:00.000039936,33.436,37.04,33.044254,111.12,7.247968e-05,,,,,,
2017-10-11 21:00:00.000039936,34.4648,37.04,31.643675,111.12,7.25073e-05,23.70888,30.453459,79.69463,,,
2017-10-12 00:00:00.000039936,36.008,37.04,29.691729,111.12,7.270045e-05,23.277988,37.5,99.56731,,,
2017-10-12 03:00:00.000039936,37.0368,31.484,28.480925,111.12,7.301456e-05,,,,,,
2017-10-12 06:00:00.000039936,38.58,27.78,26.784122,111.12,7.336144e-05,,,,,,
2017-10-12 09:00:00.000039936,39.6088,27.78,25.726742,111.12,7.361428e-05,,,,,,
2017-10-12 12:00:00.000039936,41.152,27.78,24.241753,111.12,7.380098e-05,,,,,,
2017-10-12 15:00:00.000039936,42.1808,27.78,25.222008,120.38,7.394346e-05,,,,,,
2017-10-12 18:00:00.000039936,43.724,27.78,25.558893,129.64,7.402041e-05,,,,,,
2017-10-12 21:00:00.000039936,44.7528,27.78,24.584286,129.64,7.3971e-05,,,,,,
2017-10-13 00:00:00.000039936,46.296,27.78,23.208908,129.64,7.402041e-05,,,,,,
2017-10-13 03:00:00.000039936,46.296,27.78,23.202768,129.64,7.437609e-05,,,,,,
2017-10-13 06:00:00.000039936,46.296,27.78,23.193754,129.64,7.4895885e-05,,,,,,
2017-10-13 09:00:00.000039936,43.724,27.78,26.418127,134.27,7.54088e-05,,,,,,
2017-10-13 12:00:00.000039936,41.152,27.78,30.185144,138.90001,7.5985095e-05,26.691986,25.0,131.05957,,,
2017-10-13 15:00:00.000039936,41.152,27.78,30.669842,141.215,7.66189e-05,,,,,,
2017-10-13 18:00:00.000039936,41.152,27.78,31.152437,143.53,7.728449e-05,,,,,,
2017-10-13 21:00:00.000039936,42.1808,27.78,29.886206,143.53,7.789656e-05,,,,,,
2017-10-14 00:00:00.000039936,43.724,27.78,28.103527,143.53,7.85754e-05,,,,,,
2017-10-14 03:00:00.000039936,46.296,27.78,26.16976,148.16,7.9399484e-05,,,,,,
2017-10-14 06:00:00.000039936,48.868,27.78,24.350391,152.79,8.028322e-05,,,,,,
