Time,Vmax,Rmax,rmx_ck22,R34,fcor,vmx_obs,rmx_obs,r34_obs,vmx_sar,rmx_sar,r34_sar
2020-09-14 00:00:00.000039936,18.004,74.08,44.75339,74.08,3.2559245e-05,,,,,,
2020-09-14 03:00:00.000039936,18.004,74.08,44.7552,74.08,3.2615044e-05,,,,,,
2020-09-14 06:00:00.000039936,18.004,74.08,44.75339,74.08,3.2559245e-05,,,,,,
2020-09-14 09:00:00.000039936,18.004,74.08,50.49436,83.34,3.2559226e-05,,,,,,
2020-09-14 12:00:00.000039936,18.004,74.08,48.577366,80.253334,3.2559245e-05,15.70867,62.5,,,,
2020-09-14 15:00:00.000039936,19.0328,83.34,56.5793,98.77334,3.253988e-05,,,,,,
2020-09-14 18:00:00.000039936,20.576,92.6,61.962654,117.293335,3.2559245e-05,,,,,,
2020-09-14 21:00:00.000039936,21.604801,83.34,65.053215,129.64,3.2608445e-05,,,,,,
2020-09-15 00:00:00.000039936,23.148,74.08,66.04028,141.98666,3.280731e-05,15.39811,62.5,,,,
2020-09-15 03:00:00.000039936,24.1768,55.56,68.48231,154.33333,3.324693e-05,,,,,,
2020-09-15 06:00:00.000039936,25.720001,37.04,54.952606,134.27,3.3798577e-05,,,,,,
2020-09-15 09:00:00.000039936,26.7488,37.04,62.820396,159.735,3.429375e-05,,,,,,
2020-09-15 12:00:00.000039936,28.292,37.04,68.36606,185.2,3.47882e-05,,,,,,
2020-09-15 15:00:00.000039936,28.292,37.04,70.20923,189.83,3.526354e-05,,,,,,
2020-09-15 18:00:00.000039936,28.292,37.04,72.06275,194.46,3.577612e-05,,,,,,
2020-09-15 21:00:00.000039936,30.864,37.04,63.47278,192.145,3.633698e-05,,,,,,
2020-09-16 00:00:00.000039936,33.436,37.04,56.190502,189.83,3.700857e-05,23.089254,50.0,193.15842,,,
2020-09-16 03:00:00.000039936,37.0368,37.04,48.55754,189.83,3.7832568e-05,,,,,,
2020-09-16 06:00:00.000039936,41.152,37.04,41.44265,189.83,3.872924e-05,,,,,,
2020-09-16 09:00:00.000039936,42.1808,37.04,41.795647,199.09,3.958717e-05,,,,29.845423,45.0,183.0
2020-09-16 12:00:00.000039936,43.724,37.04,41.2412,208.34999,4.0444127e-05,30.540888,12.5,200.98238,,,
2020-09-16 15:00:00.000039936,43.724,37.04,44.764217,226.87,4.131761e-05,,,,,,
2020-09-16 18:00:00.000039936,43.724,37.04,48.239307,245.39001,4.2152973e-05,,,,,,
2020-09-16 21:00:00.000039936,43.724,37.04,49.939266,254.65,4.288318e-05,36.574512,42.61219,181.14896,,,
2020-09-17 00:00:00.000039936,43.724,37.04,51.620148,263.91,4.3612705e-05,33.78522,50.0,207.91168,,,
2020-09-17 03:00:00.000039936,44.7528,37.04,49.517223,263.91,4.4425535e-05,,,,,,
2020-09-17 06:00:00.000039936,46.296,37.04,46.55409,263.91,4.5309676e-05,,,,,,
2020-09-17 09:00:00.000039936,48.868,37.04,42.737865,268.54,4.6257806e-05,,,,,,
2020-09-17 12:00:00.000039936,51.440002,37.04,39.221996,273.16998,4.7240763e-05,40.857204,,219.77863,,,
2020-09-17 15:00:00.000039936,55.040802,37.04,34.849808,280.115,4.8221e-05,37.638298,,210.05783,,,
2020-09-17 18:00:00.000039936,59.156002,37.04,30.355007,287.06,4.916265e-05,,,,,,
