Time,Vmax,Rmax,rmx_ck22,R34,fcor,vmx_obs,rmx_obs,r34_obs,vmx_sar,rmx_sar,r34_sar
2015-05-28 09:00:00.000039936,18.004,111.12,23.920094,40.126667,2.7697115e-05,,,,,,
2015-05-28 12:00:00.000039936,20.576,92.6,41.68322,80.253334,2.807779e-05,,,,,,
2015-05-28 15:00:00.000039936,23.148,74.08,45.044266,98.77334,2.8471111e-05,,,,,,
2015-05-28 18:00:00.000039936,25.720001,55.56,41.00363,101.86,2.882674e-05,22.325056,37.5,93.01421,,,
2015-05-28 21:00:00.000039936,28.292,46.3,37.316525,104.175,2.9075893e-05,,,,,,
2015-05-29 00:00:00.000039936,30.864,37.04,34.183746,106.490005,2.9325609e-05,,,,,,
2015-05-29 03:00:00.000039936,30.864,46.3,35.724236,111.119995,2.9680776e-05,,,,,,
2015-05-29 06:00:00.000039936,30.864,55.56,37.270958,115.75,3.0073232e-05,22.84479,37.5,110.048546,,,
2015-05-29 09:00:00.000039936,30.864,50.004,37.284042,115.75,3.04279e-05,,,,,,
2015-05-29 12:00:00.000039936,30.864,46.3,37.29829,115.75,3.0820032e-05,,,,,,
2015-05-29 15:00:00.000039936,31.8928,40.744,38.699883,125.01,3.1261487e-05,31.084444,12.828214,164.81544,,,
2015-05-29 18:00:00.000039936,33.436,37.04,39.135612,134.27,3.1814445e-05,,,,,,
2015-05-29 21:00:00.000039936,36.008,37.04,35.394783,134.27,3.2559197e-05,,,,,,
2015-05-30 00:00:00.000039936,38.58,37.04,32.145046,134.27,3.330315e-05,34.899643,19.981966,132.10986,,,
2015-05-30 03:00:00.000039936,39.6088,37.04,31.503656,136.585,3.381705e-05,,,,,,
2015-05-30 06:00:00.000039936,41.152,37.04,30.31531,138.90001,3.4293596e-05,,,,,,
2015-05-30 09:00:00.000039936,42.1808,37.04,32.155636,152.79,3.4893248e-05,,,,,,
2015-05-30 12:00:00.000039936,43.724,37.04,33.197895,166.68001,3.5529305e-05,,,,,,
2015-05-30 15:00:00.000039936,46.296,37.04,32.821808,180.57,3.6164547e-05,,,,,,
2015-05-30 18:00:00.000039936,48.868,37.04,32.25735,194.45999,3.67623e-05,33.394783,25.0,200.74051,,,
2015-05-30 21:00:00.000039936,49.8968,37.04,31.129179,194.45999,3.731008e-05,,,,,,
2015-05-31 00:00:00.000039936,51.440002,37.04,29.540762,194.45999,3.7746686e-05,,,,,,
2015-05-31 03:00:00.000039936,51.440002,37.04,29.853668,196.77501,3.8047583e-05,,,,,,
2015-05-31 06:00:00.000039936,51.440002,37.04,30.171038,199.09001,3.8238195e-05,38.557755,,179.9567,,,
2015-05-31 09:00:00.000039936,51.440002,37.04,29.507715,194.46,3.8397855e-05,,,,,,
2015-05-31 12:00:00.000039936,51.440002,37.04,28.846212,189.83,3.8483773e-05,,,,,,
2015-05-31 15:00:00.000039936,54.012,37.04,26.511171,189.83,3.850221e-05,42.72099,27.911451,173.1596,,,
2015-05-31 18:00:00.000039936,56.584,37.04,24.41738,189.83,3.8483773e-05,35.774544,,167.76318,,,
2015-05-31 21:00:00.000039936,59.156002,37.04,22.532215,189.83,3.8465158e-05,,,,,,
2015-06-01 00:00:00.000039936,61.728,37.04,20.82679,189.83,3.8483773e-05,,,,,,
