Time,Vmax,Rmax,rmx_ck22,R34,fcor,vmx_obs,rmx_obs,r34_obs,vmx_sar,rmx_sar,r34_sar
2015-06-11 12:00:00.000039936,18.004,74.08,48.651295,80.253334,3.454095e-05,,,,,,
2015-06-11 15:00:00.000039936,20.576,59.264,48.627903,92.600006,3.5090892e-05,20.347984,50.0,78.1834,,,
2015-06-11 18:00:00.000039936,23.148,46.3,44.65864,97.229996,3.5529305e-05,20.205967,50.0,94.39886,,,
2015-06-11 21:00:00.000039936,24.1768,46.3,43.480137,99.545,3.5955003e-05,,,,,,
2015-06-12 00:00:00.000039936,25.720001,46.3,41.336033,101.86,3.626943e-05,,,,,,
2015-06-12 03:00:00.000039936,25.720001,46.3,41.343094,101.86,3.642965e-05,,,,,,
2015-06-12 06:00:00.000039936,25.720001,46.3,41.346767,101.86,3.651592e-05,,,,,,
2015-06-12 09:00:00.000039936,25.720001,46.3,41.35296,101.86,3.665756e-05,,,,,,
2015-06-12 12:00:00.000039936,25.720001,46.3,41.357483,101.86,3.67623e-05,,,,,,
2015-06-12 15:00:00.000039936,25.720001,46.3,41.35752,101.86,3.6762343e-05,,,,,,
2015-06-12 18:00:00.000039936,25.720001,46.3,41.357483,101.86,3.67623e-05,,,,,,
2015-06-12 21:00:00.000039936,25.720001,40.744,41.361294,101.86,3.6848538e-05,,,,,,
2015-06-13 00:00:00.000039936,25.720001,37.04,41.368267,101.86,3.700857e-05,,,,,,
2015-06-13 03:00:00.000039936,28.292,37.04,37.626194,104.174995,3.7254686e-05,29.5913,37.5,112.568855,,,
2015-06-13 06:00:00.000039936,30.864,37.04,34.435455,106.49,3.7500762e-05,,,,,,
2015-06-13 09:00:00.000039936,31.8928,37.04,34.47122,111.12,3.7642178e-05,,,,,,
2015-06-13 12:00:00.000039936,33.436,37.04,33.75879,115.75,3.7746686e-05,,,,,,
2015-06-13 15:00:00.000039936,36.008,37.04,31.761047,120.380005,3.7851172e-05,,,,,,
2015-06-13 18:00:00.000039936,38.58,37.04,29.951942,125.009995,3.7992504e-05,,,,,,
2015-06-13 21:00:00.000039936,38.58,37.04,29.954208,125.009995,3.820136e-05,,,,,,
2015-06-14 00:00:00.000039936,38.58,37.04,29.957033,125.009995,3.8483773e-05,,,,,,
2015-06-14 03:00:00.000039936,37.0368,37.04,31.149935,122.69499,3.8815102e-05,,,,,,
2015-06-14 06:00:00.000039936,36.008,37.04,31.785145,120.38,3.9219805e-05,,,,,,
2015-06-14 09:00:00.000039936,34.4648,31.484,31.77825,113.435,3.9691462e-05,,,,,,
2015-06-14 12:00:00.000039936,33.436,27.78,31.04039,106.49,4.0199502e-05,33.054573,13.661163,70.62066,,,
2015-06-14 15:00:00.000039936,33.436,27.78,28.281322,97.229996,4.072527e-05,,,,,,
2015-06-14 18:00:00.000039936,33.436,27.78,25.529161,87.97,4.1177245e-05,23.965258,25.0,58.891075,,,
2015-06-14 21:00:00.000039936,31.8928,27.78,24.24381,78.71,4.147626e-05,,,,,,
2015-06-15 00:00:00.000039936,30.864,27.78,22.248627,69.45,4.1665367e-05,,,,,,
2015-06-15 03:00:00.000039936,30.864,27.78,21.490286,67.135,4.1805535e-05,32.34027,12.5,45.70721,,,
2015-06-15 06:00:00.000039936,30.864,27.78,20.73241,64.82,4.1909232e-05,31.4449,12.5,46.910736,,,
2015-06-15 09:00:00.000039936,30.864,22.223999,19.975733,62.504997,4.203098e-05,,,,,,
2015-06-15 12:00:00.000039936,30.864,18.52,19.22,60.19,4.2152973e-05,,,,,,
2015-06-15 15:00:00.000039936,31.8928,18.52,16.981726,55.56,4.227491e-05,22.08028,12.5,32.144966,,,
2015-06-15 18:00:00.000039936,33.436,18.52,14.619586,50.93,4.239659e-05,23.946146,12.5,33.088196,,,
2015-06-15 21:00:00.000039936,33.436,18.52,14.620245,50.93,4.2499913e-05,,,,,,
2015-06-16 00:00:00.000039936,33.436,18.52,14.621075,50.93,4.2640077e-05,,,,,,
2015-06-16 03:00:00.000039936,34.4648,18.52,14.703802,53.245,4.286514e-05,,,,,,
2015-06-16 06:00:00.000039936,36.008,18.52,14.488992,55.56,4.3126656e-05,,,,,,
2015-06-16 09:00:00.000039936,37.0368,18.52,15.1320095,60.19,4.3351523e-05,,,,,,
2015-06-16 12:00:00.000039936,38.58,18.52,15.429476,64.82,4.3612705e-05,,,,,,
