Time,Vmax,Rmax,rmx_ck22,R34,fcor,vmx_obs,rmx_obs,r34_obs,vmx_sar,rmx_sar,r34_sar
2010-06-19 12:00:00.000039936,18.004,37.04,44.745335,74.08,3.231108e-05,,,,,,
2010-06-19 15:00:00.000039936,19.0328,37.04,42.067177,74.08,3.195715e-05,,,,,,
2010-06-19 18:00:00.000039936,20.576,37.04,38.514175,74.08,3.156599e-05,,,,,,
2010-06-19 21:00:00.000039936,23.148,27.78,34.449947,75.932,3.117438e-05,,,,,,
2010-06-20 00:00:00.000039936,25.720001,18.52,32.457657,81.024994,3.0820032e-05,,,,,,
2010-06-20 03:00:00.000039936,26.7488,18.52,32.023514,83.80299,3.055255e-05,,,,,,
2010-06-20 06:00:00.000039936,28.292,18.52,31.396187,87.96999,3.0322259e-05,,,,,,
2010-06-20 09:00:00.000039936,29.3208,18.52,31.148664,91.211,3.007309e-05,,,,,,
2010-06-20 12:00:00.000039936,30.864,18.52,30.389439,94.915,2.9824112e-05,29.913885,24.496008,82.85499,,,
2010-06-20 15:00:00.000039936,31.8928,18.52,30.725983,100.008,2.9556137e-05,,,,,,
2010-06-20 18:00:00.000039936,33.436,18.52,30.794155,106.490005,2.9325609e-05,26.351158,12.5,92.34323,,,
2010-06-20 21:00:00.000039936,33.436,18.52,30.790241,106.490005,2.9163377e-05,,,,,,
2010-06-21 00:00:00.000039936,33.436,18.52,30.788229,106.490005,2.9076216e-05,32.551525,11.930787,82.61634,,,
2010-06-21 03:00:00.000039936,33.436,18.52,31.061583,107.416,2.9057474e-05,22.808325,37.5,78.511246,,,
2010-06-21 06:00:00.000039936,33.436,18.52,31.472963,108.805,2.9076216e-05,,,,,,
2010-06-21 09:00:00.000039936,34.4648,18.52,30.493534,109.731,2.9057337e-05,,,,,,
2010-06-21 12:00:00.000039936,36.008,18.52,29.120085,111.12,2.9076216e-05,,,,,,
2010-06-21 15:00:00.000039936,37.0368,18.52,30.044376,118.991,2.9200864e-05,,,,,,
2010-06-21 18:00:00.000039936,38.58,18.52,30.41095,127.325,2.9325609e-05,,,,,,
2010-06-21 21:00:00.000039936,39.6088,18.52,30.489975,132.418,2.934417e-05,,,,,,
2010-06-22 00:00:00.000039936,41.152,18.52,30.292261,138.9,2.9325609e-05,,,,,,
2010-06-22 03:00:00.000039936,42.1808,18.52,29.227371,138.9,2.9325467e-05,,,,,,
2010-06-22 06:00:00.000039936,43.724,18.52,27.72783,138.9,2.9325609e-05,,,,,,
2010-06-22 09:00:00.000039936,43.724,18.52,27.727867,138.9,2.9306771e-05,,,,,,
2010-06-22 12:00:00.000039936,43.724,18.52,27.72783,138.9,2.9325609e-05,29.518711,32.64622,108.726685,,,
2010-06-22 15:00:00.000039936,43.724,18.52,28.18828,141.215,2.9450128e-05,,,,,,
2010-06-22 18:00:00.000039936,43.724,18.52,28.648657,143.53,2.9574905e-05,,,,,,
2010-06-22 21:00:00.000039936,42.1808,18.52,30.204048,143.53,2.9574683e-05,,,,,,
2010-06-23 00:00:00.000039936,41.152,18.52,31.30884,143.53,2.9574905e-05,34.419025,27.404032,122.93151,,,
2010-06-23 03:00:00.000039936,39.6088,18.52,33.07895,143.53,2.9661955e-05,,,,,,
2010-06-23 06:00:00.000039936,38.58,18.52,34.342266,143.53,2.9824112e-05,33.980675,12.5,127.97345,,,
2010-06-23 09:00:00.000039936,41.152,18.52,33.03701,151.401,3.0073004e-05,,,,,,
2010-06-23 12:00:00.000039936,43.724,18.52,31.8649,159.73499,3.0322259e-05,,,,,,
2010-06-23 15:00:00.000039936,46.296,18.52,30.877886,168.995,3.046513e-05,,,,,,
2010-06-23 18:00:00.000039936,48.868,18.52,29.877823,178.255,3.0571195e-05,32.450104,37.5,151.10904,,,
2010-06-23 21:00:00.000039936,47.3248,18.52,31.432266,178.255,3.0695533e-05,,,,,,
2010-06-24 00:00:00.000039936,46.296,18.52,32.530933,178.255,3.0820032e-05,,,,,,
2010-06-24 03:00:00.000039936,46.296,18.52,32.528046,178.255,3.0962572e-05,30.180065,25.0,134.638,,,
2010-06-24 06:00:00.000039936,46.296,18.52,32.525925,178.255,3.1068776e-05,,,,,,
2010-06-24 09:00:00.000039936,48.868,18.52,30.013567,179.181,3.1050153e-05,,,,,,
2010-06-24 12:00:00.000039936,51.440002,18.52,27.829147,180.56999,3.1068776e-05,,,,,,
2010-06-24 15:00:00.000039936,55.040802,18.52,24.082714,174.551,3.12423e-05,,,,,,
2010-06-24 18:00:00.000039936,59.156002,18.52,20.652739,168.995,3.156599e-05,33.809944,37.5,131.57394,,,
