Time,Vmax,Rmax,rmx_ck22,R34,fcor,vmx_obs,rmx_obs,r34_obs,vmx_sar,rmx_sar,r34_sar
2016-07-12 12:00:00.000039936,18.004,111.12,33.501698,55.56,3.995476e-05,,,,,,
2016-07-12 15:00:00.000039936,20.576,68.524,33.787838,64.82,3.9642382e-05,,,,,,
2016-07-12 18:00:00.000039936,23.148,27.78,29.468708,64.82,3.9219805e-05,21.956171,37.5,77.46962,,,
2016-07-12 21:00:00.000039936,25.720001,27.78,27.885519,69.45,3.893745e-05,,,,,,
2016-07-13 00:00:00.000039936,28.292,27.78,26.493433,74.08,3.872924e-05,25.618397,27.065706,78.1963,,,
2016-07-13 03:00:00.000039936,29.3208,27.78,28.589895,83.34,3.8569484e-05,,,,,,
2016-07-13 06:00:00.000039936,30.864,27.78,29.837645,92.600006,3.8483773e-05,,,,,,
2016-07-13 09:00:00.000039936,30.864,27.78,32.917633,101.86,3.844661e-05,,,,,,
2016-07-13 12:00:00.000039936,30.864,27.78,36.01436,111.119995,3.8483773e-05,,,,,,
2016-07-13 15:00:00.000039936,31.8928,31.484,37.469673,120.38,3.8587827e-05,,,,,,
2016-07-13 18:00:00.000039936,33.436,37.04,37.963055,129.64,3.872924e-05,,,,,,
2016-07-13 21:00:00.000039936,34.4648,31.484,36.42532,129.64,3.885158e-05,,,,,,
2016-07-14 00:00:00.000039936,36.008,27.78,34.280693,129.64,3.897458e-05,,,,,,
2016-07-14 03:00:00.000039936,36.008,27.78,34.90886,131.955,3.90971e-05,,,,,,
2016-07-14 06:00:00.000039936,36.008,27.78,35.537426,134.26999,3.9219805e-05,,,,,,
2016-07-14 09:00:00.000039936,36.008,27.78,35.539867,134.26999,3.9341754e-05,,,,,,
2016-07-14 12:00:00.000039936,36.008,27.78,35.542404,134.26999,3.9464914e-05,,,,,,
2016-07-14 15:00:00.000039936,37.0368,31.484,36.558743,143.53,3.958731e-05,28.751165,38.22984,123.29253,,,
2016-07-14 18:00:00.000039936,38.58,37.04,36.722206,152.79,3.9709896e-05,,,,,,
2016-07-14 21:00:00.000039936,39.6088,37.04,35.327213,152.79,3.9832117e-05,,,,,,
2016-07-15 00:00:00.000039936,41.152,37.04,33.367805,152.79,3.995476e-05,,,,,,
2016-07-15 03:00:00.000039936,42.1808,37.04,32.628292,155.105,4.0040068e-05,,,,,,
2016-07-15 06:00:00.000039936,43.724,37.04,31.329334,157.42,4.0199502e-05,28.376919,12.5,144.66293,,,
2016-07-15 09:00:00.000039936,44.7528,37.04,30.208752,157.42,4.0511088e-05,,,,,,
2016-07-15 12:00:00.000039936,46.296,37.04,28.624119,157.42,4.093299e-05,,,,,,
2016-07-15 15:00:00.000039936,46.296,37.04,28.615314,157.42,4.1402873e-05,35.522022,28.166021,117.89866,,,
2016-07-15 18:00:00.000039936,46.296,37.04,28.605774,157.42,4.1909232e-05,31.237745,37.5,135.53676,,,
2016-07-15 21:00:00.000039936,46.296,37.04,28.596302,157.42,4.2414667e-05,,,,,,
2016-07-16 00:00:00.000039936,46.296,37.04,28.587307,157.42,4.288343e-05,,,,,,
2016-07-16 03:00:00.000039936,47.3248,37.04,26.79795,152.79,4.3266253e-05,37.767757,24.644238,114.434975,,,
2016-07-16 06:00:00.000039936,48.868,37.04,24.685125,148.16,4.3612705e-05,31.602726,37.5,156.24866,,,
2016-07-16 09:00:00.000039936,49.8968,37.04,23.845081,148.16,4.3994794e-05,,,,,,
2016-07-16 12:00:00.000039936,51.440002,37.04,22.65679,148.16,4.4340795e-05,,,,,,
