Time,Vmax,Rmax,rmx_ck22,R34,fcor,vmx_obs,rmx_obs,r34_obs,vmx_sar,rmx_sar,r34_sar
2018-08-01 00:00:00.000039936,18.004,64.82,37.151905,61.733334,3.280731e-05,,,,,,
2018-08-01 03:00:00.000039936,18.004,64.82,37.160854,61.733334,3.3197517e-05,,,,,,
2018-08-01 06:00:00.000039936,18.004,64.82,37.168987,61.733334,3.3550914e-05,,,,,,
2018-08-01 09:00:00.000039936,19.0328,59.264,34.951214,61.733334,3.3816792e-05,,,,,,
2018-08-01 12:00:00.000039936,20.576,55.56,32.008175,61.733334,3.404614e-05,,,,,,
2018-08-01 15:00:00.000039936,21.604801,46.3,30.26776,61.733334,3.4293353e-05,,,,,,
2018-08-01 18:00:00.000039936,23.148,37.04,25.072817,55.559998,3.454095e-05,16.369703,12.5,,,,
2018-08-01 21:00:00.000039936,24.1768,37.04,26.872467,62.504997,3.478783e-05,,,,,,
2018-08-02 00:00:00.000039936,25.720001,37.04,27.800747,69.45,3.5035337e-05,,,,,,
2018-08-02 03:00:00.000039936,28.292,27.78,25.577118,71.765,3.5300713e-05,,,,,,
2018-08-02 06:00:00.000039936,30.864,18.52,23.675924,74.08,3.5529305e-05,24.966599,12.5,73.779755,,,
2018-08-02 09:00:00.000039936,34.4648,18.52,22.4715,81.025,3.5689303e-05,,,,,,
2018-08-02 12:00:00.000039936,38.58,18.52,20.96646,87.97,3.577612e-05,,,,,,
2018-08-02 15:00:00.000039936,42.1808,18.52,18.496307,87.97,3.581303e-05,,,,,,
2018-08-02 18:00:00.000039936,46.296,18.52,16.161774,87.97,3.577612e-05,32.530777,12.5,81.674675,,,
2018-08-02 21:00:00.000039936,46.296,18.52,16.584625,90.284996,3.5652287e-05,,,,,,
2018-08-03 00:00:00.000039936,46.296,18.52,17.007223,92.6,3.5529305e-05,,,,,,
2018-08-03 03:00:00.000039936,44.7528,18.52,17.876059,92.6,3.5510602e-05,,,,,,
2018-08-03 06:00:00.000039936,43.724,18.52,18.491066,92.6,3.5529305e-05,,,,,,
2018-08-03 09:00:00.000039936,42.1808,18.52,19.472857,92.6,3.552893e-05,,,,,,
2018-08-03 12:00:00.000039936,41.152,18.52,20.169964,92.6,3.5529305e-05,,,,,,
2018-08-03 15:00:00.000039936,43.724,18.52,18.491156,92.6,3.5510533e-05,,,,33.001564,16.0,63.0
2018-08-03 18:00:00.000039936,46.296,18.52,17.007223,92.6,3.5529305e-05,,,,,,
2018-08-03 21:00:00.000039936,48.868,18.52,16.46016,97.229996,3.5652472e-05,,,,,,
2018-08-04 00:00:00.000039936,51.440002,18.52,15.924173,101.86,3.577612e-05,,,,,,
2018-08-04 03:00:00.000039936,52.4688,18.52,16.121792,106.49,3.579448e-05,,,,,,
2018-08-04 06:00:00.000039936,54.012,18.52,16.045843,111.12,3.577612e-05,,,,,,
2018-08-04 09:00:00.000039936,54.012,18.52,16.689215,115.75,3.5775804e-05,,,,,,
2018-08-04 12:00:00.000039936,54.012,18.52,17.33049,120.380005,3.577612e-05,,,,,,
2018-08-04 15:00:00.000039936,55.040802,18.52,17.426756,125.01001,3.57573e-05,44.31331,16.81977,98.164856,,,
2018-08-04 18:00:00.000039936,56.584,18.52,17.236416,129.64,3.577612e-05,,,,,,
2018-08-04 21:00:00.000039936,56.584,18.52,17.814093,134.26999,3.5899222e-05,,,,,,
2018-08-05 00:00:00.000039936,56.584,18.52,18.388496,138.9,3.6022833e-05,,,,,,
2018-08-05 03:00:00.000039936,56.584,18.52,18.38795,138.9,3.6041143e-05,,,,,,
2018-08-05 06:00:00.000039936,56.584,18.52,18.388496,138.9,3.6022833e-05,30.59337,37.5,95.84465,,,
2018-08-05 09:00:00.000039936,56.584,18.52,18.388466,138.9,3.6022524e-05,,,,,,
2018-08-05 12:00:00.000039936,56.584,18.52,18.388496,138.9,3.6022833e-05,,,,,,
2018-08-05 15:00:00.000039936,57.6128,18.52,17.83995,138.9,3.598539e-05,45.56814,19.160965,104.51288,54.211407,16.0,88.0
2018-08-05 18:00:00.000039936,59.156002,18.52,17.054693,138.9,3.6022833e-05,39.2608,,104.265434,,,
2018-08-05 21:00:00.000039936,60.1848,18.52,16.549913,138.9,3.6232068e-05,,,,,,
2018-08-06 00:00:00.000039936,61.728,18.52,15.828496,138.9,3.651592e-05,,,,,,
2018-08-06 03:00:00.000039936,62.7568,18.52,15.133188,136.58499,3.676185e-05,,,,,,
2018-08-06 06:00:00.000039936,64.3,18.52,14.265284,134.26999,3.700857e-05,45.299934,,102.63677,,,
2018-08-06 09:00:00.000039936,65.328804,22.223999,13.729264,132.881,3.725468e-05,,,,,,
2018-08-06 12:00:00.000039936,66.872,27.78,13.07449,131.955,3.7500762e-05,,,,,,
