Time,Vmax,Rmax,rmx_ck22,R34,fcor,vmx_obs,rmx_obs,r34_obs,vmx_sar,rmx_sar,r34_sar
2014-08-13 12:00:00.000039936,18.004,55.56,33.555405,55.56,4.288343e-05,,,,,,
2014-08-13 15:00:00.000039936,19.0328,40.744,31.558392,55.56,4.304145e-05,,,,,,
2014-08-13 18:00:00.000039936,20.576,27.78,26.435564,50.93,4.3126656e-05,21.00718,12.5,62.050755,,,
2014-08-13 21:00:00.000039936,21.604801,27.78,24.99487,50.93,4.316258e-05,,,,,,
2014-08-14 00:00:00.000039936,23.148,27.78,23.06011,50.93,4.3126656e-05,,,,,,
2014-08-14 03:00:00.000039936,24.1768,27.78,26.002895,60.190002,4.3022625e-05,,,,24.42302,23.0,67.0
2014-08-14 06:00:00.000039936,25.720001,27.78,27.96987,69.45,4.288343e-05,,,,,,
2014-08-14 09:00:00.000039936,28.292,22.223999,25.716871,71.765,4.2743162e-05,,,,,,
2014-08-14 12:00:00.000039936,30.864,18.52,23.787458,74.08,4.2640077e-05,,,,,,
2014-08-14 15:00:00.000039936,31.8928,18.52,22.797792,74.08,4.262146e-05,,,,,,
2014-08-14 18:00:00.000039936,33.436,18.52,21.42763,74.08,4.2640077e-05,,,,,,
2014-08-14 21:00:00.000039936,31.8928,18.52,22.797827,74.08,4.262173e-05,,,,,,
2014-08-15 00:00:00.000039936,30.864,18.52,23.787458,74.08,4.2640077e-05,,,,,,
2014-08-15 03:00:00.000039936,29.3208,18.52,25.401415,74.08,4.272464e-05,26.424616,28.404922,84.34855,,,
2014-08-15 06:00:00.000039936,28.292,18.52,26.575262,74.08,4.288343e-05,,,,,,
2014-08-15 09:00:00.000039936,26.7488,27.78,30.344658,78.71,4.310838e-05,,,,,,
2014-08-15 12:00:00.000039936,25.720001,37.04,33.792355,83.34,4.3369746e-05,,,,,,
2014-08-15 15:00:00.000039936,24.1768,37.04,36.423595,83.34,4.3612334e-05,,,,,,
2014-08-15 18:00:00.000039936,23.148,37.04,38.36186,83.34,4.385554e-05,,,,,,
2014-08-15 21:00:00.000039936,21.604801,46.3,41.579987,83.34,4.4079658e-05,,,,,,
2014-08-16 00:00:00.000039936,20.576,55.56,43.97023,83.34,4.4340795e-05,,,,,,
2014-08-16 03:00:00.000039936,20.576,55.56,54.20716,101.86,4.474055e-05,,,,,,
2014-08-16 06:00:00.000039936,20.576,55.56,59.390472,111.12,4.506766e-05,15.073722,62.5,,,,
2014-08-16 09:00:00.000039936,20.576,55.56,59.394917,111.12,4.513982e-05,,,,,,
2014-08-16 12:00:00.000039936,20.576,55.56,59.390472,111.12,4.506766e-05,,,,,,
2014-08-16 15:00:00.000039936,20.576,74.08,59.382942,111.12,4.4946522e-05,,,,,,
2014-08-16 18:00:00.000039936,20.576,92.6,59.37538,111.12,4.4825505e-05,,,,,,
2014-08-16 21:00:00.000039936,20.576,92.6,59.373108,111.12,4.4788718e-05,,,,,,
2014-08-17 00:00:00.000039936,20.576,92.6,59.37538,111.12,4.4825505e-05,,,,,,
2014-08-17 03:00:00.000039936,20.576,92.6,64.580505,120.38,4.4945984e-05,,,,,,
2014-08-17 06:00:00.000039936,20.576,92.6,69.819626,129.64,4.506766e-05,,,,,,
2014-08-17 09:00:00.000039936,20.576,92.6,69.824005,129.64,4.512199e-05,,,,,,
2014-08-17 12:00:00.000039936,20.576,92.6,69.819626,129.64,4.506766e-05,,,,,,
2014-08-17 15:00:00.000039936,20.576,92.6,69.80308,129.64,4.4861707e-05,,,,,,
2014-08-17 18:00:00.000039936,20.576,92.6,69.78064,129.64,4.458322e-05,15.00092,62.5,,,,
2014-08-17 21:00:00.000039936,19.0328,83.34,75.994835,129.64,4.4358374e-05,,,,,,
2014-08-18 00:00:00.000039936,18.004,74.08,80.59601,129.64,4.409823e-05,,,,,,
2014-08-18 03:00:00.000039936,18.004,74.08,80.569626,129.64,4.3770393e-05,,,,,,
2014-08-18 06:00:00.000039936,18.004,74.08,80.53733,129.64,4.3369746e-05,,,,,,
2014-08-18 09:00:00.000039936,19.0328,74.08,75.877846,129.64,4.2938016e-05,,,,,,
2014-08-18 12:00:00.000039936,20.576,74.08,69.60268,129.64,4.239659e-05,,,,,,
2014-08-18 15:00:00.000039936,21.604801,74.08,65.80476,129.64,4.166525e-05,,,,,,
2014-08-18 18:00:00.000039936,23.148,74.08,42.68601,92.6,4.093299e-05,,,,,,
2014-08-18 21:00:00.000039936,24.1768,64.82,43.682404,99.545,4.0370396e-05,,,,,,
2014-08-19 00:00:00.000039936,25.720001,55.56,43.461617,106.490005,3.995476e-05,,,,,,
2014-08-19 03:00:00.000039936,25.720001,55.56,44.43196,108.80501,3.963652e-05,,,,,,
2014-08-19 06:00:00.000039936,25.720001,55.56,45.409924,111.12001,3.9464914e-05,,,,,,
2014-08-19 09:00:00.000039936,24.1768,55.56,45.75619,104.175,3.9428018e-05,,,,,,
2014-08-19 12:00:00.000039936,23.148,55.56,44.842506,97.23,3.9464914e-05,,,,,,
2014-08-19 15:00:00.000039936,23.148,46.3,44.841732,97.23,3.9446462e-05,,,,,,
2014-08-19 18:00:00.000039936,23.148,37.04,44.842506,97.23,3.9464914e-05,17.835205,62.5,73.43827,,,
2014-08-19 21:00:00.000039936,23.148,37.04,44.84734,97.23,3.9568833e-05,,,,,,
2014-08-20 00:00:00.000039936,23.148,37.04,44.853832,97.229996,3.9709896e-05,,,,,,
2014-08-20 03:00:00.000039936,23.148,46.3,42.64039,92.59999,3.9850816e-05,,,,,,
2014-08-20 06:00:00.000039936,23.148,55.56,40.431896,87.97,3.995476e-05,23.421808,50.0,100.42944,,,
2014-08-20 09:00:00.000039936,24.1768,50.004,38.39906,87.97,3.999153e-05,,,,,,
2014-08-20 12:00:00.000039936,25.720001,46.3,35.632538,87.97,3.995476e-05,,,,,,
2014-08-20 15:00:00.000039936,25.720001,46.3,35.62969,87.97,3.9868894e-05,24.366325,33.87082,92.59116,,,
2014-08-20 18:00:00.000039936,25.720001,46.3,35.62441,87.97,3.9709896e-05,,,,,,
2014-08-20 21:00:00.000039936,25.720001,40.744,35.6176,87.97,3.950168e-05,,,,,,
2014-08-21 00:00:00.000039936,25.720001,37.04,35.608253,87.97,3.9219805e-05,,,,,,
2014-08-21 03:00:00.000039936,25.720001,37.04,35.59673,87.97,3.8870312e-05,23.932934,34.064804,91.55905,,,
2014-08-21 06:00:00.000039936,25.720001,37.04,35.583958,87.97,3.8483773e-05,,,,,,
2014-08-21 09:00:00.000039936,25.720001,37.04,35.571053,87.97,3.809693e-05,,,,,,
2014-08-21 12:00:00.000039936,25.720001,37.04,35.559383,87.97,3.7746686e-05,,,,,,
2014-08-21 15:00:00.000039936,26.7488,37.04,33.880493,87.97,3.7463826e-05,,,,,,
2014-08-21 18:00:00.000039936,28.292,37.04,31.58953,87.97,3.7254722e-05,22.548471,37.5,80.0211,,,
2014-08-21 21:00:00.000039936,28.292,37.04,32.443604,90.285,3.709472e-05,,,,,,
2014-08-22 00:00:00.000039936,28.292,37.04,33.30077,92.6,3.700857e-05,,,,,,
2014-08-22 03:00:00.000039936,28.292,37.04,33.299133,92.6,3.6953163e-05,,,,,,
2014-08-22 06:00:00.000039936,28.292,37.04,33.30077,92.6,3.700857e-05,,,,,,
2014-08-22 09:00:00.000039936,29.3208,37.04,31.83398,92.6,3.7162386e-05,,,,,,
2014-08-22 12:00:00.000039936,30.864,37.04,29.814674,92.6,3.7500762e-05,,,,,,
2014-08-22 15:00:00.000039936,31.8928,27.78,30.051533,97.23,3.8041657e-05,,,,,,
2014-08-22 18:00:00.000039936,33.436,18.52,29.625162,101.86,3.872924e-05,,,,,,
2014-08-22 21:00:00.000039936,34.4648,18.52,28.455069,101.86,3.946484e-05,,,,,,
2014-08-23 00:00:00.000039936,36.008,18.52,26.815035,101.86,4.0199502e-05,,,,,,
