Time,Vmax,Rmax,rmx_ck22,R34,fcor,vmx_obs,rmx_obs,r34_obs,vmx_sar,rmx_sar,r34_sar
2015-08-25 18:00:00.000039936,18.004,74.08,33.358795,55.56,3.231108e-05,,,,,,
2015-08-25 21:00:00.000039936,19.0328,74.08,31.346136,55.56,3.1814146e-05,,,,,,
2015-08-26 00:00:00.000039936,20.576,74.08,28.68551,55.56,3.131743e-05,,,,,,
2015-08-26 03:00:00.000039936,21.604801,74.08,30.581533,62.505005,3.103145e-05,,,,,,
2015-08-26 06:00:00.000039936,23.148,74.08,31.424644,69.45,3.0820032e-05,,,,,,
2015-08-26 09:00:00.000039936,24.1768,55.56,29.84011,69.45,3.0571096e-05,,,,,,
2015-08-26 12:00:00.000039936,25.720001,37.04,27.696459,69.45,3.0322259e-05,,,,,,
2015-08-26 15:00:00.000039936,26.7488,37.04,26.398186,69.45,2.9998238e-05,,,,,,
2015-08-26 18:00:00.000039936,28.292,37.04,24.631224,69.45,2.9824112e-05,17.519665,37.5,40.154114,,,
2015-08-26 21:00:00.000039936,30.864,37.04,22.833826,71.765,2.9979701e-05,,,,,,
2015-08-27 00:00:00.000039936,33.436,37.04,21.279633,74.08,3.0322259e-05,,,,,,
2015-08-27 03:00:00.000039936,36.008,31.484,21.754723,83.34,3.0676634e-05,,,,,,
2015-08-27 06:00:00.000039936,38.58,27.78,22.046621,92.6,3.1068776e-05,25.711643,37.5,83.840935,,,
2015-08-27 09:00:00.000039936,39.6088,27.78,23.946098,104.175,3.144144e-05,,,,,,
2015-08-27 12:00:00.000039936,41.152,27.78,25.229296,115.75,3.1814445e-05,,,,,,
2015-08-27 15:00:00.000039936,41.152,27.78,26.246037,120.380005,3.2168125e-05,33.28969,16.654854,101.01384,,,
2015-08-27 18:00:00.000039936,41.152,27.78,27.262978,125.009995,3.2559245e-05,28.64073,37.5,109.76319,,,
2015-08-27 21:00:00.000039936,41.152,27.78,27.265144,125.009995,3.3036344e-05,29.87281,12.5,116.96453,,,
2015-08-28 00:00:00.000039936,41.152,27.78,27.26735,125.009995,3.3550914e-05,,,,,,
2015-08-28 03:00:00.000039936,41.152,31.484,27.269417,125.009995,3.404615e-05,31.929916,19.36212,106.95497,,,
2015-08-28 06:00:00.000039936,41.152,37.04,27.27134,125.009995,3.454095e-05,29.137945,12.5,103.89682,,,
2015-08-28 09:00:00.000039936,41.152,37.04,27.273252,125.009995,3.5034973e-05,,,,,,
2015-08-28 12:00:00.000039936,41.152,37.04,27.275152,125.009995,3.5529305e-05,,,,,,
2015-08-28 15:00:00.000039936,41.152,37.04,27.276886,125.009995,3.6022528e-05,,,,,,
2015-08-28 18:00:00.000039936,41.152,37.04,27.278582,125.009995,3.651592e-05,,,,,,
2015-08-28 21:00:00.000039936,41.152,37.04,28.802507,131.95499,3.702698e-05,,,,,,
2015-08-29 00:00:00.000039936,41.152,37.04,30.325249,138.9,3.7500762e-05,,,,,,
2015-08-29 03:00:00.000039936,41.152,40.744,32.859684,150.475,3.7850994e-05,36.15358,26.151985,115.8453,36.924435,29.0,94.0
2015-08-29 06:00:00.000039936,41.152,46.3,35.390194,162.05,3.8238195e-05,,,,,,
2015-08-29 09:00:00.000039936,46.296,40.744,30.304255,166.68,3.8833492e-05,,,,,,
2015-08-29 12:00:00.000039936,51.440002,37.04,26.154783,171.31,3.9464914e-05,,,,,,
2015-08-29 15:00:00.000039936,56.584,37.04,23.253822,180.57,3.9954557e-05,45.34631,19.313065,118.383606,,,
2015-08-29 18:00:00.000039936,61.728,37.04,20.690084,189.82999,4.0444127e-05,,,,,,
2015-08-29 21:00:00.000039936,61.728,37.04,20.86499,192.14499,4.103686e-05,,,,,,
2015-08-30 00:00:00.000039936,61.728,37.04,21.034163,194.45999,4.1665367e-05,,,,,,
