Time,Vmax,Rmax,rmx_ck22,R34,fcor,vmx_obs,rmx_obs,r34_obs,vmx_sar,rmx_sar,r34_sar
2016-08-25 06:00:00.000039936,18.004,55.56,33.50622,55.56,4.0199502e-05,,,,,,
2016-08-25 09:00:00.000039936,20.576,55.56,31.333176,60.190002,4.07438e-05,,,,,,
2016-08-25 12:00:00.000039936,23.148,55.56,25.183702,55.559998,4.1177245e-05,,,,,,
2016-08-25 15:00:00.000039936,24.1768,46.3,25.974669,60.190002,4.14576e-05,,,,,,
2016-08-25 18:00:00.000039936,25.720001,37.04,26.025503,64.82001,4.1665367e-05,,,,,,
2016-08-25 21:00:00.000039936,25.720001,37.04,27.948753,69.45,4.1890762e-05,,,,,,
2016-08-26 00:00:00.000039936,25.720001,37.04,29.88135,74.08,4.2152973e-05,,,,,,
2016-08-26 03:00:00.000039936,25.720001,55.56,34.740395,85.65501,4.2500058e-05,21.658417,50.0,105.175156,,,
2016-08-26 06:00:00.000039936,25.720001,74.08,39.648575,97.23,4.288343e-05,20.583233,62.5,98.052315,,,
2016-08-26 09:00:00.000039936,26.7488,74.08,37.79089,97.23,4.326623e-05,,,,,,
2016-08-26 12:00:00.000039936,28.292,74.08,35.234898,97.23,4.3612705e-05,,,,,,
2016-08-26 15:00:00.000039936,29.3208,59.264,37.84576,108.805,4.3873522e-05,24.642664,35.00945,96.41732,32.022095,30.0,105.0
2016-08-26 18:00:00.000039936,30.864,46.3,39.321854,120.380005,4.409823e-05,24.339153,37.5,98.64662,,,
2016-08-26 21:00:00.000039936,31.8928,46.3,37.6503,120.380005,4.4377168e-05,,,,,,
2016-08-27 00:00:00.000039936,33.436,46.3,35.3232,120.380005,4.458322e-05,,,,,,
2016-08-27 03:00:00.000039936,36.008,40.744,31.875193,120.380005,4.461925e-05,,,,,,
2016-08-27 06:00:00.000039936,38.58,37.04,28.888647,120.380005,4.458322e-05,,,,,,
2016-08-27 09:00:00.000039936,41.152,37.04,26.284134,120.380005,4.456449e-05,,,,,,
2016-08-27 12:00:00.000039936,43.724,37.04,23.997795,120.380005,4.458322e-05,,,,,,
2016-08-27 15:00:00.000039936,46.296,31.484,21.977648,120.380005,4.4704215e-05,,,,,,
2016-08-27 18:00:00.000039936,48.868,27.78,20.183167,120.380005,4.4825505e-05,26.589647,37.5,103.70215,,,
2016-08-27 21:00:00.000039936,47.3248,27.78,22.427923,127.325,4.4843327e-05,,,,,,
2016-08-28 00:00:00.000039936,46.296,27.78,24.45605,134.27,4.4825505e-05,,,,,,
2016-08-28 03:00:00.000039936,44.7528,27.78,25.791552,134.27,4.484315e-05,,,,,,
2016-08-28 06:00:00.000039936,43.724,27.78,26.73799,134.27,4.4825505e-05,,,,,,
2016-08-28 09:00:00.000039936,41.152,27.78,29.322914,134.27,4.470386e-05,,,,,,
2016-08-28 12:00:00.000039936,38.58,27.78,32.26582,134.27,4.458322e-05,,,,,,
2016-08-28 15:00:00.000039936,38.58,27.78,32.26566,134.27,4.4564338e-05,35.908577,25.514982,113.52356,,,
2016-08-28 18:00:00.000039936,38.58,27.78,32.26582,134.27,4.458322e-05,,,,,,
2016-08-28 21:00:00.000039936,39.6088,27.78,31.041168,134.27,4.456443e-05,,,,,,
2016-08-29 00:00:00.000039936,41.152,27.78,29.322815,134.27,4.458322e-05,,,,,,
2016-08-29 03:00:00.000039936,44.7528,27.78,25.792877,134.27,4.4685716e-05,35.004765,23.72239,98.41045,35.26912,25.0,92.0
2016-08-29 06:00:00.000039936,48.868,27.78,22.431213,134.27,4.4825505e-05,,,,,,
2016-08-29 09:00:00.000039936,51.440002,27.78,20.622955,134.27,4.496446e-05,,,,,,
2016-08-29 12:00:00.000039936,54.012,27.78,19.003605,134.27,4.506766e-05,,,,,,
2016-08-29 15:00:00.000039936,56.584,27.78,17.829813,136.58499,4.5066754e-05,,,,,,
2016-08-29 18:00:00.000039936,59.156002,27.78,16.748104,138.9,4.506766e-05,,,,,,
2016-08-29 21:00:00.000039936,59.156002,27.78,16.743864,138.9,4.5188157e-05,,,,,,
2016-08-30 00:00:00.000039936,59.156002,27.78,16.739735,138.9,4.5309676e-05,,,,,,
2016-08-30 03:00:00.000039936,57.6128,27.78,17.538868,138.9,4.5327295e-05,48.209156,19.60128,110.82326,,,
2016-08-30 06:00:00.000039936,56.584,27.78,18.100592,138.9,4.5309676e-05,30.434694,37.5,111.312325,,,
2016-08-30 09:00:00.000039936,55.040802,27.78,18.985842,138.9,4.5345612e-05,,,,,,
2016-08-30 12:00:00.000039936,54.012,27.78,19.609781,138.9,4.5309676e-05,,,,,,
2016-08-30 15:00:00.000039936,54.012,27.78,19.616167,138.9,4.5085508e-05,,,,44.46426,20.0,96.0
2016-08-30 18:00:00.000039936,54.012,27.78,19.623512,138.9,4.4825505e-05,,,,,,
2016-08-30 21:00:00.000039936,57.6128,27.78,17.560034,138.9,4.46856e-05,,,,,,
2016-08-31 00:00:00.000039936,61.728,27.78,15.535358,138.9,4.458322e-05,,,,,,
