Time,Vmax,Rmax,rmx_ck22,R34,fcor,vmx_obs,rmx_obs,r34_obs,vmx_sar,rmx_sar,r34_sar
2019-09-17 06:00:00.000039936,18.004,55.56,33.33517,55.56,3.1068776e-05,,,,,,
2019-09-17 09:00:00.000039936,19.0328,46.3,31.353127,55.56,3.2175103e-05,,,,,,
2019-09-17 12:00:00.000039936,20.576,37.04,28.722961,55.56,3.330315e-05,,,,,,
2019-09-17 15:00:00.000039936,20.576,37.04,33.659466,64.82,3.445428e-05,19.488228,50.0,80.237755,,,
2019-09-17 18:00:00.000039936,20.576,37.04,43.629417,83.34,3.5529305e-05,19.649313,37.5,70.435486,,,
2019-09-17 21:00:00.000039936,21.604801,37.04,41.291626,83.34,3.6374084e-05,,,,,,
2019-09-18 00:00:00.000039936,23.148,37.04,38.1316,83.34,3.7254722e-05,,,,,,
2019-09-18 03:00:00.000039936,24.1768,37.04,39.388935,90.285,3.8428007e-05,16.462124,62.5,,,,
2019-09-18 06:00:00.000039936,25.720001,37.04,39.524906,97.23,3.9709896e-05,,,,,,
2019-09-18 09:00:00.000039936,26.7488,37.04,37.70837,97.23,4.0969575e-05,,,,,,
2019-09-18 12:00:00.000039936,28.292,37.04,35.189064,97.23,4.2152973e-05,,,,,,
2019-09-18 15:00:00.000039936,29.3208,31.484,34.484898,99.545,4.31632e-05,,,,,,
2019-09-18 18:00:00.000039936,30.864,27.78,33.069004,101.86,4.409823e-05,,,,,,
2019-09-18 21:00:00.000039936,33.436,27.78,29.749157,101.86,4.5049113e-05,,,,,,
2019-09-19 00:00:00.000039936,36.008,27.78,26.891172,101.86,4.6034886e-05,,,,40.19484,10.0,24.0
2019-09-19 03:00:00.000039936,34.4648,27.78,25.920221,92.6,4.7084053e-05,,,,,,
2019-09-19 06:00:00.000039936,33.436,27.78,24.250494,83.34,4.8202877e-05,,,,,,
2019-09-19 09:00:00.000039936,31.8928,27.78,24.362709,78.71,4.938386e-05,,,,,,
2019-09-19 12:00:00.000039936,30.864,27.78,23.906956,74.08,5.059779e-05,,,,,,
2019-09-19 15:00:00.000039936,29.3208,27.78,25.560453,74.08,5.1861385e-05,,,,,,
2019-09-19 18:00:00.000039936,28.292,27.78,26.767365,74.08,5.2977284e-05,17.036613,37.5,,,,
2019-09-19 21:00:00.000039936,28.292,27.78,26.782515,74.08,5.3793934e-05,,,,,,
2019-09-20 00:00:00.000039936,28.292,27.78,26.793657,74.08,5.439729e-05,,,,,,
2019-09-20 03:00:00.000039936,29.3208,27.78,23.13179,67.134995,5.4922162e-05,,,,,,
2019-09-20 06:00:00.000039936,30.864,27.78,19.356127,60.190002,5.5340646e-05,18.860556,25.0,42.24751,,,
2019-09-20 09:00:00.000039936,31.8928,22.223999,18.552473,60.190002,5.5693647e-05,,,,,,
2019-09-20 12:00:00.000039936,33.436,18.52,17.436811,60.190002,5.6046403e-05,,,,25.98686,19.0,45.0
