Time,Vmax,Rmax,rmx_ck22,R34,fcor,vmx_obs,rmx_obs,r34_obs,vmx_sar,rmx_sar,r34_sar
2018-08-26 12:00:00.000039936,18.004,55.56,33.391586,55.56,3.404614e-05,,,,,,
2018-08-26 15:00:00.000039936,19.0328,55.56,31.394455,55.56,3.4330344e-05,,,,,,
2018-08-26 18:00:00.000039936,20.576,55.56,28.746132,55.56,3.454095e-05,15.898289,37.5,,,,
2018-08-26 21:00:00.000039936,21.604801,46.3,31.830248,64.82,3.468263e-05,,,,,,
2018-08-27 00:00:00.000039936,23.148,37.04,29.369625,64.82001,3.47882e-05,,,,,,
2018-08-27 03:00:00.000039936,24.1768,37.04,28.921047,67.135,3.4930035e-05,,,,,,
2018-08-27 06:00:00.000039936,25.720001,37.04,27.800747,69.45,3.5035337e-05,15.9895,62.5,,,,
2018-08-27 09:00:00.000039936,26.7488,37.04,29.229736,76.395,3.5035056e-05,,,,,,
2018-08-27 12:00:00.000039936,28.292,37.04,29.820423,83.34,3.5035337e-05,,,,,,
2018-08-27 15:00:00.000039936,28.292,37.04,29.82351,83.34,3.515837e-05,,,,,,
2018-08-27 18:00:00.000039936,28.292,37.04,29.826609,83.34,3.5282377e-05,,,,,,
2018-08-27 21:00:00.000039936,28.292,37.04,29.826635,83.34,3.528201e-05,,,,,,
2018-08-28 00:00:00.000039936,28.292,37.04,29.826609,83.34,3.5282377e-05,,,,,,
2018-08-28 03:00:00.000039936,28.292,37.04,29.829685,83.34,3.5405486e-05,,,,,,
2018-08-28 06:00:00.000039936,28.292,37.04,29.832806,83.34,3.5529305e-05,,,,,,
2018-08-28 09:00:00.000039936,28.292,37.04,31.542624,87.97,3.5547586e-05,,,,,,
2018-08-28 12:00:00.000039936,28.292,37.04,33.25623,92.600006,3.5529305e-05,,,,,,
2018-08-28 15:00:00.000039936,26.7488,40.744,37.508198,97.229996,3.552887e-05,,,,,,
2018-08-28 18:00:00.000039936,25.720001,46.3,41.30369,101.86,3.5529305e-05,,,,,,
2018-08-28 21:00:00.000039936,25.720001,46.3,41.304478,101.86,3.554763e-05,,,,,,
2018-08-29 00:00:00.000039936,25.720001,46.3,41.30369,101.86,3.5529305e-05,,,,,,
2018-08-29 03:00:00.000039936,26.7488,46.3,40.28309,104.175,3.540569e-05,,,,,,
2018-08-29 06:00:00.000039936,28.292,46.3,38.41754,106.490005,3.5282377e-05,,,,,,
2018-08-29 09:00:00.000039936,29.3208,46.3,37.540264,108.80499,3.5263576e-05,,,,,,
2018-08-29 12:00:00.000039936,30.864,46.3,35.9114,111.119995,3.5282377e-05,,,,,,
2018-08-29 15:00:00.000039936,31.8928,40.744,37.361034,120.38,3.526364e-05,,,,,,
2018-08-29 18:00:00.000039936,33.436,37.04,37.859035,129.64,3.5282377e-05,17.44608,62.5,,,,
2018-08-29 21:00:00.000039936,33.436,37.04,39.25325,134.27,3.535017e-05,,,,,,
2018-08-30 00:00:00.000039936,33.436,37.04,40.65365,138.9,3.5529305e-05,,,,,,
2018-08-30 03:00:00.000039936,34.4648,37.04,38.347,136.58499,3.5825495e-05,,,,,,
2018-08-30 06:00:00.000039936,36.008,37.04,35.47649,134.27,3.626943e-05,22.539305,37.5,84.58887,,,
2018-08-30 09:00:00.000039936,36.008,37.04,35.488285,134.27,3.6829973e-05,,,,,,
2018-08-30 12:00:00.000039936,36.008,37.04,35.50239,134.27,3.7500762e-05,,,,,,
2018-08-30 15:00:00.000039936,37.0368,31.484,34.135532,134.27,3.8219678e-05,,,,,,
2018-08-30 18:00:00.000039936,38.58,27.78,32.21147,134.27,3.897458e-05,29.150124,12.5,95.0974,,,
2018-08-30 21:00:00.000039936,38.58,27.78,32.21882,134.27,3.967314e-05,,,,,,
2018-08-31 00:00:00.000039936,38.58,27.78,32.226765,134.27,4.0444127e-05,,,,,,
2018-08-31 03:00:00.000039936,39.6088,27.78,32.101208,138.9,4.1366446e-05,,,,31.677,27.0,96.0
2018-08-31 06:00:00.000039936,41.152,27.78,31.345438,143.53,4.239659e-05,,,,,,
2018-08-31 09:00:00.000039936,41.152,27.78,31.345627,143.53,4.3473075e-05,,,,,,
2018-08-31 12:00:00.000039936,41.152,27.78,31.345472,143.53,4.458322e-05,,,,,,
