Time,Vmax,Rmax,rmx_ck22,R34,fcor,vmx_obs,rmx_obs,r34_obs,vmx_sar,rmx_sar,r34_sar
2018-09-02 00:00:00.000039936,18.004,92.6,80.15501,129.64,3.872924e-05,,,,,,
2018-09-02 03:00:00.000039936,19.0328,92.6,81.224236,138.9,3.930545e-05,,,,,,
2018-09-02 06:00:00.000039936,20.576,92.6,79.84841,148.16,3.995476e-05,,,,,,
2018-09-02 09:00:00.000039936,20.576,92.6,79.92867,148.16,4.072499e-05,,,,,,
2018-09-02 12:00:00.000039936,20.576,92.6,80.000725,148.16,4.142137e-05,,,,,,
2018-09-02 15:00:00.000039936,20.576,101.86,85.33314,157.42,4.187893e-05,,,,,,
2018-09-02 18:00:00.000039936,20.576,111.12,90.678825,166.68,4.2152973e-05,,,,,,
2018-09-02 21:00:00.000039936,20.576,111.12,93.37091,171.31,4.2347678e-05,,,,,,
2018-09-03 00:00:00.000039936,20.576,111.12,96.05169,175.94,4.239659e-05,,,,,,
2018-09-03 03:00:00.000039936,21.604801,111.12,90.91834,175.94,4.231137e-05,,,,,,
2018-09-03 06:00:00.000039936,23.148,111.12,83.91207,175.94,4.2152973e-05,,,,,,
2018-09-03 09:00:00.000039936,24.1768,83.34,84.10987,185.2,4.2012613e-05,,,,,,
2018-09-03 12:00:00.000039936,25.720001,55.56,69.72528,166.68,4.1909232e-05,,,,,,
2018-09-03 15:00:00.000039936,28.292,40.744,61.77826,166.68,4.1872503e-05,,,,,,
2018-09-03 18:00:00.000039936,30.864,27.78,55.061974,166.68,4.1909232e-05,,,,,,
2018-09-03 21:00:00.000039936,31.8928,27.78,51.90657,164.365,4.201254e-05,,,,,,
2018-09-04 00:00:00.000039936,33.436,27.78,47.922523,162.05,4.2152973e-05,,,,,,
2018-09-04 03:00:00.000039936,36.008,27.78,41.88515,157.42,4.2293126e-05,,,,,,
2018-09-04 06:00:00.000039936,38.58,27.78,36.750156,152.79,4.239659e-05,32.126633,25.0,105.161964,,,
2018-09-04 09:00:00.000039936,42.1808,27.78,32.133987,152.79,4.2432825e-05,,,,,,
2018-09-04 12:00:00.000039936,46.296,27.78,27.77838,152.79,4.239659e-05,,,,,,
2018-09-04 15:00:00.000039936,48.868,27.78,25.826889,155.105,4.2274503e-05,39.87957,18.905556,136.09863,,,
2018-09-04 18:00:00.000039936,51.440002,27.78,24.059513,157.42,4.2152973e-05,36.17118,,146.11252,,,
2018-09-04 21:00:00.000039936,54.012,27.78,22.145437,157.42,4.2134267e-05,,,,,,
2018-09-05 00:00:00.000039936,56.584,27.78,20.425014,157.42,4.2152973e-05,,,,,,
2018-09-05 03:00:00.000039936,54.012,27.78,22.146065,157.42,4.211621e-05,37.008842,23.34547,103.07405,52.952103,20.0,
2018-09-05 06:00:00.000039936,51.440002,27.78,24.059513,157.42,4.2152973e-05,36.746193,,146.73895,,,
2018-09-05 09:00:00.000039936,49.8968,27.78,25.308325,157.42,4.235955e-05,,,,,,
2018-09-05 12:00:00.000039936,48.868,27.78,26.186783,157.42,4.2640077e-05,,,,,,
2018-09-05 15:00:00.000039936,46.296,27.78,28.995592,159.735,4.2865064e-05,,,,,,
2018-09-05 18:00:00.000039936,43.724,27.78,32.204113,162.05,4.3126656e-05,30.733093,37.5,157.02556,,,
2018-09-05 21:00:00.000039936,43.724,27.78,32.19969,162.05,4.347235e-05,,,,,,
2018-09-06 00:00:00.000039936,43.724,27.78,32.194912,162.05,4.385554e-05,,,,,,
2018-09-06 03:00:00.000039936,44.7528,27.78,31.022255,162.05,4.421908e-05,,,,,,
2018-09-06 06:00:00.000039936,46.296,27.78,29.366718,162.05,4.458322e-05,,,,,,
2018-09-06 09:00:00.000039936,48.868,27.78,26.857782,162.05,4.4928092e-05,,,,,,
2018-09-06 12:00:00.000039936,51.440002,27.78,24.616785,162.05,4.5309676e-05,,,,,,
2018-09-06 15:00:00.000039936,54.012,27.78,22.604315,162.05,4.577464e-05,41.779633,24.226452,142.8403,,,
2018-09-06 18:00:00.000039936,56.584,27.78,20.79078,162.05,4.627635e-05,,,,,,
