Time,Vmax,Rmax,rmx_ck22,R34,fcor,vmx_obs,rmx_obs,r34_obs,vmx_sar,rmx_sar,r34_sar
2014-10-30 18:00:00.000039936,18.004,74.08,44.60679,74.08,2.807779e-05,,,,,,
2014-10-30 21:00:00.000039936,19.0328,74.08,41.92734,74.08,2.7759233e-05,,,,,,
2014-10-31 00:00:00.000039936,20.576,74.08,38.37542,74.08,2.7328068e-05,,,,,,
2014-10-31 03:00:00.000039936,21.604801,64.82,40.920246,83.34,2.686534e-05,,,,,,
2014-10-31 06:00:00.000039936,23.148,55.56,42.04703,92.6,2.6327272e-05,,,,,,
2014-10-31 09:00:00.000039936,23.148,55.56,42.01756,92.6,2.56823e-05,,,,,,
2014-10-31 12:00:00.000039936,23.148,55.56,41.98984,92.6,2.5074483e-05,,,,,,
2014-10-31 15:00:00.000039936,21.604801,55.56,45.489674,92.6,2.4641855e-05,,,,,,
2014-10-31 18:00:00.000039936,20.576,55.56,48.09543,92.6,2.432189e-05,,,,,,
2014-10-31 21:00:00.000039936,20.576,55.56,43.160698,83.34,2.40143e-05,,,,,,
2014-11-01 00:00:00.000039936,20.576,55.56,38.25843,74.08,2.3819783e-05,,,,,,
2014-11-01 03:00:00.000039936,19.0328,55.56,41.79095,74.08,2.3744371e-05,,,,,,
2014-11-01 06:00:00.000039936,18.004,55.56,44.464417,74.08,2.3819783e-05,,,,,,
2014-11-01 09:00:00.000039936,18.004,55.56,44.47167,74.08,2.4033121e-05,,,,,,
2014-11-01 12:00:00.000039936,18.004,55.56,44.481335,74.08,2.432189e-05,,,,13.772361,23.0,
2014-11-01 15:00:00.000039936,19.0328,55.56,41.81798,74.08,2.4535e-05,,,,,,
2014-11-01 18:00:00.000039936,20.576,55.56,31.793772,61.733337,2.4823696e-05,,,,,,
2014-11-01 21:00:00.000039936,21.604801,40.744,34.673656,70.99333,2.5268588e-05,,,,,,
2014-11-02 00:00:00.000039936,23.148,27.78,33.428066,74.08,2.5826394e-05,,,,22.902575,15.0,32.0
2014-11-02 03:00:00.000039936,25.720001,27.78,34.220287,85.655,2.6396143e-05,,,,,,
2014-11-02 06:00:00.000039936,28.292,27.78,34.688637,97.229996,2.707799e-05,,,,,,
2014-11-02 09:00:00.000039936,30.864,22.223999,32.616123,101.86,2.789633e-05,,,,,,
2014-11-02 12:00:00.000039936,33.436,18.52,30.78215,106.49,2.882674e-05,,,,,,
2014-11-02 15:00:00.000039936,36.008,18.52,29.132744,111.119995,2.978659e-05,26.810322,25.0,75.14699,,,
2014-11-02 18:00:00.000039936,38.58,18.52,27.630203,115.75,3.0820032e-05,25.874823,25.0,75.17148,,,
2014-11-02 21:00:00.000039936,42.1808,12.964,27.279821,129.64,3.1919866e-05,,,,,,
2014-11-03 00:00:00.000039936,46.296,9.26,26.25949,143.53,3.305528e-05,,,,,,
2014-11-03 03:00:00.000039936,46.296,9.26,29.154892,159.73502,3.4169687e-05,38.188263,,121.371544,,,
2014-11-03 06:00:00.000039936,46.296,9.26,32.022243,175.94,3.5282377e-05,36.316185,,127.40333,,,
2014-11-03 09:00:00.000039936,46.296,12.964,31.997427,175.94,3.6374116e-05,,,,,,
2014-11-03 12:00:00.000039936,46.296,18.52,31.971226,175.94,3.7500762e-05,52.472084,16.881983,149.5956,51.911945,16.0,100.0
