Time,Vmax,Rmax,rmx_ck22,R34,fcor,vmx_obs,rmx_obs,r34_obs,vmx_sar,rmx_sar,r34_sar
2018-09-29 12:00:00.000039936,18.004,111.12,103.08409,166.68,3.0322259e-05,,,,,,
2018-09-29 15:00:00.000039936,18.004,111.12,115.04625,185.2,3.0316345e-05,,,,,,
2018-09-29 18:00:00.000039936,18.004,111.12,127.0932,203.72,3.0322259e-05,,,,,,
2018-09-29 21:00:00.000039936,19.0328,111.12,119.84223,203.72,3.0340834e-05,,,,,,
2018-09-30 00:00:00.000039936,20.576,111.12,110.03944,203.72,3.0322259e-05,,,,,,
2018-09-30 03:00:00.000039936,21.604801,92.6,104.12693,203.72,3.02348e-05,,,,,,
2018-09-30 06:00:00.000039936,23.148,74.08,96.08539,203.72,3.0073232e-05,,,,,,
2018-09-30 09:00:00.000039936,24.1768,64.82,91.19414,203.72,2.9823932e-05,,,,,,
2018-09-30 12:00:00.000039936,25.720001,55.56,84.53052,203.72,2.9574905e-05,,,,,,
2018-09-30 15:00:00.000039936,26.7488,55.56,80.47902,203.72,2.9431345e-05,,,,,,
2018-09-30 18:00:00.000039936,28.292,55.56,63.100674,172.85333,2.9325609e-05,,,,,,
2018-09-30 21:00:00.000039936,28.292,55.56,63.088966,172.85333,2.920077e-05,,,,,,
2018-10-01 00:00:00.000039936,28.292,55.56,63.07724,172.85333,2.9076216e-05,,,,,,
2018-10-01 03:00:00.000039936,28.292,55.56,63.065636,172.85333,2.8951237e-05,,,,,,
2018-10-01 06:00:00.000039936,28.292,55.56,63.053932,172.85333,2.882674e-05,,,,,,
2018-10-01 09:00:00.000039936,29.3208,55.56,60.218605,172.85333,2.8720322e-05,,,,,,
2018-10-01 12:00:00.000039936,30.864,55.56,46.4537,143.53,2.857718e-05,28.17347,32.72864,104.055756,,,
2018-10-01 15:00:00.000039936,30.864,55.56,46.44137,143.53,2.8346067e-05,,,,,,
2018-10-01 18:00:00.000039936,30.864,55.56,46.426865,143.53,2.807779e-05,,,,,,
2018-10-01 21:00:00.000039936,31.8928,55.56,44.46233,143.53,2.782788e-05,,,,,,
2018-10-02 00:00:00.000039936,33.436,55.56,41.74819,143.53,2.7578055e-05,32.13802,33.7585,113.81471,,,
2018-10-02 03:00:00.000039936,36.008,46.3,41.48167,157.42,2.7271411e-05,30.78418,34.32646,119.32235,37.24997,38.0,124.0
2018-10-02 06:00:00.000039936,38.58,37.04,41.032646,171.31,2.707799e-05,,,,,,
2018-10-02 09:00:00.000039936,42.1808,37.04,36.054157,171.31,2.7109061e-05,,,,,,
2018-10-02 12:00:00.000039936,46.296,37.04,31.34795,171.31,2.7328068e-05,,,,,,
2018-10-02 15:00:00.000039936,49.8968,37.04,28.62733,175.94,2.7646678e-05,,,,,,
2018-10-02 18:00:00.000039936,54.012,37.04,25.808325,180.56999,2.807779e-05,,,,,,
2018-10-02 21:00:00.000039936,54.012,37.04,25.78736,180.56999,2.8539564e-05,,,,,,
2018-10-03 00:00:00.000039936,54.012,37.04,25.762932,180.56999,2.9076216e-05,,,,,,
2018-10-03 03:00:00.000039936,54.012,40.744,26.981094,189.83,2.9680685e-05,,,,,,
2018-10-03 06:00:00.000039936,54.012,46.3,28.182009,199.09001,3.0322259e-05,38.23031,,228.44026,,,
2018-10-03 09:00:00.000039936,54.012,46.3,28.145145,199.09001,3.096295e-05,,,,,,
2018-10-03 12:00:00.000039936,54.012,46.3,28.110054,199.09001,3.156599e-05,,,,,,
2018-10-03 15:00:00.000039936,55.040802,46.3,28.356504,208.35,3.2044096e-05,45.814945,41.216724,220.64313,49.833954,42.0,202.0
2018-10-03 18:00:00.000039936,56.584,46.3,28.071285,217.61,3.2559245e-05,41.85634,,241.89185,,,
2018-10-03 21:00:00.000039936,57.6128,40.744,27.123953,217.61,3.326586e-05,,,,,,
2018-10-04 00:00:00.000039936,59.156002,37.04,25.787153,217.61,3.404614e-05,,,,,,
