Time,Vmax,Rmax,rmx_ck22,R34,fcor,vmx_obs,rmx_obs,r34_obs,vmx_sar,rmx_sar,r34_sar
2019-04-27 00:00:00.000039936,18.004,55.56,67.77611,113.435,1.1696372e-05,,,,,,
2019-04-27 03:00:00.000039936,20.576,55.56,66.57069,129.177,1.2273521e-05,,,,,,
2019-04-27 06:00:00.000039936,23.148,55.56,65.793495,145.845,1.2964522e-05,,,,,,
2019-04-27 09:00:00.000039936,23.148,55.56,69.80725,154.179,1.42314275e-05,,,,,,
2019-04-27 12:00:00.000039936,23.148,55.56,74.72868,164.365,1.5497764e-05,,,,,,
2019-04-27 15:00:00.000039936,23.148,55.56,66.173004,145.845,1.6263833e-05,,,,,,
2019-04-27 18:00:00.000039936,23.148,55.56,57.60751,127.325,1.6762664e-05,,,,,,
2019-04-27 21:00:00.000039936,23.148,55.56,61.303627,135.196,1.7160555e-05,,,,,,
2019-04-28 00:00:00.000039936,23.148,55.56,65.23129,143.53,1.7520999e-05,,,,,,
2019-04-28 03:00:00.000039936,23.148,55.56,64.63365,142.14099,1.800731e-05,,,,,,
2019-04-28 06:00:00.000039936,23.148,55.56,64.25519,141.215,1.8531358e-05,,,,,,
2019-04-28 09:00:00.000039936,23.148,55.56,65.17967,143.06702,1.9055122e-05,,,,,,
2019-04-28 12:00:00.000039936,23.148,55.56,66.53926,145.845,1.9540814e-05,,,,,,
2019-04-28 15:00:00.000039936,23.148,55.56,62.00156,136.122,1.9881298e-05,,,,,,
2019-04-28 18:00:00.000039936,23.148,55.56,57.913246,127.325,2.0297284e-05,,,,,,
2019-04-28 21:00:00.000039936,23.148,55.56,59.49142,130.566,2.0958707e-05,,,,,,
2019-04-29 00:00:00.000039936,23.148,55.56,61.312645,134.27,2.1808535e-05,,,,,,
2019-04-29 03:00:00.000039936,24.1768,55.56,58.521084,134.733,2.2758264e-05,,,,,,
2019-04-29 06:00:00.000039936,25.720001,55.56,55.1711,136.58499,2.3819783e-05,,,,,,
2019-04-29 09:00:00.000039936,28.292,55.56,59.315197,163.90201,2.496779e-05,,,,,,
2019-04-29 12:00:00.000039936,30.864,55.56,62.62672,192.145,2.6076874e-05,,,,,,
2019-04-29 15:00:00.000039936,33.436,55.56,55.201088,188.441,2.6953057e-05,,,,,,
2019-04-29 18:00:00.000039936,36.008,55.56,48.993774,185.2,2.7827968e-05,,,,,,
2019-04-29 21:00:00.000039936,39.6088,31.484,41.4814,179.64401,2.8913859e-05,,,,,,
2019-04-30 00:00:00.000039936,43.724,9.26,35.077465,175.93999,3.0073232e-05,,,,,,
2019-04-30 03:00:00.000039936,44.7528,9.26,35.507668,184.737,3.128625e-05,34.167274,12.5,161.11658,,,
2019-04-30 06:00:00.000039936,46.296,9.26,35.38221,194.46,3.231108e-05,,,,,,
2019-04-30 09:00:00.000039936,47.3248,14.816,32.484974,184.737,3.2919204e-05,,,,,,
2019-04-30 12:00:00.000039936,48.868,22.223999,29.420292,175.94,3.330315e-05,45.48295,30.43958,177.56982,,,
2019-04-30 15:00:00.000039936,51.440002,22.223999,27.994772,182.422,3.3674507e-05,42.064873,,164.36638,,,
2019-04-30 18:00:00.000039936,54.012,22.223999,26.75261,189.83,3.404614e-05,,,,,,
2019-04-30 21:00:00.000039936,54.012,22.223999,27.693838,197.23799,3.4540906e-05,,,,,,
2019-05-01 00:00:00.000039936,54.012,22.223999,28.802643,206.035,3.5035337e-05,49.7494,29.727198,187.34201,,,
2019-05-01 03:00:00.000039936,54.012,22.223999,28.005,200.016,3.536877e-05,40.098156,,166.90775,,,
2019-05-01 06:00:00.000039936,54.012,22.223999,27.261576,194.46,3.577612e-05,38.671,,179.12608,,,
2019-05-01 09:00:00.000039936,54.012,14.816,27.22028,194.46,3.6497444e-05,,,,,,
2019-05-01 12:00:00.000039936,54.012,9.26,27.176823,194.46,3.7254722e-05,,,,,,
2019-05-01 15:00:00.000039936,54.012,9.26,30.02661,217.147,3.774664e-05,,,,,,
2019-05-01 18:00:00.000039936,54.012,9.26,32.902225,240.76,3.8238195e-05,,,,,,
2019-05-01 21:00:00.000039936,55.040802,9.26,31.768522,241.223,3.8864273e-05,,,,,,
2019-05-02 00:00:00.000039936,56.584,9.26,30.274096,243.07498,3.9709896e-05,,,,,,
2019-05-02 03:00:00.000039936,59.156002,9.26,28.008032,246.779,4.089635e-05,44.918476,,192.31285,,,
2019-05-02 06:00:00.000039936,61.728,9.26,26.035912,252.33499,4.2152973e-05,,,,,,
