Time,Vmax,Rmax,rmx_ck22,R34,fcor,vmx_obs,rmx_obs,r34_obs,vmx_sar,rmx_sar,r34_sar
2019-10-30 06:00:00.000039936,18.004,55.56,52.872593,87.97,2.1556822e-05,17.646042,12.5,21.897482,,,
2019-10-30 09:00:00.000039936,20.576,55.56,45.56143,87.97,2.2814505e-05,,,,,,
2019-10-30 12:00:00.000039936,23.148,55.56,39.79366,87.97,2.4070872e-05,,,,,,
2019-10-30 15:00:00.000039936,23.148,55.56,43.508965,95.841,2.5237674e-05,,,,,,
2019-10-30 18:00:00.000039936,23.148,55.56,47.46988,104.175,2.6327272e-05,,,,,,
2019-10-30 21:00:00.000039936,23.148,46.3,53.871906,117.602,2.7309152e-05,,,,,,
2019-10-31 00:00:00.000039936,23.148,37.04,60.793613,131.95499,2.8327528e-05,,,,,,
2019-10-31 03:00:00.000039936,24.1768,46.3,57.19804,130.566,2.953754e-05,21.058933,62.5,115.38487,,,
2019-10-31 06:00:00.000039936,25.720001,55.56,52.77214,129.64,3.0820032e-05,,,,,,
2019-10-31 09:00:00.000039936,26.7488,55.56,48.68182,125.47301,3.2081054e-05,,,,,,
2019-10-31 12:00:00.000039936,28.292,55.56,44.400078,122.69499,3.330315e-05,,,,,,
2019-10-31 15:00:00.000039936,26.7488,46.3,49.014076,125.936,3.451049e-05,16.420706,50.0,,,,
2019-10-31 18:00:00.000039936,25.720001,37.04,53.092773,129.64,3.5529305e-05,16.927328,50.0,,,,
2019-10-31 21:00:00.000039936,24.1768,46.3,56.852978,128.714,3.6219728e-05,,,,,,
2019-11-01 00:00:00.000039936,23.148,55.56,60.36234,129.64,3.67623e-05,,,,,,
2019-11-01 03:00:00.000039936,23.148,50.004,47.85393,103.712,3.7415102e-05,17.607683,37.5,50.872543,,,
2019-11-01 06:00:00.000039936,23.148,46.3,35.967102,78.71,3.7992504e-05,19.119669,50.0,80.69469,,,
2019-11-01 09:00:00.000039936,23.148,46.3,36.198223,79.173004,3.837876e-05,,,,,,
2019-11-01 12:00:00.000039936,23.148,46.3,37.086105,81.025,3.872924e-05,,,,,,
2019-11-01 15:00:00.000039936,23.148,46.3,36.44496,79.636,3.923824e-05,,,,,,
2019-11-01 18:00:00.000039936,23.148,46.3,36.02153,78.71,3.9709896e-05,17.711891,50.0,52.972126,,,
2019-11-01 21:00:00.000039936,24.1768,37.04,34.216335,78.71,3.9917897e-05,,,,,,
2019-11-02 00:00:00.000039936,25.720001,27.78,31.763052,78.71,4.0199502e-05,,,,,,
2019-11-02 03:00:00.000039936,26.7488,27.78,35.842655,92.600006,4.089621e-05,,,,,,
2019-11-02 06:00:00.000039936,28.292,27.78,38.659443,106.490005,4.1665367e-05,,,,,,
2019-11-02 09:00:00.000039936,28.292,27.78,38.155563,105.101,4.2226115e-05,,,,,,
2019-11-02 12:00:00.000039936,28.292,27.78,37.820732,104.175,4.2640077e-05,25.41747,19.507742,56.18399,,,
2019-11-02 15:00:00.000039936,29.3208,27.78,35.47633,102.323,4.2919834e-05,23.982613,25.0,62.296936,,,
2019-11-02 18:00:00.000039936,30.864,27.78,33.043446,101.86001,4.3126656e-05,,,,,,
2019-11-02 21:00:00.000039936,31.8928,27.78,30.02221,96.767,4.3387812e-05,,,,,,
2019-11-03 00:00:00.000039936,33.436,27.78,26.948778,92.6,4.3612705e-05,,,,,,
2019-11-03 03:00:00.000039936,34.4648,22.223999,27.066357,96.767,4.3734122e-05,28.265347,21.230757,67.72367,,,
2019-11-03 06:00:00.000039936,36.008,18.52,26.86347,101.86,4.385554e-05,27.333761,25.0,71.726135,,,
2019-11-03 09:00:00.000039936,38.58,12.964,24.836561,103.712,4.408002e-05,,,,,,
2019-11-03 12:00:00.000039936,41.152,9.26,23.24081,106.490005,4.4340795e-05,,,,,,
2019-11-03 15:00:00.000039936,44.7528,9.26,21.486092,111.583,4.458311e-05,,,,,,
2019-11-03 18:00:00.000039936,48.868,9.26,19.806543,118.065,4.4825505e-05,28.65761,25.0,74.11434,,,
2019-11-03 21:00:00.000039936,49.8968,9.26,18.72028,115.287,4.5031236e-05,,,,,,
2019-11-04 00:00:00.000039936,51.440002,9.26,17.54591,113.435,4.5309676e-05,,,,,,
2019-11-04 03:00:00.000039936,51.440002,9.26,16.435535,106.02699,4.575719e-05,,,,,,
2019-11-04 06:00:00.000039936,51.440002,9.26,15.45847,99.545,4.627635e-05,32.96417,25.0,88.15767,,,
