Time,Vmax,Rmax,rmx_ck22,R34,fcor,vmx_obs,rmx_obs,r34_obs,vmx_sar,rmx_sar,r34_sar
2015-12-29 21:00:00.000039936,23.148,37.04,24.901648,55.56,2.4572832e-05,,,,,,
2015-12-30 00:00:00.000039936,23.148,37.04,27.061111,60.19,2.6827835e-05,,,,,,
2015-12-30 03:00:00.000039936,23.148,37.04,27.094387,60.19,2.848217e-05,,,,,,
2015-12-30 06:00:00.000039936,23.148,37.04,27.13121,60.19,3.0322259e-05,,,,,,
2015-12-30 07:00:00.000066560,23.148,37.04,27.148014,60.19,3.1168183e-05,,,,,,
2015-12-30 09:00:00.000039936,23.148,37.04,27.185366,60.19,3.305528e-05,,,,,,
2015-12-30 12:00:00.000039936,25.720001,37.04,24.020996,60.19,3.6022833e-05,,,,,,
2015-12-30 15:00:00.000039936,25.720001,37.04,25.18356,62.968002,3.7396665e-05,,,,,,
2015-12-30 18:00:00.000039936,25.720001,37.04,26.904692,67.135,3.7746686e-05,,,,,,
2015-12-30 21:00:00.000039936,26.7488,37.04,25.653244,67.135,3.8085607e-05,,,,,,
2015-12-31 00:00:00.000039936,28.292,37.04,23.93544,67.135,3.8238195e-05,,,,,,
2015-12-31 03:00:00.000039936,29.3208,24.076,34.507603,100.008,3.8446244e-05,,,,,,
2015-12-31 06:00:00.000039936,30.864,12.964,43.824425,134.27,3.872924e-05,,,,,,
2015-12-31 09:00:00.000039936,31.8928,12.964,37.339767,119.917,3.9183113e-05,,,,,,
2015-12-31 12:00:00.000039936,33.436,12.964,31.029936,106.49,3.9709896e-05,,,,,,
2015-12-31 15:00:00.000039936,39.6088,12.964,32.740685,141.67801,4.016248e-05,,,,,,
2015-12-31 18:00:00.000039936,46.296,12.964,32.299282,178.255,4.0688625e-05,,,,,,
2015-12-31 21:00:00.000039936,44.7528,14.816,32.890144,171.773,4.1366035e-05,,,,,,
2015-12-31 22:00:00.000066560,44.2384,16.668,33.0541,169.45801,4.161916e-05,,,,,,
2016-01-01 00:00:00.000039936,43.724,18.52,33.121223,166.68,4.2152973e-05,,,,,,
2016-01-01 03:00:00.000039936,41.152,22.223999,36.392513,166.68,4.3022683e-05,,,,,,
2016-01-01 06:00:00.000039936,38.58,27.78,40.140984,166.68,4.385554e-05,,,,,,
2016-01-01 09:00:00.000039936,38.58,27.78,42.62106,176.866,4.4554105e-05,23.27896,25.0,129.43983,,,
2016-01-01 12:00:00.000039936,38.58,27.78,45.208275,187.515,4.506766e-05,,,,,,
2016-01-01 15:00:00.000039936,38.58,27.78,45.209972,187.515,4.5380813e-05,,,,,,
2016-01-01 18:00:00.000039936,38.58,27.78,45.21084,187.515,4.5551555e-05,,,,,,
2016-01-01 21:00:00.000039936,39.6088,27.78,43.413425,187.515,4.5709134e-05,,,,,,
2016-01-02 00:00:00.000039936,41.152,27.78,40.889545,187.515,4.5793287e-05,,,,,,
2016-01-02 03:00:00.000039936,42.1808,27.78,39.028633,186.126,4.575605e-05,,,,,,
2016-01-02 06:00:00.000039936,43.724,27.78,36.652554,185.20001,4.5793287e-05,,,,,,
2016-01-02 09:00:00.000039936,44.7528,27.78,35.278538,185.20001,4.6065295e-05,,,,,,
2016-01-02 12:00:00.000039936,46.296,27.78,33.334385,185.20001,4.651767e-05,,,,,,
2016-01-02 15:00:00.000039936,47.3248,27.78,32.103893,185.20001,4.7029404e-05,,,,,,
2016-01-02 18:00:00.000039936,48.868,27.78,30.359598,185.20001,4.7722115e-05,35.55128,33.264606,147.12346,,,
2016-01-02 21:00:00.000039936,48.868,27.78,30.31844,185.20001,4.8701506e-05,,,,,,
2016-01-03 00:00:00.000039936,48.868,27.78,30.278559,185.20001,4.9641636e-05,,,,,,
2016-01-03 03:00:00.000039936,49.8968,22.223999,29.169641,185.20001,5.013565e-05,,,,,,
2016-01-03 06:00:00.000039936,51.440002,18.52,27.60668,185.20001,5.059779e-05,,,,,,
2016-01-03 09:00:00.000039936,51.440002,18.52,27.57069,185.20001,5.131329e-05,,,,,,
2016-01-03 12:00:00.000039936,54.012,18.52,25.16589,185.20001,5.22651e-05,,,,,,
2016-01-03 15:00:00.000039936,51.440002,18.52,27.487782,185.20001,5.294734e-05,,,,,,
2016-01-03 18:00:00.000039936,48.868,18.52,30.112917,185.20001,5.345127e-05,35.221443,34.680714,133.42744,,,
2016-01-03 21:00:00.000039936,46.296,18.52,32.21982,180.107,5.3995733e-05,26.066698,50.0,138.47995,,,
2016-01-04 00:00:00.000039936,43.724,18.52,34.6903,175.94,5.439729e-05,,,,,,
2016-01-04 03:00:00.000039936,41.152,22.223999,32.52646,149.086,5.4585897e-05,,,,,,
2016-01-04 06:00:00.000039936,38.58,27.78,29.522543,122.695,5.4633376e-05,32.030304,34.079594,121.29088,,,
2016-01-04 09:00:00.000039936,37.0368,27.78,31.347052,122.695,5.4668824e-05,26.732647,50.0,140.13972,,,
2016-01-04 12:00:00.000039936,36.008,27.78,32.65075,122.695,5.4633376e-05,,,,,,
2016-01-04 15:00:00.000039936,33.436,27.78,36.259598,122.695,5.4550903e-05,,,,,,
2016-01-04 18:00:00.000039936,30.864,27.78,40.45234,122.695,5.439729e-05,,,,,,
2016-01-04 21:00:00.000039936,30.864,27.78,40.445927,122.695,5.4196324e-05,,,,,,
2016-01-05 00:00:00.000039936,30.864,27.78,40.43732,122.695,5.392461e-05,,,,,,
2016-01-05 03:00:00.000039936,29.3208,27.78,39.864468,113.435,5.356951e-05,,,,,,
2016-01-05 06:00:00.000039936,28.292,27.78,38.181435,104.174995,5.321436e-05,,,,,,
2016-01-05 09:00:00.000039936,26.7488,27.78,40.983936,104.174995,5.2959716e-05,,,,,,
2016-01-05 12:00:00.000039936,25.720001,27.78,43.02152,104.174995,5.2740055e-05,,,,,,
2016-01-05 15:00:00.000039936,25.720001,27.78,43.01323,104.174995,5.253815e-05,,,,,,
2016-01-05 18:00:00.000039936,25.720001,27.78,43.002064,104.174995,5.22651e-05,,,,,,
2016-01-05 21:00:00.000039936,25.720001,37.04,45.595474,110.194,5.1807354e-05,18.522142,62.5,93.47051,,,
2016-01-06 00:00:00.000039936,25.720001,46.3,39.96591,97.229996,5.131329e-05,,,,,,
2016-01-06 03:00:00.000039936,24.1768,46.3,43.07019,97.229996,5.0955583e-05,,,,,,
2016-01-06 06:00:00.000039936,23.148,46.3,45.34056,97.229996,5.059779e-05,,,,,,
2016-01-06 09:00:00.000039936,23.148,46.3,45.31982,97.229996,5.0120078e-05,18.887104,62.5,93.79351,,,
2016-01-06 12:00:00.000039936,23.148,46.3,45.29907,97.229996,4.9641636e-05,,,,,,
2016-01-06 15:00:00.000039936,23.148,46.3,47.09136,100.934006,4.924647e-05,,,,,,
2016-01-06 18:00:00.000039936,23.148,46.3,45.267723,97.23,4.892293e-05,,,,,,
2016-01-06 21:00:00.000039936,23.148,46.3,45.482903,97.693,4.868298e-05,,,,,,
2016-01-07 00:00:00.000039936,23.148,46.3,46.37555,99.545006,4.844305e-05,,,,,,
2016-01-07 03:00:00.000039936,24.1768,46.3,44.023975,99.545006,4.8100785e-05,,,,,,
2016-01-07 06:00:00.000039936,25.720001,46.3,40.824566,99.545006,4.7722115e-05,24.71644,27.458473,76.18532,,,
2016-01-07 09:00:00.000039936,26.7488,46.3,38.876965,99.545006,4.732505e-05,,,,,,
2016-01-07 12:00:00.000039936,28.292,46.3,36.216038,99.545006,4.6999867e-05,,,,,,
2016-01-07 15:00:00.000039936,28.292,31.484,40.08264,109.731,4.6861278e-05,,,,,,
2016-01-07 18:00:00.000039936,28.292,18.52,44.151688,120.38,4.675884e-05,,,,,,
2016-01-07 21:00:00.000039936,28.292,27.78,46.632,126.86201,4.6517624e-05,26.647877,25.0,87.14057,,,
2016-01-08 00:00:00.000039936,28.292,37.04,49.47735,134.27,4.627635e-05,,,,,,
2016-01-08 03:00:00.000039936,29.3208,37.04,47.22724,134.27,4.611942e-05,,,,,,
2016-01-08 06:00:00.000039936,30.864,37.04,44.12608,134.27,4.6034886e-05,,,,,,
2016-01-08 09:00:00.000039936,33.436,37.04,32.417953,110.657,4.601673e-05,26.25196,37.5,89.79876,,,
2016-01-08 12:00:00.000039936,36.008,37.04,23.153196,87.97,4.6034886e-05,25.853794,25.0,112.55302,,,
2016-01-08 15:00:00.000039936,38.58,24.076,25.525042,106.490005,4.599862e-05,,,,,,
2016-01-08 18:00:00.000039936,41.152,12.964,27.29925,125.009995,4.6034886e-05,34.651833,22.847662,99.851364,,,
2016-01-08 21:00:00.000039936,42.1808,16.668,26.304663,125.009995,4.6240137e-05,,,,,,
2016-01-09 00:00:00.000039936,43.724,22.223999,24.90301,125.009995,4.651767e-05,,,,,,
2016-01-09 03:00:00.000039936,44.7528,20.372,24.724415,128.71399,4.6758567e-05,,,,,,
2016-01-09 06:00:00.000039936,46.296,18.52,24.427837,134.27,4.6999867e-05,,,,,,
2016-01-09 09:00:00.000039936,48.868,20.372,22.387602,134.27,4.722299e-05,,,,,,
2016-01-09 12:00:00.000039936,51.440002,22.223999,20.56599,134.27,4.748151e-05,,,,,,
2016-01-09 15:00:00.000039936,54.012,24.076,16.842073,118.52799,4.7769972e-05,,,,,,
2016-01-09 18:00:00.000039936,56.584,27.78,13.788357,104.175,4.8202877e-05,41.129673,17.48061,92.49129,,,
