Time,Vmax,Rmax,rmx_ck22,R34,fcor,vmx_obs,rmx_obs,r34_obs,vmx_sar,rmx_sar,r34_sar
2013-01-08 06:00:00.000039936,20.576,64.82,38.498005,74.08,3.1068776e-05,,,,,,
2013-01-08 09:00:00.000039936,21.604801,59.264,41.093563,83.34,3.1248946e-05,,,,,,
2013-01-08 12:00:00.000039936,23.148,55.56,42.271088,92.6,3.131743e-05,24.678663,25.0,92.028595,,,
2013-01-08 15:00:00.000039936,25.720001,40.744,39.95618,99.082,3.128021e-05,22.360214,37.5,75.50028,,,
2013-01-08 18:00:00.000039936,28.292,27.78,38.261505,106.490005,3.131743e-05,,,,,,
2013-01-08 21:00:00.000039936,29.3208,31.484,39.872463,115.75,3.1615495e-05,,,,,,
2013-01-08 22:24:00.000061440,29.835201,33.336,40.29315,119.454,3.1813266e-05,,,,,,
2013-01-09 00:00:00.000039936,30.864,37.04,40.429127,125.009995,3.206281e-05,29.058329,37.5,137.37,,,
2013-01-09 03:00:00.000039936,31.8928,40.744,42.89821,137.974,3.2540636e-05,29.624998,37.5,162.1975,,,
2013-01-09 06:00:00.000039936,33.436,46.3,44.750027,152.79001,3.305528e-05,,,,,,
2013-01-09 09:00:00.000039936,33.436,46.3,44.770287,152.79001,3.3550907e-05,,,,,,
2013-01-09 10:29:00.000044032,33.436,46.3,44.78019,152.79001,3.3795826e-05,,,,,,
2013-01-09 12:00:00.000039936,33.436,46.3,44.790234,152.79001,3.404614e-05,,,,,,
2013-01-09 15:00:00.000039936,34.4648,46.3,45.12489,160.198,3.4466713e-05,,,,,,
2013-01-09 18:00:00.000039936,36.008,46.3,44.84593,168.995,3.5035337e-05,,,,,,
2013-01-09 21:00:00.000039936,36.008,40.744,49.151314,184.737,3.5967296e-05,,,,,,
2013-01-09 22:07:00.000041984,36.008,38.892,50.67549,190.293,3.6358608e-05,,,,,,
2013-01-10 00:00:00.000039936,36.008,37.04,53.723244,201.405,3.700857e-05,,,,,,
2013-01-10 03:00:00.000039936,38.58,37.04,48.521694,201.405,3.785116e-05,,,,,,
2013-01-10 06:00:00.000039936,41.152,37.04,43.955082,201.405,3.872924e-05,,,,,,
2013-01-10 09:00:00.000039936,41.152,37.04,43.94583,201.405,3.986888e-05,,,,,,
2013-01-10 10:40:00.000045056,41.152,37.04,43.940228,201.405,4.049281e-05,37.78492,34.78835,250.55042,,,
2013-01-10 12:00:00.000039936,41.152,37.04,43.93607,201.405,4.093299e-05,,,,,,
2013-01-10 13:07:00.000041984,41.152,35.188,44.43352,203.72,4.1220188e-05,,,,,,
2013-01-10 15:00:00.000039936,42.1808,31.484,44.341793,211.59102,4.1616648e-05,35.95646,,256.13312,,,
2013-01-10 18:00:00.000039936,43.724,27.78,43.851635,222.23999,4.2152973e-05,,,,,,
2013-01-10 21:00:00.000039936,44.7528,27.78,43.837585,231.5,4.2780037e-05,,,,,,
2013-01-10 21:51:00.000059392,45.2672,27.78,43.31245,233.35199,4.2953558e-05,,,,,,
2013-01-10 22:41:00.000040960,45.2672,27.78,43.62966,235.20401,4.3119424e-05,42.763832,45.27585,265.93976,,,
2013-01-11 00:00:00.000039936,46.296,27.78,42.887184,240.76001,4.3369746e-05,38.453014,,311.66382,,,
2013-01-11 03:00:00.000039936,49.8968,27.78,38.14722,245.39,4.3873508e-05,37.847557,,317.20004,,,
2013-01-11 06:00:00.000039936,54.012,27.78,33.384533,250.01999,4.4340795e-05,,,,,,
2013-01-11 09:00:00.000039936,56.584,27.78,32.821877,274.096,4.4843662e-05,,,,,,
2013-01-11 10:22:00.000028672,57.6128,27.78,32.615936,285.208,4.506416e-05,,,,,,
2013-01-11 12:00:00.000039936,59.156002,27.78,31.916698,298.635,4.5309676e-05,,,,,,
