Time,Vmax,Rmax,rmx_ck22,R34,fcor,vmx_obs,rmx_obs,r34_obs,vmx_sar,rmx_sar,r34_sar
2018-02-08 12:00:00.000039936,18.004,74.08,104.29213,166.68,3.9464914e-05,,,,,,
2018-02-08 15:00:00.000039936,20.576,74.08,104.77084,192.14499,3.80277e-05,,,,,,
2018-02-08 18:00:00.000039936,23.148,74.08,104.232445,217.61,3.651592e-05,,,,,,
2018-02-08 21:00:00.000039936,23.148,77.784,107.611565,224.555,3.5660734e-05,18.331963,25.0,42.37643,,,
2018-02-09 00:00:00.000039936,23.148,83.34,111.079735,231.5,3.5282377e-05,,,,,,
2018-02-09 03:00:00.000039936,23.148,83.34,112.256516,233.815,3.525518e-05,,,,,,
2018-02-09 06:00:00.000039936,23.148,83.34,113.4966,236.13,3.5529305e-05,,,,,,
2018-02-09 09:00:00.000039936,24.1768,83.34,110.05601,240.76,3.580702e-05,,,,,,
2018-02-09 12:00:00.000039936,25.720001,83.34,104.15843,245.39,3.626943e-05,,,,,,
2018-02-09 15:00:00.000039936,26.7488,83.34,101.20691,250.01999,3.6915473e-05,,,,,,
2018-02-09 18:00:00.000039936,28.292,83.34,96.043205,254.65,3.7746686e-05,,,,,,
2018-02-09 21:00:00.000039936,29.3208,83.34,92.542435,256.965,3.858267e-05,28.350847,37.5,150.44292,,,
2018-02-10 00:00:00.000039936,30.864,83.34,87.16885,259.28,3.9709896e-05,,,,,,
2018-02-10 03:00:00.000039936,31.8928,83.34,80.26216,250.01999,4.132904e-05,,,,,,
2018-02-10 06:00:00.000039936,33.436,83.34,72.19996,240.76001,4.3126656e-05,30.152687,23.141642,78.73618,,,
2018-02-10 09:00:00.000039936,34.4648,83.34,68.4238,238.445,4.4776647e-05,,,,,,
2018-02-10 12:00:00.000039936,36.008,83.34,63.43477,236.12999,4.627635e-05,,,,,,
2018-02-10 15:00:00.000039936,37.0368,64.82,60.734978,236.13,4.753557e-05,,,,,,
2018-02-10 18:00:00.000039936,38.58,46.3,56.916454,236.13,4.868306e-05,40.51132,17.488367,206.6678,,,
2018-02-10 21:00:00.000039936,41.152,46.3,50.67129,233.815,4.9970262e-05,38.17179,,239.35706,,,
2018-02-11 00:00:00.000039936,43.724,46.3,45.215115,231.5,5.1074945e-05,,,,,,
2018-02-11 03:00:00.000039936,44.7528,46.3,43.373543,231.5,5.1777624e-05,,,,,,
2018-02-11 06:00:00.000039936,46.296,46.3,40.797646,231.5,5.22651e-05,40.91604,30.764284,171.18857,,,
2018-02-11 09:00:00.000039936,47.3248,46.3,39.16609,231.5,5.277477e-05,35.9445,,198.39049,,,
2018-02-11 12:00:00.000039936,48.868,46.3,36.877083,231.5,5.321436e-05,,,,,,
2018-02-11 15:00:00.000039936,49.8968,46.3,36.353733,238.445,5.3641183e-05,,,,,,
2018-02-11 18:00:00.000039936,51.440002,46.3,35.101715,245.38998,5.392461e-05,,,,,,
2018-02-11 21:00:00.000039936,55.040802,46.3,30.875444,247.70499,5.4012246e-05,45.8369,,187.81297,,,
2018-02-12 00:00:00.000039936,59.156002,46.3,26.744755,250.01999,5.392461e-05,,,,,,
