Time,Vmax,Rmax,rmx_ck22,R34,fcor,vmx_obs,rmx_obs,r34_obs,vmx_sar,rmx_sar,r34_sar
2019-01-23 18:00:00.000039936,18.004,64.82,43.106266,70.99333,4.142137e-05,,,,,,
2019-01-23 21:00:00.000039936,19.0328,64.82,49.339706,85.80933,4.195152e-05,,,,,,
2019-01-24 00:00:00.000039936,20.576,64.82,50.233685,94.91499,4.2152973e-05,18.255436,12.5,30.148243,,,
2019-01-24 03:00:00.000039936,20.576,59.264,62.045116,116.213,4.2104028e-05,,,,,,
2019-01-24 06:00:00.000039936,20.576,55.56,74.792534,138.9,4.1909232e-05,,,,,,
2019-01-24 09:00:00.000039936,21.604801,59.264,73.75246,144.456,4.1768883e-05,,,,,,
2019-01-24 12:00:00.000039936,23.148,64.82,71.063416,150.47499,4.1665367e-05,17.157017,12.5,,,,
2019-01-24 15:00:00.000039936,24.1768,64.82,69.00818,153.716,4.16287e-05,,,,,,
2019-01-24 18:00:00.000039936,25.720001,64.82,65.6192,157.42,4.1665367e-05,,,,,,
2019-01-24 21:00:00.000039936,26.7488,50.004,68.12242,170.847,4.1769013e-05,,,,,,
2019-01-25 00:00:00.000039936,28.292,37.04,69.02656,185.2,4.1909232e-05,27.574749,50.0,171.1352,,,
2019-01-25 03:00:00.000039936,29.3208,40.744,69.50237,194.923,4.203102e-05,27.056776,50.0,169.92426,,,
2019-01-25 06:00:00.000039936,30.864,46.3,68.72856,206.035,4.2152973e-05,,,,,,
2019-01-25 09:00:00.000039936,31.8928,50.004,67.06444,210.202,4.22748e-05,,,,,,
2019-01-25 12:00:00.000039936,33.436,55.56,64.293594,215.295,4.239659e-05,,,,,,
2019-01-25 15:00:00.000039936,34.4648,55.56,57.861397,202.794,4.2500047e-05,25.2045,87.5,193.8542,,,
2019-01-25 18:00:00.000039936,36.008,55.56,51.35705,192.14499,4.2640077e-05,,,,,,
2019-01-25 21:00:00.000039936,36.008,55.56,53.509647,200.016,4.282858e-05,29.714638,59.659477,198.9712,,,
2019-01-26 00:00:00.000039936,36.008,55.56,55.791542,208.34999,4.3126656e-05,,,,,,
2019-01-26 03:00:00.000039936,34.4648,55.56,63.072155,220.388,4.3630753e-05,23.958635,75.0,186.33763,,,
2019-01-26 06:00:00.000039936,33.436,55.56,70.10174,233.815,4.409823e-05,,,,,,
2019-01-26 09:00:00.000039936,31.8928,55.56,74.14153,231.03699,4.432866e-05,,,,,,
2019-01-26 12:00:00.000039936,30.864,55.56,77.00477,229.185,4.4340795e-05,,,,,,
2019-01-26 15:00:00.000039936,31.8928,55.56,69.18608,216.221,4.4116343e-05,23.736528,62.5,139.11214,,,
2019-01-26 18:00:00.000039936,33.436,55.56,60.793427,203.71999,4.385554e-05,,,,,,
2019-01-26 21:00:00.000039936,34.4648,55.56,56.143387,196.77501,4.378227e-05,,,,,,
2019-01-27 00:00:00.000039936,36.008,55.56,50.755074,189.83,4.385554e-05,27.50133,50.0,177.44232,,,
2019-01-27 03:00:00.000039936,36.008,46.3,50.001945,187.052,4.406179e-05,27.65255,50.0,170.1822,,,
2019-01-27 06:00:00.000039936,36.008,37.04,49.503193,185.2,4.4340795e-05,,,,,,
