Time,Vmax,Rmax,rmx_ck22,R34,fcor,vmx_obs,rmx_obs,r34_obs,vmx_sar,rmx_sar,r34_sar
2016-02-10 18:00:00.000039936,20.576,55.56,23.916452,46.300003,3.8483773e-05,26.700441,30.478245,91.50723,,,
2016-02-10 21:00:00.000039936,20.576,55.56,65.940765,123.620995,3.881511e-05,,,,,,
2016-02-11 00:00:00.000039936,20.576,55.56,110.33334,201.405,3.9219805e-05,,,,,,
2016-02-11 03:00:00.000039936,21.604801,64.82,104.55689,201.405,3.9814007e-05,,,,,,
2016-02-11 06:00:00.000039936,23.148,74.08,96.622505,201.405,4.0444127e-05,32.75152,24.343481,129.37984,,,
2016-02-11 09:00:00.000039936,25.720001,59.264,63.7255,153.25299,4.091465e-05,28.404205,37.5,152.87485,,,
2016-02-11 12:00:00.000039936,28.292,46.3,38.650394,106.49,4.142137e-05,29.539469,37.5,139.82549,,,
2016-02-11 15:00:00.000039936,29.3208,46.3,36.94988,106.49,4.2098163e-05,,,,,,
2016-02-11 18:00:00.000039936,30.864,46.3,34.59221,106.49,4.288343e-05,,,,,,
2016-02-11 21:00:00.000039936,33.436,46.3,30.69611,105.101006,4.3679505e-05,,,,,,
2016-02-12 00:00:00.000039936,36.008,46.3,27.496706,104.174995,4.458322e-05,,,,,,
2016-02-12 03:00:00.000039936,41.152,40.744,28.412554,130.103,4.561805e-05,,,,,,
2016-02-12 06:00:00.000039936,46.296,37.04,28.50998,157.42,4.675884e-05,,,,,,
2016-02-12 09:00:00.000039936,49.8968,29.632,27.907059,175.94,4.7944555e-05,,,,,,
2016-02-12 12:00:00.000039936,54.012,22.223999,26.462341,194.45999,4.916265e-05,,,,,,
2016-02-12 15:00:00.000039936,56.584,22.223999,24.175463,194.45999,5.028731e-05,,,,,,
2016-02-12 18:00:00.000039936,59.156002,22.223999,22.095003,194.45999,5.155148e-05,47.244583,27.711332,147.34373,,,
2016-02-12 21:00:00.000039936,59.156002,22.223999,24.243568,219.462,5.3196534e-05,40.90149,,151.66542,,,
2016-02-13 00:00:00.000039936,59.156002,22.223999,26.257936,245.39,5.4869302e-05,,,,,,
2016-02-13 03:00:00.000039936,55.040802,20.372,25.695616,200.016,5.6216577e-05,,,,,,
2016-02-13 06:00:00.000039936,51.440002,18.52,23.223898,155.105,5.7453286e-05,,,,,,
2016-02-13 09:00:00.000039936,51.440002,20.372,23.175777,155.105,5.8841564e-05,37.284782,,163.20204,,,
2016-02-13 12:00:00.000039936,51.440002,22.223999,23.134607,155.105,6.0016075e-05,37.741314,,165.4963,,,
2016-02-13 15:00:00.000039936,49.8968,22.223999,27.178047,174.551,6.068196e-05,,,,,,
2016-02-13 18:00:00.000039936,48.868,22.223999,31.093729,194.46,6.1173734e-05,,,,,,
2016-02-13 21:00:00.000039936,47.3248,22.223999,34.70926,206.035,6.195311e-05,36.52775,,222.24037,,,
2016-02-14 00:00:00.000039936,46.296,22.223999,37.93823,217.60999,6.255676e-05,,,,,,
2016-02-14 03:00:00.000039936,43.724,33.336,43.759663,226.87,6.276208e-05,,,,,,
2016-02-14 06:00:00.000039936,41.152,46.3,50.651077,236.13,6.255676e-05,,,,,,
2016-02-14 09:00:00.000039936,38.58,50.004,53.633373,223.166,6.200455e-05,34.33517,62.5,219.07603,,,
2016-02-14 12:00:00.000039936,36.008,55.56,56.68026,210.66501,6.1173734e-05,,,,,,
2016-02-14 15:00:00.000039936,34.4648,55.56,60.67803,210.66501,6.033451e-05,,,,,,
2016-02-14 18:00:00.000039936,33.436,55.56,63.516857,210.66501,5.9319285e-05,38.858704,57.85717,196.73439,,,
2016-02-14 21:00:00.000039936,30.864,59.264,73.34402,216.221,5.81065e-05,37.169197,,250.64613,,,
2016-02-15 00:00:00.000039936,28.292,64.82,85.13904,222.23999,5.6750614e-05,,,,,,
2016-02-15 03:00:00.000039936,26.7488,59.264,91.60198,222.23999,5.5322842e-05,,,,,,
2016-02-15 06:00:00.000039936,25.720001,55.56,96.18939,222.23999,5.392461e-05,33.67682,54.129948,233.20166,,,
2016-02-15 09:00:00.000039936,25.720001,50.004,93.26679,216.221,5.268573e-05,28.319918,75.0,240.94801,,,
2016-02-15 12:00:00.000039936,25.720001,46.3,90.581276,210.66501,5.155148e-05,,,,,,
2016-02-15 15:00:00.000039936,24.1768,50.004,97.65977,210.66501,5.0443112e-05,,,,,,
2016-02-15 18:00:00.000039936,23.148,55.56,102.73729,210.66501,4.9402213e-05,,,,,,
2016-02-15 21:00:00.000039936,24.1768,64.82,112.32976,240.76001,4.8388323e-05,,,,,,
2016-02-16 00:00:00.000039936,25.720001,74.08,117.788864,270.855,4.748151e-05,,,,,,
2016-02-16 03:00:00.000039936,26.7488,55.56,111.84299,270.855,4.670411e-05,,,,,,
2016-02-16 06:00:00.000039936,28.292,37.04,103.69524,270.855,4.6034886e-05,,,,,,
2016-02-16 09:00:00.000039936,29.3208,31.484,85.74342,237.056,4.53754e-05,30.855822,50.0,186.23564,,,
2016-02-16 12:00:00.000039936,30.864,27.78,68.11282,203.72,4.4825505e-05,,,,,,
2016-02-16 15:00:00.000039936,33.436,27.78,61.532326,206.035,4.4389893e-05,,,,,,
2016-02-16 18:00:00.000039936,36.008,27.78,55.815,208.35,4.409823e-05,40.44958,40.753807,166.43735,,,
2016-02-16 21:00:00.000039936,38.58,27.78,50.248596,208.35,4.39402e-05,,,,,,
2016-02-17 00:00:00.000039936,41.152,27.78,45.397896,208.35,4.385554e-05,,,,,,
2016-02-17 03:00:00.000039936,42.1808,27.78,43.63297,208.35,4.3733817e-05,,,,,,
2016-02-17 06:00:00.000039936,43.724,27.78,41.151604,208.35,4.3612705e-05,43.829536,27.871586,141.5159,,,
2016-02-17 09:00:00.000039936,44.7528,27.78,39.6018,208.35,4.34912e-05,,,,,,
2016-02-17 12:00:00.000039936,46.296,27.78,37.416847,208.35,4.3369746e-05,,,,,,
2016-02-17 15:00:00.000039936,46.296,27.78,37.421925,208.35,4.3248237e-05,,,,,,
2016-02-17 18:00:00.000039936,46.296,27.78,37.427097,208.35,4.3126656e-05,,,,,,
2016-02-17 21:00:00.000039936,48.868,27.78,34.124386,208.35,4.2986703e-05,29.90444,37.5,138.63087,,,
2016-02-18 00:00:00.000039936,51.440002,27.78,31.189264,208.35,4.288343e-05,,,,,,
2016-02-18 03:00:00.000039936,51.440002,27.78,31.191622,208.35,4.284677e-05,,,,,,
2016-02-18 06:00:00.000039936,51.440002,27.78,31.189264,208.35,4.288343e-05,,,,,,
2016-02-18 09:00:00.000039936,52.4688,29.632,30.098518,208.35,4.2968426e-05,,,,,,
2016-02-18 12:00:00.000039936,54.012,31.484,28.54761,208.35,4.3126656e-05,,,,,,
2016-02-18 15:00:00.000039936,54.012,29.632,28.530643,208.35,4.3369404e-05,,,,,,
2016-02-18 18:00:00.000039936,54.012,27.78,28.513504,208.35,4.3612705e-05,,,,,,
2016-02-18 21:00:00.000039936,55.040802,24.076,27.52772,208.35,4.3788474e-05,,,,,,
2016-02-19 00:00:00.000039936,56.584,22.223999,26.13954,208.35,4.385554e-05,,,,,,
2016-02-19 03:00:00.000039936,60.1848,22.223999,24.318275,219.92499,4.378785e-05,,,,,,
2016-02-19 06:00:00.000039936,64.3,22.223999,22.204378,231.5,4.3612705e-05,,,,,,
2016-02-19 09:00:00.000039936,65.328804,22.223999,21.512238,231.5,4.3370383e-05,,,,,,
2016-02-19 12:00:00.000039936,66.872,22.223999,20.513403,231.5,4.3126656e-05,,,,,,
2016-02-19 15:00:00.000039936,69.444,22.223999,19.916534,247.705,4.2949017e-05,,,,,,
2016-02-19 18:00:00.000039936,72.016,22.223999,19.204346,263.91,4.288343e-05,,,,,,
2016-02-19 21:00:00.000039936,74.588,22.223999,15.62834,219.92499,4.294982e-05,,,,,,
2016-02-20 00:00:00.000039936,77.16,22.223999,12.3034525,175.94,4.3126656e-05,,,,,,
