Time,Vmax,Rmax,rmx_ck22,R34,fcor,vmx_obs,rmx_obs,r34_obs,vmx_sar,rmx_sar,r34_sar
2012-02-09 18:00:00.000039936,20.576,74.08,38.65734,74.08,3.6022833e-05,19.89979,25.0,57.73149,,,
2012-02-09 21:00:00.000039936,21.604801,68.524,46.066216,92.6,3.6743793e-05,,,,,,
2012-02-10 00:00:00.000039936,23.148,64.82,51.426033,111.12,3.7500762e-05,,,,,,
2012-02-10 03:00:00.000039936,25.720001,64.82,47.310753,115.75,3.804774e-05,,,,,,
2012-02-10 06:00:00.000039936,28.292,64.82,43.77835,120.380005,3.8483773e-05,30.676102,12.5,95.06443,,,
2012-02-10 09:00:00.000039936,31.8928,64.82,41.658924,133.344,3.883322e-05,,,,,,
2012-02-10 12:00:00.000039936,36.008,64.82,39.30032,148.16,3.9219805e-05,,,,,,
2012-02-10 15:00:00.000039936,43.724,59.264,32.152367,161.587,3.9758463e-05,,,,,,
2012-02-10 18:00:00.000039936,51.440002,55.56,26.779829,175.94,4.0444127e-05,33.41908,12.5,141.80391,,,
2012-02-10 21:00:00.000039936,55.040802,55.56,24.235445,179.64401,4.1354448e-05,,,,,,
2012-02-11 00:00:00.000039936,59.156002,55.56,21.811306,185.2,4.2152973e-05,,,,,,
2012-02-11 03:00:00.000039936,57.6128,40.744,23.132677,187.515,4.2487784e-05,42.56938,28.862457,170.62996,,,
2012-02-11 06:00:00.000039936,56.584,27.78,24.161526,189.83,4.2640077e-05,,,,,,
2012-02-11 09:00:00.000039936,55.040802,46.3,25.389683,189.83,4.2901433e-05,,,,,,
2012-02-11 12:00:00.000039936,54.012,64.82,26.252148,189.83,4.3126656e-05,,,,,,
2012-02-11 15:00:00.000039936,52.4688,64.82,27.632599,189.83,4.326634e-05,,,,,,
2012-02-11 18:00:00.000039936,51.440002,64.82,28.605682,189.83,4.3369746e-05,,,,,,
2012-02-11 21:00:00.000039936,51.440002,64.82,28.600552,189.83,4.3472934e-05,,,,,,
2012-02-12 00:00:00.000039936,51.440002,64.82,28.593395,189.83,4.3612705e-05,,,,,,
2012-02-12 03:00:00.000039936,51.440002,64.82,33.932198,229.185,4.385532e-05,,,,,,
2012-02-12 06:00:00.000039936,51.440002,64.82,39.016212,268.53998,4.409823e-05,39.711006,,222.52663,,,
2012-02-12 09:00:00.000039936,51.440002,64.82,42.95877,300.487,4.420082e-05,,,,,,
2012-02-12 12:00:00.000039936,51.440002,64.82,46.82335,333.36,4.4340795e-05,,,,,,
2012-02-12 15:00:00.000039936,54.012,64.82,44.5347,356.51,4.470435e-05,,,,,,
2012-02-12 18:00:00.000039936,56.584,64.82,42.01066,379.66,4.506766e-05,37.61946,,220.6677,,,
2012-02-12 21:00:00.000039936,57.6128,64.82,40.416542,381.512,4.5206296e-05,,,,,,
2012-02-13 00:00:00.000039936,59.156002,64.82,38.166218,384.29,4.5309676e-05,,,,,,
2012-02-13 03:00:00.000039936,59.156002,64.82,38.112545,384.29,4.5496716e-05,46.491436,46.519623,249.06715,,,
2012-02-13 06:00:00.000039936,59.156002,64.82,38.027412,384.29,4.5793287e-05,43.396442,,281.6476,,,
