Time,Vmax,Rmax,rmx_ck22,R34,fcor,vmx_obs,rmx_obs,r34_obs,vmx_sar,rmx_sar,r34_sar
2016-02-13 09:00:00.000039936,18.004,83.34,59.121044,97.229996,3.1814347e-05,,,,,,
2016-02-13 12:00:00.000039936,20.576,83.34,105.09015,194.45999,3.206281e-05,,,,,,
2016-02-13 15:00:00.000039936,20.576,77.784,105.16445,194.45999,3.248462e-05,,,,,,
2016-02-13 18:00:00.000039936,20.576,74.08,105.26442,194.45999,3.305528e-05,,,,,,
2016-02-13 21:00:00.000039936,21.604801,68.524,69.53705,137.974,3.377991e-05,,,,,,
2016-02-14 00:00:00.000039936,23.148,64.82,38.034798,83.34,3.454095e-05,23.914305,91.18355,237.2358,,,
2016-02-14 03:00:00.000039936,23.148,64.82,64.293686,137.974,3.5121462e-05,21.645065,100.0,267.37845,,,
2016-02-14 06:00:00.000039936,23.148,64.82,92.38843,194.45999,3.577612e-05,,,,,,
2016-02-14 09:00:00.000039936,24.1768,55.56,85.647316,189.83,3.676197e-05,,,,,,
2016-02-14 12:00:00.000039936,25.720001,46.3,77.47586,185.2,3.7746686e-05,26.074217,85.56816,244.29398,,,
2016-02-14 15:00:00.000039936,25.720001,46.3,89.938255,212.98001,3.8472066e-05,,,,,,
2016-02-14 18:00:00.000039936,25.720001,46.3,102.53756,240.76001,3.897458e-05,,,,,,
2016-02-14 21:00:00.000039936,26.7488,46.3,97.59794,240.76001,3.9237457e-05,,,,,,
2016-02-15 00:00:00.000039936,28.292,46.3,90.74478,240.76001,3.9464914e-05,27.679646,84.49621,258.455,,,
2016-02-15 03:00:00.000039936,28.292,46.3,90.803696,240.76001,3.9918225e-05,,,,,,
2016-02-15 06:00:00.000039936,28.292,46.3,90.8714,240.76001,4.0444127e-05,,,,,,
2016-02-15 09:00:00.000039936,28.292,46.3,83.55428,222.23999,4.089613e-05,,,,,,
2016-02-15 12:00:00.000039936,28.292,46.3,76.27526,203.72,4.142137e-05,32.146698,60.8882,224.15726,,,
2016-02-15 15:00:00.000039936,28.292,38.892,67.593956,181.496,4.2152755e-05,,,,,,
2016-02-15 18:00:00.000039936,28.292,31.484,59.14755,159.73499,4.288343e-05,,,,,,
2016-02-15 21:00:00.000039936,29.3208,31.484,83.78257,232.426,4.3405616e-05,,,,,,
2016-02-16 00:00:00.000039936,30.864,31.484,103.938774,305.58,4.385554e-05,,,,,,
2016-02-16 03:00:00.000039936,31.8928,31.484,99.11413,305.58,4.4395434e-05,31.074095,75.0,276.40305,,,
2016-02-16 06:00:00.000039936,33.436,31.484,92.33892,305.58,4.4825505e-05,,,,,,
2016-02-16 09:00:00.000039936,36.008,25.928,82.23131,305.58,4.5055374e-05,,,,,,
2016-02-16 12:00:00.000039936,38.58,22.223999,73.448204,305.58,4.506766e-05,33.77355,46.12148,270.0627,,,
2016-02-16 15:00:00.000039936,41.152,22.223999,61.513245,284.745,4.4843364e-05,26.87188,75.0,289.2075,,,
2016-02-16 18:00:00.000039936,43.724,22.223999,51.559185,263.91,4.458322e-05,,,,,,
2016-02-16 21:00:00.000039936,48.868,20.372,37.520336,231.5,4.449185e-05,,,,,,
2016-02-17 00:00:00.000039936,54.012,18.52,27.313967,199.09,4.458322e-05,38.420265,27.963305,251.33508,,,
2016-02-17 03:00:00.000039936,55.040802,20.372,30.70755,237.05598,4.4855522e-05,35.445248,,310.25177,,,
2016-02-17 06:00:00.000039936,56.584,22.223999,32.89072,275.485,4.5309676e-05,,,,,,
2016-02-17 09:00:00.000039936,59.156002,24.076,31.07354,289.37503,4.585943e-05,,,,,,
2016-02-17 12:00:00.000039936,61.728,27.78,29.197289,303.265,4.651767e-05,,,,,,
