Time,Vmax,Rmax,rmx_ck22,R34,fcor,vmx_obs,rmx_obs,r34_obs,vmx_sar,rmx_sar,r34_sar
2019-02-06 00:00:00.000039936,18.004,74.08,61.991722,101.86,3.131743e-05,,,,,,
2019-02-06 03:00:00.000039936,19.0328,74.08,52.590256,92.137,3.104999e-05,,,,,,
2019-02-06 06:00:00.000039936,20.576,74.08,43.441036,83.34,3.0820032e-05,19.669712,37.5,70.41141,,,
2019-02-06 09:00:00.000039936,24.1768,55.56,44.276787,101.86,3.078277e-05,,,,,,
2019-02-06 12:00:00.000039936,28.292,37.04,43.409008,120.380005,3.0820032e-05,,,,,,
2019-02-06 15:00:00.000039936,29.3208,46.3,43.798058,126.862,3.0801366e-05,,,,,,
2019-02-06 18:00:00.000039936,30.864,55.56,43.469486,134.27,3.0820032e-05,24.341656,37.5,133.20778,,,
2019-02-06 21:00:00.000039936,31.8928,46.3,47.733757,153.25299,3.0925647e-05,,,,,,
2019-02-07 00:00:00.000039936,33.436,37.04,50.954975,173.625,3.1068776e-05,,,,,,
2019-02-07 03:00:00.000039936,33.436,31.484,49.41637,168.532,3.1100066e-05,,,,29.456047,39.0,143.0
2019-02-07 06:00:00.000039936,33.436,27.78,48.16796,164.36499,3.131743e-05,26.402754,37.5,140.14548,,,
2019-02-07 09:00:00.000039936,34.4648,18.52,50.254852,178.255,3.1951015e-05,,,,,,
2019-02-07 12:00:00.000039936,36.008,9.26,51.06151,192.14499,3.280731e-05,,,,,,
2019-02-07 15:00:00.000039936,37.0368,9.26,47.73412,187.05199,3.363756e-05,,,,,,
2019-02-07 18:00:00.000039936,38.58,9.26,43.9762,182.885,3.454095e-05,28.456617,50.0,166.16794,,,
2019-02-07 21:00:00.000039936,39.6088,22.223999,41.981403,181.496,3.5529152e-05,,,,,,
2019-02-08 00:00:00.000039936,41.152,37.04,39.433502,180.57,3.651592e-05,,,,,,
2019-02-08 03:00:00.000039936,44.7528,31.484,34.2648,178.718,3.741477e-05,,,,,,
2019-02-08 06:00:00.000039936,48.868,27.78,29.633093,178.255,3.8238195e-05,33.76761,50.0,167.94528,,,
2019-02-08 09:00:00.000039936,49.8968,18.52,30.982676,193.997,3.8992614e-05,,,,,,
2019-02-08 12:00:00.000039936,51.440002,9.26,31.706308,210.665,3.9709896e-05,,,,,,
2019-02-08 15:00:00.000039936,52.4688,12.964,32.516163,225.481,4.0443807e-05,,,,,,
2019-02-08 18:00:00.000039936,54.012,18.52,32.62254,240.76,4.1177245e-05,35.805317,,141.60439,,,
2019-02-08 21:00:00.000039936,55.040802,18.52,34.2488,266.22498,4.185423e-05,,,,,,
2019-02-09 00:00:00.000039936,56.584,18.52,34.84948,291.69,4.2640077e-05,,,,,,
2019-02-09 03:00:00.000039936,57.6128,20.372,30.349874,258.81702,4.3696607e-05,,,,,,
2019-02-09 06:00:00.000039936,59.156002,22.223999,25.715199,226.87,4.4825505e-05,37.406216,,194.08893,,,
