Time,Vmax,Rmax,rmx_ck22,R34,fcor,vmx_obs,rmx_obs,r34_obs,vmx_sar,rmx_sar,r34_sar
2019-02-12 00:00:00.000039936,18.004,83.34,82.803246,134.26999,3.5035337e-05,,,,,,
2019-02-12 03:00:00.000039936,19.0328,77.784,118.98969,200.942,3.49426e-05,,,,,,
2019-02-12 06:00:00.000039936,20.576,74.08,127.02569,231.5,3.5035337e-05,,,,,,
2019-02-12 09:00:00.000039936,21.604801,64.82,113.90894,219.925,3.514035e-05,21.549192,75.0,145.3377,,,
2019-02-12 12:00:00.000039936,23.148,55.56,99.31591,208.35,3.5282377e-05,,,,,,
2019-02-12 15:00:00.000039936,24.1768,55.56,92.97931,205.572,3.538725e-05,,,,,,
2019-02-12 18:00:00.000039936,25.720001,55.56,85.39407,203.72,3.5529305e-05,,,,,,
2019-02-12 21:00:00.000039936,25.720001,55.56,99.90177,236.13,3.577618e-05,23.014433,100.0,338.68677,,,
2019-02-13 00:00:00.000039936,25.720001,55.56,114.59322,268.53998,3.6022833e-05,,,,,,
2019-02-13 03:00:00.000039936,25.720001,55.56,110.2137,258.817,3.618311e-05,,,,,,
2019-02-13 06:00:00.000039936,25.720001,55.56,106.24925,250.02002,3.626943e-05,,,,,,
2019-02-13 09:00:00.000039936,25.720001,55.56,102.28279,241.22299,3.628791e-05,,,,,,
2019-02-13 12:00:00.000039936,25.720001,55.56,98.94588,233.81499,3.626943e-05,,,,,,
2019-02-13 15:00:00.000039936,26.7488,55.56,128.54861,313.451,3.6250975e-05,,,,,,
2019-02-13 18:00:00.000039936,28.292,55.56,151.82133,393.55002,3.626943e-05,26.881784,89.39434,264.24954,,,
2019-02-13 21:00:00.000039936,28.292,55.56,149.95248,388.92,3.6337206e-05,,,,,,
2019-02-14 00:00:00.000039936,28.292,55.56,148.10931,384.29,3.651592e-05,,,,,,
2019-02-14 03:00:00.000039936,29.3208,55.56,103.91636,287.52298,3.6866975e-05,,,,,,
2019-02-14 06:00:00.000039936,30.864,55.56,63.54178,192.14499,3.7254722e-05,29.916145,63.045135,211.91324,,,
2019-02-14 09:00:00.000039936,30.864,55.56,74.965576,225.018,3.7537644e-05,,,,,,
2019-02-14 12:00:00.000039936,30.864,55.56,86.96592,259.28,3.7746686e-05,25.684593,62.5,292.87744,,,
2019-02-14 15:00:00.000039936,30.864,55.56,87.30981,260.206,3.79249e-05,,,,,,
2019-02-14 18:00:00.000039936,30.864,55.56,87.80455,261.59497,3.7992504e-05,,,,28.451075,59.0,174.0
2019-02-14 21:00:00.000039936,30.864,55.56,87.139465,259.74298,3.7851252e-05,30.683214,75.0,261.43823,,,
2019-02-15 00:00:00.000039936,30.864,55.56,86.96592,259.28003,3.7746686e-05,31.00254,75.0,235.522,,,
2019-02-15 03:00:00.000039936,31.8928,59.264,83.22446,259.743,3.7955564e-05,,,,,,
2019-02-15 06:00:00.000039936,33.436,64.82,78.35494,261.595,3.8238195e-05,,,,,,
2019-02-15 09:00:00.000039936,33.436,48.152,77.64971,259.28,3.8397917e-05,26.519907,75.0,196.7826,,,
2019-02-15 12:00:00.000039936,33.436,31.484,76.93966,256.96503,3.8483773e-05,,,,,,
2019-02-15 15:00:00.000039936,33.436,33.336,77.798355,259.743,3.8483737e-05,,,,,,
2019-02-15 18:00:00.000039936,33.436,37.04,79.08683,263.91,3.8483773e-05,,,,,,
2019-02-15 21:00:00.000039936,33.436,37.04,78.23582,261.13202,3.8606533e-05,26.847853,75.0,238.65527,,,
2019-02-16 00:00:00.000039936,33.436,37.04,77.671165,259.28,3.872924e-05,,,,,,
2019-02-16 03:00:00.000039936,33.436,37.04,77.244064,257.891,3.876603e-05,,,,,,
2019-02-16 06:00:00.000039936,33.436,37.04,76.955475,256.965,3.872924e-05,,,,33.405727,69.0,206.0
2019-02-16 09:00:00.000039936,31.8928,37.04,84.67291,263.91,3.8606526e-05,30.181124,75.0,228.871,,,
2019-02-16 12:00:00.000039936,30.864,37.04,91.11166,270.855,3.8483773e-05,25.458797,87.5,212.54944,,,
2019-02-16 15:00:00.000039936,29.3208,37.04,99.38256,275.02197,3.842852e-05,,,,,,
2019-02-16 18:00:00.000039936,28.292,37.04,106.34461,280.115,3.8483773e-05,29.337257,67.810616,222.71352,,,
2019-02-16 21:00:00.000039936,28.292,37.04,104.32747,275.022,3.8655675e-05,28.172188,87.5,251.15631,,,
2019-02-17 00:00:00.000039936,28.292,37.04,102.705055,270.855,3.897458e-05,27.701916,100.0,249.52034,,,
2019-02-17 03:00:00.000039936,28.292,37.04,111.900246,293.542,3.9428196e-05,,,,,,
2019-02-17 06:00:00.000039936,28.292,37.04,121.533226,317.155,3.995476e-05,27.56053,73.03845,222.63898,,,
2019-02-17 09:00:00.000039936,26.7488,46.3,121.72685,295.857,4.0407416e-05,,,,,,
2019-02-17 12:00:00.000039936,25.720001,55.56,118.74955,275.485,4.093299e-05,,,,,,
2019-02-17 15:00:00.000039936,25.720001,64.82,116.965904,271.318,4.1628722e-05,,,,,,
2019-02-17 18:00:00.000039936,25.720001,74.08,115.83006,268.54,4.239659e-05,,,,,,
2019-02-17 21:00:00.000039936,24.1768,74.08,139.1649,296.32,4.3144926e-05,,,,,,
2019-02-18 00:00:00.000039936,23.148,74.08,161.63554,324.1,4.385554e-05,,,,,,
2019-02-18 03:00:00.000039936,23.148,74.08,164.77989,329.656,4.448015e-05,,,,,,
2019-02-18 06:00:00.000039936,23.148,74.08,168.17015,335.67502,4.506766e-05,,,,,,
2019-02-18 09:00:00.000039936,24.1768,64.82,150.04555,316.69202,4.5672437e-05,,,,,,
2019-02-18 12:00:00.000039936,25.720001,55.56,130.4991,298.635,4.627635e-05,,,,,,
2019-02-18 15:00:00.000039936,26.7488,55.56,124.107025,298.635,4.686122e-05,,,,,,
2019-02-18 18:00:00.000039936,28.292,55.56,115.163475,298.635,4.748151e-05,,,,25.577055,87.0,218.0
