Time,Vmax,Rmax,rmx_ck22,R34,fcor,vmx_obs,rmx_obs,r34_obs,vmx_sar,rmx_sar,r34_sar
2018-03-15 12:00:00.000039936,18.004,83.34,78.80034,129.64,2.3568628e-05,18.036434,12.5,46.917923,,,
2018-03-15 15:00:00.000039936,20.576,83.34,70.50238,134.26999,2.4121002e-05,,,,,,
2018-03-15 18:00:00.000039936,23.148,83.34,63.793545,138.9,2.4823696e-05,,,,,,
2018-03-15 21:00:00.000039936,24.1768,83.34,60.63955,138.9,2.5431671e-05,,,,,,
2018-03-16 00:00:00.000039936,25.720001,83.34,56.32497,138.9,2.6076874e-05,,,,,,
2018-03-16 03:00:00.000039936,25.720001,83.34,56.387543,138.9,2.6846594e-05,,,,,,
2018-03-16 06:00:00.000039936,25.720001,83.34,56.446556,138.9,2.7578055e-05,,,,,,
2018-03-16 09:00:00.000039936,25.720001,83.34,56.489746,138.9,2.8115257e-05,,,,,,
2018-03-16 12:00:00.000039936,25.720001,83.34,56.526592,138.9,2.857718e-05,,,,,,
2018-03-16 15:00:00.000039936,26.7488,77.784,57.637733,148.16,2.901991e-05,,,,,,
2018-03-16 18:00:00.000039936,28.292,74.08,57.260292,157.42,2.9574905e-05,,,,,,
2018-03-16 21:00:00.000039936,29.3208,74.08,54.761692,157.42,3.040936e-05,,,,26.651873,29.0,64.0
2018-03-17 00:00:00.000039936,30.864,74.08,51.277824,157.42,3.131743e-05,,,,,,
2018-03-17 03:00:00.000039936,28.292,74.08,58.340908,159.735,3.210021e-05,,,,,,
2018-03-17 06:00:00.000039936,25.720001,74.08,66.81341,162.04999,3.280731e-05,,,,,,
2018-03-17 09:00:00.000039936,26.7488,59.264,63.699753,162.04999,3.3463915e-05,,,,,,
2018-03-17 12:00:00.000039936,28.292,46.3,59.380367,162.04999,3.404614e-05,25.207832,37.5,105.45944,,,
2018-03-17 15:00:00.000039936,30.864,46.3,53.043583,162.04999,3.45592e-05,26.096777,50.0,105.81129,,,
2018-03-17 18:00:00.000039936,33.436,46.3,47.634327,162.04999,3.5035337e-05,,,,,,
2018-03-17 21:00:00.000039936,34.4648,46.3,45.70093,162.04999,3.5547455e-05,,,,,,
2018-03-18 00:00:00.000039936,36.008,46.3,42.98919,162.04999,3.6022833e-05,,,,,,
2018-03-18 03:00:00.000039936,33.436,46.3,47.69359,162.04999,3.6429672e-05,,,,,,
2018-03-18 06:00:00.000039936,30.864,46.3,53.175217,162.04999,3.67623e-05,,,,,,
2018-03-18 09:00:00.000039936,29.3208,50.004,57.76809,164.36499,3.7045116e-05,,,,,,
2018-03-18 12:00:00.000039936,28.292,55.56,61.418255,166.68,3.7254722e-05,,,,,,
2018-03-18 15:00:00.000039936,30.864,55.56,55.59042,168.995,3.7414888e-05,,,,,,
2018-03-18 18:00:00.000039936,33.436,55.56,50.55792,171.31,3.7500762e-05,,,,,,
2018-03-18 21:00:00.000039936,34.4648,46.3,49.1345,173.625,3.7426125e-05,38.12482,8.9816475,123.25265,,,
2018-03-19 00:00:00.000039936,36.008,37.04,46.80331,175.94,3.7500762e-05,,,,,,
2018-03-19 03:00:00.000039936,39.6088,31.484,42.860104,185.20001,3.809626e-05,,,,,,
2018-03-19 06:00:00.000039936,43.724,27.78,38.591885,194.46,3.872924e-05,,,,,,
2018-03-19 09:00:00.000039936,46.296,18.52,36.792183,203.72,3.901771e-05,,,,,,
2018-03-19 12:00:00.000039936,48.868,9.26,35.050797,212.98001,3.897458e-05,,,,,,
2018-03-19 15:00:00.000039936,49.8968,9.26,35.557354,224.55501,3.8501657e-05,,,,,,
2018-03-19 18:00:00.000039936,51.440002,9.26,35.33544,236.13,3.7992504e-05,,,,,,
2018-03-19 21:00:00.000039936,51.440002,9.26,36.594425,245.39,3.801023e-05,48.13781,20.942057,176.09685,,,
2018-03-20 00:00:00.000039936,51.440002,9.26,37.845264,254.65,3.7992504e-05,,,,,,
2018-03-20 03:00:00.000039936,52.4688,9.26,36.86298,256.965,3.7395603e-05,,,,,,
2018-03-20 06:00:00.000039936,54.012,9.26,35.29522,259.28,3.67623e-05,,,,,,
2018-03-20 09:00:00.000039936,56.584,9.26,32.62366,261.595,3.6546244e-05,,,,,,
2018-03-20 12:00:00.000039936,59.156002,9.26,30.179981,263.91,3.651592e-05,,,,,,
2018-03-20 15:00:00.000039936,60.1848,9.26,29.178457,263.91,3.6515612e-05,,,,,,
2018-03-20 18:00:00.000039936,61.728,9.26,27.75201,263.91,3.651592e-05,,,,,,
2018-03-20 21:00:00.000039936,62.7568,9.26,27.632526,273.16998,3.633638e-05,57.55461,26.369173,253.25612,,,
2018-03-21 00:00:00.000039936,64.3,9.26,27.00473,282.43,3.626943e-05,,,,,,
2018-03-21 03:00:00.000039936,65.328804,9.26,26.242846,284.745,3.6564863e-05,,,,,,
2018-03-21 06:00:00.000039936,66.872,9.26,25.055483,287.06,3.700857e-05,,,,,,
2018-03-21 09:00:00.000039936,69.444,18.52,23.430693,294.005,3.7340244e-05,,,,,,
2018-03-21 12:00:00.000039936,72.016,27.78,21.87303,300.95,3.7746686e-05,61.467003,27.530596,246.54543,,,
