Time,Vmax,Rmax,rmx_ck22,R34,fcor,vmx_obs,rmx_obs,r34_obs,vmx_sar,rmx_sar,r34_sar
2015-03-09 12:00:00.000039936,23.148,55.56,23.818586,53.245003,2.2814716e-05,,,,,,
2015-03-09 15:00:00.000039936,25.720001,46.3,35.43392,88.896,2.3210549e-05,,,,,,
2015-03-09 18:00:00.000039936,28.292,37.04,44.74263,125.01,2.3568628e-05,,,,,,
2015-03-09 20:00:00.000053248,28.8064,37.04,43.758118,125.01,2.3870009e-05,,,,,,
2015-03-09 21:00:00.000039936,29.3208,37.04,42.799274,125.01,2.403321e-05,,,,,,
2015-03-10 00:00:00.000039936,30.864,37.04,40.110863,125.01,2.4572832e-05,,,,,,
2015-03-10 03:00:00.000039936,31.8928,37.04,38.761463,125.936,2.5199799e-05,,,,,,
2015-03-10 06:00:00.000039936,33.436,37.04,36.863216,127.325,2.5826394e-05,32.103348,66.58522,280.37512,,,
2015-03-10 09:00:00.000039936,36.008,37.04,53.56747,202.331,2.6383741e-05,,,,,,
2015-03-10 12:00:00.000039936,38.58,37.04,66.9134,277.8,2.6827835e-05,27.072556,50.0,353.72552,,,
2015-03-10 15:00:00.000039936,41.152,37.04,60.64046,277.8,2.711188e-05,,,,,,
2015-03-10 18:00:00.000039936,43.724,37.04,55.122375,277.8,2.7328068e-05,41.99092,51.11057,,,,
2015-03-10 21:00:00.000039936,43.724,37.04,55.11203,277.8,2.7578055e-05,35.489113,,345.3974,,,
2015-03-11 00:00:00.000039936,51.440002,37.04,42.054516,277.8,2.7827968e-05,,,,,,
2015-03-11 03:00:00.000039936,52.4688,37.04,39.504154,269.466,2.7827944e-05,,,,,,
2015-03-11 06:00:00.000039936,54.012,37.04,36.545193,261.595,2.7827968e-05,,,,,,
2015-03-11 09:00:00.000039936,55.040802,37.04,35.325245,261.595,2.809029e-05,,,,,,
2015-03-11 12:00:00.000039936,56.584,37.04,33.572815,261.595,2.857718e-05,,,,,,
2015-03-11 15:00:00.000039936,57.6128,37.04,33.28532,269.466,2.9232124e-05,,,,,,
2015-03-11 16:00:00.000066560,58.1272,37.04,32.959568,271.781,2.9494913e-05,,,,,,
2015-03-11 18:00:00.000039936,59.156002,37.04,32.43593,277.8,3.0073232e-05,,,,,,
2015-03-11 20:00:00.000053248,59.670403,37.04,31.817734,277.8,3.071129e-05,,,,,,
2015-03-11 21:00:00.000039936,60.1848,37.04,31.252182,277.8,3.1050135e-05,,,,,,
2015-03-12 00:00:00.000039936,61.728,37.04,29.611557,277.8,3.206281e-05,,,,,,
2015-03-12 03:00:00.000039936,62.7568,31.484,29.273413,286.597,3.291265e-05,,,,,,
2015-03-12 06:00:00.000039936,64.3,27.78,28.470684,296.32,3.3798577e-05,,,,,,
2015-03-12 09:00:00.000039936,66.872,27.78,26.643589,305.58002,3.491186e-05,40.195488,,436.27725,,,
2015-03-12 12:00:00.000039936,69.444,27.78,24.85292,314.83997,3.6022833e-05,39.047993,,434.0088,,,
2015-03-12 15:00:00.000039936,70.4728,24.076,23.868973,314.83997,3.6885445e-05,,,,,,
2015-03-12 18:00:00.000039936,72.016,22.223999,22.5401,314.83997,3.7746686e-05,,,,,,
2015-03-12 20:00:00.000053248,72.016,22.223999,22.391651,314.83997,3.8471586e-05,,,,,,
2015-03-12 21:00:00.000039936,72.016,22.223999,22.314123,314.83997,3.885186e-05,42.954044,,376.0377,,,
2015-03-13 00:00:00.000039936,72.016,22.223999,22.089874,314.83997,3.995476e-05,38.976913,,333.84055,,,
2015-03-13 02:00:00.000053248,73.559204,22.223999,20.889503,314.83997,4.0524465e-05,,,,,,
