Time,Vmax,Rmax,rmx_ck22,R34,fcor,vmx_obs,rmx_obs,r34_obs,vmx_sar,rmx_sar,r34_sar
2015-03-10 12:00:00.000039936,20.576,74.08,51.079277,97.229996,3.3798577e-05,22.643225,50.0,118.78848,,,
2015-03-10 15:00:00.000039936,21.604801,74.08,47.845554,96.304,3.4064476e-05,,,,,,
2015-03-10 18:00:00.000039936,23.148,74.08,44.60002,97.229996,3.4293596e-05,,,,,,
2015-03-10 21:00:00.000039936,23.148,74.08,44.607685,97.229996,3.4454544e-05,32.467266,37.38541,155.18117,,,
2015-03-11 00:00:00.000039936,23.148,74.08,44.611774,97.229996,3.454095e-05,26.807291,50.0,166.44762,,,
2015-03-11 03:00:00.000039936,23.148,74.08,44.612698,97.229996,3.4559285e-05,,,,,,
2015-03-11 06:00:00.000039936,23.148,74.08,44.611774,97.229996,3.454095e-05,,,,,,
2015-03-11 09:00:00.000039936,24.1768,74.08,42.36696,97.229996,3.4522436e-05,,,,,,
2015-03-11 12:00:00.000039936,25.720001,74.08,39.318295,97.229996,3.454095e-05,,,,,,
2015-03-11 15:00:00.000039936,26.7488,68.524,37.472267,97.229996,3.457175e-05,,,,,,
2015-03-11 18:00:00.000039936,28.292,64.82,34.95067,97.229996,3.47882e-05,,,,,,
2015-03-11 21:00:00.000039936,28.292,64.82,34.967003,97.229996,3.5282377e-05,,,,,,
2015-03-12 00:00:00.000039936,28.292,46.3,34.967003,97.229996,3.5282377e-05,,,,,,
2015-03-12 03:00:00.000039936,28.292,46.3,35.653423,99.082,3.521769e-05,,,,,,
2015-03-12 06:00:00.000039936,28.292,46.3,36.68112,101.86,3.5035337e-05,,,,,,
2015-03-12 09:00:00.000039936,28.292,46.3,36.66772,101.86,3.4664583e-05,,,,,,
2015-03-12 12:00:00.000039936,28.292,46.3,36.65439,101.86,3.4293596e-05,27.009674,37.5,145.20724,,,
2015-03-12 15:00:00.000039936,28.292,46.3,36.648563,101.86,3.413275e-05,,,,,,
2015-03-12 18:00:00.000039936,28.292,46.3,36.645405,101.86,3.404614e-05,,,,,,
2015-03-12 21:00:00.000039936,28.292,46.3,38.364494,106.490005,3.3922384e-05,,,,,,
2015-03-13 00:00:00.000039936,28.292,46.3,40.087257,111.119995,3.3798577e-05,24.58671,50.0,355.35867,,,
2015-03-13 03:00:00.000039936,28.292,46.3,40.774937,112.972,3.3693326e-05,,,,,,
2015-03-13 06:00:00.000039936,28.292,46.3,41.807896,115.75,3.3550914e-05,,,,,,
2015-03-13 09:00:00.000039936,28.292,46.3,41.795826,115.75,3.328455e-05,,,,,,
2015-03-13 12:00:00.000039936,28.292,46.3,41.78534,115.75,3.305528e-05,,,,,,
2015-03-13 15:00:00.000039936,26.7488,46.3,44.81801,115.75,3.2999516e-05,,,,,,
2015-03-13 18:00:00.000039936,25.720001,46.3,47.036655,115.75,3.305528e-05,,,,,,
2015-03-13 21:00:00.000039936,24.1768,46.3,50.700043,115.75,3.3197604e-05,,,,,,
2015-03-14 00:00:00.000039936,23.148,46.3,53.394005,115.75,3.330315e-05,19.84913,62.5,159.65027,,,
2015-03-14 03:00:00.000039936,23.148,46.3,56.503117,122.231995,3.3179393e-05,,,,,,
2015-03-14 06:00:00.000039936,23.148,46.3,60.070164,129.64,3.305528e-05,,,,,,
2015-03-14 09:00:00.000039936,21.604801,46.3,65.099,129.64,3.3142e-05,,,,,,
2015-03-14 12:00:00.000039936,20.576,46.3,68.829094,129.64,3.330315e-05,16.80838,87.5,,,,
2015-03-14 15:00:00.000039936,20.576,46.3,68.58362,129.177,3.3426568e-05,,,,,,
2015-03-14 18:00:00.000039936,20.576,46.3,68.850914,129.64,3.3550914e-05,,,,,,
2015-03-14 21:00:00.000039936,21.604801,46.3,65.144485,129.64,3.367528e-05,,,,,,
2015-03-15 00:00:00.000039936,23.148,46.3,60.12946,129.64,3.3798577e-05,,,,,,
2015-03-15 03:00:00.000039936,23.148,46.3,60.13923,129.64,3.3922068e-05,,,,,,
2015-03-15 06:00:00.000039936,23.148,46.3,60.149117,129.64,3.404614e-05,,,,,,
2015-03-15 09:00:00.000039936,23.148,46.3,60.158916,129.64,3.4169807e-05,,,,,,
2015-03-15 12:00:00.000039936,23.148,46.3,60.168755,129.64,3.4293596e-05,23.633057,62.5,178.60185,,,
2015-03-15 15:00:00.000039936,24.1768,46.3,57.146038,129.64,3.439866e-05,,,,,,
2015-03-15 18:00:00.000039936,25.720001,46.3,53.02652,129.64,3.454095e-05,,,,,,
2015-03-15 21:00:00.000039936,26.7488,46.3,50.53464,129.64,3.4788212e-05,,,,,,
2015-03-16 00:00:00.000039936,28.292,46.3,47.107944,129.64,3.5035337e-05,,,,,,
2015-03-16 03:00:00.000039936,26.7488,46.3,52.82064,135.196,3.515043e-05,,,,,,
2015-03-16 06:00:00.000039936,25.720001,46.3,58.04202,141.215,3.5282377e-05,,,,,,
2015-03-16 09:00:00.000039936,25.720001,46.3,58.06105,141.215,3.5529305e-05,,,,,,
2015-03-16 12:00:00.000039936,23.148,46.3,65.93712,141.215,3.577612e-05,,,,,,
2015-03-16 15:00:00.000039936,23.148,46.3,65.93712,141.215,3.577612e-05,,,,,,
2015-03-16 18:00:00.000039936,23.148,64.82,83.14013,175.94,3.6022833e-05,,,,,,
2015-03-16 21:00:00.000039936,23.148,64.82,83.17216,175.94,3.626944e-05,26.742643,48.223457,143.77759,,,
2015-03-17 00:00:00.000039936,23.148,64.82,83.20412,175.94,3.651592e-05,23.273418,50.0,130.462,,,
2015-03-17 03:00:00.000039936,21.604801,64.82,90.17271,175.94,3.6762296e-05,,,,,,
2015-03-17 06:00:00.000039936,20.576,64.82,95.30684,175.94,3.700857e-05,,,,,,
2015-03-17 09:00:00.000039936,20.576,64.82,85.84983,159.27199,3.727314e-05,,,,,,
2015-03-17 12:00:00.000039936,20.576,64.82,76.980064,143.53,3.7500762e-05,17.797384,75.0,83.0714,,,
2015-03-17 15:00:00.000039936,21.604801,64.82,72.85801,143.53,3.7660702e-05,,,,,,
2015-03-17 18:00:00.000039936,23.148,64.82,67.25391,143.53,3.7746686e-05,,,,,,
2015-03-17 21:00:00.000039936,24.1768,64.82,63.865685,143.53,3.778355e-05,,,,,,
2015-03-18 00:00:00.000039936,25.720001,64.82,59.23269,143.53,3.7746686e-05,,,,,,
2015-03-18 03:00:00.000039936,29.3208,38.892,53.56264,152.79,3.764212e-05,,,,,,
2015-03-18 06:00:00.000039936,33.436,12.964,47.738308,162.04999,3.7500762e-05,,,,,,
2015-03-18 09:00:00.000039936,36.008,14.816,45.54078,171.31,3.7377562e-05,25.7729,22.031301,64.3221,,,
2015-03-18 12:00:00.000039936,38.58,18.52,43.449947,180.57,3.7254722e-05,,,,,,
2015-03-18 15:00:00.000039936,39.6088,18.52,42.854416,185.20001,3.711333e-05,,,,,,
2015-03-18 18:00:00.000039936,41.152,18.52,41.449806,189.83,3.700857e-05,,,,,,
2015-03-18 21:00:00.000039936,42.1808,22.223999,30.596262,145.38199,3.699012e-05,32.49277,25.356733,124.371315,,,
2015-03-19 00:00:00.000039936,43.724,27.78,20.337234,101.86001,3.700857e-05,28.61069,37.5,115.09463,,,
2015-03-19 03:00:00.000039936,44.7528,24.076,22.227898,115.287,3.6989597e-05,,,,,,
2015-03-19 06:00:00.000039936,46.296,22.223999,23.714203,129.64,3.700857e-05,,,,,,
2015-03-19 09:00:00.000039936,47.3248,22.223999,19.860865,112.046005,3.715027e-05,,,,,,
2015-03-19 12:00:00.000039936,48.868,22.223999,16.063417,94.91499,3.7254722e-05,36.811886,,110.86121,,,
