Time,Vmax,Rmax,rmx_ck22,R34,fcor,vmx_obs,rmx_obs,r34_obs,vmx_sar,rmx_sar,r34_sar
2019-03-22 06:00:00.000039936,18.004,64.82,87.43132,141.215,3.67623e-05,,,,,,
2019-03-22 09:00:00.000039936,19.0328,64.82,92.64479,157.883,3.7199345e-05,,,,,,
2019-03-22 12:00:00.000039936,20.576,64.82,95.411385,175.94,3.7746686e-05,,,,,,
2019-03-22 15:00:00.000039936,21.604801,64.82,99.7565,193.071,3.8465365e-05,,,,,,
2019-03-22 18:00:00.000039936,23.148,64.82,101.15703,210.665,3.9219805e-05,21.52688,87.5,189.80983,,,
2019-03-22 21:00:00.000039936,25.720001,55.56,89.93321,212.51701,3.990577e-05,,,,,,
2019-03-23 00:00:00.000039936,28.292,46.3,80.74942,215.295,4.0444127e-05,,,,,,
2019-03-23 03:00:00.000039936,28.292,59.264,76.02343,203.257,4.074362e-05,,,,,,
2019-03-23 06:00:00.000039936,28.292,74.08,71.66601,192.14499,4.093299e-05,26.725716,62.5,232.0332,,,
2019-03-23 09:00:00.000039936,30.864,74.08,69.29905,207.887,4.1158914e-05,,,,,,
2019-03-23 12:00:00.000039936,33.436,74.08,67.100815,224.555,4.142137e-05,,,,,,
2019-03-23 15:00:00.000039936,34.4648,68.524,64.4943,225.481,4.1787323e-05,,,,,,
2019-03-23 18:00:00.000039936,36.008,64.82,60.82062,226.87001,4.2152973e-05,28.549644,62.5,211.41255,,,
2019-03-23 21:00:00.000039936,38.58,55.56,53.713993,222.703,4.2433105e-05,,,,,,
2019-03-24 00:00:00.000039936,41.152,46.3,47.90171,219.925,4.2640077e-05,,,,,,
2019-03-24 03:00:00.000039936,41.152,46.3,49.485394,227.333,4.2780026e-05,,,,,,
2019-03-24 06:00:00.000039936,41.152,46.3,51.361027,236.13,4.288343e-05,31.391113,62.5,252.79541,,,
2019-03-24 09:00:00.000039936,42.1808,31.484,49.038464,234.741,4.2986812e-05,,,,,,
2019-03-24 12:00:00.000039936,43.724,18.52,46.01157,233.815,4.3126656e-05,,,,,,
2019-03-24 15:00:00.000039936,46.296,12.964,38.757854,216.221,4.3351498e-05,38.073532,43.380272,202.29803,,,
2019-03-24 18:00:00.000039936,48.868,9.26,32.674046,199.09001,4.3612705e-05,35.002785,,216.18216,,,
2019-03-24 21:00:00.000039936,48.868,18.52,36.458458,224.09201,4.3837215e-05,,,,,,
2019-03-25 00:00:00.000039936,48.868,27.78,40.279076,250.01999,4.409823e-05,,,,,,
2019-03-25 03:00:00.000039936,49.8968,27.78,38.357998,247.24199,4.4425913e-05,,,,,,
2019-03-25 06:00:00.000039936,51.440002,27.78,35.976604,245.39,4.4825505e-05,33.486565,87.5,228.40071,,,
2019-03-25 09:00:00.000039936,52.4688,27.78,34.6713,245.853,4.53276e-05,,,,,,
2019-03-25 12:00:00.000039936,54.012,27.78,32.966503,247.705,4.5793287e-05,,,,,,
2019-03-25 15:00:00.000039936,54.012,27.78,31.026152,231.03699,4.6034864e-05,,,,,,
2019-03-25 18:00:00.000039936,54.012,27.78,29.154398,215.295,4.627635e-05,,,,,,
2019-03-25 21:00:00.000039936,56.584,27.78,28.630768,234.278,4.6740668e-05,,,,,,
2019-03-26 00:00:00.000039936,59.156002,27.78,27.95624,254.65,4.7240763e-05,,,,,,
2019-03-26 03:00:00.000039936,59.156002,18.52,27.788982,253.26099,4.7619753e-05,39.051662,,272.43146,,,
2019-03-26 06:00:00.000039936,59.156002,9.26,27.666815,252.33499,4.796257e-05,40.494827,,252.0202,,,
