Time,Vmax,Rmax,rmx_ck22,R34,fcor,vmx_obs,rmx_obs,r34_obs,vmx_sar,rmx_sar,r34_sar
2020-03-13 06:00:00.000039936,18.004,46.3,53.527954,87.97,3.6022833e-05,,,,,,
2020-03-13 09:00:00.000039936,19.0328,46.3,58.084404,100.934006,3.651572e-05,,,,,,
2020-03-13 12:00:00.000039936,20.576,46.3,42.43483,81.025,3.700857e-05,,,,,,
2020-03-13 15:00:00.000039936,21.604801,46.3,54.099514,108.033325,3.7273334e-05,,,,,,
2020-03-13 18:00:00.000039936,23.148,46.3,57.41018,123.46667,3.7500762e-05,19.444069,62.5,154.1447,,,
2020-03-13 21:00:00.000039936,25.720001,46.3,51.660507,125.936,3.792486e-05,,,,,,
2020-03-14 00:00:00.000039936,28.292,46.3,45.52128,125.009995,3.8238195e-05,,,,,,
2020-03-14 03:00:00.000039936,29.3208,46.3,43.315006,124.547,3.8188988e-05,26.893023,50.268982,150.42348,,,
2020-03-14 06:00:00.000039936,30.864,46.3,40.66518,125.009995,3.7992504e-05,,,,,,
2020-03-14 09:00:00.000039936,30.864,46.3,39.724167,122.231995,3.785116e-05,,,,,,
2020-03-14 12:00:00.000039936,30.864,46.3,39.097416,120.380005,3.7746686e-05,,,,,,
2020-03-14 15:00:00.000039936,30.864,37.04,37.07599,114.361,3.7728263e-05,28.459984,42.90359,136.75438,,,
2020-03-14 18:00:00.000039936,30.864,27.78,35.21644,108.80499,3.7746686e-05,25.08384,50.0,119.50989,,,
2020-03-14 21:00:00.000039936,31.8928,27.78,36.105305,116.213005,3.7746653e-05,,,,,,
2020-03-15 00:00:00.000039936,33.436,27.78,36.53986,125.009995,3.7746686e-05,,,,,,
2020-03-15 03:00:00.000039936,33.436,27.78,35.703575,122.232,3.7709815e-05,,,,,,
2020-03-15 06:00:00.000039936,33.436,27.78,35.148216,120.380005,3.7746686e-05,24.0881,50.0,118.967285,,,
2020-03-15 09:00:00.000039936,33.436,31.484,37.382626,127.788,3.7973896e-05,,,,,,
2020-03-15 12:00:00.000039936,33.436,37.04,40.04458,136.58499,3.8238195e-05,,,,,,
2020-03-15 15:00:00.000039936,34.4648,31.484,36.546932,130.103,3.8379425e-05,,,,,,
2020-03-15 18:00:00.000039936,36.008,27.78,33.02103,125.009995,3.8483773e-05,,,,,,
2020-03-15 21:00:00.000039936,34.4648,27.78,36.953114,131.492,3.858797e-05,,,,,,
2020-03-16 00:00:00.000039936,33.436,27.78,40.760536,138.9,3.872924e-05,,,,,,
2020-03-16 03:00:00.000039936,34.4648,22.223999,41.784863,148.16,3.891897e-05,32.307156,35.082703,135.05656,31.740564,40.0,136.0
2020-03-16 06:00:00.000039936,36.008,18.52,41.813877,157.42,3.9219805e-05,26.268314,50.0,170.19998,,,
2020-03-16 09:00:00.000039936,37.0368,22.223999,42.452274,166.217,3.9617462e-05,,,,,,
2020-03-16 12:00:00.000039936,38.58,27.78,42.35773,175.94,4.0199502e-05,,,,,,
2020-03-16 15:00:00.000039936,39.6088,18.52,40.61306,175.477,4.0908253e-05,38.240772,11.933872,151.25691,,,
2020-03-16 18:00:00.000039936,41.152,9.26,38.40973,175.94,4.1909232e-05,,,,,,
2020-03-16 21:00:00.000039936,43.724,9.26,37.510155,189.367,4.328642e-05,,,,,,
