Time,Vmax,Rmax,rmx_ck22,R34,fcor,vmx_obs,rmx_obs,r34_obs,vmx_sar,rmx_sar,r34_sar
2019-04-23 06:00:00.000039936,18.004,101.86,123.28719,201.405,1.9036203e-05,,,,,,
2019-04-23 09:00:00.000039936,19.0328,96.304,80.70047,141.36934,2.0316229e-05,,,,,,
2019-04-23 12:00:00.000039936,20.576,92.6,49.59027,95.68667,2.1556822e-05,,,,,,
2019-04-23 15:00:00.000039936,21.604801,92.6,50.373074,102.47733,2.2783106e-05,17.432898,50.0,,,,
2019-04-23 18:00:00.000039936,23.148,92.6,50.57892,111.119995,2.3819783e-05,16.620996,37.5,,,,
2019-04-23 21:00:00.000039936,23.148,77.784,64.35621,140.13466,2.456044e-05,,,,,,
2019-04-24 00:00:00.000039936,23.148,64.82,78.64036,169.76666,2.5074483e-05,,,,,,
2019-04-24 03:00:00.000039936,23.148,64.82,73.93039,159.88934,2.5525604e-05,,,,,,
2019-04-24 06:00:00.000039936,23.148,64.82,69.80595,151.24666,2.5826394e-05,,,,,,
2019-04-24 09:00:00.000039936,23.148,96.304,68.93405,149.39467,2.5989128e-05,,,,,,
2019-04-24 12:00:00.000039936,23.148,129.64,67.239555,145.845,2.6076874e-05,,,,,,
2019-04-24 15:00:00.000039936,23.148,129.64,71.928505,155.568,2.6202031e-05,,,,,,
2019-04-24 18:00:00.000039936,23.148,129.64,77.31451,166.68001,2.6327272e-05,,,,,,
2019-04-24 21:00:00.000039936,24.1768,111.12,75.35809,170.84702,2.647116e-05,,,,,,
2019-04-25 00:00:00.000039936,25.720001,92.6,72.1033,175.93999,2.6577594e-05,,,,,,
2019-04-25 03:00:00.000039936,25.720001,83.34,75.67671,184.274,2.655894e-05,19.877253,75.0,119.14949,,,
2019-04-25 06:00:00.000039936,25.720001,74.08,80.0661,194.45999,2.6577594e-05,,,,,,
2019-04-25 09:00:00.000039936,25.720001,74.08,78.89797,191.682,2.6790154e-05,,,,,,
2019-04-25 12:00:00.000039936,25.720001,74.08,78.13934,189.82999,2.707799e-05,27.060942,61.885754,186.9634,,,
2019-04-25 15:00:00.000039936,26.7488,77.784,73.32269,187.052,2.7328011e-05,,,,,,
2019-04-25 18:00:00.000039936,28.292,83.34,67.63009,185.2,2.7578055e-05,,,,,,
2019-04-25 21:00:00.000039936,29.3208,68.524,67.14065,192.145,2.777153e-05,,,,,,
2019-04-26 00:00:00.000039936,30.864,55.56,65.16316,199.09,2.807779e-05,31.053028,50.30167,216.77162,,,
2019-04-26 03:00:00.000039936,30.864,46.3,67.41772,205.57199,2.8571234e-05,26.515717,62.5,215.21388,,,
2019-04-26 06:00:00.000039936,30.864,37.04,70.02335,212.98001,2.9325609e-05,,,,,,
2019-04-26 09:00:00.000039936,30.864,37.04,71.72507,217.61,3.0465293e-05,,,,,,
2019-04-26 12:00:00.000039936,30.864,37.04,73.42947,222.24,3.156599e-05,,,,,,
2019-04-26 15:00:00.000039936,31.8928,40.744,73.4765,231.963,3.211853e-05,,,,,,
2019-04-26 18:00:00.000039936,33.436,46.3,72.2415,243.07498,3.2559245e-05,,,,,,
2019-04-26 21:00:00.000039936,33.436,46.3,69.59203,234.27802,3.3284552e-05,,,,,,
2019-04-27 00:00:00.000039936,33.436,46.3,67.36974,226.87,3.404614e-05,29.528044,40.54158,134.62212,,,
2019-04-27 03:00:00.000039936,31.8928,50.004,71.41054,225.01799,3.4683122e-05,,,,,,
2019-04-27 06:00:00.000039936,30.864,55.56,74.59479,224.555,3.5282377e-05,,,,,,
2019-04-27 09:00:00.000039936,29.3208,50.004,81.04245,227.33301,3.5899484e-05,,,,,,
2019-04-27 12:00:00.000039936,28.292,46.3,86.68497,231.5,3.651592e-05,26.658928,38.94991,116.29506,25.852222,39.0,97.0
2019-04-27 15:00:00.000039936,29.3208,46.3,81.17685,227.333,3.7076243e-05,25.276981,50.0,146.19385,,,
2019-04-27 18:00:00.000039936,30.864,46.3,74.82325,224.55501,3.7746686e-05,,,,,,
2019-04-27 21:00:00.000039936,33.436,55.56,64.235825,215.758,3.863721e-05,,,,,,
2019-04-28 00:00:00.000039936,36.008,64.82,55.69969,208.35,3.9709896e-05,,,,,,
2019-04-28 03:00:00.000039936,39.6088,37.04,54.53946,235.66699,4.082308e-05,,,,,,
2019-04-28 06:00:00.000039936,43.724,9.26,51.70924,263.91,4.2152973e-05,,,,,,
