Time,Vmax,Rmax,rmx_ck22,R34,fcor,vmx_obs,rmx_obs,r34_obs,vmx_sar,rmx_sar,r34_sar
2020-04-02 18:00:00.000039936,18.004,64.82,61.741592,101.85999,2.707799e-05,,,,,,
2020-04-02 21:00:00.000039936,19.0328,55.56,57.749107,101.24267,2.7614606e-05,15.245695,100.0,,,,
2020-04-03 00:00:00.000039936,20.576,46.3,58.272717,111.12,2.807779e-05,,,,,,
2020-04-03 03:00:00.000039936,23.148,46.3,57.734734,125.47301,2.8857592e-05,,,,,,
2020-04-03 06:00:00.000039936,25.720001,46.3,57.60916,141.215,2.9824112e-05,,,,,,
2020-04-03 09:00:00.000039936,28.292,40.744,52.80524,145.38199,3.0906933e-05,,,,,,
2020-04-03 12:00:00.000039936,30.864,37.04,48.97678,150.475,3.206281e-05,15.816135,12.5,,,,
2020-04-03 15:00:00.000039936,33.436,40.744,43.084106,147.23401,3.3290875e-05,,,,,,
2020-04-03 18:00:00.000039936,36.008,46.3,38.557243,145.845,3.4293596e-05,,,,,,
2020-04-03 21:00:00.000039936,41.152,29.632,34.06932,156.031,3.475687e-05,32.683987,12.5,135.44028,,,
2020-04-04 00:00:00.000039936,46.296,12.964,30.380117,166.68,3.5035337e-05,,,,,,
2020-04-04 03:00:00.000039936,51.440002,11.1119995,25.625338,166.68,3.5510824e-05,,,,,,
2020-04-04 06:00:00.000039936,56.584,9.26,21.799475,166.68,3.6022833e-05,,,,,,
2020-04-04 09:00:00.000039936,57.6128,9.26,21.696724,171.77301,3.651595e-05,34.57053,25.0,168.0717,,,
2020-04-04 12:00:00.000039936,59.156002,9.26,21.38569,178.255,3.700857e-05,34.73218,37.5,166.17502,,,
2020-04-04 15:00:00.000039936,55.040802,9.26,24.604843,181.03299,3.7537542e-05,,,,,,
2020-04-04 18:00:00.000039936,51.440002,9.26,28.208666,185.20001,3.7992504e-05,48.159397,22.292702,133.91452,,,
2020-04-04 21:00:00.000039936,49.8968,9.26,28.201647,175.47699,3.8275033e-05,,,,,,
2020-04-05 00:00:00.000039936,48.868,9.26,27.779007,166.68001,3.8483773e-05,,,,,,
2020-04-05 03:00:00.000039936,51.440002,9.26,30.533447,201.868,3.8766004e-05,,,,,,
2020-04-05 06:00:00.000039936,54.012,9.26,32.552006,238.445,3.897458e-05,43.995403,26.706194,147.52692,,,
2020-04-05 09:00:00.000039936,57.6128,9.26,24.425877,197.23799,3.902982e-05,37.024193,,160.91985,,,
2020-04-05 12:00:00.000039936,61.728,9.26,17.623896,157.42,3.897458e-05,,,,,,
2020-04-05 15:00:00.000039936,62.7568,9.26,16.43539,150.475,3.8814796e-05,,,,,,
2020-04-05 18:00:00.000039936,64.3,9.26,15.081638,143.53,3.872924e-05,,,,,,
2020-04-05 21:00:00.000039936,62.7568,14.816,17.730635,163.90201,3.8919377e-05,36.682716,,154.04283,,,
2020-04-06 00:00:00.000039936,61.728,22.223999,20.333681,185.2,3.9219805e-05,,,,,,
2020-04-06 03:00:00.000039936,67.9008,22.223999,18.116358,200.94202,3.9350212e-05,,,,,,
