Time,Vmax,Rmax,rmx_ck22,R34,fcor,vmx_obs,rmx_obs,r34_obs,vmx_sar,rmx_sar,r34_sar
2015-05-04 00:00:00.000039936,23.148,55.56,41.955235,92.59999,2.432189e-05,23.190294,50.0,87.9086,,,
2015-05-04 03:00:00.000039936,23.148,55.56,41.948574,92.59999,2.4177412e-05,,,,,,
2015-05-04 06:00:00.000039936,23.148,55.56,41.943596,92.59999,2.4070872e-05,,,,,,
2015-05-04 09:00:00.000039936,23.148,55.56,43.235306,95.378006,2.4052133e-05,24.137941,29.249432,80.42821,,,
2015-05-04 12:00:00.000039936,23.148,55.56,45.17848,99.545,2.4070872e-05,23.456324,37.5,82.10329,,,
2015-05-04 15:00:00.000039936,24.1768,55.56,42.909496,99.545,2.4089688e-05,,,,,,
2015-05-04 18:00:00.000039936,25.720001,55.56,39.83101,99.545,2.4070872e-05,,,,,,
2015-05-04 21:00:00.000039936,26.7488,37.04,37.965046,99.545,2.394529e-05,,,,,,
2015-05-05 00:00:00.000039936,28.292,18.52,35.41774,99.545,2.3819783e-05,,,,,,
2015-05-05 03:00:00.000039936,28.292,18.52,35.41777,99.545,2.381976e-05,,,,,,
2015-05-05 06:00:00.000039936,28.292,18.52,35.41774,99.545,2.3819783e-05,,,,,,
2015-05-05 09:00:00.000039936,29.3208,18.52,37.09661,108.80499,2.3694161e-05,32.5944,11.305167,114.74708,,,
2015-05-05 12:00:00.000039936,30.864,18.52,37.7851,118.065,2.3568628e-05,,,,,,
2015-05-05 15:00:00.000039936,31.8928,18.52,34.91303,113.898,2.354981e-05,,,,,,
2015-05-05 18:00:00.000039936,33.436,18.52,32.012367,111.119995,2.3568628e-05,,,,,,
2015-05-05 21:00:00.000039936,33.436,18.52,27.667868,96.304,2.3530762e-05,,,,,,
2015-05-06 00:00:00.000039936,33.436,18.52,23.885399,83.34,2.3568628e-05,23.582514,25.0,77.57826,,,
2015-05-06 03:00:00.000039936,36.008,18.52,28.652596,109.731,2.3763398e-05,,,,,,
2015-05-06 06:00:00.000039936,38.58,18.52,32.570423,136.58499,2.4070872e-05,,,,,,
2015-05-06 09:00:00.000039936,39.6088,18.52,27.32014,118.991,2.4409455e-05,,,,,,
2015-05-06 12:00:00.000039936,41.152,18.52,22.151613,101.86,2.4823696e-05,29.958042,12.5,108.200714,,,
2015-05-06 15:00:00.000039936,42.1808,18.52,25.014467,118.991,2.5287589e-05,,,,,,
2015-05-06 18:00:00.000039936,43.724,18.52,27.272871,136.58499,2.5826394e-05,,,,,,
2015-05-06 21:00:00.000039936,44.7528,18.52,28.13653,145.845,2.641448e-05,,,,,,
2015-05-07 00:00:00.000039936,46.296,18.52,28.422682,155.10501,2.707799e-05,38.279625,,247.488,,,
2015-05-07 03:00:00.000039936,47.3248,20.372,30.215569,170.847,2.7865755e-05,,,,,,
2015-05-07 06:00:00.000039936,48.868,22.223999,31.445824,187.51501,2.857718e-05,,,,,,
2015-05-07 09:00:00.000039936,49.8968,16.668,27.34483,168.069,2.900707e-05,,,,,,
2015-05-07 12:00:00.000039936,51.440002,12.964,23.400084,150.475,2.9325609e-05,34.313404,25.0,157.58827,,,
2015-05-07 15:00:00.000039936,51.440002,12.964,26.646633,172.23601,2.968071e-05,,,,,,
2015-05-07 18:00:00.000039936,51.440002,12.964,29.91328,194.45999,3.0073232e-05,,,,,,
2015-05-07 21:00:00.000039936,51.440002,12.964,29.891117,194.45999,3.0552397e-05,40.015034,12.191688,121.95865,,,
2015-05-08 00:00:00.000039936,51.440002,12.964,29.86682,194.45999,3.1068776e-05,,,,,,
2015-05-08 03:00:00.000039936,51.440002,14.816,31.459621,205.57199,3.1528005e-05,,,,,,
2015-05-08 06:00:00.000039936,51.440002,18.52,33.162025,217.61,3.206281e-05,,,,,,
2015-05-08 09:00:00.000039936,52.4688,20.372,30.994436,210.202,3.280791e-05,43.646786,16.674536,122.76003,,,
2015-05-08 12:00:00.000039936,54.012,22.223999,28.597172,203.72,3.3550914e-05,,,,,,
2015-05-08 15:00:00.000039936,54.012,22.223999,28.56643,203.72,3.4045475e-05,,,,,,
2015-05-08 18:00:00.000039936,54.012,22.223999,28.535252,203.72,3.454095e-05,,,,,,
2015-05-08 21:00:00.000039936,54.012,22.223999,28.61028,204.646,3.524502e-05,,,,,,
2015-05-09 00:00:00.000039936,54.012,22.223999,28.738583,206.035,3.6022833e-05,,,,,,
2015-05-09 03:00:00.000039936,54.012,20.372,28.511581,204.646,3.678094e-05,,,,,,
2015-05-09 06:00:00.000039936,54.012,18.52,28.347187,203.72,3.7500762e-05,,,,,,
2015-05-09 09:00:00.000039936,57.6128,20.372,21.563969,171.31,3.8096583e-05,,,,,,
2015-05-09 12:00:00.000039936,61.728,22.223999,15.748522,138.90001,3.872924e-05,39.633347,,145.88344,,,
2015-05-09 15:00:00.000039936,65.328804,24.076,17.22732,173.16199,3.951375e-05,,,,,,
2015-05-09 18:00:00.000039936,69.444,27.78,17.725039,208.35,4.0444127e-05,,,,,,
