Time,Vmax,Rmax,rmx_ck22,R34,fcor,vmx_obs,rmx_obs,r34_obs,vmx_sar,rmx_sar,r34_sar
2015-05-10 12:00:00.000039936,23.148,74.08,57.84846,127.325,1.9540814e-05,18.848177,62.5,150.8226,,,
2015-05-10 15:00:00.000039936,21.604801,74.08,55.54294,112.972,2.0820187e-05,,,,,,
2015-05-10 18:00:00.000039936,20.576,74.08,51.669216,99.545006,2.206018e-05,,,,,,
2015-05-10 21:00:00.000039936,20.576,74.08,51.726685,99.545006,2.3034658e-05,,,,,,
2015-05-11 00:00:00.000039936,20.576,74.08,51.772606,99.545006,2.3819783e-05,,,,,,
2015-05-11 03:00:00.000039936,20.576,74.08,51.81473,99.545006,2.4541365e-05,,,,,,
2015-05-11 06:00:00.000039936,20.576,74.08,51.845764,99.545006,2.5074483e-05,,,,,,
2015-05-11 09:00:00.000039936,20.576,74.08,53.852257,103.249,2.5419393e-05,,,,,,
2015-05-11 12:00:00.000039936,20.576,74.08,56.849705,108.805,2.5575835e-05,,,,,,
2015-05-11 15:00:00.000039936,20.576,74.08,56.852226,108.805,2.5613228e-05,,,,,,
2015-05-11 18:00:00.000039936,20.576,74.08,56.849705,108.805,2.5575835e-05,,,,,,
2015-05-11 21:00:00.000039936,20.576,74.08,52.620625,100.934006,2.5594738e-05,,,,,,
2015-05-12 00:00:00.000039936,20.576,74.08,49.396156,94.91499,2.5575835e-05,,,,,,
2015-05-12 03:00:00.000039936,21.604801,74.08,46.70154,94.91499,2.5488102e-05,,,,,,
2015-05-12 06:00:00.000039936,23.148,74.08,43.08096,94.91499,2.53252e-05,,,,,,
2015-05-12 09:00:00.000039936,23.148,74.08,45.662243,100.471,2.5036823e-05,,,,,,
2015-05-12 12:00:00.000039936,23.148,74.08,48.46961,106.49,2.4823696e-05,18.013023,62.5,72.96123,,,
2015-05-12 15:00:00.000039936,25.720001,74.08,43.688316,108.805,2.4873614e-05,,,,,,
2015-05-12 18:00:00.000039936,28.292,74.08,39.70672,111.12,2.5074483e-05,,,,,,
2015-05-12 21:00:00.000039936,30.864,50.004,39.990253,124.547,2.5306428e-05,,,,,,
2015-05-13 00:00:00.000039936,33.436,27.78,40.289524,138.9,2.5575835e-05,,,,,,
2015-05-13 03:00:00.000039936,37.0368,27.78,37.111767,146.771,2.5807358e-05,,,,,,
2015-05-13 06:00:00.000039936,41.152,27.78,33.825172,155.10501,2.6076874e-05,,,,,,
2015-05-13 09:00:00.000039936,42.1808,22.223999,36.541138,173.625,2.6415184e-05,,,,,,
2015-05-13 12:00:00.000039936,43.724,18.52,38.31539,192.145,2.6827835e-05,,,,,,
2015-05-13 15:00:00.000039936,44.7528,31.484,36.978344,192.145,2.7270922e-05,,,,,,
2015-05-13 18:00:00.000039936,46.296,46.3,35.08405,192.145,2.7827968e-05,,,,,,
2015-05-13 21:00:00.000039936,46.296,46.3,35.0661,192.145,2.8577677e-05,,,,,,
2015-05-14 00:00:00.000039936,46.296,46.3,35.047997,192.145,2.9325609e-05,,,,,,
2015-05-14 03:00:00.000039936,44.7528,40.744,36.93543,192.145,2.9860636e-05,,,,,,
2015-05-14 06:00:00.000039936,43.724,37.04,38.276146,192.145,3.0322259e-05,,,,,,
2015-05-14 09:00:00.000039936,43.724,37.04,38.26955,192.145,3.083878e-05,,,,,,
2015-05-14 12:00:00.000039936,43.724,37.04,38.26317,192.145,3.131743e-05,,,,,,
2015-05-14 15:00:00.000039936,43.724,37.04,38.258396,192.145,3.1670792e-05,,,,,,
2015-05-14 18:00:00.000039936,43.724,37.04,38.2528,192.145,3.206281e-05,,,,,,
2015-05-14 21:00:00.000039936,44.7528,31.484,35.746784,186.126,3.2664768e-05,34.95909,33.394115,169.04099,30.457832,23.0,126.0
2015-05-15 00:00:00.000039936,46.296,27.78,32.889946,180.56999,3.330315e-05,27.954487,37.5,231.27579,,,
2015-05-15 03:00:00.000039936,47.3248,31.484,32.696293,186.126,3.3798133e-05,,,,,,
2015-05-15 06:00:00.000039936,48.868,37.04,31.988075,192.145,3.4293596e-05,,,,,,
2015-05-15 09:00:00.000039936,49.8968,27.78,32.577793,203.25699,3.487415e-05,,,,30.691422,26.0,151.0
2015-05-15 12:00:00.000039936,51.440002,18.52,32.616024,215.295,3.5529305e-05,35.62699,,216.4911,,,
2015-05-15 15:00:00.000039936,54.012,24.076,28.069258,200.94199,3.626912e-05,,,,,,
2015-05-15 18:00:00.000039936,56.584,31.484,24.234947,187.515,3.700857e-05,,,,,,
2015-05-15 21:00:00.000039936,59.156002,31.484,25.4298,217.147,3.7605216e-05,53.950584,24.24556,213.05185,,,
2015-05-16 00:00:00.000039936,61.728,31.484,26.128515,247.70502,3.8238195e-05,46.632244,,274.2299,,,
2015-05-16 03:00:00.000039936,65.328804,31.484,20.579496,213.44301,3.907846e-05,,,,,,
2015-05-16 06:00:00.000039936,69.444,31.484,15.827932,180.56999,3.995476e-05,,,,,,
