Time,Vmax,Rmax,rmx_ck22,R34,fcor,vmx_obs,rmx_obs,r34_obs,vmx_sar,rmx_sar,r34_sar
2020-08-22 00:00:00.000039936,18.004,92.6,78.57159,125.009995,5.768715e-05,,,,,,
2020-08-22 03:00:00.000039936,19.0328,120.38,89.98624,150.012,5.8805956e-05,,,,,,
2020-08-22 06:00:00.000039936,20.576,148.16,57.626667,106.49,6.0016075e-05,,,,,,
2020-08-22 09:00:00.000039936,23.148,148.16,60.19047,125.936,6.0942573e-05,,,,,,
2020-08-22 12:00:00.000039936,23.148,92.6,58.628273,122.695,6.2326726e-05,20.96176,12.5,122.69675,,,
2020-08-22 15:00:00.000039936,24.1768,92.6,55.70291,122.695,6.30502e-05,,,,,,
2020-08-22 18:00:00.000039936,25.720001,92.6,51.65315,122.695,6.3474974e-05,,,,,,
2020-08-22 21:00:00.000039936,26.7488,92.6,49.197296,122.695,6.417843e-05,,,,,,
2020-08-23 00:00:00.000039936,28.292,92.6,45.79116,122.695,6.4846485e-05,20.088379,62.5,168.40373,,,
2020-08-23 03:00:00.000039936,29.3208,83.34,56.277245,156.03099,6.537062e-05,,,,,,
2020-08-23 06:00:00.000039936,30.864,74.08,64.373924,189.83,6.575688e-05,,,,,,
2020-08-23 09:00:00.000039936,30.864,64.82,66.67993,196.31201,6.603517e-05,,,,,,
2020-08-23 12:00:00.000039936,30.864,55.56,69.31105,203.72,6.621089e-05,22.850344,50.0,204.30539,,,
2020-08-23 15:00:00.000039936,31.8928,50.004,66.37691,204.646,6.6306755e-05,,,,,,
2020-08-23 18:00:00.000039936,33.436,46.3,62.25786,206.035,6.643758e-05,,,,,,
2020-08-23 21:00:00.000039936,34.4648,46.3,60.63482,210.20201,6.6709734e-05,,,,,,
2020-08-24 00:00:00.000039936,36.008,46.3,57.931114,215.295,6.711647e-05,29.266117,75.0,238.2984,,,
2020-08-24 03:00:00.000039936,37.0368,38.892,56.02391,218.073,6.768052e-05,30.641088,62.5,223.49513,,,
2020-08-24 06:00:00.000039936,38.58,31.484,53.270687,222.23999,6.8243826e-05,,,,,,
2020-08-24 09:00:00.000039936,41.152,31.484,47.581295,222.23999,6.8598034e-05,,,,,,
2020-08-24 12:00:00.000039936,43.724,31.484,42.59725,222.23999,6.8917754e-05,32.04662,50.0,207.43338,,,
2020-08-24 15:00:00.000039936,43.724,31.484,42.252472,220.388,6.931543e-05,,,,,,
2020-08-24 18:00:00.000039936,43.724,31.484,42.144024,219.925,6.981338e-05,,,,,,
2020-08-24 21:00:00.000039936,44.7528,22.223999,40.00779,218.073,7.044963e-05,,,,,,
2020-08-25 00:00:00.000039936,46.296,12.964,37.390396,217.61,7.115043e-05,,,,,,
2020-08-25 03:00:00.000039936,47.3248,11.1119995,35.78347,217.61,7.1782706e-05,,,,,,
2020-08-25 06:00:00.000039936,48.868,9.26,33.527348,217.61,7.247968e-05,,,,,,
2020-08-25 09:00:00.000039936,48.868,14.816,32.685852,211.591,7.332834e-05,,,,,,
2020-08-25 12:00:00.000039936,48.868,22.223999,31.898727,206.035,7.423962e-05,35.720688,,196.9653,,,
