Time,Vmax,Rmax,rmx_ck22,R34,fcor,vmx_obs,rmx_obs,r34_obs,vmx_sar,rmx_sar,r34_sar
2019-08-02 00:00:00.000039936,18.004,83.34,122.2045,191.37334,5.059779e-05,15.691334,75.0,,,,
2019-08-02 03:00:00.000039936,18.004,83.34,123.13289,192.60802,5.127766e-05,,,,,,
2019-08-02 06:00:00.000039936,18.004,83.34,124.490555,194.46,5.2027382e-05,,,,,,
2019-08-02 09:00:00.000039936,19.0328,74.08,117.78471,194.46,5.3107084e-05,,,,,,
2019-08-02 12:00:00.000039936,20.576,64.82,108.56361,194.46,5.439729e-05,,,,,,
2019-08-02 15:00:00.000039936,20.576,68.524,101.299515,181.95898,5.57753e-05,,,,,,
2019-08-02 18:00:00.000039936,20.576,74.08,95.149376,171.31,5.721923e-05,,,,,,
2019-08-02 21:00:00.000039936,20.576,68.524,89.000946,160.661,5.8638903e-05,,,,,,
2019-08-03 00:00:00.000039936,20.576,64.82,83.12903,150.475,6.0016075e-05,20.493101,50.0,86.90106,,,
2019-08-03 03:00:00.000039936,21.604801,59.264,72.90534,139.826,6.139176e-05,,,,,,
2019-08-03 06:00:00.000039936,23.148,55.56,62.176342,129.64001,6.255676e-05,,,,,,
2019-08-03 09:00:00.000039936,23.148,55.56,66.730545,138.43701,6.331316e-05,,,,,,
2019-08-03 12:00:00.000039936,23.148,55.56,71.7886,148.16,6.393293e-05,20.588284,37.5,116.59957,,,
2019-08-03 15:00:00.000039936,24.1768,55.56,67.9752,147.69699,6.469956e-05,,,,,,
2019-08-03 18:00:00.000039936,25.720001,55.56,63.238777,148.16,6.552959e-05,,,,,,
2019-08-03 21:00:00.000039936,25.720001,55.56,59.92866,140.752,6.638382e-05,,,,,,
2019-08-04 00:00:00.000039936,25.720001,55.56,57.04942,134.27,6.734234e-05,20.858984,37.5,114.792595,,,
2019-08-04 03:00:00.000039936,26.7488,55.56,56.33147,138.90001,6.8501264e-05,,,,,,
2019-08-04 06:00:00.000039936,28.292,55.56,54.252155,143.53,6.958979e-05,,,,,,
2019-08-04 09:00:00.000039936,28.292,55.56,59.296566,156.03099,7.0310576e-05,,,,,,
2019-08-04 12:00:00.000039936,28.292,55.56,64.552345,168.99501,7.092813e-05,21.413877,50.0,87.559555,,,
2019-08-04 15:00:00.000039936,29.3208,55.56,62.044697,170.384,7.1703056e-05,,,,,,
2019-08-04 18:00:00.000039936,30.864,55.56,58.89918,173.625,7.247968e-05,,,,,,
2019-08-04 21:00:00.000039936,30.864,55.56,60.3996,177.79199,7.320668e-05,,,,,,
2019-08-05 00:00:00.000039936,30.864,55.56,62.224052,182.88501,7.380098e-05,25.365206,37.5,148.06244,,,
2019-08-05 03:00:00.000039936,31.8928,55.56,59.31736,182.88501,7.414525e-05,,,,,,
2019-08-05 06:00:00.000039936,33.436,55.56,55.25624,182.88501,7.4458614e-05,,,,,,
2019-08-05 09:00:00.000039936,34.4648,55.56,53.280865,184.737,7.497249e-05,,,,,,
2019-08-05 12:00:00.000039936,36.008,55.56,50.45886,187.515,7.5550095e-05,26.793982,37.5,149.68144,,,
