Time,Vmax,Rmax,rmx_ck22,R34,fcor,vmx_obs,rmx_obs,r34_obs,vmx_sar,rmx_sar,r34_sar
2020-09-01 00:00:00.000039936,18.004,92.6,54.24946,87.97,5.345127e-05,,,,,,
2020-09-01 03:00:00.000039936,19.0328,111.12,76.657814,129.64,5.272222e-05,,,,,,
2020-09-01 06:00:00.000039936,20.576,129.64,94.559006,171.31,5.2027382e-05,,,,,,
2020-09-01 09:00:00.000039936,21.604801,129.64,89.47696,171.31,5.1468e-05,,,,,,
2020-09-01 12:00:00.000039936,23.148,129.64,82.54137,171.31,5.083645e-05,21.780552,100.0,176.56845,,,
2020-09-01 15:00:00.000039936,23.148,111.12,78.40738,163.43901,4.982652e-05,,,,,,
2020-09-01 18:00:00.000039936,23.148,92.6,75.25431,157.42001,4.892293e-05,,,,,,
2020-09-01 21:00:00.000039936,26.7488,68.524,69.502556,172.699,4.8539536e-05,34.207462,37.842808,182.65317,,,
2020-09-02 00:00:00.000039936,30.864,46.3,63.489174,189.83,4.844305e-05,27.889816,37.5,224.88336,,,
2020-09-02 03:00:00.000039936,31.8928,50.004,61.570744,192.608,4.8370286e-05,,,,,,
2020-09-02 06:00:00.000039936,33.436,55.56,58.8473,196.775,4.844305e-05,,,,,,
2020-09-02 09:00:00.000039936,33.436,46.3,61.573242,205.57199,4.862902e-05,,,,27.044657,54.0,196.0
2020-09-02 12:00:00.000039936,33.436,37.04,64.59243,215.295,4.892293e-05,26.919273,50.0,177.64366,,,
2020-09-02 15:00:00.000039936,36.008,31.484,60.208797,224.09201,4.926415e-05,,,,,,
2020-09-02 18:00:00.000039936,38.58,27.78,56.353455,233.815,4.9641636e-05,,,,,,
2020-09-02 21:00:00.000039936,42.1808,27.78,53.09584,256.502,4.998262e-05,,,,,,
2020-09-03 00:00:00.000039936,46.296,27.78,48.654438,280.115,5.035898e-05,34.554607,37.5,304.39362,,,
2020-09-03 03:00:00.000039936,48.868,27.78,45.678997,294.005,5.0835406e-05,,,,,,
2020-09-03 06:00:00.000039936,51.440002,27.78,42.710846,307.89502,5.131329e-05,,,,,,
2020-09-03 09:00:00.000039936,55.040802,18.52,36.8178,306.506,5.167116e-05,,,,,,
2020-09-03 12:00:00.000039936,59.156002,9.26,31.249832,305.58,5.2027382e-05,39.71067,,309.87695,,,
2020-09-03 15:00:00.000039936,61.728,14.816,28.278606,306.04303,5.2484305e-05,,,,,,
2020-09-03 18:00:00.000039936,64.3,22.223999,25.672504,307.895,5.2977284e-05,,,,,,
2020-09-03 21:00:00.000039936,65.328804,31.484,25.236225,321.32202,5.3433105e-05,62.569725,40.366245,391.44278,,,
2020-09-04 00:00:00.000039936,66.872,40.744,24.25666,335.675,5.392461e-05,48.34866,,354.37457,,,
