Time,Vmax,Rmax,rmx_ck22,R34,fcor,vmx_obs,rmx_obs,r34_obs,vmx_sar,rmx_sar,r34_sar
2017-07-26 00:00:00.000039936,20.576,74.08,93.02609,171.31,3.9709896e-05,18.11059,62.5,82.58147,,,
2017-07-26 03:00:00.000039936,21.604801,64.82,88.152245,171.31,4.0480812e-05,18.729834,75.0,93.35506,,,
2017-07-26 06:00:00.000039936,23.148,55.56,81.456856,171.31,4.1177245e-05,,,,,,
2017-07-26 09:00:00.000039936,23.148,55.56,81.53301,171.31,4.1823903e-05,,,,,,
2017-07-26 12:00:00.000039936,23.148,55.56,81.59992,171.31,4.239659e-05,,,,,,
2017-07-26 15:00:00.000039936,24.1768,55.56,79.97376,176.403,4.2865144e-05,,,,,,
2017-07-26 18:00:00.000039936,25.720001,55.56,77.077126,182.88501,4.3369746e-05,,,,,,
2017-07-26 21:00:00.000039936,25.720001,55.56,75.49684,179.181,4.407997e-05,,,,,,
2017-07-27 00:00:00.000039936,25.720001,55.56,74.12463,175.94,4.4825505e-05,,,,,,
2017-07-27 03:00:00.000039936,26.7488,50.004,70.61351,175.94,4.548509e-05,,,,,,
2017-07-27 06:00:00.000039936,28.292,46.3,65.726295,175.94,4.6034886e-05,,,,,,
2017-07-27 09:00:00.000039936,28.292,46.3,65.75023,175.94,4.6342728e-05,23.798002,51.857002,135.7562,,,
2017-07-27 12:00:00.000039936,28.292,46.3,65.78231,175.94,4.675884e-05,23.552757,62.5,145.0342,,,
2017-07-27 15:00:00.000039936,29.3208,50.004,62.80906,175.94,4.7667672e-05,,,,,,
2017-07-27 18:00:00.000039936,30.864,55.56,58.652336,175.94,4.868306e-05,,,,,,
2017-07-27 21:00:00.000039936,30.864,55.56,67.44494,200.942,4.94385e-05,28.533587,60.61687,192.48798,,,
2017-07-28 00:00:00.000039936,30.864,55.56,76.61803,226.87001,5.012002e-05,27.37446,12.5,177.50783,,,
2017-07-28 03:00:00.000039936,31.8928,55.56,73.14972,226.87001,5.0853905e-05,27.632387,37.5,193.18631,,,
2017-07-28 06:00:00.000039936,33.436,55.56,68.27886,226.87001,5.155148e-05,,,,,,
2017-07-28 09:00:00.000039936,34.4648,50.004,65.25508,226.87001,5.2163872e-05,,,,,,
2017-07-28 12:00:00.000039936,36.008,46.3,61.008938,226.87001,5.2740055e-05,,,,,,
2017-07-28 15:00:00.000039936,37.0368,46.3,56.097527,218.073,5.3297856e-05,,,,,,
2017-07-28 18:00:00.000039936,38.58,46.3,50.783497,210.665,5.392461e-05,,,,,,
2017-07-28 21:00:00.000039936,39.6088,46.3,48.653645,210.665,5.466236e-05,36.855106,52.89287,227.35098,,,
2017-07-29 00:00:00.000039936,41.152,46.3,45.651314,210.665,5.5576067e-05,32.152214,50.0,187.24136,,,
2017-07-29 03:00:00.000039936,42.1808,37.04,43.754196,210.665,5.6606365e-05,,,,,,
