Time,Vmax,Rmax,rmx_ck22,R34,fcor,vmx_obs,rmx_obs,r34_obs,vmx_sar,rmx_sar,r34_sar
2014-07-29 00:00:00.000039936,23.148,83.34,42.271088,92.600006,3.131743e-05,21.142542,50.0,101.093704,,,
2014-07-29 03:00:00.000039936,24.1768,77.784,50.616093,115.75,3.1845382e-05,,,,,,
2014-07-29 06:00:00.000039936,25.720001,74.08,56.838837,138.9,3.2559245e-05,,,,,,
2014-07-29 09:00:00.000039936,28.292,74.08,50.525833,138.9,3.3550914e-05,33.144512,40.509064,146.3221,,,
2014-07-29 12:00:00.000039936,28.292,64.82,54.091785,148.16,3.4293596e-05,27.424007,37.5,72.09314,,,
2014-07-29 15:00:00.000039936,28.292,55.56,59.4081,162.04999,3.439483e-05,,,,,,
2014-07-29 18:00:00.000039936,28.292,46.3,64.74049,175.94,3.4293596e-05,,,,,,
2014-07-29 21:00:00.000039936,28.292,46.3,64.76882,175.94,3.4608373e-05,,,,,,
2014-07-30 00:00:00.000039936,28.292,46.3,64.80719,175.94,3.5035337e-05,,,,,,
2014-07-30 03:00:00.000039936,28.292,46.3,64.84364,175.94,3.5442816e-05,,,,,,
2014-07-30 06:00:00.000039936,28.292,46.3,64.87323,175.94,3.577612e-05,,,,,,
2014-07-30 09:00:00.000039936,28.292,46.3,63.094704,171.31,3.5899226e-05,,,,,,
2014-07-30 12:00:00.000039936,28.292,46.3,61.31877,166.68,3.6022833e-05,,,,,,
2014-07-30 15:00:00.000039936,28.292,46.3,61.34428,166.68,3.6337122e-05,,,,,,
2014-07-30 18:00:00.000039936,28.292,46.3,61.378647,166.68,3.67623e-05,,,,,,
2014-07-30 21:00:00.000039936,28.292,46.3,61.422653,166.68,3.7309983e-05,26.311945,36.384407,107.3275,,,
2014-07-31 00:00:00.000039936,28.292,46.3,61.457573,166.68,3.7746686e-05,,,,,,
2014-07-31 03:00:00.000039936,28.292,50.004,61.467823,166.68,3.7875478e-05,,,,,,
2014-07-31 06:00:00.000039936,28.292,55.56,61.457573,166.68,3.7746686e-05,,,,,,
2014-07-31 09:00:00.000039936,28.292,55.56,56.7919,154.642,3.7433118e-05,31.35098,38.44187,166.9947,,,
2014-07-31 12:00:00.000039936,28.292,55.56,52.504128,143.53,3.700857e-05,,,,,,
2014-07-31 15:00:00.000039936,28.292,55.56,52.477135,143.53,3.6583504e-05,,,,,,
2014-07-31 18:00:00.000039936,28.292,55.56,52.45713,143.53,3.626943e-05,,,,,,
2014-07-31 21:00:00.000039936,28.292,50.004,54.218422,148.16,3.6158217e-05,,,,,,
2014-08-01 00:00:00.000039936,28.292,46.3,55.998535,152.79001,3.626943e-05,30.383863,62.5,193.37158,,,
2014-08-01 03:00:00.000039936,29.3208,55.56,54.683075,156.031,3.6620666e-05,,,,,,
2014-08-01 06:00:00.000039936,30.864,64.82,52.399143,159.73499,3.700857e-05,,,,,,
2014-08-01 09:00:00.000039936,30.864,59.264,55.575024,168.995,3.7168447e-05,,,,,,
2014-08-01 12:00:00.000039936,30.864,55.56,58.757843,178.255,3.7254722e-05,37.117218,,199.6031,,,
2014-08-01 15:00:00.000039936,34.4648,46.3,50.48214,178.255,3.739608e-05,,,,,,
2014-08-01 18:00:00.000039936,38.58,37.04,42.88992,178.255,3.7500762e-05,,,,,,
2014-08-01 21:00:00.000039936,44.7528,37.04,34.175797,178.255,3.751908e-05,49.5473,36.32535,254.40466,,,
2014-08-02 00:00:00.000039936,51.440002,37.04,27.232628,178.255,3.7500762e-05,,,,,,
2014-08-02 03:00:00.000039936,56.584,37.04,25.394629,197.70099,3.7482263e-05,,,,,,
2014-08-02 06:00:00.000039936,61.728,37.04,23.513527,217.61,3.7500762e-05,,,,,,
