Time,Vmax,Rmax,rmx_ck22,R34,fcor,vmx_obs,rmx_obs,r34_obs,vmx_sar,rmx_sar,r34_sar
2016-08-17 06:00:00.000039936,18.004,111.12,100.97423,157.42,6.643758e-05,,,,,,
2016-08-17 09:00:00.000039936,18.004,111.12,104.20553,162.04999,6.732903e-05,,,,,,
2016-08-17 12:00:00.000039936,18.004,111.12,107.430534,166.68,6.801876e-05,,,,,,
2016-08-17 15:00:00.000039936,18.004,111.12,109.07914,168.995,6.869166e-05,,,,,,
2016-08-17 18:00:00.000039936,18.004,111.12,110.73159,171.31,6.936598e-05,,,,,,
2016-08-17 21:00:00.000039936,18.004,77.784,117.17243,180.56999,7.008042e-05,,,,,,
2016-08-18 00:00:00.000039936,18.004,46.3,123.66271,189.83,7.092813e-05,16.8791,87.5,,,,
2016-08-18 03:00:00.000039936,18.004,46.3,126.99651,194.46,7.2020426e-05,,,,,,
2016-08-18 06:00:00.000039936,18.004,46.3,130.34532,199.09001,7.314133e-05,,,,,,
2016-08-18 09:00:00.000039936,18.004,55.56,133.66956,203.72,7.3953335e-05,,,,,,
2016-08-18 12:00:00.000039936,18.004,64.82,137.01923,208.35,7.4895885e-05,,,,,,
2016-08-18 15:00:00.000039936,18.004,64.82,140.45424,212.98001,7.64641e-05,,,,,,
2016-08-18 18:00:00.000039936,18.004,64.82,143.88837,217.61,7.793102e-05,,,,,,
2016-08-18 21:00:00.000039936,18.004,64.82,139.08383,210.665,7.8645964e-05,,,,,,
2016-08-19 00:00:00.000039936,18.004,64.82,134.2443,203.72,7.900381e-05,,,,,,
2016-08-19 03:00:00.000039936,18.004,64.82,134.29744,203.72,7.9484416e-05,,,,,,
2016-08-19 06:00:00.000039936,18.004,64.82,134.3151,203.72,7.9644604e-05,,,,,,
2016-08-19 09:00:00.000039936,18.004,74.08,127.77789,194.45999,7.922057e-05,,,,,,
2016-08-19 12:00:00.000039936,18.004,83.34,121.24637,185.2,7.85754e-05,,,,,,
2016-08-19 15:00:00.000039936,18.004,83.34,121.20672,185.2,7.8176505e-05,,,,,,
2016-08-19 18:00:00.000039936,18.004,83.34,121.1607,185.2,7.771575e-05,,,,,,
2016-08-19 21:00:00.000039936,18.004,83.34,121.08499,185.2,7.6961514e-05,,,,,,
2016-08-20 00:00:00.000039936,18.004,83.34,121.00819,185.2,7.620224e-05,16.564621,75.0,,,,
2016-08-20 03:00:00.000039936,18.004,77.784,120.962166,185.2,7.574995e-05,,,,,,
2016-08-20 06:00:00.000039936,18.004,74.08,120.91949,185.2,7.533226e-05,,,,,,
2016-08-20 09:00:00.000039936,19.0328,68.524,114.35604,185.2,7.465983e-05,,,,,,
2016-08-20 12:00:00.000039936,20.576,64.82,105.2997,185.2,7.402041e-05,18.556973,75.0,98.85258,,,
2016-08-20 15:00:00.000039936,20.576,64.82,101.03547,178.255,7.364217e-05,,,,,,
2016-08-20 18:00:00.000039936,20.576,64.82,96.79721,171.31,7.336144e-05,,,,,,
2016-08-20 21:00:00.000039936,20.576,64.82,93.971054,166.68,7.3064235e-05,,,,,,
2016-08-21 00:00:00.000039936,20.576,64.82,91.147385,162.04999,7.270045e-05,,,,,,
2016-08-21 03:00:00.000039936,20.576,64.82,89.70819,159.735,7.216409e-05,,,,,,
2016-08-21 06:00:00.000039936,20.576,64.82,88.269424,157.42,7.159438e-05,,,,,,
2016-08-21 09:00:00.000039936,20.576,64.82,79.93651,143.53,7.111708e-05,24.003847,29.312433,77.83462,,,
2016-08-21 12:00:00.000039936,20.576,64.82,71.687904,129.64,7.07056e-05,,,,,,
2016-08-21 15:00:00.000039936,21.604801,64.82,66.56929,127.325,7.030424e-05,,,,,,
2016-08-21 18:00:00.000039936,23.148,64.82,60.254013,125.01001,7.003676e-05,,,,,,
2016-08-21 21:00:00.000039936,23.148,64.82,54.33078,113.435,6.99867e-05,,,,,,
2016-08-22 00:00:00.000039936,23.148,64.82,48.46648,101.86,7.003676e-05,24.102118,25.0,89.93812,,,
2016-08-22 03:00:00.000039936,24.1768,64.82,46.01839,101.86,7.007009e-05,,,,,,
2016-08-22 06:00:00.000039936,25.720001,64.82,42.661312,101.86,7.003676e-05,,,,,,
2016-08-22 09:00:00.000039936,25.720001,59.264,43.68079,104.175,6.984707e-05,,,,,,
2016-08-22 12:00:00.000039936,25.720001,55.56,44.69923,106.490005,6.958979e-05,22.670813,50.0,103.148834,,,
2016-08-22 15:00:00.000039936,25.720001,59.264,45.72271,108.80501,6.943302e-05,,,,,,
2016-08-22 18:00:00.000039936,25.720001,64.82,46.74229,111.12,6.914198e-05,,,,,,
2016-08-22 21:00:00.000039936,26.7488,64.82,44.469673,111.12,6.851924e-05,32.27097,11.654541,94.05138,,,
2016-08-23 00:00:00.000039936,28.292,64.82,41.350006,111.12,6.7793495e-05,,,,,,
2016-08-23 03:00:00.000039936,28.292,55.56,41.33227,111.12,6.724625e-05,,,,,,
2016-08-23 06:00:00.000039936,28.292,46.3,41.313328,111.12,6.666408e-05,,,,,,
2016-08-23 09:00:00.000039936,29.3208,46.3,39.39784,111.12,6.5887405e-05,,,,,,
2016-08-23 12:00:00.000039936,30.864,46.3,36.76331,111.12,6.507438e-05,,,,,,
2016-08-23 15:00:00.000039936,33.436,31.484,32.912273,111.12,6.439014e-05,,,,,,
2016-08-23 18:00:00.000039936,36.008,18.52,29.606651,111.12,6.370404e-05,,,,,,
2016-08-23 21:00:00.000039936,38.58,18.52,27.87451,115.75,6.286706e-05,,,,,,
2016-08-24 00:00:00.000039936,41.152,18.52,26.278578,120.380005,6.20965e-05,32.270794,25.0,138.1264,,,
2016-08-24 03:00:00.000039936,44.7528,18.52,23.887701,125.009995,6.1600585e-05,,,,,,
2016-08-24 06:00:00.000039936,48.868,18.52,21.391216,129.64,6.1173734e-05,,,,,,
2016-08-24 09:00:00.000039936,49.8968,20.372,20.657612,129.64,6.061291e-05,45.128975,21.210659,126.57787,,,
2016-08-24 12:00:00.000039936,51.440002,22.223999,19.616629,129.64,6.0016075e-05,43.3308,,186.12476,,,
2016-08-24 15:00:00.000039936,54.012,22.223999,19.194818,138.9,5.9400594e-05,,,,,,
2016-08-24 18:00:00.000039936,56.584,22.223999,18.69683,148.16,5.8853857e-05,,,,,,
2016-08-24 21:00:00.000039936,55.040802,22.223999,19.691364,148.16,5.841685e-05,,,,,,
2016-08-25 00:00:00.000039936,54.012,22.223999,20.388489,148.16,5.8154368e-05,,,,,,
2016-08-25 03:00:00.000039936,52.4688,20.372,21.479454,148.16,5.8119283e-05,,,,,,
2016-08-25 06:00:00.000039936,51.440002,18.52,22.246506,148.16,5.8154368e-05,,,,,,
2016-08-25 09:00:00.000039936,49.8968,18.52,24.824322,157.42,5.807266e-05,,,,30.383268,20.0,136.0
2016-08-25 12:00:00.000039936,48.868,18.52,27.15395,166.68,5.7920843e-05,,,,,,
2016-08-25 15:00:00.000039936,48.868,22.223999,28.20464,173.625,5.7687117e-05,,,,,,
2016-08-25 18:00:00.000039936,48.868,27.78,29.248114,180.57,5.7453286e-05,,,,,,
2016-08-25 21:00:00.000039936,48.868,27.78,29.597614,182.88501,5.730116e-05,40.08522,43.633595,197.29253,,,
2016-08-26 00:00:00.000039936,48.868,27.78,29.943289,185.2,5.721923e-05,,,,,,
2016-08-26 03:00:00.000039936,48.868,20.372,30.965136,192.145,5.7183723e-05,,,,,,
2016-08-26 06:00:00.000039936,48.868,12.964,31.974104,199.09001,5.721923e-05,,,,,,
2016-08-26 09:00:00.000039936,47.3248,14.816,35.682064,210.66501,5.728425e-05,,,,,,
2016-08-26 12:00:00.000039936,46.296,18.52,38.983776,222.24,5.7453286e-05,34.728325,50.0,223.82295,,,
2016-08-26 15:00:00.000039936,46.296,18.52,40.210987,230.111,5.7786172e-05,,,,,,
2016-08-26 18:00:00.000039936,46.296,18.52,41.491806,238.44499,5.8154368e-05,,,,,,
2016-08-26 21:00:00.000039936,48.868,18.52,38.670193,247.705,5.8387322e-05,,,,,,
2016-08-27 00:00:00.000039936,51.440002,18.52,35.969795,256.965,5.862087e-05,,,,,,
2016-08-27 03:00:00.000039936,52.4688,24.076,35.34185,264.836,5.8917754e-05,,,,,,
2016-08-27 06:00:00.000039936,54.012,31.484,33.990555,273.17,5.9319285e-05,,,,,,
2016-08-27 09:00:00.000039936,55.040802,31.484,33.566196,284.745,5.9830414e-05,44.642128,34.158714,301.81107,,,
2016-08-27 12:00:00.000039936,56.584,31.484,32.32972,296.32,6.0479695e-05,39.60971,,340.02148,,,
2016-08-27 15:00:00.000039936,57.6128,25.928,31.356916,303.26498,6.121931e-05,,,,,,
2016-08-27 18:00:00.000039936,59.156002,22.223999,29.695812,310.21,6.20965e-05,,,,,,
