Time,Vmax,Rmax,rmx_ck22,R34,fcor,vmx_obs,rmx_obs,r34_obs,vmx_sar,rmx_sar,r34_sar
2018-08-03 03:00:00.000039936,18.004,92.6,50.982807,83.34,4.513406e-05,,,,,,
2018-08-03 06:00:00.000039936,20.576,92.6,91.063385,166.68,4.5309676e-05,,,,,,
2018-08-03 09:00:00.000039936,21.604801,83.34,99.55525,190.756,4.5666453e-05,,,,,,
2018-08-03 12:00:00.000039936,23.148,74.08,104.67831,215.295,4.627635e-05,,,,,,
2018-08-03 15:00:00.000039936,24.1768,74.08,107.98099,232.426,4.7168414e-05,,,,,,
2018-08-03 18:00:00.000039936,25.720001,74.08,108.25393,250.02,4.8202877e-05,,,,,,
2018-08-03 21:00:00.000039936,26.7488,74.08,110.16994,266.22498,4.916259e-05,25.393824,46.320793,129.92554,,,
2018-08-04 00:00:00.000039936,28.292,74.08,108.90393,282.43,5.012002e-05,21.458694,50.0,233.93985,,,
2018-08-04 03:00:00.000039936,30.864,64.82,97.988235,287.06,5.1056868e-05,,,,,,
2018-08-04 06:00:00.000039936,33.436,55.56,88.3139,291.69,5.2027382e-05,,,,,,
2018-08-04 09:00:00.000039936,34.4648,55.56,84.88658,294.005,5.3131524e-05,26.784033,97.55333,285.4859,,,
2018-08-04 12:00:00.000039936,36.008,55.56,79.66473,296.32,5.4161024e-05,,,,,,
2018-08-04 15:00:00.000039936,37.0368,55.56,76.554756,298.635,5.4904664e-05,,,,,,
2018-08-04 18:00:00.000039936,38.58,55.56,71.857376,300.94998,5.5576067e-05,,,,,,
2018-08-04 21:00:00.000039936,38.58,55.56,72.336205,303.26498,5.6345743e-05,,,,,,
2018-08-05 00:00:00.000039936,38.58,55.56,72.80307,305.58,5.721923e-05,27.670504,37.5,242.25117,,,
2018-08-05 03:00:00.000039936,38.58,55.56,73.771935,310.21,5.825348e-05,,,,,,
2018-08-05 06:00:00.000039936,38.58,55.56,74.724014,314.84,5.9319285e-05,,,,,,
2018-08-05 09:00:00.000039936,38.58,64.82,75.16146,317.15503,6.0247887e-05,,,,,,
2018-08-05 12:00:00.000039936,38.58,74.08,75.59226,319.47003,6.1173734e-05,33.267853,50.0,356.10843,,,
2018-08-05 15:00:00.000039936,38.58,55.56,75.502975,319.47003,6.217725e-05,,,,,,
2018-08-05 18:00:00.000039936,38.58,37.04,75.40555,319.47003,6.324571e-05,,,,,,
2018-08-05 21:00:00.000039936,37.0368,37.04,81.12284,319.47003,6.439007e-05,36.128952,40.02925,347.28552,,,
2018-08-06 00:00:00.000039936,36.008,37.04,85.218185,319.47003,6.552959e-05,,,,,,
2018-08-06 03:00:00.000039936,36.008,55.56,85.73717,321.78503,6.655058e-05,,,,,,
2018-08-06 06:00:00.000039936,36.008,74.08,86.248695,324.09998,6.756802e-05,,,,,,
2018-08-06 09:00:00.000039936,34.4648,68.524,94.37338,328.72998,6.865966e-05,35.35187,40.301613,327.34964,,,
2018-08-06 12:00:00.000039936,33.436,64.82,100.728485,333.36,6.981338e-05,,,,,,
2018-08-06 15:00:00.000039936,33.436,64.82,101.342125,335.675,7.107248e-05,,,,,,
2018-08-06 18:00:00.000039936,33.436,64.82,101.94964,337.99,7.2258685e-05,,,,,,
2018-08-06 21:00:00.000039936,36.008,64.82,87.50613,331.045,7.32077e-05,,,,,,
2018-08-07 00:00:00.000039936,38.58,64.82,75.25231,324.1,7.402041e-05,25.877153,37.5,302.71442,,,
