Time,Vmax,Rmax,rmx_ck22,R34,fcor,vmx_obs,rmx_obs,r34_obs,vmx_sar,rmx_sar,r34_sar
2015-08-15 06:00:00.000039936,20.576,74.08,48.754337,92.6,3.7746686e-05,23.751799,61.08258,159.86499,,,
2015-08-15 09:00:00.000039936,21.604801,64.82,44.917995,90.284996,3.7765054e-05,19.595234,87.5,157.46622,,,
2015-08-15 12:00:00.000039936,23.148,55.56,40.34629,87.97,3.7746686e-05,,,,,,
2015-08-15 15:00:00.000039936,24.1768,50.004,43.143307,98.619,3.77836e-05,,,,,,
2015-08-15 18:00:00.000039936,25.720001,46.3,45.323963,111.119995,3.7746686e-05,,,,,,
2015-08-15 21:00:00.000039936,26.7488,46.3,43.17462,111.119995,3.7537615e-05,,,,,,
2015-08-16 00:00:00.000039936,28.292,46.3,40.23134,111.119995,3.7254722e-05,,,,,,
2015-08-16 03:00:00.000039936,29.3208,46.3,56.235676,160.198,3.7008525e-05,,,,,,
2015-08-16 06:00:00.000039936,30.864,46.3,69.90926,210.665,3.67623e-05,,,,,,
2015-08-16 09:00:00.000039936,31.8928,46.3,51.022354,162.513,3.6497397e-05,,,,,,
2015-08-16 12:00:00.000039936,33.436,46.3,33.721397,115.75,3.626943e-05,,,,,,
2015-08-16 15:00:00.000039936,34.4648,40.744,38.22109,136.12201,3.6090565e-05,,,,,,
2015-08-16 18:00:00.000039936,36.008,37.04,41.733593,157.42,3.6022833e-05,36.728558,56.03299,251.9874,,,
2015-08-16 21:00:00.000039936,38.58,38.892,45.686718,189.82999,3.6072015e-05,,,,,,
2015-08-17 00:00:00.000039936,41.152,40.744,48.490513,222.23999,3.626943e-05,33.48842,62.5,263.383,,,
2015-08-17 03:00:00.000039936,44.7528,35.188,42.742405,224.092,3.6583788e-05,,,,,,
2015-08-17 06:00:00.000039936,48.868,31.484,37.311214,226.87,3.700857e-05,40.75271,42.00077,299.1243,,,
2015-08-17 09:00:00.000039936,51.440002,29.632,39.75515,268.54,3.746344e-05,36.606483,,300.66736,,,
2015-08-17 12:00:00.000039936,54.012,27.78,41.049255,310.21,3.7992504e-05,36.244713,,305.16516,,,
2015-08-17 15:00:00.000039936,55.040802,22.223999,39.446564,310.21,3.8625e-05,,,,,,
2015-08-17 18:00:00.000039936,56.584,18.52,37.21805,310.21,3.9219805e-05,45.641945,51.170826,367.9978,,,
2015-08-17 21:00:00.000039936,57.6128,18.52,35.807484,310.21,3.9605773e-05,,,,,,
2015-08-18 00:00:00.000039936,59.156002,18.52,33.837536,310.21,3.995476e-05,39.107746,,359.08762,,,
2015-08-18 03:00:00.000039936,60.1848,22.223999,32.555668,310.21,4.0370578e-05,,,,,,
2015-08-18 06:00:00.000039936,61.728,27.78,30.736109,310.21,4.093299e-05,,,,,,
2015-08-18 09:00:00.000039936,61.728,24.076,30.590117,310.21,4.169509e-05,,,,,,
2015-08-18 12:00:00.000039936,61.728,22.223999,30.409021,310.21,4.2640077e-05,,,,,,
2015-08-18 15:00:00.000039936,62.7568,24.076,29.112822,310.21,4.3734657e-05,,,,,,
2015-08-18 18:00:00.000039936,64.3,27.78,27.356394,310.21,4.4825505e-05,51.822914,45.952393,456.87875,,,
2015-08-18 21:00:00.000039936,65.328804,22.223999,26.200739,310.21,4.5744608e-05,50.554207,49.351616,415.50543,,,
2015-08-19 00:00:00.000039936,66.872,18.52,24.660067,310.21,4.651767e-05,,,,,,
2015-08-19 03:00:00.000039936,67.9008,22.223999,23.660624,310.21,4.713824e-05,,,,,,
2015-08-19 06:00:00.000039936,69.444,27.78,22.296831,310.21,4.7722115e-05,,,,,,
