Time,Vmax,Rmax,rmx_ck22,R34,fcor,vmx_obs,rmx_obs,r34_obs,vmx_sar,rmx_sar,r34_sar
2016-09-12 00:00:00.000039936,18.004,92.6,76.72185,125.009995,3.305528e-05,,,,,,
2016-09-12 03:00:00.000039936,20.576,68.524,66.27797,125.009995,3.34076e-05,,,,,,
2016-09-12 06:00:00.000039936,23.148,46.3,57.88898,125.009995,3.3798577e-05,,,,,,
2016-09-12 09:00:00.000039936,21.604801,50.004,62.769382,125.009995,3.431159e-05,,,,,,
2016-09-12 12:00:00.000039936,20.576,55.56,66.391495,125.009995,3.47882e-05,,,,,,
2016-09-12 15:00:00.000039936,21.604801,55.56,66.48358,131.95499,3.5091027e-05,,,,,,
2016-09-12 18:00:00.000039936,23.148,55.56,64.76019,138.9,3.5282377e-05,,,,,,
2016-09-12 21:00:00.000039936,23.148,55.56,64.77104,138.9,3.540513e-05,23.912138,32.98424,88.88601,,,
2016-09-13 00:00:00.000039936,23.148,55.56,64.78202,138.9,3.5529305e-05,,,,,,
2016-09-13 03:00:00.000039936,24.1768,55.56,61.534637,138.9,3.57388e-05,,,,,,
2016-09-13 06:00:00.000039936,25.720001,55.56,57.10183,138.9,3.6022833e-05,,,,,,
2016-09-13 09:00:00.000039936,26.7488,55.56,54.418133,138.9,3.637376e-05,,,,,,
2016-09-13 12:00:00.000039936,28.292,55.56,50.722008,138.9,3.67623e-05,,,,,,
2016-09-13 15:00:00.000039936,29.3208,55.56,49.304832,141.215,3.7076166e-05,,,,,,
2016-09-13 18:00:00.000039936,30.864,55.56,46.90873,143.53,3.7500762e-05,,,,,,
2016-09-13 21:00:00.000039936,31.8928,50.004,50.20548,159.735,3.823759e-05,,,,,,
2016-09-14 00:00:00.000039936,33.436,46.3,52.036797,175.94,3.897458e-05,,,,,,
2016-09-14 03:00:00.000039936,34.4648,46.3,49.882595,175.94,3.9379163e-05,,,,,,
2016-09-14 06:00:00.000039936,36.008,46.3,46.863476,175.94,3.9709896e-05,,,,,,
2016-09-14 09:00:00.000039936,36.008,46.3,47.506344,178.255,4.0180184e-05,,,,,,
2016-09-14 12:00:00.000039936,36.008,46.3,48.150494,180.57,4.0688625e-05,32.515064,25.0,116.24728,,,
2016-09-14 15:00:00.000039936,37.0368,40.744,46.2166,180.57,4.1196145e-05,,,,,,
2016-09-14 18:00:00.000039936,38.58,37.04,43.497353,180.57,4.1665367e-05,,,,,,
2016-09-14 21:00:00.000039936,37.0368,37.04,47.436493,185.2,4.199338e-05,41.17598,14.211339,146.863,,,
2016-09-15 00:00:00.000039936,36.008,37.04,50.719315,189.82999,4.239659e-05,37.581367,,120.18338,,,
2016-09-15 03:00:00.000039936,37.0368,37.04,49.262157,192.14499,4.3017408e-05,,,,,,
2016-09-15 06:00:00.000039936,38.58,37.04,46.88502,194.45999,4.385554e-05,,,,,,
2016-09-15 09:00:00.000039936,42.1808,24.076,40.75827,194.45999,4.4891593e-05,32.50213,11.764458,138.20885,,,
2016-09-15 12:00:00.000039936,46.296,12.964,34.93834,194.45999,4.6034886e-05,31.675806,12.5,121.93796,,,
2016-09-15 15:00:00.000039936,46.296,12.964,34.898056,194.45999,4.7120233e-05,,,,,,
2016-09-15 18:00:00.000039936,46.296,12.964,34.85719,194.45999,4.8202877e-05,,,,,,
2016-09-15 21:00:00.000039936,47.3248,12.964,32.398148,187.515,4.9264047e-05,,,,,,
2016-09-16 00:00:00.000039936,48.868,12.964,29.544056,180.56999,5.035898e-05,41.590557,,148.79005,,,
2016-09-16 03:00:00.000039936,51.440002,14.816,28.798653,194.46,5.155145e-05,40.18244,,162.1632,,,
2016-09-16 06:00:00.000039936,54.012,18.52,27.855118,208.35,5.2740055e-05,,,,,,
