Time,Vmax,Rmax,rmx_ck22,R34,fcor,vmx_obs,rmx_obs,r34_obs,vmx_sar,rmx_sar,r34_sar
2015-09-23 00:00:00.000039936,18.004,74.08,91.20537,145.845,4.458322e-05,,,,,,
2015-09-23 03:00:00.000039936,18.004,74.08,91.23868,145.845,4.4927532e-05,,,,,,
2015-09-23 06:00:00.000039936,18.004,74.08,91.275566,145.845,4.5309676e-05,,,,,,
2015-09-23 09:00:00.000039936,20.576,74.08,79.35948,146.308,4.5570152e-05,,,,,,
2015-09-23 12:00:00.000039936,23.148,74.08,70.28728,148.16,4.5793287e-05,,,,,,
2015-09-23 15:00:00.000039936,23.148,74.08,70.31214,148.16,4.6070574e-05,,,,,,
2015-09-23 18:00:00.000039936,23.148,74.08,70.33055,148.16,4.627635e-05,,,,,,
2015-09-23 21:00:00.000039936,24.1768,68.524,72.318954,159.735,4.6294346e-05,,,,,,
2015-09-24 00:00:00.000039936,25.720001,64.82,72.19658,171.31,4.627635e-05,23.35878,100.0,245.6857,,,
2015-09-24 03:00:00.000039936,25.720001,59.264,72.20449,171.31,4.636066e-05,,,,,,
2015-09-24 06:00:00.000039936,25.720001,55.56,72.21929,171.31,4.651767e-05,,,,,,
2015-09-24 09:00:00.000039936,26.7488,50.004,71.51529,177.792,4.674071e-05,27.940414,91.124306,281.84958,,,
2015-09-24 12:00:00.000039936,28.292,46.3,69.460464,185.20001,4.6999867e-05,,,,,,
2015-09-24 15:00:00.000039936,29.3208,50.004,66.26112,185.20001,4.725881e-05,,,,,,
2015-09-24 18:00:00.000039936,30.864,55.56,61.813583,185.20001,4.748151e-05,,,,,,
2015-09-24 21:00:00.000039936,31.8928,40.744,62.14631,194.45999,4.760174e-05,29.629616,58.90443,195.85931,,,
2015-09-25 00:00:00.000039936,33.436,27.78,60.9635,203.72,4.7722115e-05,,,,,,
2015-09-25 03:00:00.000039936,36.008,27.78,54.633736,203.72,4.790853e-05,,,,,,
2015-09-25 06:00:00.000039936,38.58,27.78,49.136868,203.72,4.8202877e-05,,,,,,
2015-09-25 09:00:00.000039936,39.6088,27.78,47.3493,204.64601,4.8593025e-05,,,,,,
2015-09-25 12:00:00.000039936,41.152,27.78,44.814693,206.035,4.916265e-05,33.632675,75.0,236.07314,,,
2015-09-25 15:00:00.000039936,42.1808,33.336,41.79543,200.016,4.996434e-05,,,,,,
2015-09-25 18:00:00.000039936,43.724,40.744,38.29652,194.46,5.083645e-05,,,,,,
2015-09-25 21:00:00.000039936,44.7528,38.892,41.921253,223.166,5.156955e-05,,,,,,
2015-09-26 00:00:00.000039936,46.296,37.04,44.129574,252.33499,5.22651e-05,36.371326,,248.61955,,,
2015-09-26 03:00:00.000039936,47.3248,38.892,42.300358,252.33499,5.30123e-05,,,,,,
2015-09-26 06:00:00.000039936,48.868,40.744,39.742702,252.33499,5.3688025e-05,,,,,,
2015-09-26 09:00:00.000039936,51.440002,42.596,35.90498,252.33499,5.4250002e-05,45.650635,52.487347,248.81485,,,
2015-09-26 12:00:00.000039936,54.012,46.3,32.503513,252.33499,5.4633376e-05,,,,,,
2015-09-26 15:00:00.000039936,59.156002,42.596,27.442778,260.206,5.478632e-05,,,,,,
2015-09-26 18:00:00.000039936,64.3,40.744,23.23423,268.54,5.4869302e-05,,,,,,
2015-09-26 21:00:00.000039936,64.3,40.744,24.747509,297.246,5.508721e-05,,,,,,
2015-09-27 00:00:00.000039936,64.3,40.744,26.094336,326.41498,5.5340646e-05,34.728443,87.5,273.1327,,,
2015-09-27 03:00:00.000039936,64.3,44.447998,26.249916,331.04498,5.5575634e-05,,,,,,
2015-09-27 06:00:00.000039936,64.3,50.004,26.398779,335.675,5.581132e-05,,,,,,
2015-09-27 09:00:00.000039936,64.3,50.004,26.351538,335.675,5.60286e-05,,,,,,
2015-09-27 12:00:00.000039936,64.3,50.004,26.296545,335.675,5.6281307e-05,,,,,,
