Time,Vmax,Rmax,rmx_ck22,R34,fcor,vmx_obs,rmx_obs,r34_obs,vmx_sar,rmx_sar,r34_sar
2012-11-27 12:00:00.000039936,23.148,55.56,26.742004,60.190002,1.1442632e-05,,,,,,
2012-11-27 15:00:00.000039936,23.148,55.56,26.744392,60.190002,1.1550361e-05,,,,,,
2012-11-27 18:00:00.000039936,23.148,55.56,26.747429,60.190002,1.1696372e-05,,,,,,
2012-11-27 21:00:00.000039936,24.1768,55.56,27.978794,66.209,1.1931044e-05,,,,,,
2012-11-28 00:00:00.000039936,25.720001,55.56,29.115393,74.08,1.2203745e-05,,,,,,
2012-11-28 03:00:00.000039936,25.720001,50.004,29.12509,74.08,1.255245e-05,,,,,,
2012-11-28 06:00:00.000039936,25.720001,46.3,29.12924,74.08,1.2710968e-05,,,,,,
2012-11-28 09:00:00.000039936,26.7488,40.744,31.993654,85.192,1.2425561e-05,,,,,,
2012-11-28 12:00:00.000039936,28.292,37.04,34.135998,97.229996,1.19500755e-05,24.414532,12.5,44.01803,,,
2012-11-28 15:00:00.000039936,28.292,37.04,34.121273,97.229996,1.1569444e-05,,,,,,
2012-11-28 18:00:00.000039936,28.292,37.04,34.106625,97.229996,1.1188857e-05,,,,,,
2012-11-28 21:00:00.000039936,28.292,37.04,34.091957,97.229996,1.0808047e-05,,,,,,
2012-11-29 00:00:00.000039936,28.292,37.04,34.077206,97.229996,1.0427331e-05,,,,,,
2012-11-29 03:00:00.000039936,28.292,40.744,34.06341,97.229996,1.006541e-05,,,,,,
2012-11-29 06:00:00.000039936,28.292,46.3,34.04765,97.229996,9.6655185e-06,,,,,,
2012-11-29 09:00:00.000039936,26.7488,40.744,35.38454,94.451996,9.100253e-06,,,,,,
2012-11-29 12:00:00.000039936,25.720001,37.04,36.346703,92.6,8.64936e-06,15.353442,12.5,,,,
2012-11-29 15:00:00.000039936,25.720001,40.744,37.07628,94.452,8.53498e-06,,,,,,
2012-11-29 18:00:00.000039936,25.720001,46.3,38.183285,97.23,8.64936e-06,,,,,,
2012-11-29 21:00:00.000039936,26.7488,46.3,39.93597,106.490005,8.86532e-06,,,,,,
2012-11-30 00:00:00.000039936,28.292,46.3,40.58991,115.75,9.157494e-06,,,,,,
2012-11-30 03:00:00.000039936,30.864,40.744,38.507313,122.232,9.3923145e-06,,,,,,
2012-11-30 06:00:00.000039936,33.436,37.04,36.932896,129.64,9.6655185e-06,,,,,,
2012-11-30 09:00:00.000039936,36.008,37.04,34.048546,131.492,1.0027327e-05,31.579805,36.531433,173.02985,,,
2012-11-30 12:00:00.000039936,38.58,37.04,31.753342,134.27,1.0427331e-05,,,,,,
2012-11-30 15:00:00.000039936,42.1808,37.04,29.024149,138.437,1.080818e-05,,,,,,
2012-11-30 18:00:00.000039936,46.296,37.04,26.43282,143.53,1.1188857e-05,,,,,,
2012-11-30 21:00:00.000039936,52.4688,40.744,23.321302,151.864,1.1569334e-05,,,,,,
2012-12-01 00:00:00.000039936,59.156002,46.3,20.713705,162.05,1.19500755e-05,36.14093,,117.54435,,,
2012-12-01 03:00:00.000039936,59.156002,37.04,22.42667,175.94,1.231145e-05,,,,,,
2012-12-01 06:00:00.000039936,59.156002,27.78,24.12347,189.83,1.2710968e-05,,,,,,
2012-12-01 09:00:00.000039936,60.1848,22.223999,23.445042,189.83,1.319883e-05,,,,,,
2012-12-01 12:00:00.000039936,61.728,18.52,22.48053,189.83,1.3724946e-05,,,,,,
2012-12-01 15:00:00.000039936,62.7568,22.223999,23.124514,201.405,1.4250639e-05,,,,,,
2012-12-01 18:00:00.000039936,64.3,27.78,23.385141,212.98001,1.4738254e-05,,,,,,
2012-12-01 21:00:00.000039936,65.328804,27.78,22.733929,212.98001,1.5155669e-05,,,,,,
2012-12-02 00:00:00.000039936,66.872,27.78,21.820065,212.98001,1.5497764e-05,38.62813,,118.98797,,,
2012-12-02 03:00:00.000039936,67.9008,27.78,21.188446,212.517,1.5769778e-05,,,,,,
2012-12-02 06:00:00.000039936,69.444,27.78,20.39866,212.98001,1.600387e-05,,,,,,
2012-12-02 09:00:00.000039936,69.444,22.223999,19.508883,203.257,1.6294598e-05,,,,,,
2012-12-02 12:00:00.000039936,69.444,18.52,18.706553,194.45999,1.6509784e-05,40.942425,,167.92284,,,
2012-12-02 15:00:00.000039936,66.872,22.223999,17.803856,172.236,1.6528425e-05,,,,,,
2012-12-02 18:00:00.000039936,64.3,27.78,16.708961,150.47499,1.6509784e-05,,,,,,
2012-12-02 21:00:00.000039936,61.728,27.78,17.84969,150.47499,1.656012e-05,,,,,,
2012-12-03 00:00:00.000039936,59.156002,27.78,19.096123,150.47499,1.6762664e-05,36.42776,,133.00862,,,
2012-12-03 03:00:00.000039936,61.728,22.223999,19.609472,166.217,1.7211067e-05,,,,,,
2012-12-03 06:00:00.000039936,64.3,18.52,20.041737,182.88501,1.777367e-05,,,,,,
2012-12-03 09:00:00.000039936,67.9008,12.964,18.961,190.756,1.8335253e-05,56.172997,18.603693,138.73337,,,
2012-12-03 12:00:00.000039936,72.016,9.26,17.743258,199.09,1.8783807e-05,43.578323,,135.09708,,,
