Time,Vmax,Rmax,rmx_ck22,R34,fcor,vmx_obs,rmx_obs,r34_obs,vmx_sar,rmx_sar,r34_sar
2019-11-26 06:00:00.000039936,18.004,92.6,173.92856,275.485,2.857718e-05,,,,,,
2019-11-26 09:00:00.000039936,18.004,77.784,166.9235,264.836,2.8776694e-05,,,,,,
2019-11-26 12:00:00.000039936,18.004,64.82,160.19656,254.65001,2.882674e-05,,,,,,
2019-11-26 15:00:00.000039936,19.0328,55.56,142.811,241.22299,2.8987992e-05,,,,,,
2019-11-26 18:00:00.000039936,20.576,46.3,124.30956,229.18498,2.9076216e-05,,,,,,
2019-11-26 21:00:00.000039936,21.604801,46.3,118.63751,231.03699,2.8951046e-05,,,,,,
2019-11-27 00:00:00.000039936,23.148,46.3,110.87943,233.815,2.882674e-05,16.444063,75.0,,,,
2019-11-27 03:00:00.000039936,25.720001,46.3,97.02289,232.426,2.8951345e-05,,,,,,
2019-11-27 06:00:00.000039936,28.292,46.3,85.64493,231.5,2.9076216e-05,,,,,,
2019-11-27 09:00:00.000039936,29.3208,37.04,77.28608,219.462,2.8969778e-05,,,,,,
2019-11-27 12:00:00.000039936,30.864,27.78,68.3907,208.35,2.882674e-05,24.338846,62.5,159.07442,,,
2019-11-27 15:00:00.000039936,31.8928,37.04,58.21269,186.12599,2.8695677e-05,,,,,,
2019-11-27 18:00:00.000039936,33.436,46.3,48.04893,164.365,2.882674e-05,,,,,,
2019-11-27 21:00:00.000039936,34.4648,46.3,48.40272,172.23601,2.9443987e-05,,,,,,
2019-11-28 00:00:00.000039936,36.008,46.3,47.83333,180.57,3.0322259e-05,20.956717,62.5,180.27382,,,
2019-11-28 03:00:00.000039936,36.008,46.3,48.113335,181.496,3.115572e-05,,,,,,
2019-11-28 06:00:00.000039936,36.008,46.3,48.521347,182.88501,3.206281e-05,,,,,,
2019-11-28 09:00:00.000039936,36.008,37.04,48.55473,182.88501,3.30553e-05,,,,,,
2019-11-28 12:00:00.000039936,36.008,27.78,48.58714,182.88501,3.404614e-05,,,,,,
2019-11-28 15:00:00.000039936,36.008,37.04,52.523106,197.238,3.50229e-05,,,,,,
2019-11-28 18:00:00.000039936,36.008,46.3,56.838078,212.98,3.577612e-05,,,,,,
2019-11-28 21:00:00.000039936,34.4648,46.3,59.75851,210.202,3.617111e-05,23.586926,82.00381,210.87494,,,
2019-11-29 00:00:00.000039936,33.436,46.3,61.82434,208.35,3.626943e-05,20.917784,62.5,172.5592,,,
2019-11-29 03:00:00.000039936,31.8928,40.744,66.03094,208.35,3.6219968e-05,,,,,,
2019-11-29 06:00:00.000039936,30.864,37.04,69.044525,208.35,3.6022833e-05,,,,,,
2019-11-29 09:00:00.000039936,30.864,37.04,84.96799,254.187,3.57575e-05,,,,,,
2019-11-29 12:00:00.000039936,30.864,37.04,101.35323,300.95,3.5529305e-05,20.235216,87.5,174.65912,,,
2019-11-29 15:00:00.000039936,30.864,37.04,101.35317,300.95,3.5529036e-05,,,,,,
2019-11-29 18:00:00.000039936,30.864,37.04,101.35323,300.95,3.5529305e-05,,,,,,
2019-11-29 21:00:00.000039936,31.8928,46.3,90.54083,282.43,3.5356712e-05,,,,,,
2019-11-30 00:00:00.000039936,33.436,55.56,78.84518,263.91,3.5035337e-05,23.047306,100.0,257.15152,,,
2019-11-30 03:00:00.000039936,33.436,55.56,76.524376,256.502,3.4558725e-05,,,,,,
2019-11-30 06:00:00.000039936,33.436,55.56,74.48883,250.02,3.404614e-05,,,,,,
2019-11-30 09:00:00.000039936,33.436,55.56,74.740875,250.946,3.360069e-05,,,,,,
2019-11-30 12:00:00.000039936,33.436,55.56,75.14591,252.33499,3.330315e-05,,,,,,
2019-11-30 15:00:00.000039936,33.436,55.56,72.86356,244.927,3.3265223e-05,,,,,,
2019-11-30 18:00:00.000039936,33.436,55.56,70.87352,238.445,3.330315e-05,,,,,,
2019-11-30 21:00:00.000039936,31.8928,55.56,80.923706,254.18701,3.3179047e-05,,,,,,
2019-12-01 00:00:00.000039936,30.864,55.56,90.47702,270.855,3.305528e-05,,,,,,
2019-12-01 03:00:00.000039936,30.864,50.004,77.90556,234.741,3.3055105e-05,,,,,,
2019-12-01 06:00:00.000039936,30.864,46.3,65.6004,199.09,3.305528e-05,,,,,,
2019-12-01 09:00:00.000039936,31.8928,40.744,62.291862,197.70099,3.2949418e-05,,,,,,
2019-12-01 12:00:00.000039936,33.436,37.04,58.082623,196.775,3.280731e-05,,,,,,
2019-12-01 15:00:00.000039936,37.0368,37.04,55.292194,216.22101,3.266428e-05,,,,,,
2019-12-01 18:00:00.000039936,41.152,37.04,51.538322,236.13,3.2559245e-05,,,,,,
2019-12-01 21:00:00.000039936,44.7528,29.632,48.041565,251.87198,3.2540465e-05,,,,,,
2019-12-02 00:00:00.000039936,48.868,22.223999,44.0524,268.53998,3.2559245e-05,,,,,,
2019-12-02 03:00:00.000039936,54.012,22.223999,36.899464,268.53998,3.2558997e-05,,,,,,
2019-12-02 06:00:00.000039936,59.156002,22.223999,31.160095,268.53998,3.2559245e-05,,,,,,
