Vmax,Rmax_IBT,Rmax_CK22,Rmax_CK22_crr,R34,fcor,u_trans,v_trans
26.0,93.0,158.90457,283.12573,509.25,6.936598e-05,4.9609585,-10.171473
26.0,93.0,153.49464,266.602,481.5,6.695099e-05,6.8147635,-10.905898
26.0,93.0,146.88199,247.0639,453.75,6.461839e-05,8.770498,-9.405209
26.0,93.0,131.33168,203.97548,395.75,6.275327e-05,10.353891,-6.723896
26.0,93.0,113.92145,160.4911,338.0,6.1635496e-05,10.434318,-2.7958667
26.0,93.0,89.692795,108.34101,261.75,6.147475e-05,9.760205,0.51151085
26.0,93.0,63.58421,63.040604,185.0,6.186609e-05,7.547387,1.6042464
26.0,93.0,63.58945,63.04856,185.0,6.219162e-05,5.465595,1.4645019
26.0,93.0,63.595184,63.057274,185.0,6.255676e-05,4.9912014,1.2444463
24.0,93.0,60.49729,57.010506,164.25,6.27687e-05,5.04949,0.9815218
23.0,93.0,55.182903,48.880905,143.5,6.3016254e-05,4.9687223,1.3313653
23.0,93.0,51.528828,44.102413,134.25,6.3388565e-05,5.246377,2.1196742
23.0,93.0,47.96361,39.65088,125.0,6.393293e-05,4.9960704,2.6564584
23.0,83.0,60.991375,56.92676,157.33333,6.459532e-05,5.056462,3.5405726
23.0,74.0,72.23336,74.068565,185.0,6.552959e-05,5.0923,5.0923
26.0,59.0,63.59256,63.05329,185.0,6.677138e-05,4.6436043,6.162272
28.0,46.0,56.180035,53.391758,185.0,6.8243826e-05,3.9740338,6.613903
31.0,41.0,53.881947,51.569992,201.0,6.9762384e-05,3.7365234,7.33334
33.0,37.0,41.779472,36.397537,176.0,7.137252e-05,3.7365234,7.33334
