Vmax,Rmax_IBT,Rmax_CK22,Rmax_CK22_crr,R34,fcor,u_trans,v_trans
21.0,93.0,32.78182,22.174906,80.333336,2.807779e-05,-5.9336767,1.7014533
23.0,74.0,36.373173,26.617325,98.666664,2.8471111e-05,-5.4392037,1.5596656
26.0,56.0,34.016567,25.38693,102.0,2.882674e-05,-4.9912014,1.2444466
28.0,46.0,31.727259,23.695124,104.25,2.9075893e-05,-3.992961,0.99555725
31.0,37.0,29.771812,22.514292,106.5,2.9325609e-05,-3.9137876,1.2716672
31.0,46.0,31.052868,23.81448,111.25,2.9680776e-05,-3.2894945,1.4645773
31.0,56.0,32.3279,25.135702,115.75,3.0073232e-05,-3.2083368,1.6347281
31.0,50.0,32.325146,25.132816,115.75,3.04279e-05,-2.6174154,1.6355432
31.0,46.0,32.32199,25.129517,115.75,3.0820032e-05,-2.5282311,1.770286
32.0,41.0,33.753853,26.905817,125.0,3.1261487e-05,-2.3985834,1.9423344
33.0,37.0,34.503033,27.971018,134.25,3.1814445e-05,-2.3145502,2.7583723
36.0,37.0,31.89212,25.801548,134.25,3.2559197e-05,-1.9611359,3.019885
39.0,37.0,29.592201,23.899359,134.25,3.330315e-05,-1.6809736,2.588473
40.0,37.0,29.188904,23.634409,136.5,3.381705e-05,-1.5117838,2.0807917
41.0,37.0,28.385242,22.944662,139.0,3.4293596e-05,-1.8574418,2.4649088
42.0,37.0,30.022678,24.815926,152.75,3.4893248e-05,-1.9001774,2.4321167
44.0,37.0,30.980492,26.13281,166.75,3.5529305e-05,-1.8574418,2.4649088
46.0,37.0,30.782997,26.178432,180.75,3.6164547e-05,-1.9001774,2.4321167
49.0,37.0,30.301384,26.003395,194.5,3.67623e-05,-2.1049194,2.2572503
50.0,37.0,29.356693,25.080864,194.5,3.731008e-05,-2.36432,1.9838994
51.0,37.0,28.07412,23.802795,194.5,3.7746686e-05,-2.6174154,1.6355432
51.0,37.0,28.440208,24.194118,196.75,3.8047583e-05,-2.384717,0.9634875
51.0,37.0,28.758808,24.536373,199.0,3.8238195e-05,-2.9947207,0.7466679
51.0,37.0,28.222769,23.96144,194.25,3.8397855e-05,-3.5657573,0.5011352
51.0,37.0,27.67221,23.375584,189.75,3.8483773e-05,-3.5958652,0.188452
54.0,37.0,25.884268,21.7674,189.75,3.850221e-05,-3.6008,4.293911e-08
57.0,37.0,24.271065,20.337961,189.75,3.8483773e-05,-3.08593,-0.053864766
59.0,37.0,22.804329,18.991003,189.75,3.8465158e-05,-2.572,3.0670794e-08
62.0,37.0,21.458075,17.833729,189.75,3.8483773e-05,-2.5579104,0.26884696
63.0,41.0,21.299314,17.733068,194.25,3.8588045e-05,-2.5157957,0.5347483
64.0,46.0,20.851698,17.34615,199.0,3.872924e-05,-2.5247452,0.49076045
