Vmax,Rmax_IBT,Rmax_CK22,Rmax_CK22_crr,R34,fcor,u_trans,v_trans
19.0,93.0,67.632355,62.421604,148.0,3.8428676e-05,-1.7637078,1.059742
21.0,83.0,66.84955,63.607067,157.75,3.8238195e-05,-0.098152235,0.50494903
22.0,83.0,63.70179,59.966354,157.75,3.833641e-05,1.4205232,-0.6029763
23.0,83.0,59.444183,54.729614,157.75,3.872924e-05,1.2469302,-2.249522
23.0,83.0,62.206398,58.679676,164.5,3.935462e-05,0.5011348,-3.5657573
23.0,83.0,65.00477,62.80884,171.5,4.0199502e-05,0.0,4.1152
23.0,83.0,65.99678,64.303406,173.75,4.119543e-05,-0.785217,-4.0395923
23.0,83.0,66.989876,65.81575,176.25,4.2152973e-05,-1.5217639,-3.263433
23.0,78.0,69.800476,70.18341,183.0,4.288968e-05,-2.3623376,-2.7175581
23.0,74.0,72.60469,74.670074,189.75,4.3369746e-05,-2.1570606,-1.4008118
24.0,74.0,70.17578,71.72125,191.75,4.3600325e-05,-2.042263,-0.25075886
26.0,74.0,66.362366,67.32355,194.5,4.3612705e-05,-2.5579104,0.26884696
27.0,69.0,63.493004,63.57725,194.5,4.3546017e-05,-3.048401,0.48281956
28.0,65.0,59.53869,58.24815,194.5,4.3369746e-05,-2.9668384,0.85072666
31.0,65.0,55.612877,54.028618,201.25,4.307191e-05,-2.4318738,0.83736134
33.0,65.0,52.056282,49.7985,208.25,4.288343e-05,-2.0497704,0.17933165
36.0,59.0,47.84568,45.01673,210.5,4.299869e-05,-1.8797112,-0.8369013
39.0,56.0,44.074738,40.824585,213.0,4.3369746e-05,-2.2201705,-2.1439936
44.0,39.0,37.31952,33.380787,215.5,4.3958702e-05,-2.8586583,-2.960227
49.0,22.0,31.837309,27.705389,217.75,4.458322e-05,-3.3709748,-2.3603814
