Vmax,Rmax_IBT,Rmax_CK22,Rmax_CK22_crr,R34,fcor,u_trans,v_trans
23.0,65.0,39.068306,29.45173,106.5,2.2437467e-05,-1.687384,-1.941113
23.0,65.0,39.083298,29.467825,106.5,2.2814716e-05,-1.4032797,-1.5048335
24.0,65.0,37.530132,28.272743,106.5,2.3097566e-05,-1.2948897,-1.5990556
26.0,65.0,35.41828,26.84465,106.5,2.3568628e-05,-0.7988192,-2.9812334
27.0,74.0,37.15605,29.073133,116.0,2.4516337e-05,-0.28706154,-4.105176
28.0,83.0,38.0664,30.437948,125.0,2.5575835e-05,-0.376386,-3.5810745
28.0,83.0,42.9134,36.0449,141.0,2.6364818e-05,-0.64169896,-3.0189548
28.0,83.0,48.049347,42.41286,157.5,2.707799e-05,-0.40234923,-2.5403345
28.0,83.0,48.058994,42.42523,157.5,2.7771735e-05,-0.2507581,-2.042263
28.0,83.0,48.069706,42.438976,157.5,2.857718e-05,-0.5011346,-3.5657573
28.0,83.0,52.352566,48.086422,171.25,2.9606075e-05,-0.89324653,-5.065851
28.0,83.0,56.609406,54.00213,185.25,3.0820032e-05,-1.4933349,-5.9894414
27.0,83.0,60.179077,58.601624,185.25,3.2261352e-05,-2.1771388,-6.322872
26.0,83.0,62.822426,61.88856,185.25,3.3550914e-05,-2.7259047,-4.3623595
24.0,83.0,67.15361,66.96216,185.25,3.4299308e-05,-3.6973627,-2.7861636
23.0,83.0,70.33597,71.030235,185.25,3.47882e-05,-4.699278,-2.0922532
22.0,83.0,74.39011,76.49697,182.5,3.533824e-05,-4.8637476,-1.6747227
21.0,83.0,77.061104,79.67671,180.5,3.577612e-05,-4.9447303,-1.4178778
22.0,59.0,54.243336,46.88825,135.25,3.6078247e-05,-4.4718504,-1.1982284
23.0,37.0,33.55109,23.776901,90.5,3.626943e-05,-4.559266,-0.8039214
23.0,37.0,33.55517,23.78091,90.5,3.6410933e-05,-4.595092,-0.56420743
23.0,37.0,33.558178,23.78387,90.5,3.651592e-05,-4.075151,-0.5727258
26.0,37.0,38.504086,30.168566,114.5,3.6638812e-05,-4.0395923,-0.78521657
28.0,37.0,42.452927,35.495415,139.0,3.67623e-05,-4.0395923,-0.78521657
28.0,37.0,42.453316,35.49588,139.0,3.686711e-05,-3.5460958,-0.6252722
28.0,37.0,42.453762,35.496414,139.0,3.700857e-05,-3.0072958,-0.6942893
28.0,37.0,42.454365,35.497128,139.0,3.721757e-05,-1.9209352,-0.7373776
28.0,37.0,42.45524,35.498165,139.0,3.7500762e-05,-1.2942364,-0.84048706
29.0,37.0,40.836456,33.964966,139.0,3.7851205e-05,-1.1100852,-1.0719968
31.0,37.0,38.586445,32.013786,139.0,3.8238195e-05,-0.9500887,-1.2160584
32.0,37.0,42.1494,36.543888,157.5,3.8606482e-05,-0.70059824,-1.3750013
33.0,37.0,44.495216,39.76814,175.75,3.897458e-05,-0.45118815,-1.4757695
33.0,37.0,46.688908,42.58035,185.25,3.9323986e-05,-0.32084948,-1.5094774
33.0,37.0,48.84447,45.421635,194.25,3.9709896e-05,-0.3218794,-2.0322676
33.0,37.0,48.810097,45.375717,194.25,4.0181138e-05,0.07180911,-2.0563467
33.0,37.0,48.77277,45.32588,194.25,4.0688625e-05,0.77079076,-1.9077734
33.0,37.0,48.736713,45.277763,194.25,4.1177267e-05,1.4382445,-2.1322844
33.0,37.0,48.700394,45.229317,194.25,4.1665367e-05,1.2860001,-2.2274172
36.0,37.0,48.372547,45.723072,213.0,4.2189513e-05,1.0461265,-2.349639
39.0,37.0,47.445824,45.257267,231.5,4.2640077e-05,0.6521846,-1.3986142
