Vmax,Rmax_IBT,Rmax_CK22,Rmax_CK22_crr,R34,fcor,u_trans,v_trans
19.0,120.0,70.46045,66.608696,150.0,5.8805956e-05,3.0817857,4.7455335
21.0,148.0,46.27374,36.342026,106.75,6.0016075e-05,2.998495,4.7985954
23.0,148.0,48.52774,40.34139,126.0,6.0942573e-05,2.119674,5.2463775
23.0,93.0,47.050667,38.54445,122.75,6.2326726e-05,0.24229456,4.6232553
24.0,93.0,44.876274,36.520153,122.75,6.30502e-05,-0.6222228,2.4956007
26.0,93.0,41.863724,33.966972,122.75,6.3474974e-05,0.44662312,2.5329256
27.0,93.0,40.018612,32.26496,122.75,6.417843e-05,1.0556109,2.9002674
28.0,93.0,37.456486,29.760109,122.75,6.4846485e-05,1.6355429,2.6174157
29.0,83.0,45.4809,39.58767,156.0,6.537062e-05,2.4649088,1.8574418
31.0,74.0,51.306686,48.00446,190.0,6.575688e-05,2.774038,1.3529888
31.0,65.0,52.970524,50.29547,196.0,6.603517e-05,2.8616602,1.156186
31.0,56.0,54.840645,52.925564,203.75,6.621089e-05,2.3116984,1.1274906
32.0,50.0,52.6183,50.206203,204.5,6.6306755e-05,2.3116984,1.1274906
33.0,46.0,49.446136,46.228493,206.0,6.643758e-05,2.9182484,1.0048335
34.0,46.0,48.03476,44.671173,210.25,6.6709734e-05,2.8616602,1.156186
36.0,46.0,45.704422,42.193275,215.5,6.711647e-05,2.5884728,1.680974
37.0,39.0,44.11445,40.402058,218.25,6.768052e-05,1.5896136,2.6455612
39.0,31.0,41.728443,37.84929,222.25,6.8243826e-05,-0.16152972,3.0821702
41.0,31.0,37.284107,32.836407,222.25,6.8598034e-05,-1.2860005,2.2274172
44.0,31.0,33.39351,28.815708,222.25,6.8917754e-05,-1.2667849,1.6214111
44.0,31.0,33.148663,28.539211,220.25,6.931543e-05,-0.7716003,1.3364503
44.0,31.0,32.97845,28.347567,220.0,6.981338e-05,-1.2469299,2.2495222
45.0,22.0,31.38099,26.706722,218.0,7.044963e-05,-1.4011964,2.7500026
46.0,13.0,29.297573,24.568611,217.5,7.115043e-05,-1.4645767,3.2894948
47.0,11.0,27.973257,23.2776,217.5,7.1782706e-05,-1.2315469,3.383645
49.0,9.0,26.141895,21.580166,217.5,7.247968e-05,-0.99251556,3.4613109
