Vmax,Rmax_IBT,Rmax_CK22,Rmax_CK22_crr,R34,fcor,u_trans,v_trans
19.0,74.0,86.94376,93.53177,190.0,3.1510062e-05,1.4308301,0.578093
21.0,74.0,80.57355,85.593346,190.0,3.131743e-05,1.0231642,0.10753884
22.0,69.0,76.76161,80.41674,190.0,3.122426e-05,0.4583338,-0.23353265
23.0,65.0,71.61801,73.07673,190.0,3.131743e-05,0.09815215,-0.50494903
24.0,65.0,72.6824,75.78257,201.0,3.165291e-05,-0.3007921,-0.9838463
26.0,65.0,72.31952,76.93883,213.0,3.206281e-05,-0.4987722,-0.8998087
27.0,59.0,70.097,74.037,215.25,3.23483e-05,-0.7146646,-0.74005675
28.0,56.0,66.62031,69.1031,217.75,3.2559245e-05,-0.90837646,-0.4829924
28.0,50.0,63.354717,63.99377,207.0,3.2646138e-05,-0.9166674,-0.4670656
28.0,46.0,60.226948,59.266514,196.5,3.280731e-05,-0.81777143,-1.3087078
28.0,50.0,60.23024,59.271404,196.5,3.3247357e-05,-0.46285927,-2.004864
28.0,56.0,60.233994,59.276974,196.5,3.3798577e-05,0.0,2.0576
28.0,56.0,60.23708,59.281567,196.5,3.42936e-05,0.28636274,-2.0375755
28.0,56.0,60.239822,59.285637,196.5,3.47882e-05,-0.46285927,-2.004864
29.0,56.0,58.846725,57.77418,200.0,3.526391e-05,-0.9019923,-1.8493588
31.0,56.0,56.515915,55.331123,203.5,3.577612e-05,-0.49076062,-2.524745
34.0,56.0,49.632465,46.815235,203.5,3.6374196e-05,0.21529634,-3.0788817
39.0,56.0,43.20141,39.706593,203.5,3.700857e-05,0.4828193,-3.0484014
40.0,56.0,41.719585,38.048122,203.5,3.7642134e-05,0.7466676,-2.9947207
41.0,56.0,39.65723,35.69187,203.5,3.8238195e-05,1.1274905,-2.3116984
44.0,41.0,36.576324,32.49761,203.5,3.874745e-05,1.7866616,-1.8501418
46.0,28.0,33.81681,29.5755,203.5,3.9219805e-05,2.5884728,-1.680974
52.0,31.0,28.36784,24.212765,203.5,3.9691477e-05,3.6666703,-1.8682612
59.0,37.0,23.739912,19.935575,203.5,4.0199502e-05,4.087694,-2.1734657
62.0,37.0,22.746534,19.119251,213.0,4.0774037e-05,4.4548345,-2.5720003
64.0,37.0,21.633278,18.118801,222.0,4.142137e-05,4.900318,-2.8292003
