Vmax,Rmax_IBT,Rmax_CK22,Rmax_CK22_crr,R34,fcor,u_trans,v_trans
22.0,69.0,37.19935,26.996843,94.5,3.294944e-05,-7.184057,-0.5023587
23.0,65.0,37.66854,27.964783,102.0,3.305528e-05,-7.7054253,-0.40382555
24.0,65.0,36.132866,26.8046,102.0,3.317876e-05,-7.7113,-0.26928657
26.0,65.0,34.041313,25.412382,102.0,3.330315e-05,-7.2005033,-0.12568446
27.0,65.0,32.77231,24.449135,102.0,3.340841e-05,-6.6831264,-0.2333817
28.0,65.0,31.030577,22.994877,102.0,3.3550914e-05,-6.126789,-0.7522766
29.0,65.0,31.059288,23.303116,105.5,3.3779543e-05,-5.4903216,-1.3688911
31.0,65.0,31.070923,23.832996,111.0,3.404614e-05,-4.9447303,-1.4178778
32.0,65.0,32.543713,25.613346,120.5,3.4219138e-05,-4.3773727,-1.5072504
33.0,65.0,33.33647,26.70196,129.5,3.454095e-05,-4.1250033,-2.1017952
39.0,56.0,31.331299,25.750237,142.5,3.5208184e-05,-3.329266,-2.418855
44.0,46.0,29.71179,24.759747,157.5,3.6022833e-05,-2.8586583,-2.960227
45.0,41.0,31.285715,26.601797,173.0,3.6817386e-05,-2.5897794,-3.1981113
46.0,37.0,32.268948,27.823986,190.0,3.7500762e-05,-2.54615,-2.5461502
