Vmax,Rmax_IBT,Rmax_CK22,Rmax_CK22_crr,R34,fcor,u_trans,v_trans
18.0,93.0,54.115364,43.17196,113.25,4.301104e-05,-5.345802,-3.0863996
18.0,93.0,57.683506,47.626526,120.75,4.3612705e-05,-5.836497,-2.0096672
19.0,93.0,58.087585,49.224785,127.5,4.3947064e-05,-5.0494905,-0.9815207
21.0,93.0,56.974613,49.66861,134.25,4.409823e-05,-3.57396,-0.43882802
22.0,93.0,56.275253,49.574986,138.75,4.418224e-05,-2.5247452,-0.49076036
23.0,93.0,54.325035,47.739418,143.75,4.4340795e-05,-3.3145537,-1.406945
23.0,93.0,57.101986,51.47809,150.5,4.480744e-05,-4.087694,-2.173466
23.0,93.0,59.893093,55.36307,157.25,4.5309676e-05,-4.261569,-1.8089292
24.0,74.0,61.577312,58.575645,168.75,4.562432e-05,-3.974978,-1.0650918
26.0,56.0,61.60073,60.06108,180.75,4.5793287e-05,-2.5329256,-0.446623
26.0,56.0,62.41171,61.271427,183.0,4.5865472e-05,-1.5432,1.8402476e-08
26.0,56.0,63.218277,62.486,185.25,4.5793287e-05,-0.9246794,0.45099607
27.0,56.0,62.754944,62.453304,192.25,4.5569646e-05,-0.70163983,0.75241673
28.0,56.0,60.897266,60.265915,199.0,4.5309676e-05,-0.46706545,0.9166675
28.0,56.0,62.29364,62.37182,203.75,4.5170524e-05,0.0,0.5144
28.0,56.0,63.685802,64.50369,208.25,4.506766e-05,0.20922533,0.4699278
29.0,56.0,61.635136,61.94356,210.75,4.496476e-05,0.150396,0.49192315
31.0,56.0,58.42722,58.132706,213.0,4.4825505e-05,0.36868894,0.9604675
33.0,46.0,53.783627,52.223366,217.5,4.4565033e-05,0.23142964,1.002432
36.0,37.0,49.61793,47.410934,222.25,4.4340795e-05,-0.23353273,0.45833376
40.0,22.0,44.22581,41.238605,226.75,4.4268047e-05,-0.5144,6.1341585e-09
44.0,9.0,38.866432,35.24753,231.5,4.4340795e-05,-0.70163983,-0.75241673
49.0,9.0,33.036358,29.05983,236.25,4.4546727e-05,-0.46706548,-0.9166675
54.0,9.0,28.180359,24.19349,240.75,4.4825505e-05,-1.128625,-1.05246
