Vmax,Rmax_IBT,Rmax_CK22,Rmax_CK22_crr,R34,fcor,u_trans,v_trans
18.0,46.0,22.83475,12.63667,50.0,2.8214748e-05,-5.144,6.134159e-08
18.0,46.0,25.429188,14.58785,56.0,2.8327528e-05,-5.0806684,0.80469924
19.0,46.0,37.94134,26.1036,86.0,2.8607861e-05,-4.9192324,1.5039588
21.0,46.0,49.012653,39.57693,118.25,2.9076216e-05,-5.7628055,2.2121327
23.0,78.0,55.53495,49.35283,148.75,2.964302e-05,-6.7232733,2.5808215
26.0,111.0,61.037743,59.227264,180.5,3.0322259e-05,-7.1541514,2.8904626
27.0,96.0,58.60994,56.309345,180.5,3.1068135e-05,-8.163975,3.1338549
28.0,83.0,55.22769,52.048904,180.5,3.1814445e-05,-8.806023,2.8612514
29.0,83.0,53.136047,49.639626,180.5,3.2472115e-05,-9.440572,2.5295932
31.0,83.0,50.217957,46.530315,180.5,3.305528e-05,-10.024319,2.3142982
32.0,69.0,50.702034,47.568966,189.25,3.356955e-05,-9.560023,2.0320435
33.0,56.0,50.34809,47.44932,199.25,3.404614e-05,-8.520671,1.9671534
36.0,46.0,46.032234,42.62061,198.75,3.4521032e-05,-6.9226227,1.985029
39.0,37.0,42.44024,38.74238,199.25,3.5035337e-05,-6.8092465,2.3446116
40.0,37.0,41.0123,37.16628,199.25,3.565206e-05,-6.7672906,2.4630916
41.0,37.0,39.018723,34.914577,199.25,3.626943e-05,-7.3383517,2.384376
42.0,37.0,40.78341,37.26602,217.0,3.676188e-05,-7.4530835,1.9970473
44.0,37.0,41.590755,38.628613,236.5,3.7254722e-05,-7.378848,2.255938
45.0,31.0,40.13418,36.966522,236.5,3.786935e-05,-7.2956214,2.512084
46.0,28.0,38.117928,34.642864,236.5,3.8483773e-05,-6.8092465,2.3446116
47.0,31.0,37.736732,34.32284,244.75,3.8973612e-05,-6.359905,2.0664594
49.0,37.0,36.631107,33.25574,254.75,3.9464914e-05,-6.8491282,2.2254176
50.0,41.0,35.29527,31.792011,254.75,4.0022045e-05,-6.7672906,2.4630916
51.0,46.0,33.428566,29.733929,254.75,4.0688625e-05,-6.472756,3.1569724
52.0,41.0,32.120884,28.348381,254.75,4.1505875e-05,-6.172977,3.709097
54.0,37.0,30.339535,26.548532,254.75,4.239659e-05,-6.172977,3.709097
57.0,37.0,27.763767,23.994932,254.75,4.3247703e-05,-6.298661,3.491405
59.0,37.0,25.40817,21.65222,254.75,4.409823e-05,-6.8128233,3.6224432
