Vmax,Rmax_IBT,Rmax_CK22,Rmax_CK22_crr,R34,fcor,u_trans,v_trans
23.0,56.0,29.864561,20.262873,81.0,3.6848505e-05,-0.35081992,0.37620836
23.0,56.0,29.862738,20.26119,81.0,3.67623e-05,-0.4802338,-0.1843444
23.0,41.0,29.864174,20.262516,81.0,3.683002e-05,-0.35081992,-0.37620836
23.0,28.0,29.868008,20.266054,81.0,3.700857e-05,-0.6612999,-0.78810656
23.0,28.0,29.873688,20.271297,81.0,3.7273123e-05,-1.664633,-1.2094275
23.0,28.0,29.878572,20.275808,81.0,3.7500762e-05,-1.9209352,-0.7373776
21.0,28.0,33.39345,22.753542,81.0,3.7500748e-05,-1.5432,1.8402476e-08
18.0,28.0,37.81548,25.352762,81.0,3.7500762e-05,-2.0126364,-0.42779955
21.0,93.0,42.38949,31.962084,102.0,3.897458e-05,-2.7972286,-1.3043687
21.0,83.0,44.218143,33.993755,106.25,3.9372982e-05,-3.1183844,-1.8003997
21.0,74.0,46.471092,36.571068,111.0,3.995476e-05,-2.6334584,-2.4557397
21.0,65.0,38.26314,27.57603,92.25,4.086553e-05,-2.2168736,-2.8374693
21.0,56.0,30.561428,20.125069,74.0,4.1665367e-05,-2.4649084,-1.8574424
21.0,56.0,30.565449,20.12871,74.0,4.1823896e-05,-2.9182484,-1.0048336
21.0,56.0,30.567593,20.13065,74.0,4.1909232e-05,-3.0864875,-1.85455
21.0,56.0,29.589096,19.252491,71.75,4.2426884e-05,-3.0581892,-2.7536068
21.0,56.0,28.620636,18.398561,69.5,4.3126656e-05,-4.1081805,-3.0957372
21.0,56.0,30.999916,20.52357,75.0,4.394667e-05,-4.454835,-2.5719995
21.0,56.0,33.60293,22.953104,81.0,4.458322e-05,-3.3145537,-1.406945
23.0,50.0,32.512863,22.764744,87.75,4.467386e-05,-2.5157955,-0.53474945
26.0,46.0,31.869366,23.217112,94.75,4.458322e-05,-2.5329256,-0.446623
27.0,46.0,30.648052,22.323341,94.75,4.4704226e-05,-2.5157955,-0.53474945
28.0,46.0,28.969208,20.970278,94.75,4.4825505e-05,-2.05478,-0.10768682
33.0,31.0,28.958084,22.140764,113.0,4.4861685e-05,-2.042263,0.25075796
39.0,19.0,28.65278,22.920168,132.25,4.4825505e-05,-2.5528288,0.31344745
42.0,22.0,27.449757,22.117014,141.25,4.470434e-05,-3.0788815,0.21529667
46.0,28.0,25.876888,20.995117,150.25,4.458322e-05,-3.0864,3.6804952e-08
50.0,22.0,24.1598,19.659998,155.5,4.4601187e-05,-3.0864,3.6804952e-08
54.0,19.0,22.423021,18.262695,162.0,4.458322e-05,-3.0395107,0.5359477
55.0,19.0,21.88987,17.811666,162.0,4.4359007e-05,-3.4434626,1.0527711
57.0,19.0,21.120487,17.196825,162.0,4.409823e-05,-3.4781058,0.9319554
