Vmax,Rmax_IBT,Rmax_CK22,Rmax_CK22_crr,R34,fcor,u_trans,v_trans
22.0,74.0,48.307186,39.423916,121.25,3.4540928e-05,-1.0063183,0.21389933
23.0,74.0,50.22103,42.445324,134.25,3.454095e-05,-1.5422599,0.053856615
23.0,59.0,48.91521,40.818684,131.25,3.452241e-05,-1.5197554,-0.2679738
23.0,46.0,48.371384,40.149483,129.75,3.454095e-05,-1.4591242,-0.5024168
23.0,46.0,48.37652,40.155777,129.75,3.4646007e-05,-0.9166674,-0.4670656
23.0,46.0,48.38341,40.164227,129.75,3.47882e-05,-0.9398556,-0.41845065
23.0,46.0,43.3927,34.24813,116.5,3.4893255e-05,-1.43083,-0.57809323
23.0,46.0,38.610245,28.961607,104.25,3.5035337e-05,-1.3087077,-0.8177716
23.0,46.0,38.6179,28.96977,104.25,3.5263838e-05,-1.0719968,-1.1100851
23.0,46.0,38.62678,28.979239,104.25,3.5529305e-05,-0.36868888,-0.9604676
23.0,41.0,39.34229,29.746527,106.25,3.575761e-05,0.30079216,-0.9838463
23.0,37.0,40.415985,30.913658,108.75,3.6022833e-05,0.0,1.5432
23.0,37.0,42.917778,33.7064,115.25,3.63742e-05,0.0,2.0576
23.0,37.0,45.793453,37.043125,122.75,3.67623e-05,0.7037408,-1.9335115
24.0,41.0,43.882797,35.352848,122.75,3.713167e-05,1.2948899,-1.5990553
26.0,46.0,41.265633,33.277077,122.75,3.7500762e-05,0.6764943,-1.387019
27.0,46.0,39.67386,31.873335,122.75,3.7888036e-05,-0.24140956,-1.5242007
28.0,46.0,37.476784,29.782572,122.75,3.8238195e-05,-0.9500887,-1.2160584
29.0,41.0,36.128273,28.63194,122.75,3.8520604e-05,-1.18216,-0.9919497
31.0,37.0,34.259003,27.188345,122.75,3.872924e-05,-0.42137185,-0.29504767
36.0,31.0,29.122461,22.894217,122.75,3.88703e-05,0.0,0.0
41.0,28.0,25.21674,19.733618,122.75,3.897458e-05,-0.3940533,-0.3306499
44.0,28.0,23.592207,18.500051,122.75,3.909715e-05,-1.3087077,-0.8177716
46.0,28.0,22.141161,17.305422,122.75,3.9219805e-05,-1.5036479,-0.34714466
47.0,28.0,25.523222,20.743126,149.0,3.9360795e-05,-2.0576,2.4536634e-08
49.0,28.0,28.055256,23.581104,176.0,3.9464914e-05,-2.0463283,-0.21507749
50.0,28.0,30.528996,26.362024,203.5,3.9464812e-05,-1.987489,-0.5325459
51.0,28.0,31.99807,28.105734,231.5,3.9464914e-05,-1.9964805,-0.49777856
