Vmax,Rmax_IBT,Rmax_CK22,Rmax_CK22_crr,R34,fcor,u_trans,v_trans
21.0,56.0,26.36087,16.464935,65.0,2.882674e-05,-4.9192324,1.5039588
23.0,56.0,30.558632,20.907461,83.0,2.92008e-05,-4.9192324,1.5039588
26.0,56.0,26.173843,17.83193,78.75,2.9574905e-05,-4.892235,1.5895841
27.0,56.0,25.968298,17.90481,81.0,2.9948322e-05,-4.3773727,1.5072504
28.0,56.0,25.332981,17.571356,83.5,3.0322259e-05,-4.892235,1.5895841
28.0,56.0,25.3354,17.573542,83.5,3.0695497e-05,-4.9192324,1.5039588
28.0,56.0,25.337837,17.575748,83.5,3.1068776e-05,-4.9192324,1.5039588
29.0,56.0,27.907646,20.20576,95.0,3.1422634e-05,-4.9192324,1.5039588
31.0,56.0,29.78036,22.522877,106.75,3.1814445e-05,-5.3814583,1.7485425
32.0,46.0,28.825233,21.794453,106.75,3.2292362e-05,-5.836497,2.0096672
33.0,37.0,27.493023,20.685709,106.75,3.280731e-05,-5.836497,2.0096672
34.0,37.0,32.783672,26.337751,131.75,3.330267e-05,-5.836497,2.0096672
36.0,37.0,36.85472,31.327951,157.5,3.3798577e-05,-6.3228717,2.1771395
37.0,41.0,37.1205,31.856802,164.5,3.433012e-05,-6.359905,2.0664594
39.0,46.0,36.7042,31.781504,171.25,3.47882e-05,-7.017023,1.6200086
41.0,37.0,34.392773,29.481201,173.5,3.5091012e-05,-7.6409082,1.0738611
44.0,28.0,32.333847,27.626009,176.0,3.5282377e-05,-7.162149,0.75277144
46.0,28.0,30.086843,25.419603,176.0,3.5424033e-05,-6.661753,0.58282787
49.0,28.0,28.076502,23.603645,176.0,3.5529305e-05,-5.6368685,0.49316204
51.0,28.0,27.239536,22.918476,182.75,3.5652087e-05,-5.115821,0.5376939
54.0,28.0,26.391407,22.29631,190.0,3.577612e-05,-5.115821,0.5376939
58.0,31.0,24.350805,20.490482,192.5,3.5880843e-05,-5.115821,0.5376939
62.0,37.0,22.238613,18.609583,194.75,3.6022833e-05,-4.572602,0.72422934
