Vmax,Rmax_IBT,Rmax_CK22,Rmax_CK22_crr,R34,fcor,u_trans,v_trans
23.0,37.0,37.094864,27.364649,99.5,4.960572e-05,-0.5015162,-4.084526
23.0,46.0,41.81021,32.457382,111.0,5.059779e-05,-0.43015543,-4.0926566
23.0,46.0,41.841156,32.492012,111.0,5.1551477e-05,-0.5015162,-4.084526
23.0,46.0,41.87183,32.52635,111.0,5.250265e-05,-0.43015543,-4.0926566
23.0,46.0,41.903202,32.561478,111.0,5.348676e-05,-0.5015162,-4.084526
23.0,46.0,41.932034,32.59378,111.0,5.439729e-05,-0.6252726,-3.5460956
22.0,50.0,44.981655,35.492855,111.0,5.5158125e-05,-0.5889127,-3.029694
21.0,56.0,47.242466,37.472332,111.0,5.581132e-05,0.0,3.0864
19.0,65.0,51.004288,40.363304,111.0,5.6486704e-05,0.44662338,-2.5329256
18.0,74.0,53.806747,42.796024,111.0,5.698501e-05,0.50241673,-1.4591243
18.0,74.0,53.821316,42.81373,111.0,5.7225076e-05,0.41081807,-0.30957368
18.0,74.0,53.820965,42.813305,111.0,5.721923e-05,0.28764883,0.42645696
18.0,74.0,53.81102,42.801216,111.0,5.7055306e-05,0.24888925,0.99824023
18.0,74.0,53.7925,42.778694,111.0,5.6750614e-05,0.26797387,1.5197554
18.0,74.0,53.771103,42.752697,111.0,5.6398683e-05,0.08966582,1.0248852
18.0,74.0,53.749615,42.72659,111.0,5.6046403e-05,-0.19630447,1.0098981
18.0,74.0,53.735214,42.709095,111.0,5.581127e-05,-0.43478987,0.93240935
18.0,74.0,53.720837,42.69163,111.0,5.5576067e-05,-0.81777143,1.3087078
18.0,74.0,53.69922,42.665386,111.0,5.5222863e-05,-1.209427,1.6646333
18.0,74.0,53.677475,42.638992,111.0,5.4869302e-05,-1.3499072,1.5528904
18.0,74.0,53.66298,42.6214,111.0,5.4633314e-05,-1.5528908,1.3499067
18.0,74.0,53.648476,42.6038,111.0,5.439729e-05,-2.2046347,1.3246775
18.0,74.0,48.90046,37.019356,102.0,5.4060696e-05,-2.2916691,1.167663
18.0,74.0,44.197178,31.834806,93.0,5.3688025e-05,-2.1322846,1.4382441
32.0,28.0,34.53969,27.758175,128.5,4.890495e-05,-0.60297626,-1.4205232
33.0,28.0,34.10289,27.533169,134.5,4.916265e-05,0.0,1.0288
33.0,28.0,37.79341,31.672403,149.75,4.9402206e-05,0.7016399,-0.7524167
33.0,28.0,41.85588,36.49069,166.5,4.9641636e-05,1.2793709,-0.8629464
33.0,28.0,42.835026,37.69305,170.75,4.9862974e-05,1.7058278,-1.1505952
33.0,28.0,44.01139,39.15867,176.0,5.012002e-05,1.621411,-1.2667851
36.0,28.0,40.23837,35.329414,177.0,5.042446e-05,1.5048333,-1.4032798
39.0,28.0,36.97968,32.10348,178.25,5.083645e-05,2.2201705,-2.1439934
42.0,22.0,31.046047,25.919218,166.75,5.1396455e-05,3.0581894,-2.7536066
46.0,19.0,26.016891,21.137718,157.5,5.2027382e-05,3.7923462,-2.6554298
46.0,13.0,24.308361,19.418846,144.75,5.2514493e-05,4.362359,-2.7259054
46.0,9.0,22.776539,17.917284,134.0,5.321436e-05,4.728639,-3.9677997
49.0,9.0,23.081793,18.499489,150.5,5.4462802e-05,4.8188114,-5.3518314
51.0,9.0,22.892803,18.487772,166.5,5.581132e-05,3.361948,-5.1769457
