Vmax,Rmax_IBT,Rmax_CK22,Rmax_CK22_crr,R34,fcor,u_trans,v_trans
18.0,74.0,41.797264,29.322502,90.0,2.6452442e-05,-0.3007921,-0.9838463
18.0,74.0,41.815895,29.34166,90.0,2.6827835e-05,-0.32084948,-1.5094774
18.0,74.0,41.83456,29.360857,90.0,2.7203037e-05,-0.3926085,-2.0197961
18.0,74.0,41.85319,29.380024,90.0,2.7578055e-05,-0.70374066,-1.9335115
21.0,50.0,44.849403,34.707634,109.0,2.797162e-05,-1.0597421,-1.7637076
23.0,28.0,47.182304,38.70314,127.0,2.8327528e-05,-0.9711672,-1.1992917
24.0,28.0,48.79921,41.288235,136.75,2.8577171e-05,-0.7274714,-0.72747153
26.0,28.0,49.744545,43.611465,148.0,2.882674e-05,-0.5752977,-0.85291386
27.0,28.0,47.84752,41.689972,148.0,2.91822e-05,-0.67649424,-1.387019
28.0,28.0,45.229492,38.862217,148.0,2.9574905e-05,-0.77159995,-1.3364505
29.0,31.0,44.305016,38.13013,150.25,2.9967348e-05,-0.90707004,-1.2484752
31.0,37.0,42.671627,36.8554,152.75,3.0322259e-05,-1.376803,-1.5290949
32.0,31.0,46.15383,41.554333,171.5,3.0571224e-05,-1.4293292,-1.4801135
33.0,28.0,48.44364,44.887447,189.75,3.0820032e-05,-1.2948897,-1.5990556
34.0,28.0,46.818596,43.067535,189.75,3.117445e-05,-1.1206491,-1.7256486
36.0,28.0,44.54148,40.691586,189.75,3.156599e-05,-0.7948066,-1.3227807
37.0,28.0,43.109577,39.1247,189.5,3.1938624e-05,-0.7948066,-1.3227807
39.0,28.0,41.0933,37.059395,189.75,3.231108e-05,-0.578093,-1.4308301
39.0,28.0,42.860573,39.273663,199.0,3.277624e-05,-0.60297626,-1.4205232
39.0,28.0,44.613796,41.520885,208.25,3.305528e-05,-1.0161338,-0.16093983
39.0,28.0,44.64898,41.5665,208.25,3.2788892e-05,-1.4591242,0.5024168
39.0,28.0,44.679207,41.605705,208.25,3.2559245e-05,-0.89980876,-0.4987721
39.0,28.0,44.193863,40.978046,206.0,3.2980843e-05,0.3208492,-1.5094774
39.0,28.0,43.679104,40.316563,204.0,3.3550914e-05,0.8039684,-1.8940308
40.0,22.0,37.93519,33.42483,180.5,3.3798617e-05,0.6029763,-1.4205232
41.0,19.0,32.034832,26.845633,157.5,3.404614e-05,0.080764994,-1.5410851
44.0,19.0,33.97574,29.47707,182.25,3.446675e-05,-0.46285927,-2.004864
46.0,19.0,35.267147,31.251286,208.25,3.5035337e-05,-0.44662327,-2.5329256
47.0,19.0,33.327812,29.147966,202.0,3.5776127e-05,-0.37613717,-3.0633945
49.0,19.0,31.098183,26.881723,196.75,3.651592e-05,-0.22416475,-2.562213
50.0,19.0,31.075062,26.966127,204.25,3.702702e-05,-0.21507771,-2.0463283
51.0,19.0,30.66704,26.61932,213.0,3.7500762e-05,-0.2507581,-2.042263
52.0,19.0,29.692524,25.647606,213.0,3.8096918e-05,-0.49076062,-2.524745
54.0,19.0,28.346273,24.371925,213.0,3.872924e-05,-0.6942889,-3.0072958
57.0,13.0,26.622213,22.779474,217.0,3.9397408e-05,-0.92172223,-2.401169
59.0,9.0,25.12629,21.359253,222.0,3.995476e-05,-1.7540995,-1.8810419
63.0,13.0,23.305555,19.743975,232.0,4.023634e-05,-2.6994264,-1.4963164
67.0,19.0,21.266708,17.90994,241.0,4.0444127e-05,-2.249522,-1.2469304
