Vmax,Rmax_IBT,Rmax_CK22,Rmax_CK22_crr,R34,fcor,u_trans,v_trans
21.0,59.0,38.274586,27.587812,92.666664,3.5090892e-05,-0.9019927,1.8493586
23.0,46.0,36.031246,26.266233,97.25,3.5529305e-05,-0.99754393,1.7996176
24.0,46.0,35.39565,26.042936,99.5,3.5955003e-05,-1.1206491,1.7256486
26.0,46.0,34.117188,25.490488,102.0,3.626943e-05,-0.647445,0.7995276
26.0,46.0,34.12023,25.493624,102.0,3.642965e-05,-0.35081992,0.37620836
26.0,46.0,34.121902,25.495342,102.0,3.651592e-05,-0.28764895,0.42645687
26.0,46.0,34.124645,25.498167,102.0,3.665756e-05,0.0,0.5144
26.0,46.0,34.126625,25.500206,102.0,3.67623e-05,0.988946,0.28357577
26.0,46.0,34.126667,25.500252,102.0,3.6762343e-05,1.5432,-6.745542e-08
26.0,46.0,34.126625,25.500206,102.0,3.67623e-05,1.5347463,0.16130826
26.0,41.0,34.128277,25.501907,102.0,3.6848538e-05,1.4591242,0.50241673
26.0,37.0,34.131317,25.505041,102.0,3.700857e-05,1.1992917,0.9711672
28.0,37.0,31.772636,23.741016,104.25,3.7254686e-05,0.46706542,0.9166675
31.0,37.0,29.764,22.506447,106.75,3.7500762e-05,0.26627302,0.9937445
32.0,37.0,30.025154,23.001617,111.25,3.7642178e-05,0.0,0.5144
33.0,37.0,29.760204,22.952522,115.75,3.7746686e-05,-0.14178793,0.49447298
36.0,37.0,28.606167,22.36628,120.25,3.7851172e-05,0.0,0.5144
39.0,37.0,27.544056,21.783108,125.0,3.7992504e-05,-0.28357586,0.98894596
39.0,37.0,27.534502,21.773397,125.0,3.820136e-05,-0.46706545,0.9166675
39.0,37.0,27.521652,21.760338,125.0,3.8483773e-05,-0.5530336,1.4407012
37.0,37.0,28.252098,22.180807,122.75,3.8815102e-05,-0.4511881,1.4757695
36.0,37.0,28.582783,22.342472,120.5,3.9219805e-05,-0.70374113,1.9335114
34.0,31.0,28.258186,21.640543,113.25,3.9691462e-05,-0.9019927,1.8493586
33.0,28.0,27.411234,20.60553,106.5,4.0199502e-05,-1.4382447,2.1322844
33.0,28.0,25.067656,18.355362,97.25,4.072527e-05,-2.143994,2.2201698
33.0,28.0,22.716835,16.189997,88.25,4.1177245e-05,-2.1068592,1.4752383
32.0,28.0,21.324673,14.791854,78.5,4.147626e-05,-2.3675385,1.0049607
31.0,28.0,19.434732,13.023395,69.5,4.1665367e-05,-2.4843612,0.66568244
31.0,28.0,18.787893,12.488697,67.25,4.1805535e-05,-2.5157957,0.5347483
31.0,28.0,18.140408,11.960446,65.0,4.1909232e-05,-2.5247452,0.49076045
31.0,22.0,17.493658,11.439769,62.75,4.203098e-05,-2.5157957,0.5347483
31.0,19.0,16.846207,10.925507,60.5,4.2152973e-05,-3.0395107,0.5359477
32.0,19.0,15.080471,9.676668,55.75,4.227491e-05,-3.0395107,0.5359477
33.0,19.0,13.2329235,8.387474,51.25,4.239659e-05,-2.5247452,0.49076045
33.0,19.0,13.232615,8.387245,51.25,4.2499913e-05,-1.987489,0.5325459
33.0,19.0,13.232282,8.386996,51.25,4.2640077e-05,-1.9077736,0.77079004
34.0,19.0,13.444651,8.642908,53.5,4.286514e-05,-1.8167529,0.9659848
36.0,19.0,13.457242,8.836987,56.0,4.3126656e-05,-1.8333353,0.9341304
37.0,19.0,14.168303,9.478867,60.5,4.3351523e-05,-1.8167529,0.9659848
39.0,19.0,14.632355,10.024321,65.0,4.3612705e-05,-1.6854874,1.1801907
40.0,13.0,14.261506,9.809764,65.0,4.3922246e-05,-1.4032797,1.5048335
41.0,9.0,13.738094,9.4683075,65.0,4.4340795e-05,-1.2860005,2.2274172
