Vmax,Rmax_IBT,Rmax_CK22,Rmax_CK22_crr,R34,fcor,u_trans,v_trans
19.0,37.0,32.5583,21.013157,74.0,3.195715e-05,-2.6174154,-1.6355432
21.0,37.0,30.281437,19.87224,74.0,3.156599e-05,-2.6455607,-1.5896143
23.0,28.0,27.82544,18.414762,76.0,3.117438e-05,-3.2083359,-1.6347296
26.0,19.0,26.92992,18.515848,80.75,3.0820032e-05,-3.3616366,-1.2904108
27.0,19.0,26.852737,18.711983,83.75,3.055255e-05,-3.4613113,-0.9925145
28.0,19.0,26.74293,18.863165,88.0,3.0322259e-05,-3.443462,-1.0527729
29.0,19.0,26.807316,19.163359,91.0,3.007309e-05,-2.9182484,-1.0048336
31.0,19.0,26.561428,19.376097,94.75,2.9824112e-05,-2.9002674,-1.0556108
32.0,19.0,27.113205,20.113586,100.25,2.9556137e-05,-2.9182484,-1.0048336
33.0,19.0,27.56229,20.753698,106.5,2.9325609e-05,-2.9812334,-0.79881895
33.0,19.0,27.56439,20.755762,106.5,2.9163377e-05,-3.0395107,-0.5359476
33.0,19.0,27.565557,20.756908,106.5,2.9076216e-05,-3.0788815,-0.21529658
33.0,19.0,27.802505,20.990103,107.5,2.9057474e-05,-3.6008,4.293911e-08
33.0,19.0,28.156765,21.340496,108.75,2.9076216e-05,-3.6008,4.293911e-08
34.0,19.0,27.562973,20.949078,109.75,2.9057337e-05,-3.6008,4.293911e-08
36.0,19.0,26.72754,20.482471,111.0,2.9076216e-05,-3.5920286,0.25117946
37.0,19.0,27.77065,21.692621,119.25,2.9200864e-05,-4.084526,0.5015159
39.0,19.0,28.43491,22.695139,127.25,2.9325609e-05,-4.1051755,0.28706223
40.0,19.0,28.733212,23.158548,132.5,2.934417e-05,-4.1152,4.9073268e-08
41.0,19.0,28.889587,23.470846,139.0,2.9325609e-05,-4.1145735,-0.071819685
42.0,19.0,28.154076,22.84516,139.0,2.9325467e-05,-4.1152,4.9073268e-08
44.0,19.0,27.114185,22.029158,139.0,2.9325609e-05,-4.1145735,-0.071819685
44.0,19.0,27.115696,22.03071,139.0,2.9306771e-05,-4.1152,4.9073268e-08
44.0,19.0,27.114185,22.029158,139.0,2.9325609e-05,-4.1051755,0.28706223
44.0,19.0,27.520859,22.449488,141.25,2.9450128e-05,-4.084526,0.5015159
44.0,19.0,27.921665,22.86636,143.5,2.9574905e-05,-4.1051755,0.28706223
42.0,19.0,29.004332,23.734886,143.5,2.9574683e-05,-4.1152,4.9073268e-08
41.0,19.0,29.769903,24.399189,143.5,2.9574905e-05,-4.1126933,0.14361764
40.0,19.0,30.984953,25.54297,143.5,2.9661955e-05,-4.6042385,0.4839245
39.0,19.0,31.842182,26.303375,143.5,2.9824112e-05,-4.559266,0.8039215
41.0,19.0,31.235806,25.973047,151.0,3.0073004e-05,-5.0315914,1.0694966
44.0,19.0,30.678726,25.803877,160.0,3.0322259e-05,-5.0806684,0.80469924
46.0,19.0,30.233427,25.578745,169.0,3.046513e-05,-5.6368685,0.49316204
49.0,19.0,29.719185,25.367928,178.0,3.0571195e-05,-5.6368685,0.49316204
47.0,19.0,30.833431,26.356745,178.0,3.0695533e-05,-6.149311,0.5379949
46.0,19.0,31.612665,27.092875,178.0,3.0820032e-05,-5.6368685,0.49316204
46.0,19.0,31.592037,27.070007,178.0,3.0962572e-05,-5.6368685,0.49316204
46.0,19.0,31.576729,27.053041,178.0,3.1068776e-05,-5.654953,0.19747426
49.0,19.0,29.778107,25.432,179.0,3.1050153e-05,-6.1728,7.3609904e-08
51.0,19.0,28.203068,23.940395,180.5,3.1068776e-05,-5.644616,0.39471057
55.0,19.0,25.268621,21.210863,174.5,3.12423e-05,-5.0315914,1.0694966
59.0,19.0,22.515755,18.702286,169.0,3.156599e-05,-5.3814583,1.7485425
65.0,22.0,20.528816,17.081278,178.5,3.204402e-05,-5.317157,1.9352864
72.0,28.0,18.441319,15.370912,187.5,3.2559245e-05,-5.3814583,1.7485425
