Vmax,Rmax_IBT,Rmax_CK22,Rmax_CK22_crr,R34,fcor,u_trans,v_trans
19.0,83.0,38.69243,26.85032,88.0,2.7528591e-05,-5.682092,2.4119058
21.0,83.0,36.01663,25.30371,88.0,2.807779e-05,-6.395002,1.9551464
22.0,83.0,34.42826,24.209557,88.0,2.8420163e-05,-7.092191,1.2505447
23.0,83.0,32.28202,22.542093,88.0,2.857718e-05,-7.1479206,0.8776529
23.0,78.0,32.283024,22.54306,88.0,2.861322e-05,-6.6780353,0.3499823
23.0,74.0,32.28202,22.542093,88.0,2.857718e-05,-8.2304,9.8146536e-08
23.0,59.0,40.320824,30.809456,109.5,2.8671413e-05,-9.760205,-0.51151234
23.0,46.0,48.95803,40.87158,132.0,2.857718e-05,-10.211315,-1.2537943
24.0,46.0,46.91527,38.966812,132.0,2.8065335e-05,-9.021888,-2.0828679
26.0,46.0,44.148933,36.657585,132.0,2.7328068e-05,-7.6837406,-2.9495103
26.0,46.0,47.443672,40.68923,141.75,2.6501928e-05,-6.3586354,-3.3809469
26.0,46.0,51.22177,45.5339,152.75,2.5826394e-05,-5.1692057,-2.3014786
26.0,46.0,51.207546,45.515213,152.75,2.548734e-05,-4.052681,-0.7145968
26.0,46.0,51.21126,45.520092,152.75,2.5575835e-05,-2.5060797,0.57857454
23.0,46.0,56.80067,51.06631,152.75,2.6076874e-05,-0.57809293,1.4308301
21.0,28.0,63.67172,58.94973,152.75,2.6577594e-05,0.5671514,1.977892
19.0,59.0,66.3926,60.626015,148.0,2.6944355e-05,1.0869741,2.3310237
18.0,93.0,69.977135,64.49768,148.0,2.7328068e-05,1.286,2.2274172
18.0,83.0,79.27259,78.8221,167.0,2.7915392e-05,1.1676636,2.291669
18.0,74.0,65.847755,58.56734,139.0,2.857718e-05,0.75198,2.4596157
18.0,74.0,65.898605,58.63875,139.0,2.9022392e-05,0.053865105,3.08593
18.0,74.0,65.98974,58.766827,139.0,2.9824112e-05,-0.93195647,3.4781055
21.0,74.0,58.274464,51.41335,139.0,3.131743e-05,-2.3603823,3.370974
21.0,74.0,35.690838,24.980946,85.75,3.206281e-05,-3.6481745,2.8502665
22.0,74.0,46.15815,36.863003,116.25,3.262678e-05,-4.454835,2.5719995
23.0,74.0,55.46106,49.253605,148.0,3.305528e-05,-5.128252,2.3913426
23.0,74.0,55.483925,49.2843,148.0,3.3427397e-05,-5.2085843,2.2109134
23.0,74.0,55.506607,49.31476,148.0,3.3798577e-05,-3.6987176,1.8039843
23.0,74.0,55.536697,49.355175,148.0,3.429301e-05,-2.5884728,1.6809741
23.0,74.0,55.566658,49.395435,148.0,3.47882e-05,-2.6994264,1.4963164
23.0,74.0,55.59584,49.43466,148.0,3.527331e-05,-3.338604,1.3488826
23.0,74.0,55.611134,49.45522,148.0,3.5529305e-05,-3.4245641,1.1127088
23.0,74.0,55.611134,49.45522,148.0,3.5529305e-05,-2.5684752,-0.13460852
23.0,74.0,55.581512,49.415398,148.0,3.5035337e-05,-1.4591242,-0.5024168
23.0,74.0,55.565704,49.39415,148.0,3.477271e-05,-0.31669623,0.40535277
23.0,74.0,55.566658,49.395435,148.0,3.47882e-05,0.32084933,1.5094774
23.0,74.0,55.581512,49.415398,148.0,3.5035337e-05,0.0,2.572
23.0,56.0,55.611134,49.45522,148.0,3.5529305e-05,-2.1739492,4.662047
23.0,56.0,55.74183,49.6311,148.0,3.7746686e-05,-3.3259244,4.5777416
23.0,65.0,55.756134,49.650368,148.0,3.7992504e-05,-4.6586723,4.0497203
24.0,65.0,53.379173,47.175404,148.0,3.859578e-05,-5.340635,4.0244584
26.0,65.0,50.111458,44.085583,148.0,3.9464914e-05,-4.45888,3.483659
27.0,50.0,55.464,51.83687,170.5,4.0405877e-05,-3.6973627,2.7861636
28.0,37.0,59.525932,58.229355,194.5,4.142137e-05,-5.345802,3.0863996
29.0,37.0,58.42492,57.154755,199.5,4.2525156e-05,-6.9350953,3.3824704
31.0,37.0,56.132484,54.776417,204.0,4.3369746e-05,-6.677208,2.697765
32.0,41.0,53.900524,52.00499,204.0,4.358155e-05,-5.411155,1.6543547
33.0,46.0,50.804184,48.07181,204.0,4.3612705e-05,-6.0379095,1.283396
34.0,46.0,48.855457,45.767227,204.0,4.3940367e-05,-6.0790215,1.0718954
36.0,46.0,46.124588,42.74133,204.0,4.4340795e-05,-6.0593886,1.1778251
37.0,46.0,50.106102,48.364006,233.0,4.4722074e-05,-5.4903216,1.3688912
39.0,46.0,52.36867,52.06484,264.0,4.506766e-05,-5.411155,1.6543547
40.0,37.0,49.890522,48.82776,261.25,4.5291006e-05,-5.3501225,1.8421949
41.0,28.0,46.728355,44.743378,259.25,4.5551555e-05,-4.833779,1.7593513
41.0,28.0,46.108147,43.916927,255.5,4.598051e-05,-4.833779,1.7593513
41.0,28.0,45.51768,43.135925,252.5,4.651767e-05,-4.735077,2.0099213
42.0,28.0,41.28422,37.89115,234.25,4.7119942e-05,-5.0857368,2.4804783
44.0,28.0,36.616905,32.545605,215.5,4.7722115e-05,-4.6620474,2.173948
44.0,28.0,38.80182,35.168785,233.5,4.811224e-05,-4.087694,2.173466
44.0,28.0,40.857746,37.70717,252.25,4.868306e-05,-4.138292,3.8590195
45.0,31.0,38.91828,35.46803,250.75,4.9845254e-05,-4.2083926,5.1969295
46.0,37.0,36.368896,32.54669,250.0,5.1074945e-05,-4.5145,4.20984
46.0,31.0,35.816437,31.894709,246.25,5.1859988e-05,-4.798595,2.9984958
46.0,28.0,35.33524,31.330786,243.0,5.250265e-05,-5.345802,3.0863996
46.0,30.0,35.168453,31.136189,243.0,5.317904e-05,-5.6710668,3.5436769
46.0,31.0,34.985172,30.922855,243.0,5.392461e-05,-4.9298167,3.7148848
46.0,33.0,34.762558,30.66446,243.0,5.4833017e-05,-4.5145,4.20984
46.0,37.0,34.52374,30.388132,243.0,5.581132e-05,-4.440341,4.287987
47.0,41.0,36.191208,32.473732,288.0,5.6733108e-05,-4.6586723,4.0497203
49.0,46.0,35.361206,31.750294,333.0,5.768715e-05,-4.9695573,4.4746113
51.0,33.0,32.055016,28.169943,416.5,5.8719364e-05,-4.8103695,4.6453195
54.0,22.0,26.242863,22.14098,500.25,5.9784e-05,-4.8907084,4.5606594
57.0,26.0,21.763565,17.825832,500.25,6.0878403e-05,-4.8907084,4.5606594
59.0,31.0,18.043068,14.386029,500.25,6.186609e-05,-5.269585,4.1170516
60.0,26.0,16.586758,13.095769,500.25,6.255698e-05,-4.7455335,3.081786
62.0,22.0,14.743814,11.528389,500.25,6.324571e-05,-4.2704496,3.7122433
