Vmax,Rmax_IBT,Rmax_CK22,Rmax_CK22_crr,R34,fcor,u_trans,v_trans
22.0,56.0,30.174976,20.174486,78.0,2.1915306e-05,-2.8195667,1.255352
23.0,56.0,30.398907,20.758425,83.0,2.2563274e-05,-3.1183844,1.8003997
26.0,41.0,33.822,25.187162,102.0,2.3084947e-05,-3.4898872,2.1807244
28.0,28.0,36.613552,28.833494,120.0,2.3568628e-05,-4.362359,2.7259054
28.0,22.0,36.620094,28.840643,120.0,2.4089655e-05,-4.4092693,2.649355
28.0,19.0,36.6261,28.847198,120.0,2.4572832e-05,-3.6666706,1.8682607
29.0,19.0,44.96511,38.9455,152.5,2.4930105e-05,-2.3675385,1.0049607
31.0,19.0,51.71837,48.567028,185.0,2.53252e-05,-2.1068592,1.4752383
34.0,22.0,47.158737,43.513573,189.75,2.5914e-05,-2.590199,2.5013258
39.0,28.0,42.639957,38.994457,194.25,2.6577594e-05,-3.1057816,2.6998134
39.0,28.0,43.5207,40.113876,198.75,2.72027e-05,-3.7454257,2.7212098
39.0,28.0,44.37963,41.21783,203.5,2.7827968e-05,-5.345802,3.0863996
39.0,28.0,42.802376,39.199932,196.5,2.843364e-05,-5.9583397,3.0359237
39.0,28.0,41.395264,37.434105,189.5,2.9076216e-05,-5.9583397,3.0359237
39.0,28.0,41.689445,37.800606,191.5,2.9842717e-05,-5.9583397,3.0359237
39.0,28.0,42.169735,38.401997,194.5,3.0571195e-05,-5.682092,2.4119058
36.0,28.0,34.480564,28.633278,145.0,3.1124448e-05,-5.8706813,1.9075009
33.0,28.0,25.165102,18.447105,97.0,3.156599e-05,-5.4392037,1.5596656
33.0,28.0,25.394817,18.664001,98.0,3.197565e-05,-4.9447303,1.4178778
33.0,28.0,25.741539,18.99303,99.5,3.231108e-05,-4.9192324,1.5039588
36.0,22.0,28.136711,21.890064,117.75,3.2633474e-05,-4.9192324,1.5039588
39.0,19.0,30.223373,24.56537,136.75,3.280731e-05,-4.572602,0.72422934
41.0,19.0,31.469234,26.226892,153.5,3.2701806e-05,-4.1126933,-0.14361951
44.0,19.0,32.40326,27.703384,171.5,3.2559245e-05,-3.5810745,-0.37638563
44.0,19.0,32.40181,27.701769,171.5,3.257136e-05,-3.0864,3.6804952e-08
44.0,19.0,32.373642,27.670359,171.5,3.280731e-05,-2.8616605,1.156185
41.0,22.0,33.79391,28.803259,166.5,3.338967e-05,-3.3709748,2.3603814
39.0,28.0,35.355003,30.222511,162.0,3.404614e-05,-4.499044,2.4938607
39.0,22.0,36.730457,31.81214,169.0,3.4491655e-05,-5.282572,2.0277884
39.0,19.0,38.08985,33.413654,176.0,3.47882e-05,-3.9353857,1.203167
40.0,19.0,36.388985,31.603159,173.0,3.498562e-05,-3.0563633,0.42954442
41.0,19.0,34.459362,29.556944,171.0,3.5035337e-05,-3.08593,-0.053864766
41.0,22.0,34.825356,29.974535,173.0,3.4948727e-05,-3.5920286,-0.25117934
41.0,28.0,35.331047,30.555101,176.0,3.47882e-05,-3.587098,-0.3138303
44.0,28.0,33.51043,28.948084,179.5,3.4608664e-05,-3.5986066,-0.12566707
46.0,28.0,32.098373,27.6333,185.0,3.454095e-05,-4.1126933,0.14361764
49.0,19.0,31.424042,27.243793,196.5,3.4769913e-05,-4.6119833,0.4034962
51.0,9.0,30.722296,26.68048,208.5,3.5035337e-05,-4.1051755,0.28706223
55.0,13.0,28.893627,25.051075,217.5,3.509066e-05,-3.0864,3.6804952e-08
59.0,19.0,26.811829,23.128708,227.0,3.5035337e-05,-3.0694926,-0.32261625
60.0,19.0,26.746042,23.12959,235.0,3.483764e-05,-2.5579104,-0.26884687
62.0,19.0,26.272537,22.761559,243.25,3.47882e-05,-1.4906167,0.39940947
63.0,19.0,25.491896,22.002165,243.25,3.515261e-05,-0.79480684,1.3227805
64.0,19.0,24.33582,20.858664,243.25,3.577612e-05,-0.49076116,2.524745
