Vmax,Rmax_IBT,Rmax_CK22,Rmax_CK22_crr,R34,fcor,u_trans,v_trans
23.0,120.0,209.67883,450.97833,528.0,5.1246643e-05,-7.5188446,3.3476052
23.0,120.0,209.6396,450.82666,528.0,5.2027382e-05,-7.6837406,2.9495103
23.0,120.0,202.92097,425.21524,510.5,5.257444e-05,-7.8707714,2.406334
23.0,120.0,196.0361,399.7371,493.25,5.2977284e-05,-6.987682,1.7422252
23.0,115.0,196.0274,399.70535,493.25,5.3383654e-05,-6.515807,1.5042937
23.0,111.0,196.01997,399.67825,493.25,5.3688025e-05,-6.096802,0.9656391
24.0,111.0,182.3241,354.63028,489.5,5.380755e-05,-5.603333,0.7874981
26.0,111.0,164.32588,300.17102,486.25,5.392461e-05,-5.0121593,1.1571491
27.0,111.0,154.8764,272.69794,489.5,5.4206215e-05,-4.292491,1.7342775
28.0,111.0,141.21979,234.16937,493.25,5.4633376e-05,-4.22935,1.883028
28.0,96.0,140.53436,232.23105,491.75,5.5206736e-05,-4.735077,2.0099213
28.0,83.0,139.89919,230.44177,490.75,5.581132e-05,-4.6620474,2.173948
29.0,83.0,131.99301,210.02084,496.5,5.626261e-05,-4.087694,2.173466
31.0,83.0,120.281845,181.65878,502.5,5.6750614e-05,-4.4092693,2.649355
32.0,83.0,112.0423,162.33171,502.5,5.73832e-05,-4.1081805,3.0957372
33.0,83.0,100.696106,137.05153,502.5,5.8154368e-05,-2.721211,3.745425
33.0,87.0,97.93735,131.0503,482.25,5.9051577e-05,-0.9955565,3.9929612
33.0,93.0,94.85189,124.48833,462.75,6.0016075e-05,-0.5642067,4.595092
34.0,93.0,89.266846,113.56837,471.0,6.083838e-05,-0.35882682,5.1314697
36.0,93.0,80.753204,97.94043,479.5,6.186609e-05,0.0,5.6584
