Vmax,Rmax_IBT,Rmax_CK22,Rmax_CK22_crr,R34,fcor,u_trans,v_trans
18.0,78.0,81.617325,82.6486,169.0,3.575769e-05,-2.0267637,1.5834814
18.0,93.0,82.861275,84.71354,171.5,3.626943e-05,-2.949603,2.0653336
21.0,83.0,69.79406,68.06799,164.5,3.6780606e-05,-3.5274155,2.119484
23.0,74.0,59.35032,54.59758,157.75,3.7254722e-05,-4.0093513,2.3147995
23.0,74.0,62.14155,58.585506,164.0,3.760502e-05,-4.4092693,2.649355
23.0,74.0,65.15684,63.036907,171.25,3.7992504e-05,-4.8501964,2.9142904
23.0,74.0,66.91451,65.70042,176.0,3.862511e-05,-4.8501964,2.9142904
23.0,74.0,68.711845,68.47633,180.5,3.9219805e-05,-4.499044,2.4938607
26.0,74.0,66.2385,67.12987,194.5,3.9446168e-05,-3.6335058,1.9319696
28.0,74.0,63.719498,64.555695,208.5,3.9709896e-05,-3.3709748,2.3603814
29.0,69.0,71.76594,78.182045,245.5,4.0370163e-05,-3.1524265,2.6451993
31.0,65.0,76.65197,87.903824,282.5,4.1177245e-05,-3.7454257,2.7212098
31.0,65.0,77.19167,88.86982,284.75,4.1873056e-05,-4.362359,2.7259054
31.0,65.0,77.70787,89.7983,287.0,4.2640077e-05,-4.8501964,2.9142904
32.0,65.0,73.72974,83.30754,285.0,4.3594508e-05,-4.7455335,3.081786
33.0,65.0,68.72687,75.27205,285.0,4.458322e-05,-4.45888,3.483659
34.0,59.0,65.271805,70.04037,283.0,4.5411423e-05,-3.7002842,3.5733225
36.0,56.0,60.917076,63.89601,282.25,4.627635e-05,-4.001094,4.0010924
34.0,56.0,70.530914,78.762695,311.75,4.7343387e-05,-4.5145,4.20984
33.0,56.0,79.274956,93.77721,342.75,4.844305e-05,-5.5966945,4.5321136
36.0,50.0,63.026054,67.20664,301.5,4.938385e-05,-6.162271,4.6436057
39.0,46.0,50.164936,48.968315,261.5,5.035898e-05,-5.456037,5.456035
41.0,33.0,46.70363,44.710304,276.0,5.156875e-05,-4.532115,5.596693
44.0,22.0,43.25034,40.74674,291.75,5.2740055e-05,-5.4351177,4.7246733
45.0,22.0,43.463623,41.190865,323.5,5.3515232e-05,-6.6822524,3.8579993
46.0,22.0,41.823555,39.244938,356.5,5.439729e-05,-6.7419496,4.7207627
49.0,15.0,35.54152,31.962507,338.75,5.587679e-05,-6.880925,6.1956153
51.0,9.0,30.258846,26.168991,321.75,5.7453286e-05,-6.9880085,6.07458
55.0,22.0,25.533718,21.484917,329.25,5.861971e-05,-6.599786,5.737104
59.0,37.0,20.930683,17.13856,337.75,5.9784e-05,-5.7173176,5.9204526
