Vmax,Rmax_IBT,Rmax_CK22,Rmax_CK22_crr,R34,fcor,u_trans,v_trans
19.0,83.0,53.289814,43.13581,115.5,5.685016e-05,-0.43882746,3.57396
21.0,74.0,51.521904,42.646904,120.5,5.768715e-05,-0.12566648,3.5986066
22.0,74.0,49.095173,40.381756,120.5,5.859172e-05,0.0,3.6008
23.0,74.0,45.75625,36.99909,120.5,5.9319285e-05,0.0,2.572
23.0,74.0,47.615433,39.2273,125.0,5.9638845e-05,0.1431813,1.0187877
23.0,74.0,49.476013,41.513844,129.5,5.9784e-05,0.21389955,1.0063183
23.0,93.0,56.961815,51.286346,148.0,5.9998667e-05,0.4347897,0.9324094
23.0,111.0,64.510345,62.069973,166.5,6.0247978e-05,0.72448856,1.3625647
24.0,111.0,61.393173,58.307426,166.5,6.059546e-05,1.0597423,1.7637075
26.0,111.0,57.085632,53.5219,166.5,6.0942573e-05,1.0326024,1.1468211
26.0,130.0,66.64151,67.760956,194.5,6.119107e-05,1.2484751,0.9070702
26.0,148.0,75.99062,83.1573,222.0,6.14047e-05,1.3364505,0.77159995
29.0,106.0,63.040123,64.09345,222.0,6.1583625e-05,1.2484751,0.9070702
33.0,65.0,36.30851,29.979725,152.75,6.186609e-05,0.9975442,1.7996175
33.0,69.0,37.383923,31.20196,157.5,6.228639e-05,0.44662312,2.5329256
33.0,74.0,38.406715,32.382225,162.0,6.3016254e-05,0.5727252,4.075151
33.0,74.0,38.310585,32.270554,162.0,6.4121574e-05,0.88516885,5.588736
33.0,74.0,38.187565,32.127872,162.0,6.552959e-05,1.5042926,6.5158076
33.0,83.0,45.807877,41.44129,199.0,6.70659e-05,1.8666694,7.486802
33.0,93.0,52.371964,50.237953,236.0,6.869332e-05,0.9403439,7.658486
34.0,78.0,51.315376,49.119473,245.25,7.03098e-05,-0.50235754,7.1840577
36.0,65.0,48.69151,46.152916,254.5,7.181604e-05,-1.6177793,6.488562
