Vmax,Rmax_IBT,Rmax_CK22,Rmax_CK22_crr,R34,fcor,u_trans,v_trans
22.0,69.0,61.56362,56.882587,153.0,3.0359452e-05,-3.9405332,-3.306499
23.0,65.0,57.499084,52.023033,153.0,3.1068776e-05,-4.454835,-2.5719995
24.0,59.0,55.036453,49.39078,153.0,3.1671672e-05,-4.6620474,-2.173948
26.0,56.0,51.63627,46.07982,153.0,3.231108e-05,-4.2137184,-2.9504766
27.0,56.0,49.561604,43.88945,153.0,3.3160355e-05,-3.0372913,-3.4940033
28.0,56.0,46.66909,40.658356,153.0,3.404614e-05,-3.1573792,-3.3858755
31.0,46.0,48.76316,44.591335,176.0,3.4843826e-05,-3.4940035,-3.0372908
33.0,37.0,49.905857,46.849052,199.25,3.5529305e-05,-3.0581892,-2.7536068
33.0,37.0,49.860912,46.78823,199.25,3.6041132e-05,-2.501326,-2.5901988
33.0,37.0,49.81905,46.731606,199.25,3.651592e-05,-1.9838996,-2.3643198
34.0,37.0,49.02451,45.99439,203.75,3.709467e-05,-1.9001774,-2.4321167
36.0,37.0,47.271862,44.252663,208.5,3.7746686e-05,-2.3623376,-2.7175581
37.0,37.0,46.477757,43.47184,213.0,3.844688e-05,-2.8586583,-2.960227
39.0,37.0,44.82794,41.79883,217.75,3.9219805e-05,-2.753606,-3.0581899
37.0,41.0,48.907803,46.724316,224.75,4.0077077e-05,-2.9135017,-3.597875
36.0,46.0,51.852676,50.503944,231.5,4.093299e-05,-2.6998143,-3.1057808
36.0,46.0,51.743332,50.35068,231.5,4.1647105e-05,-2.3145494,-2.758373
36.0,46.0,51.62815,50.189453,231.5,4.239659e-05,-1.9319692,-3.633506
36.0,46.0,51.48072,49.98341,231.5,4.3351436e-05,-1.2716666,-3.9137878
36.0,46.0,51.32737,49.769466,231.5,4.4340795e-05,-1.2031684,-3.9353852
39.0,46.0,46.38855,43.847,231.5,4.520678e-05,-1.3397777,-3.8909981
41.0,46.0,42.014687,38.619186,231.5,4.6034886e-05,-1.1723055,-3.4046235
44.0,46.0,39.25565,35.723274,236.5,4.686132e-05,-0.93195575,-3.4781058
46.0,46.0,36.373142,32.55172,241.0,4.7722115e-05,-0.57272524,-4.075151
