Vmax,Rmax_IBT,Rmax_CK22,Rmax_CK22_crr,R34,fcor,u_trans,v_trans
19.0,56.0,27.121584,16.33745,62.5,3.1068335e-05,-5.144,6.134159e-08
21.0,56.0,28.355814,18.167694,69.5,3.1068776e-05,-5.1369505,-0.26921704
22.0,56.0,36.416405,26.196657,92.5,3.0943975e-05,-5.115821,-0.53769374
23.0,56.0,42.913357,33.701378,116.0,3.0820032e-05,-5.6506453,-0.29613873
26.0,46.0,40.311928,32.189255,120.5,3.080128e-05,-6.1728,7.3609904e-08
28.0,37.0,38.122612,30.500732,125.0,3.0820032e-05,-6.17186,0.10772967
29.0,37.0,37.747765,30.42469,128.25,3.0838484e-05,-6.1728,7.3609904e-08
31.0,37.0,36.88276,30.076797,132.0,3.0820032e-05,-5.654953,-0.19747682
32.0,37.0,38.27481,31.950048,141.75,3.0732863e-05,-5.6368685,-0.49316186
33.0,37.0,39.245255,33.36285,153.0,3.0571195e-05,-4.559266,-0.8039214
34.0,31.0,38.807312,33.117424,156.25,3.0321922e-05,-3.992961,-0.9955571
36.0,28.0,37.89897,32.54268,160.0,3.0073232e-05,-3.5085118,-0.81000423
37.0,28.0,37.9917,32.877277,165.5,2.9911202e-05,-3.5657573,-0.50113505
39.0,28.0,37.583855,32.813995,171.25,2.9824112e-05,-3.0788815,-0.21529658
40.0,28.0,37.408295,32.799686,175.75,2.9805224e-05,-3.0864,3.6804952e-08
41.0,28.0,36.678833,32.122772,180.75,2.9824112e-05,-3.0864,3.6804952e-08
42.0,22.0,34.86501,30.18628,175.75,2.9805313e-05,-3.6008,4.293911e-08
44.0,19.0,32.708134,28.044165,171.25,2.9824112e-05,-4.10956,0.21537372
46.0,31.0,31.729235,27.222237,178.0,2.9892644e-05,-4.084526,0.5015159
49.0,46.0,30.7406,26.486319,185.5,3.0073232e-05,-3.9557843,1.1343023
49.0,46.0,30.680183,26.41971,185.5,3.0427811e-05,-3.2894945,1.4645773
49.0,46.0,30.613434,26.346184,185.5,3.0820032e-05,-3.867023,1.407481
50.0,46.0,31.02548,26.911083,194.5,3.1087366e-05,-3.992961,0.99555725
51.0,46.0,30.955875,26.939535,203.5,3.131743e-05,-4.0097275,0.9257192
55.0,46.0,28.354603,24.467388,203.5,3.1528478e-05,-3.992961,0.99555725
59.0,46.0,25.74775,22.006727,203.5,3.1814445e-05,-4.322104,1.6590996
60.0,46.0,25.039322,21.337086,203.5,3.2329495e-05,-4.6620474,2.173948
62.0,46.0,24.083454,20.47883,203.5,3.280731e-05,-4.9687223,1.3313649
60.0,46.0,24.880423,21.172398,203.5,3.2968368e-05,-5.115821,0.5376939
59.0,46.0,25.442467,21.687946,203.5,3.305528e-05,-5.093939,0.7159074
60.0,46.0,24.792984,21.081932,203.5,3.3321496e-05,-5.0315914,1.0694966
62.0,46.0,23.896215,20.286842,203.5,3.3550914e-05,-5.124426,0.44832912
63.0,50.0,23.36,19.799364,203.5,3.355056e-05,-5.144,6.134159e-08
64.0,56.0,22.588755,19.07538,203.5,3.3550914e-05,-5.124426,0.44832912
65.0,50.0,22.041351,18.579914,203.5,3.3761262e-05,-5.5544395,1.0796729
67.0,46.0,21.256466,17.899765,203.5,3.404614e-05,-5.5347505,1.1764463
