Vmax,Rmax_IBT,Rmax_CK22,Rmax_CK22_crr,R34,fcor,u_trans,v_trans
20.0,37.0,25.063337,15.050702,60.25,2.7840477e-05,-0.46285924,2.004864
20.0,37.0,25.052359,15.041908,60.25,2.7328068e-05,0.17933165,2.0497704
22.0,37.0,33.284737,23.095768,85.25,2.6821572e-05,1.1206493,1.7256485
23.0,37.0,40.953373,31.504898,111.25,2.6577594e-05,1.542965,-0.026932467
23.0,37.0,44.308395,35.303062,120.0,2.684041e-05,1.4293293,-1.4801134
23.0,37.0,48.051212,39.757763,129.5,2.7328068e-05,0.4628594,-2.004864
23.0,37.0,42.954517,33.748177,116.25,2.7740498e-05,-0.45118815,-1.4757695
23.0,37.0,38.411457,28.749971,104.0,2.807779e-05,-0.1786493,-1.0131702
25.0,31.0,37.272198,28.423038,107.25,2.8164925e-05,0.9166676,-0.4670653
26.0,26.0,36.401764,27.88688,111.25,2.8327528e-05,2.774038,-1.3529886
27.0,26.0,38.936234,31.042065,120.75,2.8858363e-05,4.4548345,-2.5720003
28.0,26.0,41.025467,33.814465,131.75,2.9574905e-05,4.1615834,-3.0235674
28.0,26.0,41.6167,34.506573,133.75,3.037794e-05,3.4940038,-3.0372906
28.0,26.0,42.49689,35.54773,136.25,3.1068776e-05,3.7296376,-1.739159
28.0,26.0,42.49918,35.55045,136.25,3.1242995e-05,3.992961,-0.9955569
28.0,26.0,42.50341,35.55549,136.25,3.156599e-05,3.1981115,-2.5897791
28.0,31.0,44.55264,38.029648,143.0,3.256531e-05,2.4804792,-5.0857363
28.0,37.0,47.04023,41.12701,151.0,3.404614e-05,2.2559412,-7.3788476
27.0,31.0,51.574276,46.5344,158.75,3.6010435e-05,1.9911137,-7.985922
26.0,26.0,55.496887,51.30133,167.0,3.7746686e-05,1.759352,-4.833779
26.0,31.0,56.14183,52.197716,169.0,3.842233e-05,1.5117837,-2.0807917
26.0,37.0,56.93263,53.306225,171.5,3.872924e-05,0.63583344,-1.9568938
26.0,37.0,54.420456,49.820606,164.0,3.937908e-05,0.08976139,-2.5704334
26.0,37.0,52.235443,46.874004,157.5,3.995476e-05,0.42779893,-2.0126367
29.0,37.0,47.829132,42.567307,162.75,4.0236224e-05,1.0719969,-1.1100851
33.0,37.0,43.602528,38.646664,169.0,4.0444127e-05,1.164668,-1.0124302
33.0,41.0,44.951782,40.346844,174.5,4.07924e-05,1.1206493,-1.7256485
33.0,46.0,46.399334,42.204548,180.5,4.1177245e-05,-1.1801908,-1.6854873
34.0,46.0,42.568714,37.656437,174.25,4.1525458e-05,-3.1793177,-1.6904734
36.0,46.0,39.17338,34.049564,169.0,4.1909232e-05,-2.9851987,-2.0135417
