Vmax,Rmax_IBT,Rmax_CK22,Rmax_CK22_crr,R34,fcor,u_trans,v_trans
21.0,69.0,26.566969,16.63787,65.0,3.9642382e-05,-4.9192314,-1.5039612
23.0,28.0,23.801804,14.967777,65.0,3.9219805e-05,-4.9192314,-1.5039612
26.0,28.0,23.125252,15.1704645,69.5,3.893745e-05,-4.510944,-1.0414339
28.0,28.0,22.541159,15.111103,74.5,3.872924e-05,-4.559266,-0.8039214
29.0,28.0,24.511328,17.053213,83.5,3.8569484e-05,-4.595092,-0.56420743
31.0,28.0,25.892323,18.74366,92.5,3.8483773e-05,-4.6232553,-0.24229534
31.0,28.0,28.469814,21.220871,101.5,3.844661e-05,-4.6296,5.520743e-08
31.0,28.0,31.042469,23.803812,111.5,3.8483773e-05,-4.6183224,0.322945
32.0,31.0,32.480347,25.546343,120.5,3.8587827e-05,-5.115821,0.5376939
33.0,37.0,33.220963,26.577534,129.5,3.872924e-05,-5.115821,0.5376939
34.0,31.0,32.154533,25.66439,129.5,3.885158e-05,-5.6368685,0.49316204
36.0,28.0,30.663342,24.496044,129.5,3.897458e-05,-5.6368685,0.49316204
36.0,28.0,31.187046,25.049395,131.75,3.90971e-05,-6.149311,0.5379949
36.0,28.0,31.706263,25.602484,134.25,3.9219805e-05,-5.6368685,0.49316204
36.0,28.0,31.701323,25.597202,134.25,3.9341754e-05,-5.6368685,0.49316204
36.0,28.0,31.696259,25.591787,134.25,3.9464914e-05,-5.6368685,0.49316204
37.0,31.0,32.71066,26.883326,143.25,3.958731e-05,-6.149311,0.5379949
39.0,37.0,33.08088,27.662273,153.0,3.9709896e-05,-5.6368685,0.49316204
40.0,37.0,32.077682,26.729925,153.0,3.9832117e-05,-5.6368685,0.49316204
41.0,37.0,30.66588,25.356997,153.0,3.995476e-05,-5.124426,0.44832912
42.0,37.0,30.164043,24.96732,155.25,4.0040068e-05,-4.595092,0.5642054
44.0,37.0,29.234402,24.249783,157.5,4.0199502e-05,-4.0097275,0.9257192
45.0,37.0,28.387661,23.479471,157.5,4.0511088e-05,-3.8418703,1.4747552
46.0,37.0,27.18466,22.339308,157.5,4.093299e-05,-3.6987176,1.8039843
46.0,37.0,27.131577,22.284214,157.5,4.1402873e-05,-4.087694,2.173466
46.0,37.0,27.074482,22.225008,157.5,4.1909232e-05,-4.087694,2.173466
46.0,37.0,27.01745,22.165922,157.5,4.2414667e-05,-4.087694,2.173466
46.0,37.0,26.964615,22.111227,157.5,4.288343e-05,-3.7296379,1.7391584
47.0,37.0,25.513788,20.73355,152.75,4.3266253e-05,-3.8418703,1.4747552
49.0,37.0,23.810917,19.220171,148.25,4.3612705e-05,-3.8155472,1.5415801
50.0,37.0,23.14751,18.653187,148.25,4.3994794e-05,-3.8418703,1.4747552
51.0,37.0,22.221783,17.82996,148.25,4.4340795e-05,-4.4030113,1.4306257
52.0,31.0,21.626709,17.331564,148.25,4.4619435e-05,-4.5109434,1.0414342
54.0,28.0,20.798344,16.680857,148.25,4.4825505e-05,-4.572602,0.72422934
