Vmax,Rmax_IBT,Rmax_CK22,Rmax_CK22_crr,R34,fcor,u_trans,v_trans
21.0,37.0,23.967838,14.507174,58.0,5.300691e-05,-0.23142964,-1.002432
21.0,28.0,23.971317,14.509952,58.0,5.321436e-05,-0.90707004,-1.2484752
22.0,28.0,27.712343,17.972761,69.5,5.343352e-05,-1.2942364,-0.84048706
23.0,28.0,30.501392,20.854002,81.0,5.3688025e-05,-1.1468209,-1.0326025
24.0,31.0,33.365517,23.991734,92.75,5.392459e-05,-0.9287209,-1.2324544
26.0,37.0,35.2533,26.67139,104.0,5.4161024e-05,-0.9500887,-1.2160584
27.0,37.0,40.23844,32.51571,123.5,5.4397227e-05,-1.0524597,-1.1286252
28.0,37.0,43.896595,37.229958,143.5,5.4633376e-05,-1.1646678,-1.0124303
29.0,37.0,45.04021,39.038723,153.75,5.48515e-05,-1.2484747,-0.9070706
31.0,37.0,45.069557,39.826862,164.25,5.510506e-05,-1.7449436,-1.0903622
31.0,37.0,45.056114,39.809933,164.25,5.545843e-05,-2.2709413,-1.207481
31.0,37.0,45.042614,39.792942,164.25,5.581132e-05,-2.349639,-1.0461266
32.0,37.0,43.55359,38.270447,165.25,5.6046127e-05,-2.401169,-0.921722
33.0,37.0,41.368534,35.89819,166.75,5.6281307e-05,-2.8195667,-1.255352
34.0,37.0,39.752125,34.23547,166.75,5.6580353e-05,-2.6994264,-1.4963164
36.0,37.0,37.48605,32.060196,166.75,5.698501e-05,-3.3709748,-2.3603814
40.0,28.0,34.720894,29.68166,177.75,5.7622674e-05,-3.8827093,-2.5214612
44.0,19.0,31.513063,26.716902,189.75,5.8154368e-05,-5.01216,-1.1571488
