Vmax,Rmax_IBT,Rmax_CK22,Rmax_CK22_crr,R34,fcor,u_trans,v_trans
28.0,65.0,70.857056,75.99647,232.0,3.9581388e-05,-1.5373278,0.13449873
33.0,65.0,59.894882,61.200695,241.0,3.9709896e-05,-0.8427437,0.59009534
34.0,56.0,60.51082,62.540176,255.0,4.0248364e-05,-0.7005982,1.3750013
36.0,46.0,59.5605,61.80535,268.5,4.093299e-05,-1.0124304,1.1646677
37.0,46.0,56.38649,57.3449,264.0,4.134837e-05,-1.9411135,1.6873834
39.0,46.0,52.332863,52.01389,259.0,4.1909232e-05,-2.97585,3.5464787
39.0,46.0,52.86637,52.77519,263.75,4.2931715e-05,-3.7148836,4.9298177
39.0,46.0,53.323742,53.431553,268.25,4.409823e-05,-4.47461,4.9695582
40.0,46.0,52.39525,52.350445,277.75,4.5085613e-05,-4.9695573,4.4746113
41.0,46.0,50.26435,49.57473,286.75,4.6034886e-05,-5.196931,4.208391
41.0,46.0,49.356895,48.315445,282.5,4.70352e-05,-5.4100595,3.9306364
41.0,46.0,48.402153,47.004993,277.5,4.796257e-05,-6.2367687,3.6007993
44.0,37.0,45.448254,43.620056,296.0,4.875509e-05,-7.4592757,3.4783168
46.0,28.0,42.13083,39.636368,314.5,4.9402213e-05,-7.203507,2.765166
47.0,28.0,40.169373,37.310028,314.5,4.995211e-05,-6.4281497,1.8432412
49.0,28.0,37.549995,34.360863,314.5,5.035898e-05,-6.541069,1.3903457
50.0,28.0,35.90176,32.508415,314.5,5.063291e-05,-7.112936,1.1265789
51.0,28.0,33.65143,29.990458,314.5,5.083645e-05,-7.069287,1.3741292
57.0,22.0,27.383871,23.588263,314.5,5.1055154e-05,-7.044228,1.4972953
62.0,19.0,22.404354,18.775478,314.5,5.131329e-05,-7.6409082,1.0738611
62.0,19.0,22.272438,18.643406,314.5,5.165281e-05,-7.6737313,0.80654085
62.0,19.0,22.12775,18.498842,314.5,5.2027382e-05,-8.150302,1.1454518
63.0,19.0,21.156017,17.591684,319.75,5.2364958e-05,-8.553706,1.8181444
64.0,19.0,19.711452,16.234806,324.0,5.2740055e-05,-8.520671,1.9671534
