Vmax,Rmax_IBT,Rmax_CK22,Rmax_CK22_crr,R34,fcor,u_trans,v_trans
21.0,46.0,57.886127,50.889244,139.0,2.9574905e-05,-1.7702862,-2.528231
24.0,46.0,51.314163,44.47826,143.5,3.139818e-05,-0.5015162,-4.084526
26.0,46.0,48.28775,41.751064,143.5,3.2559245e-05,0.21537332,-4.10956
26.0,46.0,48.334766,41.81056,143.5,3.3971966e-05,0.50151646,-4.084526
26.0,46.0,48.3852,41.87441,143.5,3.5529305e-05,-4.4970275e-07,-5.144
27.0,46.0,47.73718,41.55006,147.5,3.7008507e-05,-1.0718958,-6.0790215
28.0,46.0,46.743614,40.75228,152.5,3.8483773e-05,-1.5042926,-6.5158076
28.0,41.0,46.753407,40.764626,152.5,3.9936454e-05,-1.8639115,-6.9562116
28.0,37.0,46.762,40.77547,152.5,4.142137e-05,-1.7307749,-6.459339
31.0,37.0,42.993275,37.248413,154.5,4.3005028e-05,-1.7307749,-6.459339
33.0,37.0,39.874584,34.10649,157.5,4.458322e-05,-1.6177795,-6.4885616
33.0,37.0,39.813797,34.034374,157.5,4.603485e-05,-1.3885778,-6.0145917
33.0,37.0,39.752365,33.96156,157.5,4.748151e-05,-1.5042926,-6.5158076
34.0,31.0,39.108757,33.47253,161.0,4.9006874e-05,-1.3903477,-6.5410686
36.0,28.0,38.121418,32.80377,166.5,5.059779e-05,-1.0022691,-7.1315145
36.0,31.0,38.004253,32.666153,166.5,5.2265073e-05,-0.53824043,-7.6972046
36.0,37.0,37.886604,32.528187,166.5,5.392461e-05,-0.5023577,-7.1840577
36.0,37.0,37.775925,32.39861,166.5,5.5475997e-05,-0.69900256,-6.650567
36.0,37.0,37.667454,32.271812,166.5,5.698501e-05,-0.64523315,-6.138985
37.0,37.0,36.165485,30.75253,166.5,5.852177e-05,-0.43059233,-6.1577635
39.0,37.0,34.082806,28.779816,166.5,6.0016075e-05,-0.43059233,-6.1577635
