Vmax,Rmax_IBT,Rmax_CK22,Rmax_CK22_crr,R34,fcor,u_trans,v_trans
22.0,65.0,28.958832,19.074854,74.0,3.2379237e-05,-4.2645693,-2.8764882
23.0,65.0,27.167,17.832546,74.0,3.305528e-05,-4.9003186,-2.8291996
23.0,59.0,27.87534,18.459177,76.0,3.3730394e-05,-4.735077,-2.0099213
23.0,56.0,28.933277,19.410378,78.5,3.4293596e-05,-3.890998,-1.3397782
27.0,56.0,24.791073,16.850595,77.25,3.457792e-05,-2.4596157,-0.7519806
31.0,56.0,21.381275,14.674527,76.25,3.47882e-05,-2.349639,-1.0461266
36.0,46.0,21.512098,15.558421,89.25,3.510318e-05,-2.1068592,-1.4752383
41.0,37.0,21.799831,16.453848,104.25,3.5529305e-05,-1.7210038,-1.9113686
47.0,37.0,21.968525,17.235125,123.5,3.6145808e-05,-1.8574418,-2.4649088
54.0,37.0,21.399477,17.261433,143.5,3.67623e-05,-2.837469,-2.216874
58.0,31.0,21.977322,18.102583,165.25,3.716896e-05,-3.6987176,-1.8039843
62.0,28.0,21.792496,18.16505,187.5,3.7500762e-05,-3.6666696,-1.8682624
63.0,28.0,21.807154,18.236547,195.75,3.7850914e-05,-3.0864875,-1.85455
64.0,28.0,21.585382,18.071196,205.75,3.8238195e-05,-2.6174154,-1.6355432
64.0,28.0,21.472244,17.958881,205.75,3.8692328e-05,-2.5884728,-1.6809741
64.0,28.0,21.341618,17.829437,205.75,3.9219805e-05,-2.8757265,-2.167016
68.0,28.0,19.887997,16.600357,215.5,3.9850343e-05,-3.2865446,-2.4765897
72.0,28.0,18.208525,15.147543,224.75,4.0444127e-05,-4.1250033,-2.1017952
