Vmax,Rmax_IBT,Rmax_CK22,Rmax_CK22_crr,R34,fcor,u_trans,v_trans
21.0,41.0,20.644129,11.941423,51.0,3.181408e-05,-7.6310945,3.0831602
23.0,46.0,20.251883,12.146754,56.0,3.2559245e-05,-7.6310945,3.0831602
23.0,46.0,21.121681,12.8188715,58.25,3.3302764e-05,-7.6310945,3.0831602
23.0,46.0,21.997429,13.508101,60.5,3.404614e-05,-7.1026154,3.014882
24.0,41.0,22.790894,14.404387,65.0,3.4806086e-05,-7.048917,3.13838
26.0,37.0,23.08194,15.133763,69.5,3.5529305e-05,-7.1541514,2.8904626
26.0,37.0,23.088642,15.139441,69.5,3.6182933e-05,-6.7672906,2.4630916
26.0,37.0,23.094513,15.144413,69.5,3.67623e-05,-6.2839127,2.2871566
27.0,37.0,22.25977,14.661807,69.5,3.72908e-05,-5.836497,2.0096672
28.0,37.0,21.111212,13.901232,69.5,3.7746686e-05,-5.9336767,1.7014533
28.0,37.0,21.82337,14.499531,71.75,3.815191e-05,-6.515807,1.5042937
28.0,37.0,22.536127,15.106786,74.25,3.8483773e-05,-6.5643377,1.2759771
28.0,37.0,23.249332,15.722889,76.5,3.8765735e-05,-6.6048694,1.0461091
28.0,37.0,23.962738,16.347635,78.75,3.897458e-05,-6.126789,0.75227386
29.0,31.0,26.836355,19.19061,91.5,3.911533e-05,-6.149311,0.5379949
31.0,28.0,29.115812,21.859083,104.0,3.9219805e-05,-5.6368685,0.49316204
32.0,28.0,29.8937,22.868202,110.5,3.9342056e-05,-5.115821,0.5376939
33.0,28.0,30.325615,23.531158,118.0,3.9464914e-05,-4.6042385,0.4839245
36.0,28.0,28.039766,21.792175,118.0,3.9568833e-05,-4.084526,0.5015159
39.0,28.0,26.04286,20.275642,118.0,3.9709896e-05,-3.5085115,0.8100043
39.0,28.0,26.0337,20.266556,118.0,3.993586e-05,-2.9182484,1.0048336
39.0,28.0,26.023048,20.255993,118.0,4.0199502e-05,-3.4434626,1.0527711
37.0,28.0,27.180317,21.09924,118.0,4.0462422e-05,-4.5109434,1.0414342
36.0,28.0,28.00542,21.757532,118.0,4.0688625e-05,-4.559266,0.8039215
36.0,28.0,27.375711,21.12584,115.25,4.0847313e-05,-5.115821,0.5376939
36.0,28.0,26.933447,20.6861,113.5,4.093299e-05,-5.1369505,0.26921716
34.0,22.0,29.755455,23.15699,120.0,4.095103e-05,-5.144,6.134159e-08
33.0,19.0,32.557907,25.867584,127.5,4.093299e-05,-4.628895,-0.08079715
33.0,19.0,34.751045,28.243734,136.25,4.0914107e-05,-5.144,6.134159e-08
33.0,19.0,37.154144,30.939192,146.0,4.093299e-05,-5.654953,0.19747426
34.0,19.0,35.90901,29.780163,146.0,4.1018524e-05,-6.149311,0.5379949
36.0,19.0,34.164207,28.281248,146.0,4.1177245e-05,-5.603333,0.7874981
37.0,19.0,33.070496,27.277143,146.0,4.1384115e-05,-5.5544395,1.0796729
39.0,19.0,31.531477,25.96646,146.0,4.1665367e-05,-5.5133753,1.272864
42.0,19.0,26.501133,21.149006,134.75,4.2012573e-05,-5.9624667,1.5976379
46.0,19.0,22.256939,17.416435,125.0,4.239659e-05,-5.9030786,1.8047506
