Vmax,Rmax_IBT,Rmax_CK22,Rmax_CK22_crr,R34,fcor,u_trans,v_trans
21.0,83.0,52.7165,44.14417,125.0,4.0162322e-05,1.0719968,1.1100851
21.0,83.0,42.55219,32.140663,101.75,3.995476e-05,0.28016233,0.43141213
21.0,83.0,42.96419,32.594772,102.75,3.99057e-05,0.0,0.5144
21.0,83.0,43.57445,33.27244,104.0,3.9709896e-05,-1.0597425,1.7637073
22.0,74.0,37.192562,26.989862,93.75,3.899315e-05,-1.9081333,3.0536516
23.0,65.0,30.949535,21.273966,83.5,3.8238195e-05,-1.4008113,2.1570609
23.0,65.0,41.78497,32.429153,111.75,3.790026e-05,-0.9500887,1.2160584
23.0,65.0,53.32457,46.423416,141.25,3.7746686e-05,-0.8107054,0.6333926
23.0,65.0,37.204395,27.478813,100.25,3.7586462e-05,-1.0063183,0.21389933
23.0,65.0,22.036354,13.53903,60.5,3.7500762e-05,-2.0563467,-0.071809754
23.0,65.0,22.03638,13.53905,60.5,3.750109e-05,-3.6008,4.293911e-08
23.0,65.0,22.036354,13.53903,60.5,3.7500762e-05,-4.5445414,0.8833688
24.0,65.0,29.01628,19.825708,82.0,3.7414808e-05,-4.892235,1.5895841
26.0,65.0,34.941673,26.345348,104.25,3.7254722e-05,-4.0395923,0.7852167
26.0,65.0,34.937542,26.341034,104.25,3.7045174e-05,-2.572,3.0670794e-08
26.0,65.0,34.931957,26.335209,104.25,3.67623e-05,-2.9353406,0.95375043
26.0,65.0,36.040714,27.502405,107.5,3.6355625e-05,-3.0864885,1.8545485
26.0,65.0,37.32438,28.879189,111.25,3.6022833e-05,-1.9077736,0.77079004
27.0,46.0,35.885906,27.70051,111.25,3.598579e-05,-1.0063182,-0.21389978
28.0,28.0,33.911995,25.943441,111.25,3.6022833e-05,-1.5347463,0.16130817
28.0,28.0,34.194214,26.239666,112.0,3.591795e-05,-2.4318738,0.83736134
28.0,28.0,34.61796,26.68694,113.5,3.577612e-05,-2.0126367,0.42779866
29.0,28.0,33.385643,25.695568,113.5,3.563417e-05,-2.0576,2.4536634e-08
31.0,28.0,31.684433,24.465538,113.5,3.5529305e-05,-2.0525877,-0.14353105
32.0,28.0,29.043427,22.012178,107.5,3.5529305e-05,-1.5432,1.8402476e-08
33.0,28.0,26.290451,19.518024,101.5,3.5529305e-05,-1.5148472,0.29445627
33.0,28.0,26.405718,19.628906,102.25,3.5442856e-05,-1.3750014,0.70059776
33.0,28.0,26.873714,20.081364,104.25,3.5282377e-05,-1.5048333,1.4032799
34.0,22.0,26.866695,20.264597,107.5,3.5053832e-05,-1.29489,1.5990552
36.0,19.0,26.569054,20.326216,111.0,3.47882e-05,-1.0124304,1.1646677
