Vmax,Rmax_IBT,Rmax_CK22,Rmax_CK22_crr,R34,fcor,u_trans,v_trans
19.0,83.0,67.09187,61.63581,148.0,3.2366595e-05,-1.9209352,-0.7373776
21.0,83.0,62.2794,56.960567,148.0,3.2559245e-05,-1.3364505,-0.7715999
22.0,83.0,59.410168,53.851967,148.0,3.2807304e-05,-1.0719968,-1.1100851
23.0,83.0,55.513363,49.323833,148.0,3.305528e-05,-0.38539532,-0.9538867
26.0,83.0,49.93441,43.856525,148.0,3.3303095e-05,0.30079216,-0.9838463
28.0,83.0,45.27401,38.91724,148.0,3.3550914e-05,1.1821598,-0.9919499
29.0,65.0,45.666985,39.820435,155.0,3.379865e-05,1.7819339,-1.0288001
31.0,46.0,45.165764,39.948074,162.0,3.404614e-05,1.0912071,-1.0912071
31.0,46.0,45.16156,39.942772,162.0,3.4293596e-05,0.35081995,-0.37620834
33.0,46.0,41.420242,35.96086,162.0,3.3798577e-05,-0.3374768,0.3882226
34.0,46.0,49.977516,47.28385,204.0,3.3697328e-05,-1.4591242,0.5024168
36.0,46.0,56.707676,57.508,247.75,3.3798577e-05,-1.5373278,0.13449873
37.0,37.0,42.54829,38.41845,188.0,3.376141e-05,-1.5197554,-0.2679738
39.0,28.0,28.71126,22.980703,129.75,3.3798577e-05,-1.4906167,-0.39940947
40.0,31.0,48.59432,47.044983,239.25,3.400891e-05,-1.4591242,-0.5024168
41.0,37.0,62.464485,67.80567,349.5,3.4293596e-05,-1.8493588,-0.90199214
42.0,41.0,59.965538,64.11307,349.5,3.4559584e-05,-2.2916684,-1.167664
44.0,46.0,56.50536,59.252563,349.5,3.47882e-05,-2.3847165,-0.9634887
45.0,46.0,54.334885,56.219166,349.5,3.4930123e-05,-2.004864,-0.46285954
46.0,46.0,51.316658,52.032444,349.5,3.5035337e-05,-2.5469694,-0.3579536
46.0,46.0,51.242966,51.92765,349.5,3.5177352e-05,-3.0746555,-0.26899737
46.0,46.0,51.1885,51.85025,349.5,3.5282377e-05,-3.0845199,0.10771323
47.0,46.0,49.32586,49.395046,349.5,3.5282243e-05,-3.0746555,0.26899746
49.0,46.0,46.693317,46.079617,349.5,3.5282377e-05,-3.5958652,-0.18845193
51.0,46.0,42.657623,41.00319,349.5,3.5350382e-05,-3.5221138,-0.7486492
54.0,46.0,38.986713,36.695263,349.5,3.5529305e-05,-3.3836453,-1.2315458
59.0,39.0,32.275364,29.155182,334.5,3.58805e-05,-3.2634332,-1.5217636
64.0,31.0,27.043724,23.710081,319.5,3.626943e-05,-3.8155465,-1.5415819
65.0,30.0,25.839703,22.488646,312.0,3.6571433e-05,-4.4502573,-1.27609
67.0,28.0,24.386684,21.079252,305.75,3.67623e-05,-4.572602,-0.7242292
