Vmax,Rmax_IBT,Rmax_CK22,Rmax_CK22_crr,R34,fcor,u_trans,v_trans
28.0,46.0,26.771183,18.889387,87.75,3.4027493e-05,1.9611363,-3.019885
31.0,28.0,32.3394,25.147743,115.5,3.47882e-05,2.0653343,-2.9496026
34.0,28.0,29.925972,23.332052,119.75,3.5319325e-05,2.0248604,-2.329336
39.0,28.0,27.63063,21.87117,124.75,3.577612e-05,2.1439939,-2.2201703
42.0,28.0,26.734417,21.385704,133.75,3.626942e-05,2.25725,-2.1049197
46.0,28.0,25.579674,20.693428,143.5,3.67623e-05,2.3985837,-1.9423343
46.0,22.0,25.533451,20.646635,143.5,3.7254656e-05,2.4969501,-1.8141404
46.0,19.0,25.487265,20.599913,143.5,3.7746686e-05,2.6455612,-1.5896136
49.0,15.0,30.621368,26.354923,194.75,3.8164435e-05,2.5884728,-1.680974
51.0,13.0,33.692047,30.037296,247.75,3.872924e-05,2.6998138,-3.1057813
55.0,13.0,30.229166,26.516333,250.0,3.963642e-05,2.5720003,-4.4548345
59.0,13.0,26.67143,22.979704,252.25,4.0688625e-05,2.254981,-4.623397
64.0,20.0,22.79209,19.280659,252.25,4.166526e-05,2.029483,-4.161057
69.0,28.0,19.511456,16.279036,252.25,4.2640077e-05,2.029483,-4.161057
70.0,31.0,18.655865,15.495394,252.25,4.3649132e-05,1.868262,-3.6666698
72.0,37.0,17.599567,14.566786,252.25,4.458322e-05,1.6738024,-3.7594225
