Vmax,Rmax_IBT,Rmax_CK22,Rmax_CK22_crr,R34,fcor,u_trans,v_trans
22.0,46.0,39.76365,29.68745,100.0,3.8096165e-05,-9.2465105,0.4845909
23.0,46.0,44.188683,35.164368,118.25,3.8238195e-05,-9.223967,0.8069924
24.0,46.0,46.003757,37.864594,128.25,3.848331e-05,-8.679619,1.0657214
26.0,46.0,46.88279,39.990185,139.0,3.872924e-05,-7.162149,0.75277144
26.0,46.0,46.885796,39.99392,139.0,3.88325e-05,-6.661753,0.58282787
26.0,46.0,46.88983,39.99893,139.0,3.897458e-05,-6.096802,0.9656391
28.0,46.0,42.47395,35.520428,139.0,3.9268132e-05,-5.9624667,1.5976379
31.0,46.0,38.72765,32.1765,139.0,3.9709896e-05,-6.3228717,2.1771395
32.0,46.0,37.374725,30.91865,139.0,4.030317e-05,-6.2002645,2.5050676
33.0,46.0,35.484028,29.055712,139.0,4.093299e-05,-6.7672906,2.4630916
34.0,41.0,34.30146,27.989267,139.0,4.14578e-05,-6.359905,2.0664594
36.0,37.0,32.649624,26.618786,139.0,4.1909232e-05,-5.9030786,1.8047506
40.0,37.0,29.284595,23.73477,139.0,4.2292253e-05,-5.4392037,1.5596656
44.0,37.0,26.085445,20.977726,139.0,4.2640077e-05,-5.465595,1.4645014
47.0,37.0,25.255325,20.471767,150.0,4.300494e-05,-5.9624667,1.5976379
51.0,37.0,24.012497,19.60101,162.0,4.3369746e-05,-5.4392037,1.5596656
54.0,37.0,22.449116,18.288431,162.0,4.375183e-05,-5.4392037,1.5596656
57.0,37.0,21.026646,17.105558,162.0,4.409823e-05,-5.4903216,1.3688912
57.0,37.0,20.987999,17.06801,162.0,4.4358603e-05,-5.5544395,1.0796729
57.0,37.0,20.954657,17.035631,162.0,4.458322e-05,-5.5724363,0.98257077
57.0,37.0,20.918697,17.000734,162.0,4.4825276e-05,-5.5544395,1.0796729
57.0,37.0,20.8829,16.966013,162.0,4.506766e-05,-5.0315914,1.0694966
58.0,37.0,20.328125,16.49306,162.0,4.532762e-05,-5.0315914,1.0694966
59.0,37.0,19.554508,15.81127,162.0,4.5551555e-05,-4.052681,0.7145969
60.0,37.0,20.27988,16.566391,179.5,4.567175e-05,-4.084526,0.5015159
62.0,37.0,20.591938,16.98324,199.5,4.5793287e-05,-4.559266,0.8039215
62.0,31.0,20.423754,16.819368,196.5,4.6016718e-05,-5.0315914,1.0694966
62.0,28.0,20.286747,16.68618,194.5,4.627635e-05,-5.0315914,1.0694966
62.0,28.0,19.756248,16.173065,186.25,4.649925e-05,-5.0315914,1.0694966
62.0,28.0,19.20274,15.642088,178.25,4.675884e-05,-4.9687223,1.3313649
63.0,22.0,18.895943,15.401307,183.0,4.7101952e-05,-4.892235,1.5895841
64.0,19.0,18.293242,14.878822,187.5,4.748151e-05,-4.892235,1.5895841
