Vmax,Rmax_IBT,Rmax_CK22,Rmax_CK22_crr,R34,fcor,u_trans,v_trans
22.0,56.0,25.613066,16.173811,65.0,5.2128387e-05,-0.28357586,0.98894596
23.0,56.0,27.521091,18.144766,74.0,5.250265e-05,0.08076485,1.5410851
26.0,50.0,29.755419,21.155579,88.25,5.2876425e-05,0.67649436,1.387019
28.0,46.0,31.858656,23.8281,104.25,5.321436e-05,1.6432725,1.2382945
29.0,46.0,30.676405,22.917997,104.25,5.3451582e-05,2.3310237,1.0869741
31.0,46.0,29.037449,21.781292,104.25,5.3688025e-05,1.6432725,1.2382945
32.0,46.0,30.091507,23.069073,112.0,5.4024964e-05,0.72448856,1.3625647
33.0,46.0,30.581703,23.794983,120.5,5.439729e-05,0.26797387,1.5197554
34.0,41.0,32.937653,26.503551,135.0,5.4751363e-05,0.0,1.5432
36.0,37.0,34.437374,28.58512,150.75,5.510506e-05,-0.2414095,1.5242007
37.0,37.0,35.029392,29.458456,159.75,5.5458368e-05,-0.4253638,1.483419
39.0,37.0,34.82788,29.621529,168.75,5.581132e-05,-0.7244884,1.3625648
40.0,37.0,35.647923,30.743908,181.25,5.6163793e-05,-1.209427,1.6646333
41.0,37.0,35.62893,30.899038,194.5,5.6516048e-05,-1.5117838,2.0807917
42.0,31.0,34.28686,29.525116,194.5,5.68851e-05,-1.7540995,1.8810419
44.0,28.0,32.416397,27.71804,194.5,5.721923e-05,-2.774038,1.3529882
45.0,28.0,31.65708,27.011612,198.0,5.7471017e-05,-3.992961,0.99555725
46.0,28.0,30.531649,25.903564,203.5,5.768715e-05,-4.064535,0.6437594
49.0,28.0,27.893253,23.409456,203.5,5.792061e-05,-3.5346434,0.6870646
51.0,28.0,25.533298,21.144257,203.5,5.8154368e-05,-3.4245641,1.1127088
52.0,28.0,24.873646,20.558228,207.5,5.838701e-05,-3.7880614,1.6079371
54.0,28.0,23.896767,19.732529,213.0,5.862087e-05,-4.427309,1.3535628
