Vmax,Rmax_IBT,Rmax_CK22,Rmax_CK22_crr,R34,fcor,u_trans,v_trans
19.0,69.0,34.279076,22.590528,77.0,4.3958218e-05,-5.608358,-3.6421106
21.0,65.0,33.721962,23.066822,80.75,4.4825505e-05,-6.3205776,-4.425715
21.0,65.0,32.927536,22.312214,79.25,4.5891138e-05,-6.599785,-5.7371054
21.0,65.0,32.742844,22.138237,78.75,4.7240763e-05,-4.720763,-6.741949
19.0,65.0,35.30726,23.555393,78.75,4.9023405e-05,-2.7651668,-7.203507
18.0,65.0,37.255756,24.814592,78.75,5.083645e-05,-3.0148811,-7.102616
19.0,65.0,35.41244,23.65504,78.75,5.2252824e-05,-3.9222717,-6.03977
21.0,65.0,32.91437,22.299793,78.75,5.345127e-05,-4.9114785,-5.266917
21.0,65.0,32.94416,22.3279,78.75,5.455079e-05,-5.5966945,-4.5321136
21.0,65.0,32.971767,22.353958,78.75,5.5576067e-05,-5.435117,-4.7246747
21.0,65.0,40.070396,29.463192,95.0,5.66677e-05,-5.2669168,-4.9114795
21.0,65.0,47.329,37.574036,111.0,5.768715e-05,-5.674938,-4.433748
21.0,65.0,47.368755,37.620808,111.0,5.855631e-05,-5.6710668,-3.5436769
21.0,65.0,47.40344,37.66162,111.0,5.9319285e-05,-6.3586354,-3.3809469
21.0,65.0,47.435696,37.699608,111.0,6.0032962e-05,-6.472756,-3.1569724
21.0,65.0,47.466244,37.73559,111.0,6.0711227e-05,-6.472756,-3.1569724
21.0,56.0,43.327164,32.997116,102.0,6.143833e-05,-6.5268664,-3.0435271
21.0,46.0,39.20922,28.557364,93.0,6.20965e-05,-6.6772065,-2.6977682
22.0,50.0,36.994366,26.786383,91.5,6.259088e-05,-6.8491282,-2.2254176
23.0,56.0,34.904125,25.122454,92.5,6.3016254e-05,-6.9226227,-1.985029
23.0,56.0,35.63817,25.864983,94.5,6.3525746e-05,-6.4885616,-1.6177803
23.0,56.0,36.735325,26.991274,97.5,6.393293e-05,-6.096802,-0.96563894
23.0,50.0,37.104588,27.374777,98.5,6.40809e-05,-6.138985,-0.6452325
23.0,46.0,37.656605,27.952244,99.75,6.416161e-05,-5.603333,-0.78749794
23.0,46.0,38.02761,28.343157,100.75,6.437238e-05,-5.0494905,-0.9815207
23.0,46.0,38.58403,28.933664,102.0,6.461839e-05,-5.031591,-1.0694989
26.0,46.0,34.55642,25.944492,102.0,6.488053e-05,-5.0494905,-0.9815207
28.0,46.0,31.179127,23.14351,102.0,6.507438e-05,-4.595092,-0.56420743
29.0,46.0,29.977985,22.221788,102.0,6.510794e-05,-3.6008,4.293911e-08
31.0,46.0,28.314606,21.06857,102.0,6.507438e-05,-3.5986066,0.12566544
32.0,37.0,28.252151,21.226368,105.5,6.5056964e-05,-3.6008,4.293911e-08
33.0,28.0,28.100994,21.285194,111.0,6.507438e-05,-3.0788815,-0.21529658
33.0,31.0,32.60555,25.918354,130.25,6.520514e-05,-3.0633945,-0.3761383
33.0,37.0,37.31446,31.122433,150.75,6.530208e-05,-3.08593,-0.053864766
36.0,37.0,33.557995,27.611298,149.25,6.5222215e-05,-3.0694926,0.32261634
39.0,37.0,30.40633,24.759647,148.5,6.507438e-05,-3.0189548,0.641698
40.0,31.0,30.12789,24.625648,153.0,6.5011256e-05,-3.4245641,1.1127088
41.0,28.0,29.283401,23.884586,157.5,6.4846485e-05,-3.8155472,1.5415801
55.0,22.0,19.700544,15.701894,166.0,6.242493e-05,-4.892235,1.5895841
59.0,19.0,17.785076,14.146152,171.5,6.20965e-05,-4.292491,1.7342775
59.0,19.0,17.853806,14.209958,171.5,6.163469e-05,-4.1610575,2.0294824
59.0,19.0,17.92257,14.273867,171.5,6.1173734e-05,-4.322104,1.6590996
60.0,19.0,17.453674,13.892307,171.5,6.0826867e-05,-4.427309,1.3535628
62.0,19.0,16.761654,13.353918,171.5,6.0479695e-05,-4.350401,1.5834161
