Vmax,Rmax_IBT,Rmax_CK22,Rmax_CK22_crr,R34,fcor,u_trans,v_trans
22.0,69.0,36.09616,25.872236,93.0,2.3084936e-05,-0.7274716,0.72747135
23.0,65.0,37.32914,27.609076,102.0,2.3317392e-05,-1.8797112,0.8369013
23.0,65.0,38.03247,28.348293,104.0,2.3568675e-05,-1.9676929,0.6015835
23.0,65.0,39.08565,29.470356,106.5,2.3819783e-05,-2.5403342,0.40234962
23.0,65.0,39.09312,29.478378,106.5,2.4014356e-05,-2.0126367,0.42779866
23.0,65.0,39.104828,29.490953,106.5,2.432189e-05,0.5530334,1.4407012
23.0,65.0,39.12652,29.514261,106.5,2.4892684e-05,2.2936423,2.0652046
23.0,65.0,39.15231,29.541985,106.5,2.5575835e-05,1.8574418,2.4649088
23.0,65.0,39.17518,29.566574,106.5,2.6183303e-05,0.5347489,2.5157957
23.0,65.0,39.199226,29.592445,106.5,2.6827835e-05,0.74666774,2.9947207
23.0,65.0,39.22506,29.620241,106.5,2.7521819e-05,0.8711124,3.493841
23.0,65.0,39.254868,29.65233,106.5,2.8327528e-05,0.16157071,4.62678
24.0,65.0,37.695065,28.44816,106.5,2.9269522e-05,-0.689586,5.6162233
26.0,65.0,35.55165,26.985048,106.5,3.0322259e-05,-0.35882682,5.1314697
26.0,65.0,35.57537,27.01005,106.5,3.1404434e-05,0.32294455,4.618323
26.0,65.0,35.600304,27.036339,106.5,3.2559245e-05,0.48392498,4.6042385
27.0,56.0,42.028275,34.58715,130.0,3.376138e-05,0.72422904,4.5726023
28.0,46.0,47.427834,41.618904,155.0,3.5035337e-05,1.2444463,4.9912014
29.0,46.0,45.67443,39.82976,155.0,3.6318714e-05,1.8421948,5.3501225
31.0,46.0,43.209892,37.51407,155.0,3.7746686e-05,2.6128972,6.1556
31.0,46.0,43.182053,37.479877,155.0,3.9428214e-05,3.2609227,6.9930706
31.0,46.0,43.15148,37.442356,155.0,4.1177245e-05,3.2609227,6.9930706
32.0,41.0,41.56185,35.831196,155.0,4.2753592e-05,3.13838,7.048917
33.0,37.0,39.326775,33.458805,155.0,4.4340795e-05,2.3446116,6.8092465
33.0,37.0,39.25865,33.378613,155.0,4.6034886e-05,1.955148,6.395001
41.0,13.0,34.698746,29.829828,180.75,4.6999867e-05,2.826133,6.0606613
