Vmax,Rmax_IBT,Rmax_CK22,Rmax_CK22_crr,R34,fcor,u_trans,v_trans
24.0,148.0,58.100277,53.60541,162.0,3.034082e-05,-3.6008,4.293911e-08
26.0,148.0,59.395897,56.82561,176.0,3.0322259e-05,-3.6002517,-0.06284223
27.0,87.0,53.9972,49.807793,167.0,3.0322148e-05,-3.5958652,-0.18845193
28.0,28.0,48.094162,42.47036,157.5,3.0322259e-05,-3.6002517,-0.06284223
28.0,28.0,48.094116,42.470295,157.5,3.0322075e-05,-3.6008,4.293911e-08
28.0,28.0,48.094162,42.47036,157.5,3.0322259e-05,-3.6008,4.293911e-08
29.0,31.0,51.801758,47.81731,176.0,3.0265992e-05,-4.1126933,-0.14361951
31.0,37.0,54.162834,51.965572,194.75,3.0322259e-05,-4.559266,-0.8039214
32.0,37.0,52.242844,49.684673,194.75,3.0639596e-05,-4.9447303,-1.4178778
33.0,37.0,49.556812,46.377567,194.75,3.1068776e-05,-4.9447303,-1.4178778
36.0,37.0,48.291428,45.61402,206.75,3.1422947e-05,-4.9447303,-1.4178778
39.0,37.0,46.991417,44.648907,220.0,3.1814445e-05,-4.802338,-1.843444
40.0,37.0,47.3391,45.344715,230.25,3.2292348e-05,-4.583337,-2.335328
41.0,37.0,46.830334,44.87986,241.0,3.280731e-05,-4.1250033,-2.1017952
44.0,37.0,43.172703,40.646667,241.0,3.3284115e-05,-3.6987176,-1.8039843
46.0,37.0,39.875664,36.798557,241.0,3.3798577e-05,-4.087694,-2.173466
46.0,37.0,40.19539,37.195957,244.0,3.439872e-05,-4.499044,-2.4938607
46.0,37.0,40.723156,37.855507,250.0,3.5035337e-05,-4.499044,-2.4938607
49.0,37.0,37.540127,34.348923,250.0,3.5671022e-05,-4.5418825,-2.414962
51.0,37.0,34.657284,31.157858,250.0,3.626943e-05,-4.5418825,-2.414962
51.0,37.0,34.5122,30.988504,250.0,3.6743506e-05,-4.5418825,-2.414962
51.0,37.0,34.355965,30.806498,250.0,3.7254722e-05,-4.454835,-2.5719995
51.0,37.0,34.14268,30.558641,250.0,3.795549e-05,-4.850195,-2.9142928
51.0,37.0,33.908173,30.28694,250.0,3.872924e-05,-4.798595,-2.9984958
54.0,37.0,30.408783,26.625244,239.5,3.9501116e-05,-5.2911215,-3.1792285
57.0,37.0,27.486336,23.697737,231.5,4.0199502e-05,-5.5000043,-2.8023937
