Vmax,Rmax_IBT,Rmax_CK22,Rmax_CK22_crr,R34,fcor,u_trans,v_trans
18.0,56.0,25.587791,14.710542,56.0,3.6583242e-05,-5.594457,2.6087375
18.0,56.0,25.600554,14.720431,56.0,3.7254722e-05,-5.398853,2.9926329
19.0,56.0,28.522589,17.497604,65.0,3.7991893e-05,-5.398853,2.9926329
21.0,56.0,26.593317,16.66003,64.75,3.872924e-05,-6.010416,2.9314744
22.0,56.0,25.41987,16.011858,64.75,3.9360588e-05,-6.677208,2.697765
23.0,56.0,23.83398,14.994292,64.75,3.995476e-05,-6.2002645,2.5050676
24.0,46.0,22.883791,14.4805975,64.75,4.058389e-05,-6.2002645,2.5050676
26.0,37.0,21.58616,13.885352,64.75,4.1177245e-05,-6.8092465,2.3446116
26.0,37.0,23.1664,15.205362,69.25,4.1701856e-05,-7.4170957,2.1268167
26.0,37.0,24.752384,16.571798,74.25,4.2152973e-05,-7.017023,1.6200086
26.0,37.0,24.756279,16.575207,74.25,4.2499316e-05,-7.017023,1.6200086
26.0,37.0,24.76057,16.578959,74.25,4.288343e-05,-6.886925,2.1055422
26.0,37.0,24.767323,16.584867,74.25,4.3490654e-05,-6.7232733,2.5808215
26.0,37.0,24.774002,16.590712,74.25,4.409823e-05,-6.886925,2.1055422
26.0,37.0,24.778402,16.594563,74.25,4.4497774e-05,-7.017023,1.6200086
26.0,37.0,24.781992,16.597704,74.25,4.4825505e-05,-7.044228,1.4972953
27.0,37.0,26.13142,18.052706,81.0,4.5206594e-05,-7.017023,1.6200086
28.0,37.0,26.851063,18.963602,88.0,4.5551555e-05,-6.5643377,1.2759771
29.0,37.0,25.209208,17.685312,85.75,4.5792796e-05,-6.0790215,1.0718954
31.0,37.0,23.289988,16.354876,83.5,4.6034886e-05,-5.5133753,1.272864
32.0,31.0,25.612358,18.680199,95.0,4.6360205e-05,-4.892235,1.5895841
33.0,28.0,27.242447,20.440418,106.75,4.675884e-05,-4.802338,1.843444
33.0,28.0,27.82674,21.014006,109.0,4.722266e-05,-4.735077,2.0099213
33.0,28.0,28.407108,21.589363,111.25,4.7722115e-05,-4.1958427,1.9565531
34.0,28.0,28.551275,21.934458,115.75,4.818451e-05,-4.087694,2.173466
36.0,28.0,28.168697,21.922394,120.25,4.868306e-05,-3.451297,2.241299
37.0,28.0,28.260471,22.189333,124.75,4.928218e-05,-3.2865446,2.4765897
39.0,28.0,27.857788,22.102816,129.75,4.9880902e-05,-3.4116557,2.3011906
41.0,28.0,25.760567,20.273138,129.75,5.0322746e-05,-3.5274155,2.119484
44.0,28.0,23.888775,18.789534,129.75,5.083645e-05,-3.7454257,2.7212098
46.0,28.0,23.122509,18.253153,136.5,5.163479e-05,-4.3345866,3.6371489
49.0,28.0,22.269533,17.706463,143.75,5.250265e-05,-4.45888,3.483659
51.0,22.0,20.687284,16.351976,143.75,5.321392e-05,-4.161584,3.0235665
54.0,19.0,19.245562,15.206777,143.75,5.392461e-05,-4.6350904,3.2455244
57.0,13.0,18.09774,14.323662,146.0,5.4733893e-05,-4.9298167,3.7148848
59.0,9.0,16.99543,13.418109,148.5,5.5576067e-05,-4.20501,3.7862093
59.0,9.0,16.893192,13.324525,148.5,5.639812e-05,-3.508199,3.7620838
59.0,9.0,16.791698,13.231778,148.5,5.721923e-05,-3.4420075,3.8227372
57.0,13.0,17.867342,14.11031,148.5,5.8055066e-05,-3.508199,3.7620838
54.0,19.0,19.073618,15.045816,148.5,5.8853857e-05,-3.0372913,3.4940033
50.0,22.0,21.372498,16.926434,148.5,5.9603528e-05,-2.753606,3.0581899
46.0,28.0,23.761118,18.878122,148.5,6.0247978e-05,-3.2428217,2.5335703
42.0,28.0,26.309168,20.954891,143.5,6.0780898e-05,-3.599235,1.9950885
39.0,28.0,28.782677,23.054703,139.0,6.1173734e-05,-3.2634332,1.5217636
34.0,28.0,33.30106,26.896427,139.0,6.1473474e-05,-2.9002674,1.0556108
31.0,28.0,38.212566,31.584564,139.0,6.1635496e-05,-3.048401,0.48281956
29.0,31.0,41.335613,34.55202,141.25,6.16872e-05,-3.0864,3.6804952e-08
28.0,37.0,43.849205,37.17247,143.5,6.1635496e-05,-3.587098,-0.3138303
28.0,37.0,43.85,37.173428,143.5,6.1537175e-05,-3.5657573,-0.50113505
28.0,37.0,43.85101,37.174656,143.5,6.14047e-05,-4.075151,-0.5727258
28.0,37.0,43.851906,37.175743,143.5,6.128908e-05,-4.084526,-0.5015177
28.0,37.0,43.852818,37.17685,143.5,6.1173734e-05,-4.084526,-0.5015177
28.0,37.0,43.853706,37.17793,143.5,6.105815e-05,-4.084526,-0.5015177
28.0,37.0,43.854565,37.17897,143.5,6.0942573e-05,-3.5657573,-0.50113505
28.0,37.0,43.85558,37.180202,143.5,6.0809336e-05,-3.048401,-0.48281947
28.0,37.0,43.85631,37.181087,143.5,6.0711227e-05,-2.562213,-0.22416449
28.0,31.0,43.856438,37.18124,143.5,6.0693652e-05,-2.572,3.0670794e-08
28.0,28.0,43.85631,37.181087,143.5,6.0711227e-05,-2.0563467,0.07180882
29.0,28.0,42.677517,36.150814,145.75,6.0728373e-05,-2.0576,2.4536634e-08
31.0,28.0,40.680218,34.460514,148.0,6.0711227e-05,-2.042263,-0.25075886
31.0,28.0,41.32407,35.22759,150.25,6.061283e-05,-2.5157955,-0.53474945
31.0,28.0,41.966568,35.999935,152.75,6.0479695e-05,-2.4956007,-0.6222232
31.0,28.0,42.584824,36.749634,155.0,6.034629e-05,-2.5157955,-0.53474945
31.0,28.0,43.197884,37.49932,157.5,6.0247978e-05,-2.5579104,-0.26884687
32.0,22.0,41.438374,35.68215,157.5,6.0230555e-05,-2.572,3.0670794e-08
33.0,19.0,38.98667,33.059204,157.5,6.0247978e-05,-3.0864,3.6804952e-08
34.0,19.0,38.928814,33.260376,164.25,6.023045e-05,-2.572,3.0670794e-08
36.0,19.0,37.9933,32.653297,171.5,6.0247978e-05,-2.562213,0.22416456
39.0,19.0,34.905903,29.710194,173.75,6.03283e-05,-3.0395107,0.5359477
41.0,19.0,32.1529,26.975452,176.0,6.0479695e-05,-4.0252733,0.8555973
44.0,13.0,29.59297,24.632475,178.25,6.0694205e-05,-5.0494905,0.9815209
46.0,9.0,27.256748,22.414194,180.75,6.0942573e-05,-5.5544395,1.0796729
50.0,9.0,24.712141,20.216105,187.5,6.115594e-05,-5.0494905,0.9815209
54.0,9.0,21.970467,17.818014,194.5,6.14047e-05,-4.9912014,1.2444466
58.0,9.0,19.747505,15.936103,199.0,6.171557e-05,-4.9192324,1.5039588
62.0,9.0,17.423653,13.96582,203.5,6.20965e-05,-5.3501225,1.8421949
60.0,13.0,18.508926,14.876916,213.25,6.2538726e-05,-5.8005347,2.1112216
59.0,19.0,19.332424,15.59972,222.5,6.3016254e-05,-5.836497,2.0096672
59.0,22.0,19.276897,15.546941,224.75,6.345724e-05,-6.359905,2.0664594
59.0,28.0,19.204254,15.4779625,227.0,6.393293e-05,-6.8491282,2.2254176
62.0,28.0,17.406618,13.949993,224.75,6.445173e-05,-6.7672906,2.4630916
64.0,28.0,15.757334,12.526811,222.25,6.507438e-05,-7.5761228,3.2158742
65.0,22.0,15.135093,12.005409,231.75,6.583583e-05,-7.9254813,3.6957116
67.0,19.0,14.169315,11.216701,240.75,6.666408e-05,-7.9254813,3.6957116
