Vmax,Rmax_IBT,Rmax_CK22,Rmax_CK22_crr,R34,fcor,u_trans,v_trans
21.0,74.0,61.167477,55.394474,146.0,3.1814445e-05,-3.0536513,-1.9081337
21.0,74.0,50.869118,41.838463,122.0,3.218665e-05,-2.5587418,-1.725893
21.0,74.0,41.10857,30.571117,99.75,3.2559245e-05,-3.2634332,-1.5217636
24.0,46.0,35.9551,26.620121,101.25,3.296866e-05,-4.427308,-1.3535651
28.0,19.0,31.740625,23.70864,104.25,3.330315e-05,-4.528432,-0.962549
29.0,19.0,30.648088,22.88961,104.25,3.3501205e-05,-4.595092,-0.56420743
31.0,19.0,29.136957,21.88009,104.25,3.3550914e-05,-4.1152,4.9073268e-08
31.0,22.0,29.395075,22.137133,105.25,3.344543e-05,-4.0995407,0.3586633
31.0,28.0,29.781967,22.52449,106.5,3.330315e-05,-3.5986066,0.12566544
33.0,22.0,29.853008,23.047132,116.0,3.3284367e-05,-3.5958652,-0.18845193
36.0,19.0,29.824364,23.619015,125.0,3.330315e-05,-4.1145735,-0.071819685
37.0,19.0,34.06452,28.376127,148.0,3.3284578e-05,-3.6008,4.293911e-08
39.0,19.0,37.197147,32.358536,171.5,3.330315e-05,-3.5986066,-0.12566707
39.0,19.0,37.18934,32.349365,171.5,3.3389602e-05,-3.5810745,-0.37638563
39.0,19.0,37.17489,32.332394,171.5,3.3550914e-05,-3.57396,-0.43882802
39.0,19.0,34.813786,29.60552,159.5,3.3705874e-05,-4.009728,-0.9257191
39.0,19.0,32.551636,27.078598,148.0,3.404614e-05,-3.019885,-1.9611366
42.0,19.0,29.452711,24.2088,148.0,3.4713717e-05,-2.1670153,-2.875727
46.0,19.0,26.445791,21.576515,148.0,3.5529305e-05,-2.5897794,-3.1981113
50.0,19.0,27.79949,23.412273,176.0,3.63066e-05,-2.8586583,-2.960227
54.0,19.0,27.81471,23.801737,203.5,3.700857e-05,-2.4094055,-2.675916
57.0,19.0,26.74342,22.9076,213.0,3.7482157e-05,-1.3246776,-2.2046344
59.0,19.0,25.595722,21.847805,222.5,3.7992504e-05,-0.35795328,-2.5469694
