Vmax,Rmax_IBT,Rmax_CK22,Rmax_CK22_crr,R34,fcor,u_trans,v_trans
18.0,83.0,97.14156,110.15063,192.66667,5.127766e-05,-4.287988,4.4403396
18.0,83.0,98.010025,111.80037,194.5,5.2027382e-05,-4.1304092,4.5872846
19.0,74.0,92.90558,104.328415,194.5,5.3107084e-05,-3.9678004,4.7286386
21.0,65.0,85.84667,94.849846,194.5,5.439729e-05,-4.3871984,5.0468936
21.0,69.0,80.13567,84.84488,181.75,5.57753e-05,-5.3599854,5.5504246
21.0,74.0,75.55716,77.20426,171.5,5.721923e-05,-6.498652,5.8514147
21.0,69.0,70.61003,69.32897,160.5,5.8638903e-05,-6.9880085,6.07458
21.0,65.0,65.87964,62.1683,150.5,6.0016075e-05,-6.395542,5.9639397
22.0,59.0,57.86299,51.72116,139.75,6.139176e-05,-5.3599854,5.5504246
23.0,56.0,49.660164,41.74324,129.75,6.255676e-05,-5.9108,4.9597487
23.0,56.0,53.290436,46.3788,138.5,6.331316e-05,-6.5435386,4.088858
23.0,56.0,57.326412,51.78575,148.5,6.393293e-05,-7.19847,3.990177
24.0,56.0,54.38587,48.515724,148.0,6.469956e-05,-7.2670116,3.8639393
26.0,56.0,50.74221,44.905838,148.25,6.552959e-05,-6.172977,3.709097
26.0,56.0,48.174843,41.60834,140.5,6.638382e-05,-5.477834,3.8356197
26.0,56.0,45.92852,38.812843,134.0,6.734234e-05,-6.2423763,4.53535
27.0,56.0,45.34772,38.569828,139.0,6.8501264e-05,-7.676225,5.177679
28.0,56.0,43.798183,37.11062,143.75,6.958979e-05,-7.57322,4.3723993
28.0,56.0,47.462482,41.663,156.25,7.0310576e-05,-7.5188446,3.3476052
28.0,56.0,51.178356,46.50771,168.75,7.092813e-05,-7.6310945,3.0831602
29.0,56.0,49.173637,44.314693,170.5,7.1703056e-05,-7.6310945,3.0831602
31.0,56.0,46.6285,41.81006,173.75,7.247968e-05,-8.217424,2.9908972
