Vmax,Rmax_IBT,Rmax_CK22,Rmax_CK22_crr,R34,fcor,u_trans,v_trans
21.0,83.0,38.015923,27.32198,93.0,2.9325609e-05,-3.4420075,-3.8227372
24.0,59.0,51.83864,45.15663,145.5,2.8321065e-05,-2.4094055,-2.675916
28.0,37.0,60.881737,60.24267,199.0,2.7578055e-05,-1.7058278,-1.1505953
31.0,30.0,56.405872,55.171673,202.25,2.7496932e-05,-1.4757696,0.45118764
33.0,22.0,52.61892,50.582893,206.25,2.7827968e-05,-0.81777143,1.3087078
37.0,24.0,47.113052,44.312748,207.0,2.8233824e-05,-0.39260894,2.0197961
41.0,28.0,41.90773,38.484425,208.5,2.882674e-05,0.31344795,2.5528288
45.0,28.0,38.35502,34.781868,211.75,2.9388002e-05,0.8100037,3.5085118
49.0,28.0,34.714302,30.99313,215.5,3.0322259e-05,0.0,4.6296
54.0,28.0,30.180452,26.372581,215.5,3.1814445e-05,-0.9825723,5.5724363
57.0,22.0,28.21052,24.47595,217.75,3.330315e-05,-1.8434454,4.8023376
58.0,22.0,27.453135,23.738888,219.5,3.4231725e-05,-2.119485,3.5274146
59.0,22.0,26.525826,22.825483,222.5,3.47882e-05,-1.9001774,2.4321167
62.0,22.0,25.332634,21.772846,230.25,3.5164507e-05,-1.3246781,2.2046342
64.0,22.0,24.047382,20.561201,238.75,3.577612e-05,-0.56328887,3.5564682
64.0,22.0,23.65065,20.154018,238.75,3.700857e-05,-0.7159064,5.093939
67.0,22.0,21.808723,18.450575,238.75,3.8238195e-05,-2.3353271,4.583338
68.0,20.0,20.945702,17.640076,238.75,3.923955e-05,-3.7002842,3.5733225
69.0,19.0,19.935339,16.692186,238.75,3.995476e-05,-3.9261231,2.4533148
69.0,19.0,19.810066,16.569822,238.75,4.0358278e-05,-3.2894945,1.4645773
69.0,19.0,19.70808,16.470367,238.75,4.0688625e-05,-3.599235,1.9950885
69.0,19.0,19.773472,16.53412,246.5,4.128096e-05,-3.2865446,2.4765897
69.0,19.0,19.797243,16.55731,254.75,4.1909232e-05,-3.2428217,2.5335703
70.0,20.0,19.087908,15.911973,254.75,4.2432843e-05,-2.949603,2.0653336
72.0,22.0,18.170797,15.111413,254.75,4.288343e-05,-3.6335058,1.9319696
