Vmax,Rmax_IBT,Rmax_CK22,Rmax_CK22_crr,R34,fcor,u_trans,v_trans
21.0,56.0,22.602642,13.431719,56.0,3.47882e-05,-3.0746555,0.26899746
23.0,46.0,27.200972,17.862411,74.0,3.48932e-05,-3.5657573,0.5011352
26.0,37.0,24.657658,16.489014,74.5,3.5035337e-05,-3.5657573,0.5011352
26.0,37.0,24.65884,16.490047,74.5,3.5140216e-05,-3.5657573,0.5011352
26.0,37.0,24.66055,16.491539,74.5,3.5282377e-05,-3.522114,0.74864763
26.0,37.0,24.662987,16.493668,74.5,3.5491972e-05,-3.4613113,0.9925145
26.0,37.0,24.666359,16.496613,74.5,3.577612e-05,-3.9137876,1.2716672
24.0,37.0,29.482662,20.25754,83.5,3.6127632e-05,-4.3773727,1.5072504
23.0,37.0,34.24126,24.459509,93.0,3.651592e-05,-4.3773727,1.5072504
23.0,37.0,34.25172,24.469913,93.0,3.6903806e-05,-4.3773727,1.5072504
23.0,37.0,34.26122,24.479366,93.0,3.7254722e-05,-4.427309,1.3535628
23.0,37.0,34.268322,24.486433,93.0,3.7518934e-05,-3.992961,0.99555725
23.0,37.0,34.27444,24.492521,93.0,3.7746686e-05,-3.992961,0.99555725
24.0,37.0,32.87599,23.50728,93.0,3.7992504e-05,-3.974978,1.0650918
26.0,37.0,30.968779,22.329792,93.0,3.8238195e-05,-3.4434626,1.0527711
27.0,37.0,28.903767,20.633871,90.0,3.8483435e-05,-2.9182484,1.0048336
28.0,37.0,26.797745,18.914055,88.0,3.872924e-05,-2.9353406,0.95375043
28.0,37.0,26.799065,18.91528,88.0,3.895594e-05,-3.4613113,0.9925145
28.0,37.0,26.8006,18.916704,88.0,3.9219805e-05,-3.9137876,1.2716672
29.0,37.0,26.427376,18.808107,89.75,3.956903e-05,-4.3773727,1.5072504
31.0,37.0,25.894318,18.745535,92.5,3.995476e-05,-4.3773727,1.5072504
31.0,37.0,26.407822,19.230247,94.5,4.0321484e-05,-4.3773727,1.5072504
31.0,37.0,27.177551,19.96505,97.0,4.0688625e-05,-4.892235,1.5895841
32.0,28.0,26.288807,19.321602,97.0,4.105484e-05,-4.9192324,1.5039588
33.0,19.0,25.050758,18.33947,97.0,4.142137e-05,-5.411155,1.6543547
33.0,22.0,26.68924,19.902578,103.5,4.1786945e-05,-5.4392037,1.5596656
33.0,28.0,28.547302,21.729185,111.0,4.2152973e-05,-5.9336767,1.7014533
34.0,28.0,26.52181,19.928535,106.5,4.25546e-05,-5.9624667,1.5976379
36.0,28.0,24.243736,18.081367,101.75,4.288343e-05,-6.096802,0.9656391
36.0,28.0,24.240543,18.078346,101.75,4.3023305e-05,-6.149311,0.5379949
36.0,28.0,24.23824,18.076166,101.75,4.3126656e-05,-5.115821,0.5376939
37.0,28.0,25.557472,19.497616,110.75,4.3296182e-05,-4.5109434,1.0414342
39.0,28.0,26.341682,20.572767,120.75,4.3612705e-05,-4.22935,1.883028
40.0,28.0,25.732506,20.109694,121.5,4.4200962e-05,-4.454835,2.5719995
41.0,28.0,24.864454,19.38669,123.0,4.4825505e-05,-4.699278,2.0922532
