Vmax,Rmax_IBT,Rmax_CK22,Rmax_CK22_crr,R34,fcor,u_trans,v_trans
33.0,37.0,25.466158,18.731537,99.25,4.5587713e-05,-3.0746555,-0.26899737
39.0,28.0,29.490273,23.792416,136.5,4.5551555e-05,-3.0788815,-0.21529658
39.0,31.0,35.942085,30.897217,170.0,4.5672477e-05,-3.0746555,-0.26899737
39.0,37.0,42.111385,38.32873,204.0,4.5793287e-05,-2.5579104,-0.26884687
39.0,37.0,42.109,38.325745,204.0,4.581128e-05,-2.042263,-0.25075886
39.0,37.0,42.111385,38.32873,204.0,4.5793287e-05,-1.5281817,-0.21477216
40.0,37.0,40.63626,36.700768,204.0,4.582946e-05,-1.0288,1.2268317e-08
41.0,37.0,38.57228,34.37504,204.0,4.5793287e-05,-1.4501337,0.5278054
42.0,41.0,37.311802,33.044376,204.0,4.556974e-05,-1.7637078,1.059742
44.0,46.0,35.528492,31.267494,204.0,4.5309676e-05,-0.6884015,0.76454747
47.0,41.0,31.766104,27.38886,204.0,4.517048e-05,0.150396,0.49192315
51.0,37.0,28.12638,23.858532,204.0,4.506766e-05,0.42137182,0.29504773
51.0,31.0,29.15362,24.962688,214.5,4.4946584e-05,0.45833376,0.23353274
51.0,28.0,30.20173,26.10619,227.0,4.4825505e-05,0.48922348,0.15895833
49.0,31.0,32.034344,27.926409,219.5,4.470439e-05,0.9727495,0.33494452
46.0,37.0,34.00398,29.789879,213.0,4.458322e-05,0.86282426,0.56032467
46.0,37.0,33.47509,29.185535,208.5,4.4443826e-05,0.7995278,0.64744484
46.0,37.0,32.921394,28.557621,203.5,4.4340795e-05,0.890967,0.51439995
46.0,37.0,34.274216,30.10039,215.0,4.4322598e-05,0.9937445,0.26627305
46.0,37.0,35.630955,31.676903,227.0,4.4340795e-05,1.0231642,0.10753884
46.0,37.0,35.32084,31.313969,224.25,4.432256e-05,1.0288,-4.4970278e-08
46.0,37.0,35.065662,31.016478,222.25,4.4340795e-05,1.5410851,-0.08076483
46.0,37.0,35.309277,31.300465,224.25,4.4425702e-05,1.5197554,-0.2679739
46.0,37.0,35.576782,31.613394,227.0,4.458322e-05,1.3087077,-0.8177716
46.0,37.0,36.27977,32.44118,233.5,4.4789125e-05,0.9287211,-1.2324542
46.0,37.0,37.029213,33.33234,241.0,4.506766e-05,0.7716001,-1.3364503
49.0,31.0,33.623013,29.730738,238.0,4.5394358e-05,0.6521846,-1.3986142
51.0,28.0,30.555922,26.496477,236.5,4.5793287e-05,0.669889,-1.9454991
51.0,31.0,31.424608,27.461948,250.75,4.6240126e-05,0.4628594,-2.004864
51.0,37.0,32.23059,28.368221,266.5,4.675884e-05,0.44662338,-2.5329256
54.0,31.0,29.11738,25.206747,262.0,4.7343096e-05,0.2241649,-2.5622127
57.0,28.0,26.414051,22.559956,259.5,4.796257e-05,-0.17941347,-2.5657349
58.0,28.0,25.363312,21.534815,259.5,4.8509075e-05,-0.5359479,-3.0395107
59.0,28.0,23.908585,20.107256,259.5,4.916265e-05,0.43882692,-3.57396
