Vmax,Rmax_IBT,Rmax_CK22,Rmax_CK22_crr,R34,fcor,u_trans,v_trans
18.0,50.0,32.011776,20.010307,69.25,3.346411e-05,-3.2894945,1.4645773
18.0,56.0,35.60912,23.259745,76.5,3.3550914e-05,-3.4434626,1.0527711
18.0,41.0,35.701733,23.34607,76.75,3.374874e-05,-3.5657573,0.5011352
18.0,28.0,36.55223,24.145102,78.5,3.3798577e-05,-4.1051755,-0.2870621
18.0,28.0,36.329807,23.935045,78.5,3.3502056e-05,-3.5221138,-0.7486492
18.0,28.0,36.563835,24.156082,78.75,3.305528e-05,-2.9515388,-0.9023767
18.0,46.0,37.45463,25.00525,80.75,3.268288e-05,-1.8333348,-0.9341312
18.0,65.0,38.7967,26.308014,83.25,3.231108e-05,-1.3087077,-0.8177716
18.0,65.0,36.08898,23.708485,78.0,3.1919975e-05,-0.46706548,-0.9166675
18.0,65.0,34.293682,22.048075,74.25,3.156599e-05,0.0,2.0576
18.0,65.0,35.185112,22.866232,76.0,3.114966e-05,0.24140964,-1.5242007
18.0,65.0,36.540813,24.134298,79.0,3.1068776e-05,0.513147,0.03588275
19.0,46.0,44.882576,33.344494,100.25,3.3445667e-05,-1.781934,-1.0287998
21.0,46.0,40.265343,29.669912,97.25,3.305528e-05,-1.7996175,-0.9975442
22.0,46.0,38.54074,28.390957,97.75,3.2720312e-05,-2.0267637,-1.5834814
23.0,46.0,36.762535,27.019459,99.75,3.231108e-05,-2.2936418,-2.065205
24.0,46.0,33.739265,24.364265,95.5,3.1690302e-05,-2.837469,-2.216874
26.0,46.0,30.851044,22.214787,92.75,3.1068776e-05,-2.3985834,-1.9423344
26.0,41.0,26.930298,18.516191,81.0,3.0676743e-05,-2.4969494,-1.8141412
26.0,37.0,23.044218,15.101821,69.75,3.0322259e-05,-3.6666696,-1.8682624
27.0,37.0,22.655048,14.996584,70.75,2.9824116e-05,-3.451297,-2.241299
28.0,37.0,22.487244,15.064868,74.25,2.9325609e-05,-4.0491395,-2.2444746
31.0,41.0,27.081175,19.872503,96.75,2.8951097e-05,-4.9192314,-1.5039612
33.0,46.0,31.110765,24.343487,120.25,2.857718e-05,-5.3814583,-1.7485425
34.0,46.0,28.722559,22.106882,114.0,2.8077913e-05,-4.735077,-2.0099213
36.0,46.0,26.21945,19.983002,108.75,2.7578055e-05,-4.735077,-2.0099213
39.0,28.0,22.9206,17.258589,101.5,2.7146387e-05,-4.892235,-1.5895841
41.0,9.0,20.226952,15.007928,94.75,2.6827835e-05,-5.0494905,-0.9815207
