Vmax,Rmax_IBT,Rmax_CK22,Rmax_CK22_crr,R34,fcor,u_trans,v_trans
19.0,93.0,28.399189,17.394173,65.25,3.0943764e-05,-8.362695,2.55673
21.0,74.0,26.441679,16.53266,65.25,3.156599e-05,-8.362695,2.55673
22.0,56.0,28.05041,18.269165,72.0,3.21861e-05,-8.362695,2.55673
23.0,37.0,28.924038,19.401993,79.0,3.280731e-05,-8.900515,2.55218
26.0,37.0,27.77132,19.288086,83.5,3.344541e-05,-8.900515,2.55218
28.0,37.0,26.779106,18.896744,88.0,3.404614e-05,-8.446829,2.2633204
28.0,37.0,26.782486,18.899881,88.0,3.4577195e-05,-7.985922,1.9911145
28.0,37.0,26.785385,18.902575,88.0,3.5035337e-05,-7.547387,1.604245
28.0,37.0,26.78748,18.904518,88.0,3.536823e-05,-7.547387,1.604245
28.0,37.0,26.789986,18.906847,88.0,3.577612e-05,-7.4170957,2.1268167
29.0,37.0,25.873528,18.294556,88.0,3.6386176e-05,-7.048917,3.13838
31.0,37.0,24.600765,17.543987,88.0,3.7254722e-05,-6.471182,4.2024355
32.0,37.0,29.382719,22.352324,108.75,3.8391157e-05,-5.8233404,5.06215
33.0,37.0,33.113895,26.462402,129.75,3.9709896e-05,-5.456037,5.456035
33.0,37.0,35.350605,28.907246,139.0,4.103618e-05,-5.3599854,5.5504246
33.0,37.0,37.550312,31.39278,148.0,4.239659e-05,-5.7173176,5.9204526
33.0,37.0,38.61579,32.625633,152.75,4.3770106e-05,-5.920455,5.717316
33.0,37.0,39.659264,33.85132,157.25,4.506766e-05,-6.304853,5.2903986
33.0,37.0,39.604927,33.787052,157.25,4.6191475e-05,-6.2423763,4.53535
33.0,37.0,39.553543,33.72631,157.25,4.7240763e-05,-6.3968544,4.3147326
32.0,50.0,41.24358,35.447533,155.0,4.826892e-05,-6.2423763,4.53535
31.0,65.0,42.232803,36.32199,152.75,4.9402213e-05,-5.5504265,5.359984
29.0,65.0,43.482418,37.124195,148.0,5.0764047e-05,-4.7504435,6.0802917
28.0,65.0,43.899258,37.23319,143.5,5.22651e-05,-4.837708,6.658533
28.0,65.0,43.892517,37.22501,143.5,5.3788244e-05,-4.837708,6.658533
28.0,65.0,43.884285,37.215023,143.5,5.5340646e-05,-4.7207646,6.741948
28.0,65.0,44.571693,38.052982,145.75,5.6885186e-05,-4.7207646,6.741948
28.0,65.0,45.252213,38.890293,148.25,5.83877e-05,-4.3147345,6.396853
28.0,59.0,45.925358,39.726116,150.5,5.983522e-05,-4.3147345,6.396853
28.0,56.0,46.591434,40.56059,152.75,6.1173734e-05,-5.062152,5.823339
28.0,56.0,46.574364,40.539112,152.75,6.237849e-05,-5.643125,5.2622995
28.0,56.0,46.55809,40.518642,152.75,6.3474974e-05,-5.8233404,5.06215
28.0,56.0,43.79557,37.10745,143.75,6.4537926e-05,-5.5167465,4.6290984
28.0,56.0,41.01463,33.80183,134.25,6.552959e-05,-5.5966945,4.5321136
28.0,56.0,41.00725,33.793232,134.25,6.648775e-05,-5.340635,4.0244584
28.0,56.0,41.00037,33.78521,134.25,6.734234e-05,-5.73205,3.4441614
29.0,46.0,39.249702,32.126366,134.25,6.80531e-05,-5.904447,3.1394508
31.0,37.0,36.826157,30.013277,134.25,6.869332e-05,-4.798595,2.9984958
32.0,37.0,37.564297,31.134756,143.5,6.936507e-05,-3.54648,2.9758492
33.0,37.0,37.27097,31.072681,153.0,7.003676e-05,-3.273622,3.273621
36.0,31.0,34.804222,28.995146,159.75,7.070547e-05,-2.6998143,3.1057808
39.0,28.0,32.31846,26.822893,166.75,7.137252e-05,-1.9081333,3.0536516
40.0,28.0,31.319885,25.904713,169.0,7.207044e-05,-1.4069444,3.314554
41.0,28.0,29.720028,24.346258,171.25,7.270045e-05,-1.0556116,2.9002671
