Vmax,Rmax_IBT,Rmax_CK22,Rmax_CK22_crr,R34,fcor,u_trans,v_trans
22.0,46.0,25.967436,16.472452,67.0,3.089454e-05,0.7466676,-2.9947207
23.0,46.0,28.87653,19.35889,78.5,3.156599e-05,0.75198036,-2.4596157
39.0,37.0,29.30362,23.59702,132.5,3.3761582e-05,2.4969501,-1.8141404
44.0,37.0,27.554413,22.484291,143.5,3.404614e-05,2.6334584,-2.4557395
42.0,31.0,27.008543,21.66497,134.75,3.4751105e-05,2.216874,-2.8374693
41.0,28.0,26.273039,20.785954,127.25,3.5529305e-05,1.6532499,-1.9702663
41.0,22.0,25.179848,19.697193,121.75,3.6096764e-05,1.0719969,-1.1100851
41.0,19.0,24.447615,18.9788,118.25,3.651592e-05,0.74815816,-1.3497132
41.0,19.0,24.43378,18.965311,118.25,3.679921e-05,0.24140964,-1.5242007
41.0,19.0,24.423576,18.955362,118.25,3.700857e-05,0.45118824,-1.4757695
44.0,19.0,24.681835,19.570587,128.5,3.7217815e-05,0.7716001,-1.3364503
46.0,19.0,24.813341,19.922043,139.0,3.7500762e-05,0.934131,-1.8333349
47.0,19.0,24.15882,19.372957,139.0,3.793723e-05,0.669889,-1.9454991
49.0,19.0,23.229935,18.645239,139.0,3.8483773e-05,0.44662338,-2.5329256
50.0,19.0,22.997213,18.50507,141.75,3.9078794e-05,0.08976139,-2.5704334
51.0,19.0,22.636461,18.23565,145.75,3.9709896e-05,-0.22416475,-2.562213
51.0,22.0,22.565933,18.166462,145.75,4.034019e-05,-0.17941347,-2.5657349
51.0,28.0,22.499573,18.10143,145.75,4.093299e-05,-0.07180897,-2.0563467
55.0,28.0,20.993782,16.939318,149.0,4.140305e-05,0.0,2.572
59.0,28.0,19.41962,15.682692,152.5,4.1909232e-05,-0.21529616,-3.0788817
62.0,28.0,18.266296,14.753984,152.5,4.2585318e-05,-0.5632889,-3.5564682
64.0,28.0,17.179014,13.833922,152.5,4.3369746e-05,-0.6252726,-3.5460956
