Vmax,Rmax_IBT,Rmax_CK22,Rmax_CK22_crr,R34,fcor,u_trans,v_trans
19.0,74.0,40.84381,29.038609,92.25,3.104999e-05,-0.30079207,0.9838463
21.0,74.0,34.185753,23.51208,83.5,3.0820032e-05,-0.90837646,0.4829924
24.0,56.0,36.07529,26.744793,101.75,3.078277e-05,-1.5197554,-0.2679738
28.0,37.0,36.699844,28.92781,120.25,3.0820032e-05,-1.5242006,-0.24140973
29.0,46.0,37.33718,29.966047,126.75,3.0801366e-05,-1.0288,1.2268317e-08
31.0,56.0,37.52687,30.803427,134.25,3.0820032e-05,-0.4802338,0.1843444
32.0,46.0,41.356133,35.583015,153.25,3.0925647e-05,0.3997639,0.32372242
33.0,37.0,44.4292,39.68475,173.75,3.1068776e-05,1.5281817,-0.2147719
33.0,31.0,43.16137,38.09733,168.5,3.1100066e-05,2.349639,-1.0461265
33.0,28.0,42.10411,36.794003,164.25,3.131743e-05,1.6873837,-1.9411132
34.0,19.0,44.010094,39.458046,178.0,3.1951015e-05,0.9537502,-2.9353406
36.0,9.0,44.894592,41.145187,192.25,3.280731e-05,0.9257188,-4.009728
37.0,9.0,42.33123,38.146725,187.0,3.363756e-05,0.99555683,-3.992961
39.0,9.0,39.46624,35.066044,182.75,3.454095e-05,0.9257188,-4.009728
40.0,22.0,37.862015,33.33774,181.5,3.5529152e-05,0.93195593,-3.4781058
41.0,37.0,35.82129,31.121906,180.5,3.651592e-05,1.739159,-3.7296376
45.0,31.0,31.8873,27.266779,178.75,3.741477e-05,2.6554298,-3.7923462
49.0,28.0,28.306713,23.848345,178.25,3.8238195e-05,2.6451998,-3.152426
50.0,19.0,29.351503,25.075241,194.0,3.8992614e-05,2.9602275,-2.8586578
51.0,9.0,29.744017,25.604717,210.75,3.9709896e-05,4.0535274,-3.1669629
52.0,13.0,30.046543,26.035662,225.5,4.0443807e-05,5.1174836,-3.4517856
54.0,19.0,29.685982,25.828163,241.0,4.1177245e-05,5.2911224,-3.179227
55.0,19.0,30.305277,26.600653,266.25,4.185423e-05,5.3458014,-3.0864005
57.0,19.0,29.907509,26.330492,291.75,4.2640077e-05,6.172976,-3.7090983
58.0,20.0,27.083794,23.344595,258.75,4.3696607e-05,6.9797745,-4.361449
59.0,22.0,23.956404,20.156008,226.75,4.4825505e-05,7.495757,-4.5039053
60.0,22.0,23.003174,19.255049,227.5,4.5811845e-05,7.5732193,-4.3724008
62.0,22.0,21.758583,18.131378,229.25,4.675884e-05,7.648375,-4.239563
