Vmax,Rmax_IBT,Rmax_CK22,Rmax_CK22_crr,R34,fcor,u_trans,v_trans
23.0,56.0,23.748453,14.923855,65.0,3.5529305e-05,-2.0807912,-1.5117843
24.0,46.0,24.466078,15.800471,69.5,3.6041143e-05,-1.4008113,-2.1570609
26.0,37.0,24.652992,16.484941,74.0,3.651592e-05,-2.1322846,-1.4382441
27.0,37.0,32.815907,24.49355,102.0,3.6608224e-05,-3.0821702,-0.16153023
28.0,37.0,39.600685,32.170486,130.0,3.651592e-05,-3.0563633,0.42954442
28.0,37.0,39.599552,32.169193,130.0,3.6392623e-05,-3.522114,0.74864763
28.0,37.0,39.598476,32.167965,130.0,3.626943e-05,-3.5810745,0.37638572
26.0,37.0,43.619614,36.026653,130.0,3.625086e-05,-3.6008,4.293911e-08
23.0,37.0,48.45125,40.247456,130.0,3.626943e-05,-4.1145735,0.07181978
22.0,37.0,38.084236,27.913223,96.5,3.6269263e-05,-4.1126933,0.14361764
21.0,37.0,26.555077,16.627874,64.5,3.626943e-05,-4.1145735,-0.071819685
23.0,37.0,29.860851,20.259449,81.25,3.6250774e-05,-4.0995407,-0.35866317
26.0,37.0,32.518112,23.864634,97.25,3.626943e-05,-4.0926566,-0.43015498
26.0,37.0,34.891167,26.292652,104.25,3.639262e-05,-3.587098,-0.3138303
26.0,37.0,37.27127,28.821684,111.0,3.651592e-05,-3.5958652,-0.18845193
26.0,37.0,37.272057,28.822535,111.0,3.6552494e-05,-3.6008,4.293911e-08
26.0,37.0,37.27127,28.821684,111.0,3.651592e-05,-4.1051755,0.28706223
27.0,37.0,35.84787,27.65982,111.0,3.6337213e-05,-4.6183224,0.322945
28.0,37.0,33.89902,25.929857,111.0,3.626943e-05,-4.6183224,-0.32294488
28.0,37.0,36.892876,29.139236,120.75,3.6546706e-05,-4.510944,-1.0414339
28.0,37.0,40.31772,32.993607,132.0,3.700857e-05,-3.890998,-1.3397782
27.0,37.0,42.715412,35.39655,132.0,3.7555707e-05,-3.8418703,-1.4747552
26.0,37.0,44.468742,37.041027,132.0,3.7992504e-05,-3.5221138,-0.7486492
24.0,37.0,44.4282,35.99167,124.0,3.8084658e-05,-3.5958652,-0.18845193
23.0,37.0,44.0534,35.007915,117.75,3.7992504e-05,-3.6002517,-0.06284223
23.0,41.0,42.62201,33.37089,114.25,3.786954e-05,-3.5958652,-0.18845193
23.0,46.0,41.373848,31.970808,111.0,3.7746686e-05,-3.08593,-0.053864766
26.0,46.0,39.996437,31.832712,119.0,3.7654416e-05,-2.5657346,-0.17941381
28.0,46.0,38.89822,31.37239,127.25,3.7746686e-05,-1.8167529,-0.9659848
29.0,41.0,41.040394,34.204315,139.25,3.8127557e-05,-1.2469305,-2.2495217
31.0,37.0,42.56007,36.71949,152.5,3.872924e-05,-0.17941347,-2.5657349
32.0,37.0,41.04586,35.210037,152.5,3.9391376e-05,0.32261676,-3.0694926
33.0,37.0,38.92386,32.98561,152.5,4.0199502e-05,-0.25117886,-3.5920289
34.0,37.0,37.798588,31.9401,153.5,4.1104144e-05,-0.9955566,-3.992961
36.0,37.0,36.19924,30.574669,154.75,4.2152973e-05,-0.40349656,-4.6119833
37.0,37.0,38.477173,33.45136,172.25,4.333328e-05,0.35882726,-5.1314697
39.0,37.0,39.750515,35.411186,189.5,4.458322e-05,0.0,5.144
40.0,37.0,38.038498,33.547935,191.5,4.4980625e-05,-1.0796734,-5.554439
42.0,37.0,36.55735,32.15276,194.0,4.5377223e-05,-1.1764481,-5.5347505
44.0,37.0,34.42935,29.996109,196.0,4.5775225e-05,-0.8851684,-5.588736
45.0,37.0,33.088234,28.611588,199.0,4.617686e-05,-1.1764481,-5.5347505
47.0,37.0,31.681118,27.29424,200.5,4.6584337e-05,-1.5895833,-4.892235
49.0,37.0,29.948833,25.61795,203.5,4.6999867e-05,-0.88336915,-4.5445414
50.0,37.0,28.858711,24.54314,202.5,4.7421297e-05,0.6268956,-5.1056576
51.0,37.0,27.474506,23.166355,202.5,4.7850303e-05,0.59146404,-5.627403
52.0,37.0,26.564735,22.30334,202.5,4.8286867e-05,0.0,5.6584
54.0,37.0,25.29858,21.16147,203.0,4.873096e-05,0.0,6.1728
55.0,37.0,24.459663,20.381186,203.0,4.9182556e-05,-0.43059233,-6.1577635
57.0,37.0,23.355848,19.41008,204.0,4.9641636e-05,-1.1778255,-6.059388
