Vmax,Rmax_IBT,Rmax_CK22,Rmax_CK22_crr,R34,fcor,u_trans,v_trans
21.0,74.0,83.426025,90.54485,192.25,3.80277e-05,8.323167,6.047135
23.0,74.0,83.592316,93.49075,217.5,3.651592e-05,9.62501,4.9041877
23.0,78.0,86.19519,98.23885,224.25,3.5660734e-05,10.063183,2.1389952
23.0,83.0,88.85808,103.21126,231.5,3.5282377e-05,7.2005033,0.12568508
23.0,83.0,89.764305,104.929924,233.75,3.525518e-05,5.065851,-0.8932463
23.0,83.0,90.707184,106.73238,236.0,3.5529305e-05,5.080669,-0.8046989
24.0,83.0,88.23634,103.2956,240.75,3.580702e-05,6.138985,-0.6452336
26.0,83.0,83.885956,97.2883,245.5,3.626943e-05,7.6210036,-1.2070483
27.0,83.0,81.6551,94.087776,250.0,3.6915473e-05,8.446829,-2.2633207
28.0,83.0,77.69831,87.75827,254.5,3.7746686e-05,9.604676,-3.6868892
29.0,83.0,74.9462,83.63229,257.0,3.858267e-05,9.537953,-5.07142
31.0,83.0,70.686775,77.5501,259.25,3.9709896e-05,7.4870114,-6.282349
32.0,83.0,65.38036,69.32924,249.75,4.132904e-05,4.602382,-6.8233104
33.0,83.0,59.202,60.151646,240.75,4.3126656e-05,2.639028,-7.2506685
34.0,83.0,56.231678,56.120163,238.5,4.4776647e-05,1.1612208,-6.585606
36.0,83.0,52.322586,51.164825,236.0,4.627635e-05,0.49316278,-5.636868
37.0,65.0,50.128944,48.395496,236.0,4.753557e-05,0.1615705,-4.62678
39.0,46.0,47.09031,44.78101,236.0,4.868306e-05,0.5376946,-5.115821
41.0,46.0,42.15344,38.7943,233.75,4.9970262e-05,0.49316278,-5.636868
44.0,46.0,37.82445,33.98589,231.5,5.1074945e-05,-1.0414333,-4.510944
45.0,46.0,36.33094,32.35806,231.5,5.1777624e-05,-2.9602275,-2.858658
46.0,46.0,34.292145,30.121033,231.5,5.22651e-05,-4.454835,-2.5719995
47.0,46.0,32.954605,28.72407,231.75,5.277477e-05,-5.1692057,-2.3014786
49.0,46.0,31.10177,26.885698,231.5,5.321436e-05,-5.9030776,-1.8047534
50.0,46.0,30.401379,26.221518,238.5,5.3641183e-05,-6.0379095,-1.2833986
51.0,46.0,29.13776,24.945518,245.25,5.392461e-05,-6.149311,-0.53799474
55.0,46.0,25.743061,21.702091,247.75,5.4012246e-05,-6.6872,7.974406e-08
59.0,46.0,22.435616,18.62233,250.0,5.392461e-05,-6.6780353,0.3499823
62.0,41.0,20.638327,17.028511,250.0,5.3722313e-05,-6.6709104,0.4664761
64.0,37.0,19.04284,15.591899,250.0,5.345127e-05,-7.1315145,1.0022703
