Vmax,Rmax_IBT,Rmax_CK22,Rmax_CK22_crr,R34,fcor,u_trans,v_trans
19.0,65.0,38.55098,26.709011,86.666664,4.1158575e-05,-4.6296,5.520743e-08
21.0,56.0,35.824257,25.11292,86.666664,4.1177245e-05,-4.6232553,0.24229544
22.0,56.0,34.204113,23.98956,86.666664,4.126247e-05,-4.595092,0.5642054
23.0,56.0,32.020786,22.291185,86.666664,4.142137e-05,-4.559266,0.8039215
26.0,50.0,31.032595,22.392227,92.666664,4.1628544e-05,-4.5109434,1.0414342
28.0,46.0,25.410824,17.641815,83.25,4.1909232e-05,-4.427309,1.3535628
31.0,37.0,27.142206,19.931091,97.25,4.227451e-05,-4.3773727,1.5072504
33.0,28.0,28.429245,21.61142,111.25,4.2640077e-05,-3.867023,1.407481
33.0,28.0,28.42416,21.606352,111.25,4.288343e-05,-3.7880614,1.6079371
33.0,26.0,28.883621,22.065947,112.75,4.300873e-05,-5.046895,4.3871965
36.0,19.0,30.331413,24.147673,129.75,4.409823e-05,-4.2704496,3.7122433
38.0,19.0,28.873482,22.986338,129.75,4.47211e-05,-3.882227,3.3747668
39.0,19.0,27.948227,22.195274,129.75,4.5309676e-05,-4.728565,4.728564
39.0,19.0,27.934887,22.181627,129.75,4.5551555e-05,-4.6453204,4.810368
41.0,28.0,26.774857,21.292246,134.5,4.5793287e-05,-3.9306557,4.070311
44.0,22.0,24.814331,19.702065,134.5,4.675874e-05,-3.859019,4.1382923
46.0,19.0,23.045214,18.177948,134.5,4.7722115e-05,-3.9306557,4.070311
47.0,19.0,22.335743,17.58824,134.5,4.8664973e-05,-3.859019,4.1382923
49.0,19.0,21.352013,16.823132,134.5,4.9641636e-05,-3.6371503,4.334585
50.0,19.0,20.685333,16.271168,134.5,5.0698964e-05,-3.3259244,4.5777416
51.0,19.0,19.768185,15.484257,134.5,5.178951e-05,-3.2455256,4.6350894
55.0,19.0,18.829266,14.882572,143.5,5.287619e-05,-3.3259244,4.5777416
59.0,19.0,17.533741,13.913416,152.75,5.392461e-05,-3.5609474,4.397402
59.0,19.0,17.402351,13.792125,152.75,5.4922366e-05,-3.859019,4.1382923
59.0,19.0,17.285984,13.684916,152.75,5.581132e-05,-3.7002842,3.5733225
59.0,13.0,17.991686,14.338176,164.25,5.653345e-05,-3.3858752,3.1573796
59.0,9.0,18.601944,14.909066,176.0,5.721923e-05,-3.215991,3.3302548
58.0,13.0,19.309528,15.519319,176.0,5.8037633e-05,-2.850266,3.648175
57.0,19.0,19.769022,15.895228,176.0,5.8853857e-05,-2.180724,3.4898875
57.0,19.0,19.990807,16.106943,180.5,5.9568985e-05,-1.5217645,3.2634327
57.0,19.0,20.187824,16.295637,185.5,6.0247978e-05,-0.8507276,2.966838
58.0,19.0,19.791061,15.977708,192.25,6.094251e-05,-0.42954382,3.0563633
59.0,19.0,18.993877,15.278642,199.25,6.1635496e-05,-0.26899835,3.0746553
62.0,19.0,17.548225,14.081683,206.25,6.227484e-05,0.0,3.0864
64.0,19.0,16.09128,12.831215,213.25,6.3016254e-05,0.92571855,4.009728
