Vmax,Rmax_IBT,Rmax_CK22,Rmax_CK22_crr,R34,fcor,u_trans,v_trans
19.0,74.0,26.763412,16.04584,60.0,5.26034e-05,-3.8381126,2.5888395
21.0,74.0,24.8866,15.247884,60.0,5.321436e-05,-3.2865446,2.4765897
23.0,74.0,28.3587,18.891495,76.0,5.3687712e-05,-2.3293362,2.0248601
26.0,74.0,31.327852,22.681963,92.5,5.4161024e-05,-2.1049194,2.2572503
26.0,65.0,31.335173,22.689167,92.5,5.4733642e-05,-1.8574418,2.4649088
26.0,56.0,31.301641,22.656185,92.666664,5.5340646e-05,-1.5432006,2.6729007
26.0,50.0,31.308863,22.663286,92.666664,5.5911183e-05,-0.8796764,2.4168892
26.0,46.0,31.316504,22.6708,92.666664,5.6516048e-05,-0.482819,3.0484014
27.0,46.0,31.462051,23.129063,97.0,5.720164e-05,0.053865105,3.08593
28.0,46.0,31.152267,23.116608,102.0,5.7920843e-05,0.26899746,3.0746555
31.0,41.0,29.175072,21.917974,105.0,5.8603393e-05,0.42954388,3.0563633
33.0,37.0,22.971659,16.420277,90.5,5.9319285e-05,0.48281938,3.0484014
34.0,37.0,25.20414,18.66276,103.0,6.0079867e-05,0.43882716,3.57396
36.0,37.0,26.785503,20.539724,116.0,6.0942573e-05,0.50151676,4.084526
39.0,37.0,26.927206,21.159212,128.0,6.194674e-05,0.4034962,4.6119833
41.0,37.0,26.924086,21.443598,141.0,6.3016254e-05,0.64431584,4.584545
45.0,37.0,24.928804,19.928844,149.0,6.406441e-05,0.8833693,4.5445414
49.0,37.0,22.636265,18.063229,157.5,6.507438e-05,1.1200017,4.492081
51.0,37.0,21.974186,17.589006,173.25,6.5983775e-05,1.3397781,3.890998
54.0,37.0,20.874702,16.754297,189.5,6.689037e-05,2.029483,4.161057
