Vmax,Rmax_IBT,Rmax_CK22,Rmax_CK22_crr,R34,fcor,u_trans,v_trans
23.0,69.0,17.46851,10.079222,48.5,2.7046483e-05,-6.5268664,3.0435271
23.0,65.0,20.201855,12.108473,55.5,2.7328068e-05,-6.886925,2.1055422
24.0,65.0,22.20703,13.928657,63.75,2.750917e-05,-6.637355,0.81496334
26.0,65.0,23.773808,15.723758,71.75,2.7578055e-05,-7.1917305,0.376904
28.0,46.0,24.03392,16.410437,79.5,2.7633941e-05,-7.2005033,0.12568462
31.0,28.0,24.622133,17.563606,88.0,2.7578055e-05,-6.6780353,-0.34998214
32.0,37.0,26.875269,19.883842,99.0,2.7346518e-05,-6.126789,-0.7522766
33.0,46.0,28.776287,21.958267,111.0,2.707799e-05,-6.138985,-0.6452325
34.0,41.0,27.945152,21.328205,111.0,2.6952992e-05,-5.6368685,-0.49316186
36.0,37.0,26.785337,20.53956,111.0,2.6827835e-05,-4.528432,-0.962549
37.0,37.0,27.862152,21.785109,119.0,2.6595899e-05,-2.841046,-1.2059529
39.0,37.0,28.576996,22.841805,127.25,2.6327272e-05,-3.3836453,-1.2315458
41.0,37.0,28.659992,23.230795,136.75,2.5945576e-05,-3.5346434,-0.6870645
44.0,37.0,28.654488,23.63523,145.75,2.5826394e-05,-2.5579104,0.26884696
44.0,37.0,29.20137,24.214632,149.0,2.6307172e-05,-1.5990556,1.2948897
44.0,37.0,29.795223,24.849247,152.5,2.707799e-05,-1.5896137,2.645561
46.0,41.0,27.97052,23.160152,152.5,2.7827968e-05,-1.4645767,3.2894948
46.0,46.0,27.891125,23.076773,152.5,2.857718e-05,-1.5784872,3.2363775
49.0,41.0,26.369694,21.815378,153.5,2.9257615e-05,-1.9950879,3.5992353
51.0,37.0,25.012848,20.612076,154.75,3.0073232e-05,-1.7342788,4.2924905
51.0,37.0,26.338852,21.976267,166.25,3.1224045e-05,-1.5895832,4.892235
51.0,37.0,27.6599,23.36254,178.25,3.2559245e-05,-2.3123717,5.7233205
57.0,31.0,24.232906,20.299025,177.0,3.3922297e-05,-3.0359254,5.9583387
62.0,28.0,21.346495,17.723549,176.0,3.5282377e-05,-3.5405736,5.0564613
63.0,28.0,20.941395,17.380482,179.5,3.6497688e-05,-3.8003547,4.8642335
64.0,28.0,20.39568,16.899431,185.0,3.7746686e-05,-3.1394498,5.9044476
65.0,28.0,20.17601,16.736456,194.0,3.920107e-05,-2.4630938,6.76729
67.0,28.0,19.642815,16.315224,203.75,4.0688625e-05,-2.931476,6.010415
