Vmax,Rmax_IBT,Rmax_CK22,Rmax_CK22_crr,R34,fcor,u_trans,v_trans
21.0,74.0,53.26825,44.843494,126.0,4.1635314e-05,4.377373,-1.5072502
23.0,74.0,45.21215,36.3577,120.5,4.1909232e-05,4.6042385,-0.4839252
25.0,56.0,40.64765,32.131012,115.75,4.1878455e-05,5.115821,0.5376942
26.0,37.0,36.653458,28.156187,111.0,4.1665367e-05,5.5724363,0.9825711
36.0,22.0,26.80785,20.56181,113.0,4.1421546e-05,5.04949,0.9815218
46.0,9.0,21.130798,16.3457,115.75,4.1177245e-05,4.559266,0.8039218
52.0,9.0,18.99496,14.835894,122.5,4.1054594e-05,4.084526,0.50151664
59.0,9.0,17.294563,13.692812,129.5,4.093299e-05,4.0395923,0.78521746
60.0,9.0,16.964365,13.441353,129.5,4.068871e-05,3.974978,1.0650922
61.0,9.0,16.647001,13.2003355,129.5,4.0444127e-05,2.9668381,0.8507273
61.0,9.0,17.066088,13.585339,133.75,4.0248193e-05,2.004864,0.46285927
61.0,11.0,17.492603,13.979821,139.0,4.0199502e-05,2.0563467,-0.071809135
62.0,9.0,15.523496,12.22669,121.25,4.0444134e-05,1.9676926,-0.6015841
64.0,9.0,13.4357815,10.455292,104.25,4.0688625e-05,1.0161338,-0.16093978
62.0,9.0,13.8295,10.720851,104.25,4.051099e-05,1.0288,-4.4970278e-08
61.0,9.0,14.080286,10.898828,104.25,4.0444127e-05,1.8167529,-0.9659847
61.0,9.0,19.498016,15.870549,163.0,4.100085e-05,2.9496026,-2.0653343
61.0,9.0,23.322426,19.640486,222.5,4.1665367e-05,3.019885,-1.9611363
60.0,15.0,22.948692,19.200184,208.5,4.1982166e-05,2.2274172,-1.2860001
59.0,22.0,22.237278,18.42485,194.25,4.2152973e-05,1.2641153,-0.8851433
59.0,15.0,22.513842,18.700377,197.75,4.227446e-05,0.7995279,-0.6474448
59.0,9.0,22.810509,18.9972,201.25,4.239659e-05,2.4318738,-0.8373612
57.0,9.0,23.294485,19.348318,186.25,4.260494e-05,3.461311,-0.992515
54.0,9.0,23.541758,19.375423,171.0,4.288343e-05,2.7972283,-1.3043692
52.0,22.0,22.815205,18.493721,156.25,4.3192882e-05,1.8810418,-1.7540997
51.0,37.0,21.89753,17.514599,141.25,4.3612705e-05,2.0652049,-2.293642
51.0,22.0,21.834763,17.453741,141.25,4.4219774e-05,1.9838998,-2.3643196
51.0,9.0,21.772274,17.393215,141.25,4.4825505e-05,1.3629527,-2.1811795
46.0,9.0,23.000467,18.134457,129.25,4.5242992e-05,0.45118824,-1.4757695
41.0,9.0,24.009542,18.553175,118.0,4.5551555e-05,0.12537912,-1.0211315
40.0,9.0,23.585842,18.018782,111.0,4.579326e-05,0.14318137,-1.0187877
38.0,9.0,23.25367,17.438438,104.25,4.6034886e-05,-0.8404868,-1.2942365
35.0,28.0,25.063679,18.69975,104.25,4.6469235e-05,-1.2641156,-0.885143
33.0,46.0,27.154337,20.354416,104.25,4.675884e-05,-2.042263,-0.25075886
33.0,41.0,27.987799,21.173111,107.5,4.6590085e-05,-2.5157957,0.5347483
33.0,37.0,28.939238,22.121817,111.25,4.627635e-05,-3.0189548,0.641698
34.0,22.0,27.550587,20.93683,111.25,4.6137557e-05,-3.556468,0.56328946
36.0,9.0,26.276272,20.03865,111.25,4.6034886e-05,-3.0633945,0.37613693
37.0,9.0,25.500015,19.441706,111.0,4.5968063e-05,-3.0395107,0.5359477
38.0,9.0,24.760353,18.874914,111.0,4.5793287e-05,-3.338604,1.3488826
41.0,9.0,23.23971,17.812784,112.0,4.532793e-05,-4.087694,2.173466
43.0,9.0,21.973951,16.83974,113.25,4.4825505e-05,-3.7594223,1.6738026
45.0,15.0,21.913887,16.99008,119.75,4.4546614e-05,-3.4434626,1.0527711
48.0,22.0,21.627684,16.999731,127.25,4.4340795e-05,-3.4434626,1.0527711
53.0,15.0,18.777576,14.703183,126.0,4.406178e-05,-3.4434626,1.0527711
59.0,9.0,16.541838,13.004104,125.0,4.385554e-05,-3.5657573,0.5011352
62.0,9.0,15.494046,12.200153,124.75,4.3837048e-05,-3.0864,3.6804952e-08
66.0,9.0,14.479082,11.455725,125.0,4.385554e-05,-3.0788815,0.21529667
