Vmax,Rmax_IBT,Rmax_CK22,Rmax_CK22_crr,R34,fcor,u_trans,v_trans
21.0,74.0,35.480667,24.773634,87.0,2.4108273e-05,-6.6831264,-0.2333817
21.0,74.0,37.793087,27.093834,93.0,2.3819783e-05,-6.6872,7.974406e-08
23.0,78.0,36.308884,26.551167,99.0,2.3888768e-05,-6.1643405,0.32306057
26.0,83.0,35.408176,26.83403,106.5,2.4070872e-05,-5.1369505,0.26921716
26.0,83.0,34.630337,26.021214,104.25,2.4177485e-05,-4.6232553,0.24229544
26.0,83.0,33.85515,25.221153,101.75,2.432189e-05,-4.0995407,0.3586633
27.0,59.0,36.24331,28.08404,113.0,2.4553652e-05,-4.084526,0.5015159
28.0,37.0,38.054775,30.42497,125.0,2.4823696e-05,-3.556468,0.56328946
31.0,37.0,34.97443,27.964571,125.0,2.5036892e-05,-3.5085115,0.8100043
33.0,37.0,32.34185,25.637827,125.0,2.53252e-05,-3.2634332,1.5217636
34.0,37.0,33.55126,27.168192,133.75,2.5807482e-05,-3.4116557,2.3011906
36.0,37.0,34.36319,28.502476,143.5,2.6327272e-05,-2.5587418,1.725893
37.0,31.0,34.82738,29.230587,150.0,2.6740236e-05,-2.2709413,1.207481
39.0,28.0,34.934566,29.742796,157.25,2.707799e-05,-2.349639,1.0461266
40.0,28.0,34.337635,29.246593,159.0,2.7328042e-05,-2.8195667,1.255352
41.0,28.0,33.48217,28.452663,162.0,2.7578055e-05,-2.672901,1.5431998
