Vmax,Rmax_IBT,Rmax_CK22,Rmax_CK22_crr,R34,fcor,u_trans,v_trans
22.0,65.0,31.063007,20.992643,80.5,1.4598838e-05,-8.984162,2.2400038
23.0,56.0,31.910477,22.185572,88.0,1.4991469e-05,-9.700749,1.1911002
26.0,37.0,33.026184,24.376617,100.0,1.5029319e-05,-9.772111,0.17057197
28.0,19.0,34.38436,26.439999,113.75,1.4991469e-05,-9.760205,0.5115126
29.0,19.0,37.641518,30.305735,128.25,1.5225142e-05,-9.720059,1.0216184
31.0,19.0,40.17405,33.862328,143.75,1.5497764e-05,-8.723498,0.6100073
33.0,19.0,40.256172,34.560604,155.0,1.5586098e-05,-8.225387,0.2872353
36.0,19.0,40.28135,35.381454,166.5,1.5750842e-05,-7.6409082,1.0738611
40.0,19.0,38.429863,34.015873,174.25,1.6104768e-05,-7.378848,2.255938
44.0,19.0,36.423058,32.316578,183.0,1.6762664e-05,-7.397435,3.6079686
45.0,19.0,36.26567,32.28099,187.5,1.7823426e-05,-8.0187025,4.629599
46.0,19.0,35.61808,31.661806,192.0,1.9036203e-05,-9.246794,4.5099607
49.0,19.0,33.476868,29.563097,192.0,2.0139774e-05,-9.604676,3.686888
51.0,19.0,31.530071,27.57996,192.0,2.1053198e-05,-9.838465,3.0079176
54.0,19.0,29.800114,25.953491,192.0,2.1613047e-05,-8.984162,2.2400038
57.0,19.0,28.226917,24.493666,192.0,2.206018e-05,-8.406042,2.4103925
62.0,19.0,25.46095,21.907063,191.5,2.2650835e-05,-7.734046,2.814962
67.0,19.0,23.146427,19.80278,192.0,2.3317392e-05,-7.6837406,2.9495103
73.0,22.0,20.733372,17.652458,192.25,2.4051464e-05,-7.203507,2.765166
80.0,28.0,18.458649,15.677177,191.75,2.4823696e-05,-7.6310945,3.0831602
