Vmax,Rmax_IBT,Rmax_CK22,Rmax_CK22_crr,R34,fcor,u_trans,v_trans
21.0,74.0,59.40635,52.954857,143.75,2.3819783e-05,-5.5000057,2.802391
22.0,65.0,60.558136,55.458145,152.75,2.4453731e-05,-6.2002645,2.5050676
23.0,56.0,60.246326,55.863834,162.25,2.4823696e-05,-5.9624667,1.5976379
26.0,56.0,59.90388,57.5639,178.25,2.4967907e-05,-5.065851,0.8932462
28.0,56.0,59.41488,58.0658,194.5,2.5074483e-05,-4.0097275,0.9257192
29.0,50.0,59.99151,59.470245,203.75,2.5412737e-05,-2.7972286,1.3043687
31.0,46.0,59.362923,59.526455,213.0,2.5826394e-05,-2.080792,1.5117832
32.0,46.0,59.13369,59.630238,220.0,2.6107913e-05,-1.7540995,1.8810419
33.0,46.0,57.817165,58.078884,226.75,2.6577594e-05,-1.9611359,3.019885
34.0,46.0,56.349113,56.292294,229.0,2.7465461e-05,-2.7259047,4.3623595
36.0,46.0,53.969357,53.509663,231.25,2.857718e-05,-3.628281,4.9939
41.0,46.0,49.400856,48.376137,252.5,2.9717852e-05,-4.47461,4.9695582
46.0,46.0,44.828674,43.137653,273.0,3.0820032e-05,-5.196931,4.208391
47.0,41.0,44.524246,42.891968,285.0,3.1783846e-05,-5.7912855,3.3435993
49.0,37.0,43.416466,41.728832,296.25,3.2559245e-05,-5.594457,2.6087375
51.0,28.0,41.106976,39.0172,310.25,3.3091863e-05,-5.2463775,2.1196725
54.0,19.0,38.73008,36.377644,323.75,3.3550914e-05,-5.2463775,2.1196725
55.0,19.0,37.37999,34.823666,326.25,3.413228e-05,-5.128252,2.3913426
57.0,19.0,35.432938,32.66945,328.5,3.47882e-05,-5.5000057,2.802391
60.0,19.0,31.434967,28.276325,330.75,3.5529196e-05,-5.904447,3.1394508
64.0,19.0,27.429523,24.124973,333.0,3.626943e-05,-6.060662,2.8261323
65.0,20.0,26.325737,23.003801,335.5,3.690323e-05,-6.2002645,2.5050676
67.0,22.0,24.859493,21.57163,337.75,3.7500762e-05,-6.677208,2.697765
68.0,22.0,23.743,20.46616,337.75,3.817007e-05,-6.7672906,2.4630916
69.0,22.0,22.360855,19.104942,337.75,3.872924e-05,-7.518239,1.7357235
70.0,26.0,21.580456,18.366331,344.75,3.8992646e-05,-8.150302,1.1454518
72.0,31.0,20.463186,17.34247,351.5,3.9219805e-05,-8.050547,1.7111946
73.0,33.0,19.545092,16.480942,351.5,3.9746115e-05,-7.4530835,1.9970473
75.0,37.0,18.392864,15.439104,351.5,4.0199502e-05,-7.6584864,0.94034237
