Vmax,Rmax_IBT,Rmax_CK22,Rmax_CK22_crr,R34,fcor,u_trans,v_trans
23.0,83.0,47.92501,39.60382,127.25,4.4443837e-05,0.0,1.0288
23.0,74.0,56.143333,50.17316,148.5,4.458322e-05,0.0,0.5144
24.0,74.0,64.30425,62.612896,176.5,4.4855784e-05,0.0179523,0.51408666
26.0,74.0,70.46556,73.88333,206.25,4.5309676e-05,0.23142964,1.002432
26.0,74.0,63.377922,62.72769,185.75,4.5944307e-05,0.21507777,2.0463283
26.0,74.0,56.792324,53.108795,167.0,4.675884e-05,-0.13460809,2.5684752
28.0,74.0,60.92159,60.30231,199.0,4.7649944e-05,-0.482819,3.0484014
31.0,74.0,63.14473,65.30815,231.5,4.868306e-05,-0.5727251,4.075151
31.0,74.0,66.014725,69.854904,243.25,4.9862945e-05,-0.80469835,5.080669
31.0,74.0,68.796524,74.392914,254.5,5.1074945e-05,-0.8833701,4.5445414
33.0,74.0,61.223637,63.234802,254.5,5.22349e-05,-1.5072497,4.377373
36.0,74.0,54.611122,54.43561,254.5,5.321436e-05,-2.721211,3.745425
37.0,56.0,49.447308,47.459614,238.5,5.3877662e-05,-4.2704496,3.7122433
39.0,37.0,43.673603,40.30952,222.5,5.439729e-05,-4.2645693,2.8764882
40.0,37.0,44.689754,41.840466,243.0,5.5021956e-05,-4.087694,2.173466
41.0,37.0,44.13625,41.33088,263.75,5.5576067e-05,-4.735077,2.0099213
41.0,37.0,44.040054,41.20634,263.75,5.5946894e-05,-5.282572,2.0277884
41.0,37.0,43.953358,41.09423,263.75,5.6281307e-05,-4.699278,2.0922532
42.0,46.0,43.172672,40.284935,274.0,5.6679815e-05,-3.8827093,2.5214612
44.0,56.0,41.312668,38.27802,284.5,5.721923e-05,-3.3302557,3.2159903
45.0,46.0,41.070126,38.136116,304.25,5.798473e-05,-2.9135025,3.5978742
46.0,37.0,39.13453,35.883625,323.75,5.8853857e-05,-3.097807,3.4404635
