Vmax,Rmax_IBT,Rmax_CK22,Rmax_CK22_crr,R34,fcor,u_trans,v_trans
21.0,46.0,110.03679,143.06781,254.25,2.9593388e-05,-2.0294826,-4.1610575
23.0,46.0,89.18676,103.83304,233.75,3.0571195e-05,-3.105781,-2.699814
24.0,46.0,97.83901,122.269775,267.75,3.1087915e-05,-3.8155465,-1.5415819
26.0,46.0,103.770256,137.45676,303.5,3.156599e-05,-2.501326,-2.5901988
27.0,41.0,83.72085,97.90527,256.5,3.237905e-05,-0.9955566,-3.992961
28.0,37.0,64.48156,65.73676,210.5,3.330315e-05,-1.2031684,-3.9353852
29.0,41.0,64.61387,66.540634,220.0,3.4151362e-05,-1.4645768,-3.2894945
31.0,46.0,63.274742,65.51117,229.0,3.5035337e-05,-1.2716666,-3.9137878
31.0,46.0,65.32783,68.7542,237.0,3.5985828e-05,-0.785217,-4.0395923
31.0,46.0,67.47685,72.22403,245.25,3.700857e-05,-0.32294425,-4.618323
32.0,50.0,66.83249,71.67696,254.25,3.8115355e-05,0.0,4.6296
33.0,56.0,64.874435,68.97475,264.25,3.9219805e-05,-0.080797605,-4.628895
34.0,56.0,63.947098,67.91571,272.75,4.0236217e-05,-0.5015162,-4.084526
36.0,56.0,61.73937,65.17809,282.5,4.1177245e-05,-0.92571855,-4.009728
41.0,50.0,50.26224,49.57179,282.5,4.2012827e-05,-1.2031684,-3.9353852
46.0,46.0,41.26779,38.54079,282.5,4.288343e-05,-1.1982288,-4.4718504
49.0,41.0,36.94184,33.627968,278.25,4.3976856e-05,-1.0414333,-4.510944
51.0,37.0,33.19024,29.460455,275.5,4.506766e-05,-1.4074813,-3.867023
52.0,33.0,30.83426,26.906063,261.5,4.600473e-05,-1.6347291,-3.2083364
54.0,31.0,28.264683,24.284124,247.5,4.675884e-05,-1.3529885,-2.774038
57.0,31.0,27.149004,23.337933,275.25,4.7258796e-05,-0.75198025,-2.4596157
59.0,31.0,25.454811,21.70081,303.25,4.7722115e-05,-0.44662327,-2.5329256
