Vmax,Rmax_IBT,Rmax_CK22,Rmax_CK22_crr,R34,fcor,u_trans,v_trans
22.0,130.0,56.79435,50.272144,141.0,3.568988e-05,-5.269585,4.1170516
23.0,93.0,48.797516,40.673443,129.75,3.67623e-05,-4.8642325,3.8003554
24.0,87.0,53.332672,47.11389,147.5,3.7537353e-05,-3.997639,3.237224
26.0,83.0,56.56169,52.78497,166.5,3.8238195e-05,-2.9602275,2.858658
26.0,59.0,57.2741,53.788097,168.5,3.9078637e-05,-2.1670153,2.875727
26.0,37.0,58.313923,55.267345,171.5,3.995476e-05,-1.8545493,3.0864878
29.0,22.0,52.786938,49.15996,180.25,4.082912e-05,-1.931969,3.633506
33.0,9.0,47.235924,43.294067,189.75,4.1665367e-05,-1.5784872,3.2363775
34.0,9.0,47.01017,43.318516,195.25,4.2396463e-05,-1.3043696,2.797228
36.0,9.0,45.880157,42.422146,201.5,4.3126656e-05,-1.5217645,3.2634327
37.0,13.0,44.145657,40.441998,201.5,4.4013406e-05,-1.931969,3.633506
39.0,19.0,41.737762,37.86093,201.5,4.4825505e-05,-2.1164973,2.9131083
41.0,22.0,37.535587,33.134663,197.5,4.5363984e-05,-2.5013263,2.590198
44.0,28.0,33.913445,29.406046,194.5,4.5793287e-05,-2.3623376,2.7175581
47.0,20.0,30.436577,25.921755,196.25,4.6276295e-05,-2.2168736,2.8374693
51.0,13.0,27.047596,22.716629,198.75,4.675884e-05,-2.1049194,2.2572503
57.0,11.0,23.540794,19.59657,203.0,4.7222435e-05,-1.9988195,1.618612
62.0,9.0,20.57327,16.965033,208.0,4.7722115e-05,-2.6334584,2.4557397
67.0,9.0,17.98164,14.722756,211.5,4.8341364e-05,-2.9098864,2.9098854
72.0,9.0,15.730649,12.816467,215.25,4.892293e-05,-2.8757265,2.167016
76.0,9.0,13.653984,11.050665,186.25,4.9290455e-05,-2.2709413,1.207481
80.0,9.0,11.608909,9.333862,157.25,4.9641636e-05,-1.9702666,1.6532495
85.0,9.0,10.394018,8.3769045,157.25,5.012002e-05,-1.2860005,2.2274172
