Vmax,Rmax_IBT,Rmax_CK22,Rmax_CK22_crr,R34,fcor,u_trans,v_trans
24.0,78.0,41.182205,32.261833,116.0,3.1845382e-05,-2.1049194,2.2572503
26.0,74.0,46.72479,39.79421,139.0,3.2559245e-05,-2.0652046,2.2936423
28.0,74.0,42.42642,35.463894,139.0,3.3550914e-05,-2.8757265,2.167016
28.0,65.0,45.282455,38.927685,148.5,3.4293596e-05,-4.1610575,2.0294824
28.0,56.0,49.55784,44.366634,162.0,3.439483e-05,-4.833779,1.7593513
28.0,46.0,53.82807,50.102764,176.0,3.4293596e-05,-4.427309,1.3535628
28.0,46.0,53.830322,50.105873,176.0,3.4608373e-05,-3.9353857,1.203167
28.0,46.0,53.83329,50.109962,176.0,3.5035337e-05,-4.350401,1.5834161
28.0,46.0,53.836,50.113697,176.0,3.5442816e-05,-4.802338,1.843444
28.0,46.0,53.83809,50.11658,176.0,3.577612e-05,-4.4718504,1.1982284
28.0,46.0,52.417908,48.17495,171.0,3.5899226e-05,-4.064535,0.6437594
28.0,46.0,50.99661,46.265404,166.5,3.6022833e-05,-4.0252733,0.8555973
28.0,46.0,50.998905,46.26846,166.5,3.6337122e-05,-4.4030113,1.4306257
28.0,46.0,51.00187,46.272404,166.5,3.67623e-05,-4.261569,1.8089292
28.0,46.0,51.00552,46.277267,166.5,3.7309983e-05,-4.22935,1.883028
28.0,46.0,51.008217,46.28086,166.5,3.7746686e-05,-4.350401,1.5834161
28.0,50.0,51.00894,46.28183,166.5,3.7875478e-05,-4.064535,0.6437594
28.0,56.0,51.008217,46.28086,166.5,3.7746686e-05,-3.556468,-0.5632894
28.0,56.0,47.30516,41.462955,154.5,3.7433118e-05,-3.7296379,-1.7391584
28.0,56.0,43.88144,37.211567,143.5,3.700857e-05,-3.6987176,-1.8039843
28.0,56.0,43.877857,37.207226,143.5,3.6583504e-05,-3.3386033,-1.3488841
28.0,56.0,43.8752,37.204002,143.5,3.626943e-05,-3.3145537,-1.406945
28.0,50.0,45.299812,38.94915,148.0,3.6158217e-05,-2.9515388,-0.9023767
28.0,46.0,46.726295,40.730442,152.5,3.626943e-05,-3.0395107,0.5359477
29.0,56.0,45.94703,40.171825,155.75,3.6620666e-05,-3.6666706,1.8682607
31.0,65.0,44.493767,39.10461,159.75,3.700857e-05,-3.8155472,1.5415801
31.0,59.0,47.02948,42.326706,169.0,3.7168447e-05,-3.5460956,0.62527233
31.0,56.0,49.558224,45.646637,178.25,3.7254722e-05,-3.5810745,0.37638572
34.0,46.0,43.71077,39.081078,178.25,3.739608e-05,-3.5920286,0.25117946
39.0,37.0,38.292816,33.65537,178.25,3.7500762e-05,-3.0694926,0.32261634
45.0,37.0,31.98354,27.373695,178.25,3.751908e-05,-3.0563633,0.42954442
51.0,37.0,26.839973,22.498938,178.25,3.7500762e-05,-3.0821702,0.16153029
57.0,37.0,25.460764,21.562983,197.75,3.7482263e-05,-3.6008,4.293911e-08
62.0,37.0,23.804333,20.192812,217.5,3.7500762e-05,-3.6002517,0.06284231
67.0,37.0,21.032518,17.67764,217.5,3.7605125e-05,-3.0746555,0.26899746
72.0,37.0,18.67186,15.592858,217.5,3.7746686e-05,-3.0296943,0.58891255
