Vmax,Rmax_IBT,Rmax_CK22,Rmax_CK22_crr,R34,fcor,u_trans,v_trans
21.0,65.0,61.527557,55.899452,148.0,2.5431242e-05,-6.9562116,1.8639108
21.0,65.0,61.56536,55.95258,148.0,2.5826394e-05,-6.459339,1.7307743
22.0,59.0,56.903435,50.419212,143.5,2.6308113e-05,-6.459339,1.7307743
23.0,56.0,51.517242,44.087612,139.0,2.6827835e-05,-5.9336767,1.7014533
24.0,56.0,49.420486,42.066593,139.0,2.7365762e-05,-5.9336767,1.7014533
26.0,56.0,46.539413,39.5648,139.0,2.7827968e-05,-5.5347505,1.1764463
27.0,56.0,44.78382,37.880344,139.0,2.809588e-05,-5.1056576,0.6268949
28.0,56.0,42.364742,35.390587,139.0,2.8327528e-05,-4.595092,0.5642054
31.0,46.0,41.403378,35.322548,148.0,2.8664417e-05,-4.052681,0.7145969
33.0,37.0,40.460667,34.80496,157.5,2.9076216e-05,-3.9137876,1.2716672
36.0,37.0,39.509712,34.451725,167.0,2.9611976e-05,-4.735077,2.0099213
39.0,37.0,38.520966,33.927876,176.0,3.0073232e-05,-5.723321,2.31237
42.0,31.0,37.791138,33.61565,192.5,3.023505e-05,-6.7672906,2.4630916
46.0,28.0,36.521767,32.72796,210.5,3.0322259e-05,-5.8706813,1.9075009
47.0,28.0,36.270973,32.56824,216.25,3.058953e-05,-5.0121593,1.1571491
49.0,28.0,35.52264,31.940266,222.25,3.0820032e-05,-5.124426,0.44832912
49.0,28.0,33.56815,29.667765,207.0,3.0819905e-05,-5.1432166,0.08977473
49.0,28.0,31.596748,27.43637,192.0,3.0820032e-05,-4.595092,0.5642054
49.0,28.0,31.522882,27.353949,192.5,3.097532e-05,-4.4718504,1.1982284
49.0,28.0,31.48759,27.314602,194.25,3.131743e-05,-3.890998,1.3397782
49.0,28.0,31.370598,27.184298,194.25,3.19196e-05,-3.8418703,1.4747552
49.0,28.0,31.246517,27.046335,194.25,3.2559245e-05,-4.769434,1.926975
49.0,28.0,31.174454,26.96632,194.25,3.293116e-05,-5.2085843,2.2109134
49.0,28.0,31.10262,26.886639,194.25,3.330315e-05,-5.594457,2.6087375
47.0,28.0,32.285267,27.969355,194.25,3.3903747e-05,-5.548076,2.7059765
46.0,28.0,33.085247,28.74293,194.25,3.454095e-05,-5.1692057,2.3014786
46.0,28.0,34.136787,29.942335,201.25,3.4979486e-05,-5.128252,2.3913426
46.0,28.0,35.098564,31.054777,208.25,3.5529305e-05,-4.691026,3.1641371
47.0,28.0,34.236736,30.189577,210.75,3.644168e-05,-4.20501,3.7862093
49.0,28.0,32.843376,28.840313,213.0,3.7500762e-05,-4.5872836,4.13041
51.0,28.0,30.368269,26.28946,213.0,3.8483555e-05,-4.72864,3.9677987
54.0,28.0,28.094692,24.101524,213.0,3.9464914e-05,-4.5145,4.20984
55.0,28.0,29.596798,25.819159,247.75,4.0407092e-05,-4.287988,4.4403396
57.0,28.0,29.57225,25.960669,282.25,4.142137e-05,-4.6453204,4.810368
58.0,28.0,28.177029,24.51761,282.25,4.25669e-05,-5.0026526,5.180396
59.0,28.0,26.32789,22.616344,282.25,4.385554e-05,-5.062152,5.823339
63.0,28.0,22.961174,19.394625,282.25,4.5217854e-05,-5.2904005,6.304851
67.0,28.0,19.61054,16.28391,282.25,4.675884e-05,-6.195614,6.880927
68.0,28.0,18.723633,15.47411,312.0,4.850957e-05,-6.7893143,7.030537
69.0,28.0,16.977495,13.862005,342.5,5.035898e-05,-7.016398,7.5241675
