Vmax,Rmax_IBT,Rmax_CK22,Rmax_CK22_crr,R34,fcor,u_trans,v_trans
23.0,74.0,48.710846,40.566635,129.5,4.1195322e-05,1.339778,-3.8909981
23.0,74.0,48.75429,40.62016,129.5,4.2152973e-05,2.301191,-3.4116552
26.0,50.0,42.835365,35.100407,126.5,4.2992877e-05,3.152426,-2.6451998
28.0,28.0,38.226383,30.616776,125.0,4.3612705e-05,4.22935,-1.8830277
33.0,28.0,35.61001,29.19617,139.75,4.3982815e-05,4.5445414,-0.8833695
39.0,28.0,33.196472,27.790361,155.25,4.409823e-05,5.1432166,-0.08977489
40.0,28.0,32.15724,26.817104,155.25,4.410412e-05,5.093939,0.71590644
41.0,28.0,30.715342,25.410254,155.25,4.385554e-05,4.892235,1.5895833
41.0,28.0,30.76374,25.4624,155.25,4.3302607e-05,4.6620474,2.1739483
41.0,28.0,30.82167,25.52487,155.25,4.2640077e-05,4.6620474,2.1739483
41.0,28.0,30.864225,25.570795,155.25,4.2152813e-05,4.735077,2.0099213
41.0,28.0,30.90673,25.616695,155.25,4.1665367e-05,4.583338,2.3353274
41.0,28.0,30.958414,25.672544,155.25,4.1073406e-05,4.409269,2.649356
41.0,28.0,31.013199,25.731796,155.25,4.0444127e-05,3.7923465,2.6554296
44.0,28.0,29.299725,24.319347,157.75,3.9832048e-05,2.7983472,2.2660568
46.0,28.0,27.765886,22.945461,160.0,3.9219805e-05,2.7175584,2.3623374
