Vmax,Rmax_IBT,Rmax_CK22,Rmax_CK22_crr,R34,fcor,u_trans,v_trans
19.0,56.0,44.8306,33.287445,101.333336,2.7614606e-05,8.984162,-2.240003
21.0,46.0,45.960014,35.97922,111.25,2.807779e-05,6.5435386,-4.088858
23.0,46.0,46.633713,38.043667,125.5,2.8857592e-05,3.9306376,-5.4100585
26.0,46.0,47.518326,40.78267,141.25,2.9824112e-05,3.6282809,-4.9939003
28.0,41.0,44.402332,37.845802,145.5,3.0906933e-05,4.2879877,-4.4403405
31.0,37.0,41.974865,36.009953,150.5,3.206281e-05,4.8103695,-4.645319
33.0,41.0,37.71624,31.583532,147.25,3.3290875e-05,4.8103695,-4.645319
36.0,46.0,34.455463,28.605288,145.75,3.4293596e-05,2.909886,-2.909886
41.0,30.0,31.589254,26.357756,156.0,3.475687e-05,1.4293293,-1.4801134
46.0,13.0,29.13292,24.392332,166.75,3.5035337e-05,2.106859,-1.4752388
51.0,11.0,25.563042,21.174797,166.75,3.5510824e-05,3.4898872,-2.1807244
57.0,9.0,22.608635,18.661882,166.75,3.6022833e-05,3.019885,-1.9611363
58.0,9.0,22.662947,18.783707,172.0,3.651595e-05,1.9988196,-1.6186119
59.0,9.0,22.27222,18.459599,178.25,3.700857e-05,1.9113684,-1.7210041
55.0,9.0,24.69932,20.625942,181.25,3.7537542e-05,1.6873837,-1.9411132
51.0,9.0,27.40649,23.094513,185.25,3.7992504e-05,0.75198036,-2.4596157
50.0,9.0,27.312414,22.898134,175.5,3.8275033e-05,-0.35795328,-2.5469694
49.0,9.0,26.890545,22.356236,166.75,3.8483773e-05,-0.72448844,-1.3625648
51.0,9.0,28.891031,24.678879,202.25,3.8766004e-05,-0.4583337,-0.2335328
54.0,9.0,29.50487,25.629688,238.25,3.897458e-05,-0.14178793,0.49447298
58.0,9.0,24.274105,20.411997,197.25,3.902982e-05,0.7881065,0.6612999
62.0,9.0,19.14825,15.59006,157.25,3.897458e-05,1.5036479,0.34714445
63.0,9.0,18.207111,14.748514,150.5,3.8814796e-05,2.5657349,-0.17941366
64.0,9.0,16.922262,13.595695,143.25,3.872924e-05,3.0484014,-0.48281932
63.0,15.0,19.103828,15.599673,164.0,3.8919377e-05,3.5346432,-0.6870651
62.0,22.0,21.099653,17.48045,185.25,3.9219805e-05,4.0395923,-0.7852173
68.0,22.0,19.29184,16.021318,201.0,3.9350212e-05,4.510944,-1.0414332
75.0,22.0,17.121714,14.224035,217.75,3.9709896e-05,5.465595,-1.4645015
77.0,19.0,15.723836,12.978084,206.0,4.0199502e-05,5.465595,-1.4645015
