Vmax,Rmax_IBT,Rmax_CK22,Rmax_CK22_crr,R34,fcor,u_trans,v_trans
18.0,65.0,28.451883,16.993752,62.0,3.3197517e-05,-5.9030786,1.8047506
18.0,65.0,28.46032,17.000668,62.0,3.3550914e-05,-5.4392037,1.5596656
19.0,59.0,27.049074,16.27825,62.0,3.3816792e-05,-4.9912014,1.2444466
21.0,56.0,25.17623,15.484213,62.0,3.404614e-05,-5.0315914,1.0694966
22.0,46.0,24.06903,14.896439,62.0,3.4293353e-05,-5.0315914,1.0694966
23.0,37.0,20.29293,12.178194,55.75,3.454095e-05,-5.0494905,0.9815209
24.0,37.0,21.967724,13.7352915,62.5,3.478783e-05,-5.065851,0.8932462
26.0,37.0,23.076815,15.12942,69.5,3.5035337e-05,-5.0494905,0.9815209
28.0,28.0,21.80979,14.488042,71.75,3.5300713e-05,-5.5544395,1.0796729
31.0,19.0,20.73211,14.116864,74.25,3.5529305e-05,-5.603333,0.7874981
34.0,19.0,20.385685,14.279501,81.0,3.5689303e-05,-5.6368685,0.49316204
39.0,19.0,19.789852,14.393694,88.25,3.577612e-05,-6.1690397,0.21542646
42.0,19.0,18.126022,13.235398,88.25,3.581303e-05,-6.17186,-0.10772953
46.0,19.0,16.537018,12.187182,88.25,3.577612e-05,-5.6506453,-0.29613873
46.0,19.0,16.936947,12.535861,90.5,3.5652287e-05,-5.644616,-0.3947104
46.0,19.0,17.330591,12.881546,92.75,3.5529305e-05,-5.6506453,-0.29613873
45.0,19.0,17.92883,13.328839,92.75,3.5510602e-05,-5.1432166,-0.08977461
44.0,19.0,18.349535,13.615982,92.75,3.5529305e-05,-5.144,6.134159e-08
42.0,19.0,19.019224,14.025237,92.75,3.552893e-05,-5.1432166,0.08977473
41.0,19.0,19.492844,14.346851,92.75,3.5529305e-05,-5.1432166,0.08977473
44.0,19.0,18.350136,13.616518,92.75,3.5510533e-05,-5.144,6.134159e-08
46.0,19.0,17.330591,12.881546,92.75,3.5529305e-05,-5.1369505,0.26921716
49.0,19.0,17.133846,12.932221,97.25,3.5652472e-05,-5.115821,0.5376939
51.0,19.0,16.90944,12.869269,102.0,3.577612e-05,-5.1369505,0.26921716
52.0,19.0,17.250359,13.240543,106.5,3.579448e-05,-4.6296,5.520743e-08
54.0,19.0,17.377373,13.482187,111.25,3.577612e-05,-4.6296,5.520743e-08
54.0,19.0,17.97068,14.0241,115.75,3.5775804e-05,-4.6296,5.520743e-08
54.0,19.0,18.547287,14.5559225,120.5,3.577612e-05,-4.6296,5.520743e-08
55.0,19.0,18.77785,14.834584,125.0,3.57573e-05,-4.6296,5.520743e-08
57.0,19.0,18.773937,14.954448,129.75,3.577612e-05,-4.6183224,0.322945
57.0,19.0,19.276867,15.428066,134.25,3.5899222e-05,-5.115821,0.5376939
57.0,19.0,19.761099,15.887681,139.0,3.6022833e-05,-5.1369505,0.26921716
57.0,19.0,19.758966,15.885648,139.0,3.6041143e-05,-5.144,6.134159e-08
57.0,19.0,19.761099,15.887681,139.0,3.6022833e-05,-5.6584,6.7475746e-08
57.0,19.0,19.761127,15.887706,139.0,3.6022524e-05,-5.6584,6.7475746e-08
57.0,19.0,19.761099,15.887681,139.0,3.6022833e-05,-5.6575384,-0.098752074
58.0,19.0,19.35281,15.560376,139.0,3.598539e-05,-5.6584,6.7475746e-08
59.0,19.0,18.75622,15.054269,139.0,3.6022833e-05,-5.6368685,0.49316204
60.0,19.0,18.352222,14.729659,139.0,3.6232068e-05,-6.0790215,1.0718954
62.0,19.0,17.772373,14.290732,139.0,3.651592e-05,-6.0593886,1.1778251
63.0,19.0,17.164669,13.773757,136.5,3.676185e-05,-6.585606,1.16122
64.0,19.0,16.41393,13.126858,134.25,3.700857e-05,-6.6048694,1.0461091
65.0,22.0,15.971035,12.7646475,132.75,3.725468e-05,-7.1479206,0.8776529
67.0,28.0,15.43318,12.356095,131.75,3.7500762e-05,-6.1127267,0.85908884
68.0,28.0,15.257624,12.235202,133.75,3.7708647e-05,-6.0790215,1.0718954
69.0,28.0,14.988058,12.027722,136.5,3.7992504e-05,-6.4885616,1.6177806
