Vmax,Rmax_IBT,Rmax_CK22,Rmax_CK22_crr,R34,fcor,u_trans,v_trans
18.0,96.0,58.631386,48.84333,124.0,3.293065e-05,-9.65327,1.5289285
18.0,111.0,66.04025,58.837875,139.0,3.330315e-05,-9.594031,1.8648896
19.0,111.0,62.726532,55.45861,139.0,3.3779743e-05,-9.021887,2.0828683
21.0,111.0,58.267574,51.40403,139.0,3.4293596e-05,-7.949956,2.1301837
21.0,111.0,64.024826,59.459183,152.0,3.4787165e-05,-6.9226227,1.985029
21.0,111.0,58.540638,51.774,139.0,3.5282377e-05,-6.395002,1.9551464
21.0,111.0,58.5808,51.828506,139.0,3.577553e-05,-6.359905,2.0664594
21.0,111.0,58.62087,51.882923,139.0,3.626943e-05,-6.395002,1.9551464
22.0,111.0,55.912617,49.09056,139.0,3.6706588e-05,-6.359905,2.0664594
23.0,111.0,52.226353,44.997696,139.0,3.7254722e-05,-6.060662,2.8261323
24.0,78.0,51.58363,44.82623,143.33333,3.80594e-05,-6.172977,3.709097
26.0,46.0,42.195065,34.351727,125.25,3.897458e-05,-6.172977,3.709097
27.0,46.0,44.62945,37.69252,137.5,3.981383e-05,-6.298661,3.491405
28.0,46.0,46.0347,39.862595,150.5,4.0688625e-05,-6.1073027,3.8162675
29.0,46.0,47.92509,42.69102,162.75,4.1665076e-05,-5.899206,4.130667
31.0,46.0,48.70987,44.520977,176.0,4.2640077e-05,-5.4100595,3.9306364
31.0,46.0,51.924618,48.84993,188.0,4.3508862e-05,-4.993901,3.6282797
31.0,46.0,55.470535,53.824554,201.75,4.4340795e-05,-4.9298167,3.7148848
32.0,46.0,56.2274,55.33918,213.75,4.52248e-05,-4.993901,3.6282797
33.0,46.0,55.8721,55.221443,227.25,4.6034886e-05,-4.691026,3.1641371
33.0,46.0,55.802746,55.12072,227.25,4.6674042e-05,-4.454835,2.5719995
33.0,46.0,55.740913,55.030983,227.25,4.7240763e-05,-4.454835,2.5719995
34.0,41.0,53.41616,52.06184,227.25,4.784222e-05,-4.454835,2.5719995
36.0,37.0,50.17491,48.174103,227.25,4.844305e-05,-4.362359,2.7259054
37.0,37.0,48.111115,45.64727,227.25,4.906075e-05,-3.8381126,2.5888395
39.0,37.0,45.24465,42.34182,227.25,4.9641636e-05,-3.3292673,2.418853
40.0,37.0,43.42816,40.21205,227.25,5.011972e-05,-2.36432,1.9838994
41.0,37.0,40.899162,37.222748,227.25,5.059779e-05,-2.1049194,2.2572503
44.0,37.0,37.105488,33.125534,227.25,5.115832e-05,-1.8574418,2.4649088
46.0,37.0,33.710182,29.453617,227.25,5.178951e-05,-1.5432006,2.6729007
49.0,41.0,31.671059,27.519377,240.5,5.248476e-05,-1.5217645,3.2634327
51.0,46.0,29.489584,25.327368,254.75,5.321436e-05,-1.4645767,3.2894948
52.0,46.0,28.206964,24.040361,254.75,5.390684e-05,-1.5217645,3.2634327
54.0,46.0,26.46364,22.371965,254.75,5.4633376e-05,-1.2904117,3.3616364
