Vmax,Rmax_IBT,Rmax_CK22,Rmax_CK22_crr,R34,fcor,u_trans,v_trans
18.0,65.0,34.340252,22.09051,74.5,3.22428e-05,-4.595092,-0.56420743
18.0,65.0,34.334015,22.084824,74.5,3.206281e-05,-4.0395923,-0.78521657
19.0,65.0,32.612316,21.061956,74.5,3.187013e-05,-3.4613113,-0.9925145
21.0,65.0,30.329342,19.915405,74.5,3.156599e-05,-3.2083359,-1.6347296
22.0,65.0,28.970203,19.085028,74.5,3.1068743e-05,-2.9851987,-2.0135417
23.0,65.0,27.153456,17.820644,74.5,3.0571195e-05,-2.5587418,-1.725893
23.0,59.0,27.994097,18.565039,76.5,3.0266068e-05,-1.8333348,-0.9341312
23.0,56.0,28.849007,19.333939,78.75,3.0073232e-05,-2.4168894,-0.8796756
23.0,50.0,28.844765,19.330091,78.75,2.9873934e-05,-2.5157955,-0.53474945
23.0,46.0,28.843752,19.329176,78.75,2.9824112e-05,-2.562213,0.22416456
24.0,46.0,28.535223,19.38404,81.0,2.9979657e-05,-2.384717,0.9634875
26.0,46.0,27.71734,19.238192,83.25,3.0322259e-05,-3.1493306,1.7457025
27.0,41.0,27.464836,19.278223,85.5,3.0763993e-05,-3.563868,2.0575995
28.0,37.0,26.753857,18.873304,88.0,3.131743e-05,-3.9261231,2.4533148
29.0,37.0,27.224964,19.556644,92.5,3.1901232e-05,-3.8827093,2.5214612
31.0,37.0,27.201365,19.987938,97.25,3.2559245e-05,-4.2645693,2.8764882
33.0,31.0,25.73186,18.983816,99.5,3.330314e-05,-4.691026,3.1641371
36.0,28.0,24.426804,18.254858,102.0,3.404614e-05,-4.2645693,2.8764882
37.0,28.0,24.767462,18.733646,106.5,3.4701414e-05,-3.8827093,2.5214612
39.0,28.0,24.715502,18.973492,111.25,3.5282377e-05,-4.0093513,2.3147995
40.0,28.0,24.991676,19.379602,115.75,3.5794463e-05,-4.1250043,2.1017933
41.0,28.0,24.889992,19.411772,120.75,3.626943e-05,-4.1610575,2.0294824
41.0,31.0,24.86568,19.387894,120.75,3.674366e-05,-4.1250043,2.1017933
41.0,37.0,24.839481,19.362175,120.75,3.7254722e-05,-4.0093513,2.3147995
41.0,37.0,24.80878,19.332048,120.75,3.7850998e-05,-3.8827093,2.5214612
41.0,37.0,24.77627,19.300165,120.75,3.8483773e-05,-3.8827093,2.5214612
41.0,37.0,24.745626,19.270126,120.75,3.907853e-05,-3.8827093,2.5214612
41.0,37.0,24.713043,19.238205,120.75,3.9709896e-05,-4.2137184,2.9504766
41.0,31.0,24.24153,18.778181,118.25,4.0462346e-05,-4.6350904,3.2455244
41.0,28.0,23.768538,18.320353,116.0,4.1177245e-05,-4.454835,2.5719995
41.0,28.0,23.312654,17.882524,113.5,4.1720115e-05,-4.6620474,2.173948
41.0,28.0,22.857265,17.448547,111.25,4.2152973e-05,-4.261569,1.8089292
41.0,22.0,21.94297,16.587431,106.5,4.2572716e-05,-3.8418703,1.4747552
41.0,19.0,21.02233,15.734076,102.0,4.288343e-05,-3.992961,0.99555725
42.0,19.0,19.18884,14.176686,94.75,4.305953e-05,-4.595092,0.5642054
44.0,19.0,17.23627,12.635722,88.0,4.3126656e-05,-4.6232553,0.24229544
45.0,19.0,16.432842,12.020011,85.75,4.318119e-05,-5.144,6.134159e-08
46.0,19.0,15.490372,11.286722,83.5,4.3126656e-05,-5.124426,-0.44832897
