Vmax,Rmax_IBT,Rmax_CK22,Rmax_CK22_crr,R34,fcor,u_trans,v_trans
19.0,46.0,45.075485,33.556625,101.0,3.651572e-05,-1.6532496,-1.9702665
21.0,46.0,33.556786,22.909086,80.75,3.700857e-05,-2.204634,-1.3246785
22.0,46.0,43.005825,33.24248,108.0,3.7273334e-05,-2.9812334,-0.79881895
23.0,46.0,46.140762,37.45528,123.666664,3.7500762e-05,-2.8814027,-1.1060663
26.0,46.0,42.398335,34.588665,126.0,3.792486e-05,-2.2274175,-1.2859998
28.0,46.0,38.18979,30.575834,125.0,3.8238195e-05,-1.420523,-0.60297644
29.0,46.0,36.67294,29.23,124.5,3.8188988e-05,-0.45833382,0.2335326
31.0,46.0,34.904015,27.887796,125.0,3.7992504e-05,0.0,0.5144
31.0,46.0,34.136166,27.055923,122.25,3.785116e-05,0.545181,0.87247187
31.0,46.0,33.623684,26.506184,120.5,3.7746686e-05,0.9838463,0.3007921
31.0,37.0,31.954876,24.74636,114.25,3.7728263e-05,0.99824023,-0.24888922
31.0,28.0,30.407692,23.156248,109.0,3.7746686e-05,1.0286434,-0.017954977
32.0,28.0,31.390987,24.404871,116.5,3.7746653e-05,0.9727495,0.33494452
33.0,28.0,32.102814,25.38454,125.0,3.7746686e-05,1.0248852,-0.08966585
33.0,28.0,31.40816,24.653856,122.25,3.7709815e-05,1.4591243,-0.50241673
33.0,28.0,30.935616,24.161385,120.5,3.7746686e-05,1.977892,-0.5671514
33.0,31.0,32.791798,26.117184,127.75,3.7973896e-05,2.004864,-0.4628592
33.0,37.0,34.978886,28.495173,136.5,3.8238195e-05,2.4843612,-0.6656825
34.0,31.0,32.29886,25.818277,130.25,3.8379425e-05,2.9668381,-0.85072714
36.0,28.0,29.656227,23.444653,125.0,3.8483773e-05,3.0189548,-0.6416984
34.0,28.0,32.624,26.166233,131.75,3.858797e-05,3.0484014,-0.48281932
33.0,28.0,35.53821,29.116093,138.75,3.872924e-05,3.5657573,-0.5011344
34.0,22.0,36.53234,30.486128,148.25,3.891897e-05,4.052681,-0.71459705
36.0,19.0,36.713654,31.16524,157.5,3.9219805e-05,4.9192314,-1.5039601
37.0,22.0,37.409542,32.19398,166.25,3.9617462e-05,5.6820927,-2.4119053
39.0,28.0,37.51229,32.729527,175.75,4.0199502e-05,6.9930706,-3.2609231
40.0,19.0,36.15091,31.32614,175.5,4.0908253e-05,7.7212005,-4.1054354
41.0,9.0,34.422268,29.51474,175.75,4.1909232e-05,8.288482,-5.1792197
44.0,9.0,33.627666,29.081036,189.25,4.328642e-05,8.006063,-5.605907
46.0,9.0,32.587418,28.181238,203.5,4.4825505e-05,8.427436,-5.900955
51.0,9.0,27.618113,23.318272,203.5,4.627635e-05,8.6282425,-5.6032467
