Vmax,Rmax_IBT,Rmax_CK22,Rmax_CK22_crr,R34,fcor,u_trans,v_trans
22.0,65.0,35.311123,25.084015,89.75,3.2329743e-05,-6.4281497,1.8432412
23.0,65.0,42.967655,33.763123,116.0,3.280731e-05,-5.3814583,1.7485425
24.0,56.0,41.205933,32.288467,116.0,3.3216096e-05,-3.6987176,1.8039843
26.0,46.0,38.792908,30.487755,116.0,3.3550914e-05,-3.6987176,1.8039843
27.0,46.0,37.32582,29.258629,116.0,3.381705e-05,-4.22935,1.883028
28.0,46.0,35.305695,27.41921,116.0,3.404614e-05,-2.841046,1.2059529
29.0,50.0,37.347603,29.977652,127.0,3.4274974e-05,-2.3310237,1.086974
31.0,56.0,38.772415,32.22815,138.5,3.454095e-05,-2.249522,1.2469304
31.0,56.0,38.76877,32.223938,138.5,3.4893157e-05,-2.1570606,1.4008118
31.0,56.0,38.76468,32.219223,138.5,3.5282377e-05,-2.3310237,1.086974
31.0,56.0,38.76091,32.214874,138.5,3.563417e-05,-2.4318738,0.83736134
31.0,56.0,38.75672,32.21004,138.5,3.6022833e-05,-2.080792,1.5117832
32.0,56.0,37.427765,30.979057,138.5,3.651588e-05,-1.7866617,1.8501415
33.0,56.0,35.572704,29.154549,138.5,3.700857e-05,-2.3293362,2.0248601
33.0,56.0,38.682644,32.703617,151.25,3.737771e-05,-2.4969504,1.8141398
33.0,56.0,41.84783,36.480873,164.25,3.7746686e-05,-1.9411135,1.6873834
36.0,50.0,37.949173,32.601536,162.0,3.8237966e-05,-1.6532501,1.970266
39.0,46.0,34.5041,29.254635,159.75,3.872924e-05,-2.25725,2.10492
41.0,41.0,34.99463,30.16841,176.75,3.9152623e-05,-2.6174154,1.6355432
44.0,37.0,35.130646,30.805058,194.25,3.9464914e-05,-2.3116984,1.1274902
46.0,37.0,32.7017,28.30983,195.25,3.9587205e-05,-2.841046,1.2059529
49.0,37.0,30.562162,26.289755,196.75,3.9709896e-05,-2.841046,1.2059529
51.0,28.0,29.683533,25.538694,209.0,4.0077186e-05,-2.7972286,1.3043687
54.0,19.0,28.667423,24.718504,222.5,4.0444127e-05,-1.9335115,0.7037405
57.0,22.0,27.348598,23.550615,231.5,4.0529598e-05,-1.4591242,0.5024168
59.0,28.0,25.985971,22.256447,240.5,4.0688625e-05,-1.1646681,1.0124301
