Vmax,Rmax_IBT,Rmax_CK22,Rmax_CK22_crr,R34,fcor,u_trans,v_trans
18.0,65.0,100.312645,116.23152,204.0,3.961685e-05,0.33747673,-0.38822266
18.0,65.0,100.293396,116.19415,204.0,3.9513863e-05,1.0131702,-0.17864926
18.0,65.0,100.284225,116.17633,204.0,3.9464914e-05,0.9324094,-0.43478975
21.0,56.0,87.97802,98.71865,204.0,3.9722265e-05,1.1821598,-0.9919499
22.0,50.0,83.71277,92.43328,204.0,3.9893657e-05,1.4293293,-1.4801134
23.0,46.0,77.89459,83.484344,204.0,4.0199502e-05,1.4008117,-2.1570606
23.0,46.0,77.94654,83.57318,204.0,4.0792387e-05,1.2074809,-2.2709413
23.0,46.0,78.00098,83.66631,204.0,4.142137e-05,1.7258934,-2.5587413
23.0,59.0,78.0444,83.74065,204.0,4.192748e-05,2.0248604,-2.329336
23.0,69.0,78.06928,83.78324,204.0,4.221983e-05,1.7210041,-1.9113684
23.0,74.0,78.08426,83.80889,204.0,4.239659e-05,1.4032798,-1.5048333
23.0,74.0,78.09915,83.834404,204.0,4.2573338e-05,1.6186123,-1.9988192
24.0,78.0,74.51624,78.81933,204.0,4.2846932e-05,1.9611363,-3.019885
26.0,83.0,69.58654,72.45454,204.0,4.3369746e-05,1.8004003,-3.1183844
27.0,83.0,69.62493,73.26524,213.0,4.4061842e-05,1.8004003,-3.1183844
27.0,83.0,68.69024,71.74813,215.0,4.4339973e-05,1.680974,-2.5884728
28.0,83.0,67.97689,71.27779,222.0,4.4825505e-05,1.7702866,-2.5282307
28.0,83.0,62.345787,62.451096,203.5,4.5551424e-05,2.1670158,-2.8757265
28.0,83.0,56.69155,54.11926,185.5,4.627635e-05,2.0652049,-2.293642
28.0,63.0,56.69371,54.122334,185.5,4.68328e-05,1.9838998,-2.3643196
28.0,56.0,56.97457,54.523655,186.0,4.705418e-05,1.6738024,-3.7594225
28.0,37.0,57.1087,54.715763,186.5,4.7479636e-05,1.3488839,-3.3386035
28.0,28.0,57.384537,55.111794,187.75,4.7722115e-05,0.49076077,-2.524745
28.0,28.0,57.38152,55.107452,187.75,4.8136746e-05,0.3218795,-2.0322676
28.0,28.0,57.38047,55.10594,187.75,4.827553e-05,-0.29445636,-1.514847
28.0,28.0,57.379158,55.104057,187.75,4.844305e-05,-0.61914724,-0.82163626
28.0,46.0,57.376297,55.099945,187.75,4.8803005e-05,-0.5752977,-0.85291386
28.0,52.0,57.375294,55.098503,187.75,4.8926922e-05,0.6521846,-1.3986142
28.0,65.0,57.373337,55.095688,187.75,4.916265e-05,0.34714454,-1.5036479
28.0,59.0,63.24919,63.83162,207.0,5.0788673e-05,0.86282426,-0.56032467
28.0,59.0,63.5263,64.257805,207.75,5.0842926e-05,0.9166676,-0.4670653
28.0,56.0,66.43239,68.80426,217.5,5.1074945e-05,1.542965,-0.026932467
28.0,56.0,66.43541,68.80907,217.5,5.0943927e-05,1.4676704,0.476875
28.0,56.0,66.43733,68.812126,217.5,5.0861e-05,0.0,1.5432
28.0,56.0,66.4433,68.8216,217.5,5.059779e-05,-0.16093966,1.0161338
28.0,56.0,66.45135,68.83438,217.5,5.0239494e-05,-0.21389963,1.0063182
28.0,56.0,66.45919,68.846855,217.5,4.9880902e-05,-0.12444456,0.49912015
28.0,50.0,66.4655,68.85687,217.5,4.9587754e-05,-0.18434453,0.48023376
28.0,48.0,66.467636,68.860275,217.5,4.9486272e-05,-0.89980876,0.4987721
28.0,46.0,66.46943,68.86313,217.5,4.9402213e-05,-1.0098981,0.19630417
28.0,41.0,58.626427,56.910503,191.5,4.934827e-05,-1.0231642,0.107538775
28.0,41.0,57.217194,54.87138,187.0,4.9348335e-05,-0.5093939,-0.07159072
28.0,37.0,48.162918,42.558636,157.5,4.9402213e-05,-0.49912012,-0.12444464
28.0,50.0,50.989334,46.25572,166.5,4.946806e-05,-0.49912012,-0.12444464
28.0,54.0,51.553856,47.01007,168.5,4.9492985e-05,-2.5579104,-0.26884687
28.0,57.0,52.117958,47.76916,170.5,4.954936e-05,-1.8940307,-0.80396855
28.0,65.0,53.809067,50.076565,176.0,4.9641636e-05,-0.72448844,-1.3625648
28.0,65.0,55.511536,52.447563,181.5,4.9946688e-05,-0.60297626,-1.4205232
28.0,65.0,57.35077,55.063244,187.5,5.035898e-05,-0.476875,-1.4676704
28.0,65.0,57.34941,55.06129,187.5,5.0491995e-05,-0.70374066,-1.9335115
28.0,69.0,57.346336,55.056873,187.5,5.0782648e-05,-1.4489769,-2.7251296
28.0,74.0,57.340553,55.04856,187.5,5.131329e-05,-1.8545487,-3.0864882
28.0,50.0,59.741234,58.54702,195.5,5.1973897e-05,-2.013542,-2.9851985
28.0,28.0,62.25427,62.312,204.0,5.2740055e-05,-2.0653338,-2.9496028
28.0,46.0,57.212208,54.864223,187.0,5.341699e-05,-2.013542,-2.9851985
28.0,50.0,56.650326,54.060467,185.0,5.3516305e-05,-2.0575998,-3.563868
28.0,61.0,53.83853,50.11719,176.0,5.391569e-05,-2.3147998,-4.0093513
28.0,74.0,51.020237,46.296867,167.0,5.439729e-05,-2.3844197,-3.968342
28.0,74.0,56.629288,54.03047,185.0,5.538781e-05,-2.6493552,-4.409269
28.0,74.0,62.18194,62.20217,204.0,5.6516048e-05,-2.992633,-5.3988523
31.0,74.0,54.30153,52.161385,199.0,5.7768793e-05,-2.931475,-6.010416
33.0,74.0,47.61077,43.78602,194.5,5.9086666e-05,-2.5107033,-5.6391335
34.0,67.0,45.42653,41.26208,189.5,5.986086e-05,-2.301478,-5.1692057
34.0,65.0,44.03307,39.487045,187.5,6.036402e-05,-2.411905,-5.6820927
36.0,56.0,39.81532,34.818768,180.75,6.1635496e-05,-1.0718958,-6.0790215
