Vmax,Rmax_IBT,Rmax_CK22,Rmax_CK22_crr,R34,fcor,u_trans,v_trans
19.0,74.0,24.231062,14.042007,56.0,3.1814146e-05,-2.3985834,-1.9423344
21.0,74.0,22.550217,13.391018,56.0,3.131743e-05,-3.2083359,-1.6347296
22.0,74.0,24.313763,15.096317,62.75,3.103145e-05,-3.992961,-0.9955571
23.0,74.0,25.402016,16.306904,69.5,3.0820032e-05,-4.528432,-0.962549
24.0,56.0,24.392836,15.738465,69.5,3.0571096e-05,-4.510944,-1.0414339
26.0,37.0,23.027205,15.087423,69.5,3.0322259e-05,-4.4718504,-1.1982284
27.0,37.0,22.20054,14.611869,69.5,2.9998238e-05,-4.510944,-1.0414339
28.0,37.0,21.073503,13.869786,69.5,2.9824112e-05,-4.6296,5.520743e-08
31.0,37.0,20.088734,13.571101,71.75,2.9979701e-05,-5.0315914,1.0694966
33.0,37.0,19.245958,13.160941,74.0,3.0322259e-05,-4.9447303,1.4178778
36.0,31.0,20.160675,14.355846,83.0,3.0676634e-05,-4.9192324,1.5039588
39.0,28.0,20.906055,15.396692,93.0,3.1068776e-05,-5.411155,1.6543547
40.0,28.0,22.79977,17.271948,104.25,3.144144e-05,-5.4392037,1.5596656
41.0,28.0,24.211132,18.74865,116.0,3.1814445e-05,-5.9624667,1.5976379
41.0,28.0,25.114052,19.632284,120.5,3.2168125e-05,-5.9894414,1.4933358
41.0,28.0,26.002474,20.514675,125.25,3.2559245e-05,-5.9030786,1.8047506
41.0,28.0,25.976662,20.488857,125.25,3.3036344e-05,-5.836497,2.0096672
41.0,28.0,25.948694,20.460896,125.25,3.3550914e-05,-6.3228717,2.1771395
41.0,31.0,25.921818,20.434038,125.25,3.404615e-05,-5.836497,2.0096672
41.0,37.0,25.894934,20.40718,125.25,3.454095e-05,-5.282572,2.0277884
41.0,37.0,25.867947,20.380234,125.25,3.5034973e-05,-4.6620474,2.173948
41.0,37.0,25.841106,20.353449,125.25,3.5529305e-05,-4.087694,2.173466
41.0,37.0,25.814133,20.326538,125.25,3.6022528e-05,-3.5274155,2.119484
41.0,37.0,25.787228,20.299713,125.25,3.651592e-05,-3.5274155,2.119484
41.0,37.0,27.073017,21.595007,132.0,3.702698e-05,-3.5274155,2.119484
41.0,37.0,28.337368,22.89493,139.0,3.7500762e-05,-3.1793177,1.6904734
41.0,41.0,30.415546,25.088076,150.75,3.7850994e-05,-3.2083368,1.6347281
41.0,46.0,32.42707,27.277782,162.0,3.8238195e-05,-2.949603,2.0653336
46.0,41.0,28.785091,24.021366,166.5,3.8833492e-05,-3.1057816,2.6998134
51.0,37.0,25.692408,21.30779,171.25,3.9464914e-05,-2.7175589,2.3623366
57.0,37.0,23.418175,19.47287,180.25,3.9954557e-05,-2.36432,1.9838994
62.0,37.0,21.25852,17.636806,190.0,4.0444127e-05,-2.7583733,2.3145492
62.0,37.0,21.324486,17.701838,192.25,4.103686e-05,-3.1057816,2.6998134
62.0,37.0,21.369503,17.746254,194.75,4.1665367e-05,-2.6759155,2.409406
63.0,37.0,20.724419,17.167645,194.75,4.2219843e-05,-2.5013263,2.590198
64.0,37.0,19.82526,16.344883,194.75,4.288343e-05,-2.418854,3.3292665
