Vmax,Rmax_IBT,Rmax_CK22,Rmax_CK22_crr,R34,fcor,u_trans,v_trans
21.0,56.0,30.39092,19.970951,74.0,3.47882e-05,-2.5247452,-0.49076036
21.0,56.0,30.389954,19.970078,74.0,3.475097e-05,-2.0576,2.4536634e-08
21.0,56.0,30.39092,19.970951,74.0,3.47882e-05,-2.0572867,0.03590989
21.0,56.0,30.390432,19.97051,74.0,3.4769448e-05,-2.0576,2.4536634e-08
21.0,56.0,30.39092,19.970951,74.0,3.47882e-05,-2.5657346,0.1794139
19.0,56.0,32.67663,21.120123,74.0,3.4856253e-05,-3.5657573,0.5011352
18.0,56.0,34.403385,22.14809,74.0,3.5035337e-05,-3.4613113,0.9925145
19.0,59.0,28.599188,17.561932,65.0,4.1316805e-05,-10.187878,1.4318148
21.0,65.0,30.539057,20.10482,74.0,4.1665367e-05,-11.206666,1.5749962
23.0,65.0,27.330067,17.976076,74.0,4.2048745e-05,-11.206666,1.5749962
26.0,65.0,24.717999,16.541733,74.0,4.239659e-05,-11.254806,1.1829265
28.0,50.0,22.551725,15.12017,74.0,4.2657935e-05,-10.761294,0.9414912
31.0,37.0,20.727472,14.1129055,74.0,4.288343e-05,-9.720059,1.0216184
31.0,41.0,31.013401,23.774012,111.5,4.3142754e-05,-8.169052,1.0030318
31.0,46.0,41.146072,35.014835,148.0,4.3369746e-05,-8.199081,0.7173266
31.0,46.0,41.1437,35.012005,148.0,4.34906e-05,-8.210351,0.57412446
31.0,46.0,41.141296,35.009132,148.0,4.3612705e-05,-8.199081,0.7173266
32.0,31.0,39.63411,33.533215,148.0,4.3854747e-05,-7.6584864,0.94034237
33.0,19.0,37.533417,31.373383,148.0,4.409823e-05,-7.6737313,0.80654085
34.0,19.0,36.228416,30.141106,148.0,4.4255215e-05,-7.184057,0.5023589
36.0,19.0,34.40768,28.552029,148.0,4.4340795e-05,-7.197213,0.25133088
41.0,19.0,32.499786,27.358177,167.0,4.4358545e-05,-6.6872,7.974406e-08
46.0,19.0,30.354912,25.710892,185.0,4.4340795e-05,-6.1728,7.3609904e-08
52.0,19.0,26.998514,22.7581,201.5,4.4340002e-05,-5.6584,6.7475746e-08
59.0,19.0,23.467018,19.658714,217.75,4.4340795e-05,-5.6584,6.7475746e-08
63.0,28.0,21.272709,17.706797,217.75,4.4358847e-05,-5.6584,6.7475746e-08
67.0,37.0,19.09719,15.787834,217.75,4.4340795e-05,-5.6506453,-0.29613873
67.0,37.0,19.434078,16.112963,227.25,4.421893e-05,-5.115821,-0.53769374
67.0,37.0,19.70379,16.374426,236.25,4.409823e-05,-4.6232553,-0.24229534
67.0,37.0,19.83665,16.503603,238.5,4.407986e-05,-5.144,6.134159e-08
67.0,37.0,19.949642,16.61366,240.75,4.409823e-05,-4.6296,5.520743e-08
65.0,31.0,21.135109,17.678041,252.25,4.4079883e-05,-4.6296,5.520743e-08
64.0,28.0,22.039385,18.523762,263.75,4.409823e-05,-4.10956,0.21537372
64.0,31.0,22.010612,18.49499,263.75,4.4182867e-05,-3.556468,0.56328946
64.0,37.0,21.957153,18.441568,263.75,4.4340795e-05,-2.9947207,0.7466679
62.0,37.0,23.65398,20.03922,263.75,4.4546665e-05,-2.9182484,1.0048336
59.0,37.0,25.51139,21.759794,263.75,4.4825505e-05,-2.8195667,1.255352
59.0,37.0,25.401703,21.645483,263.75,4.515219e-05,-2.7251294,1.4489772
59.0,37.0,25.26813,21.506523,263.75,4.5551555e-05,-3.0864885,1.8545485
62.0,37.0,23.65187,20.03707,282.5,4.603483e-05,-3.5274155,2.119484
64.0,37.0,21.865414,18.349987,301.0,4.651767e-05,-3.6335058,1.9319696
67.0,41.0,19.930391,16.594896,301.0,4.689739e-05,-3.2894945,1.4645773
69.0,46.0,18.189514,15.006816,301.0,4.7240763e-05,-3.2634332,1.5217636
