Vmax,Rmax_IBT,Rmax_CK22,Rmax_CK22_crr,R34,fcor,u_trans,v_trans
21.0,167.0,75.66471,77.37987,175.33333,4.357599e-05,-7.1315145,1.0022703
23.0,167.0,74.59423,77.93137,194.66667,4.385554e-05,-7.092191,1.2505447
23.0,102.0,78.81513,85.064995,205.0,4.418215e-05,-7.017023,1.6200086
23.0,37.0,83.30368,92.97106,216.0,4.458322e-05,-6.987682,1.7422252
23.0,37.0,87.543465,100.741974,226.33333,4.503086e-05,-7.4170957,2.1268167
23.0,37.0,92.0734,109.36996,237.66667,4.5551555e-05,-7.378848,2.255938
24.0,102.0,88.1404,103.113686,238.66667,4.6118712e-05,-7.2956214,2.512084
26.0,167.0,82.62497,94.962036,240.66667,4.675884e-05,-7.1541514,2.8904626
27.0,167.0,78.78808,88.90704,240.66667,4.7480786e-05,-7.1026154,3.014882
28.0,167.0,61.431976,61.06849,201.25,4.8202877e-05,-7.1541514,2.8904626
28.0,167.0,60.998764,60.417892,200.0,4.883824e-05,-7.2956214,2.512084
28.0,167.0,60.70643,59.980625,199.0,4.9402213e-05,-7.378848,2.255938
28.0,130.0,59.868065,58.73452,196.0,4.9898084e-05,-7.4170957,2.1268167
28.0,93.0,59.306065,57.905743,194.5,5.035898e-05,-7.4530835,1.9970473
29.0,87.0,55.923523,53.54235,191.5,5.081755e-05,-7.4170957,2.1268167
31.0,83.0,51.91214,48.832794,189.75,5.131329e-05,-7.378848,2.255938
34.0,69.0,44.80846,40.470787,189.25,5.1854324e-05,-7.827575,2.5433345
39.0,56.0,38.4293,33.818287,189.75,5.250265e-05,-7.6310945,3.0831602
46.0,46.0,29.508938,24.795534,190.75,5.331442e-05,-7.4592757,3.4783168
54.0,37.0,23.205063,19.038523,192.0,5.4161024e-05,-7.4592757,3.4783168
59.0,31.0,19.96104,16.200424,194.0,5.488616e-05,-7.1026154,3.014882
64.0,28.0,17.25586,13.90541,196.75,5.5576067e-05,-7.048917,3.13838
