Vmax,Rmax_IBT,Rmax_CK22,Rmax_CK22_crr,R34,fcor,u_trans,v_trans
19.0,65.0,32.565422,21.019588,74.0,3.1727355e-05,-2.8757265,-2.167016
21.0,65.0,30.313023,19.900696,74.0,3.231108e-05,-2.9131079,-2.116498
22.0,65.0,30.469425,20.444344,78.0,3.289403e-05,-3.105781,-2.699814
23.0,65.0,30.66816,21.0099,83.5,3.3550914e-05,-2.9602275,-2.858658
24.0,56.0,29.44866,20.225935,83.5,3.436157e-05,-2.753606,-3.0581899
26.0,46.0,27.779676,19.295815,83.5,3.5282377e-05,-2.9135017,-3.597875
27.0,41.0,27.974586,19.754534,87.0,3.6232494e-05,-3.0235667,-4.161584
28.0,37.0,28.212082,20.24442,92.5,3.7254722e-05,-2.5719998,-4.454835
29.0,37.0,27.244509,19.575119,92.5,3.8324037e-05,-2.0099208,-4.735077
31.0,37.0,25.895714,18.746847,92.5,3.9464914e-05,-1.9352869,-5.317157
32.0,37.0,27.161411,20.160248,100.5,4.0688556e-05,-1.9352869,-5.317157
33.0,37.0,27.960815,21.146427,108.75,4.1909232e-05,-2.5107033,-5.6391335
34.0,37.0,31.938427,25.43461,129.25,4.3005213e-05,-2.4804788,-5.0857368
36.0,37.0,35.068966,29.292435,150.25,4.409823e-05,-1.2444457,-4.9912014
37.0,37.0,35.853497,30.395039,160.0,4.534583e-05,0.24229498,-4.6232553
39.0,37.0,36.10134,31.081219,171.25,4.651767e-05,0.7852172,-4.0395923
39.0,37.0,37.620544,32.857338,179.75,4.7415313e-05,0.9257188,-4.009728
39.0,37.0,39.205894,34.75111,190.0,4.8202877e-05,1.2716669,-3.9137876
40.0,41.0,37.480118,32.884632,188.5,4.9096743e-05,1.2315464,-3.3836453
41.0,46.0,35.296383,30.515173,187.75,4.9880902e-05,0.75198036,-2.4596157
