Vmax,Rmax_IBT,Rmax_CK22,Rmax_CK22_crr,R34,fcor,u_trans,v_trans
21.0,83.0,85.30293,93.874596,203.5,2.231176e-05,-3.8827093,2.5214612
22.0,74.0,83.40061,91.8768,208.5,2.2977938e-05,-3.7454257,2.7212098
23.0,65.0,79.82887,86.82175,213.0,2.3568628e-05,-4.9003186,2.8291996
24.0,65.0,76.48617,82.1431,213.0,2.4127174e-05,-5.6391335,2.510704
26.0,65.0,71.859085,76.17466,213.0,2.4572832e-05,-5.317157,1.9352864
27.0,65.0,68.11442,70.82074,210.25,2.486131e-05,-3.9557843,1.1343023
28.0,65.0,63.690758,64.51134,208.5,2.5074483e-05,-2.9182484,1.0048336
28.0,65.0,63.694736,64.51748,208.5,2.5306204e-05,-2.349639,1.0461266
28.0,65.0,63.699234,64.52442,208.5,2.5575835e-05,-2.7972286,1.3043687
31.0,50.0,58.08313,57.62385,208.5,2.5989091e-05,-3.867023,1.407481
33.0,37.0,53.249928,51.468857,208.5,2.6327272e-05,-4.0395923,0.7852167
33.0,37.0,56.023518,55.44163,219.5,2.636477e-05,-4.62678,0.16156985
33.0,37.0,58.981873,59.820038,231.25,2.6327272e-05,-4.1126933,-0.14361951
36.0,37.0,54.241894,53.902054,231.25,2.6414737e-05,-3.5986066,-0.12566707
39.0,37.0,50.08691,48.860138,231.25,2.6577594e-05,-3.5958652,0.188452
41.0,37.0,46.414047,44.323765,231.25,2.6771444e-05,-3.0189548,0.641698
44.0,37.0,43.122528,40.58204,231.25,2.707799e-05,-3.4046233,1.1723058
45.0,37.0,43.264282,40.932953,241.0,2.7521653e-05,-3.7296379,1.7391584
46.0,37.0,42.62094,40.263824,250.25,2.807779e-05,-3.7923467,2.6554291
49.0,37.0,39.03014,36.16887,245.5,2.8683118e-05,-3.4404626,3.0978076
51.0,37.0,35.8,32.50319,241.0,2.9325609e-05,-4.2137184,2.9504766
54.0,28.0,33.367203,29.971035,241.0,2.99485e-05,-5.4502587,2.8979545
57.0,19.0,31.12597,27.688831,241.0,3.0571195e-05,-5.0857368,2.4804783
62.0,19.0,28.38124,25.02685,257.0,3.1192878e-05,-4.623397,2.2549803
67.0,19.0,25.521112,22.265982,273.25,3.1814445e-05,-4.8501964,2.9142904
