Vmax,Rmax_IBT,Rmax_CK22,Rmax_CK22_crr,R34,fcor,u_trans,v_trans
23.0,102.0,59.451256,54.739574,159.0,2.788415e-05,-2.25725,-2.10492
23.0,102.0,58.776104,53.793007,157.5,2.8327528e-05,-2.1068592,-1.4752383
26.0,78.0,52.942505,47.81885,157.5,2.8614617e-05,-1.8333348,-0.9341312
28.0,56.0,48.07288,42.443047,157.5,2.882674e-05,-1.8333348,-0.9341312
31.0,46.0,43.95157,38.429554,157.5,2.9094872e-05,-1.3087077,-0.8177716
33.0,37.0,40.41838,34.75437,157.5,2.9325609e-05,-1.2793709,-0.8629465
36.0,31.0,37.362274,31.916115,157.5,2.9450177e-05,-1.7637072,-1.0597428
39.0,28.0,34.69229,29.467676,157.5,2.9574905e-05,-2.349639,-1.0461266
45.0,37.0,30.526299,25.770617,163.5,2.9805457e-05,-2.4318738,-0.83736134
51.0,46.0,27.094938,22.76636,171.0,3.0073232e-05,-2.4168894,-0.8796756
54.0,46.0,25.553509,21.424564,171.0,3.03222e-05,-2.3847165,-0.9634887
57.0,46.0,24.143597,20.207972,171.0,3.0571195e-05,-2.3675385,-1.0049607
60.0,37.0,22.135954,18.386934,168.0,3.0801264e-05,-2.8195667,-1.255352
64.0,28.0,20.300516,16.806585,167.0,3.1068776e-05,-2.841046,-1.2059529
68.0,28.0,18.940985,15.68289,167.0,3.1385774e-05,-2.7972286,-1.3043687
72.0,28.0,17.529686,14.500471,167.0,3.1814445e-05,-2.9851987,-2.0135417
