Vmax,Rmax_IBT,Rmax_CK22,Rmax_CK22_crr,R34,fcor,u_trans,v_trans
22.0,56.0,17.897451,10.178142,46.5,2.7453412e-05,-7.547387,1.604245
23.0,56.0,18.519161,10.844756,51.0,2.7827968e-05,-7.621003,1.2070489
28.0,41.0,19.664274,12.711631,65.0,2.8077717e-05,-7.6409082,1.0738611
33.0,28.0,20.416588,14.160168,78.75,2.8327528e-05,-7.092191,1.2505447
34.0,28.0,34.23178,27.912611,137.0,2.864554e-05,-5.9894414,1.4933358
36.0,28.0,46.249237,42.90448,196.75,2.9076216e-05,-4.769434,1.926975
37.0,28.0,44.16445,40.466057,194.0,2.9624256e-05,-3.8381126,2.5888395
39.0,28.0,41.721313,37.84039,192.0,3.0322259e-05,-3.54648,2.9758492
45.0,28.0,37.26489,33.468307,206.75,3.1136857e-05,-4.20501,3.7862093
51.0,28.0,32.84153,29.061914,222.25,3.206281e-05,-4.72864,3.9677987
55.0,28.0,29.879578,26.130165,224.75,3.299976e-05,-5.196931,4.208391
59.0,28.0,26.755896,23.069311,226.75,3.404614e-05,-4.209839,4.5145006
59.0,28.0,26.38615,22.677841,226.75,3.5300414e-05,-3.5405736,5.0564613
59.0,28.0,26.031818,22.304604,226.75,3.651592e-05,-3.5609474,4.397402
59.0,28.0,25.761848,22.021482,226.75,3.7451464e-05,-4.138292,3.8590195
59.0,28.0,25.536613,21.786106,226.75,3.8238195e-05,-4.45888,3.483659
52.0,28.0,30.421515,26.448793,226.75,3.8993054e-05,-4.161584,3.0235665
46.0,28.0,36.35547,32.53079,226.75,3.9709896e-05,-3.4404626,3.0978076
46.0,28.0,36.18076,32.324116,226.75,4.046222e-05,-2.1164973,2.9131083
46.0,28.0,36.01516,32.128674,226.75,4.1177245e-05,-2.0653346,2.9496024
46.0,28.0,35.86569,31.952637,226.75,4.1823834e-05,-2.2168736,2.8374693
46.0,28.0,35.73361,31.797379,226.75,4.239659e-05,-1.8141406,2.49695
46.0,28.0,34.61546,30.49415,217.75,4.2919804e-05,-1.5117838,2.0807917
46.0,28.0,33.487034,29.199137,208.5,4.3369746e-05,-1.4801137,1.429329
46.0,28.0,32.738636,28.351437,203.5,4.3715863e-05,-2.1068592,1.4752383
46.0,28.0,31.891685,27.402872,199.25,4.409823e-05,-2.25725,2.10492
46.0,28.0,31.783806,27.282867,199.25,4.4686123e-05,-2.4094055,2.675916
46.0,28.0,31.669666,27.156105,199.25,4.5309676e-05,-2.6759155,2.409406
49.0,28.0,31.464924,27.28934,222.0,4.586583e-05,-3.019885,1.9611366
51.0,28.0,30.668747,26.621208,245.25,4.627635e-05,-2.8195667,1.255352
55.0,31.0,27.228512,23.262262,245.25,4.6433124e-05,-2.4596162,0.7519794
59.0,37.0,23.900005,20.098515,245.25,4.651767e-05,-1.9335115,0.7037405
62.0,37.0,21.969193,18.34077,243.25,4.6740577e-05,-2.3116984,1.1274902
64.0,37.0,20.13614,16.64653,240.75,4.6999867e-05,-2.2916691,1.167663
64.0,37.0,20.69032,17.187717,254.5,4.725854e-05,-2.3675385,1.0049607
64.0,37.0,21.099579,17.59024,268.25,4.748151e-05,-2.9947207,0.7466679
68.0,37.0,19.10754,15.843328,296.5,4.762028e-05,-3.5657573,0.5011352
72.0,37.0,16.565914,13.592753,324.0,4.7722115e-05,-3.048401,0.48281956
