Vmax,Rmax_IBT,Rmax_CK22,Rmax_CK22_crr,R34,fcor,u_trans,v_trans
19.0,102.0,74.58051,72.935135,164.0,3.112395e-05,-5.031591,-1.0694989
21.0,83.0,74.35876,75.26027,176.25,3.131743e-05,-5.093939,-0.7159072
22.0,83.0,73.79824,75.53296,183.0,3.1299372e-05,-5.115821,-0.53769374
23.0,83.0,71.58928,73.03057,189.75,3.131743e-05,-4.052681,-0.7145968
24.0,83.0,70.23265,71.812256,194.25,3.1650965e-05,-3.974978,-1.0650918
26.0,83.0,67.4792,69.08138,199.25,3.206281e-05,-6.6221204,-0.9306794
27.0,78.0,68.55995,71.53781,210.5,3.2257714e-05,-9.208477,-0.9678487
28.0,74.0,68.04409,71.386314,222.5,3.2559245e-05,-7.949956,-2.1301837
29.0,57.0,68.04409,72.01764,231.5,3.324595e-05,-5.9583383,-3.0359263
31.0,41.0,66.53813,70.698906,241.0,3.404614e-05,-6.060662,-2.8261323
33.0,39.0,61.979942,64.4057,247.75,3.4645545e-05,-6.2839127,-2.2871566
36.0,37.0,57.77761,59.103928,254.75,3.5282377e-05,-6.1090612,-2.7199292
37.0,37.0,56.43271,57.4134,259.25,3.60529e-05,-6.298661,-3.491405
39.0,37.0,54.012436,54.426346,263.75,3.700857e-05,-7.416011,-4.6340394
42.0,22.0,47.931934,46.57406,268.5,3.820141e-05,-8.19683,-5.323085
46.0,9.0,41.735012,39.132427,273.0,3.9464914e-05,-7.676225,-5.177679
47.0,15.0,40.40697,37.60682,277.75,4.058326e-05,-7.334007,-4.7627606
49.0,22.0,38.367207,35.35484,282.25,4.1665367e-05,-7.648375,-4.2395635
