Vmax,Rmax_IBT,Rmax_CK22,Rmax_CK22_crr,R34,fcor,u_trans,v_trans
22.0,46.0,46.1485,36.851677,115.75,3.3971508e-05,-5.031591,-1.0694989
23.0,46.0,43.1409,33.96045,115.75,3.3798577e-05,-4.6183224,-0.32294488
26.0,46.0,42.77487,35.029377,127.5,3.381084e-05,-4.595092,0.5642054
28.0,46.0,42.428925,35.466873,139.0,3.404614e-05,-3.890998,1.3397782
29.0,46.0,40.90147,34.041195,139.0,3.4466382e-05,-3.563868,2.0575995
31.0,46.0,38.778046,32.234646,139.0,3.5035337e-05,-3.451297,2.241299
32.0,46.0,38.442173,32.143314,143.0,3.5578167e-05,-3.8827093,2.5214612
33.0,46.0,37.918236,31.816368,148.0,3.626943e-05,-5.0564623,3.540572
34.0,46.0,36.65327,30.623837,148.0,3.723639e-05,-5.899206,4.130667
36.0,46.0,34.878784,29.078756,148.0,3.8238195e-05,-6.172977,3.709097
39.0,46.0,32.234356,26.730883,148.0,3.899257e-05,-5.9583397,3.0359237
41.0,46.0,29.88643,24.523022,148.0,3.9709896e-05,-5.8487573,3.242019
45.0,46.0,28.454943,23.550436,157.0,4.056613e-05,-6.172977,3.709097
49.0,46.0,26.625063,22.080025,167.0,4.142137e-05,-5.73205,3.4441614
52.0,46.0,24.171047,19.846191,167.0,4.2189007e-05,-5.345802,3.0863996
57.0,46.0,21.746471,17.809032,167.0,4.288343e-05,-5.5000057,2.802391
57.0,46.0,23.218292,19.271713,185.0,4.3491025e-05,-5.594457,2.6087375
57.0,46.0,24.47815,20.549662,203.5,4.409823e-05,-4.9960704,2.6564584
58.0,46.0,23.169321,19.291275,197.5,4.4788583e-05,-4.798595,2.9984958
59.0,46.0,21.609024,17.803185,192.0,4.5551555e-05,-5.1174836,3.451786
59.0,46.0,22.094566,18.28312,206.0,4.641489e-05,-5.5439405,3.7394347
59.0,46.0,22.413858,18.600637,220.0,4.7240763e-05,-5.345802,3.0863996
59.0,46.0,22.258574,18.446026,220.0,4.7860147e-05,-5.548076,2.7059765
59.0,46.0,22.113348,18.301754,220.0,4.844305e-05,-4.9489484,2.7432468
59.0,46.0,21.935482,18.125484,220.0,4.916216e-05,-4.7455335,3.081786
59.0,46.0,21.758879,17.950935,220.0,4.9880902e-05,-4.8501964,2.9142904
58.0,46.0,23.113485,19.235119,225.5,5.051372e-05,-4.9960704,2.6564584
57.0,46.0,24.180164,20.245237,231.5,5.1074945e-05,-5.128252,2.3913426
57.0,46.0,24.043907,20.106483,231.5,5.1604955e-05,-5.282572,2.0277884
57.0,46.0,23.935812,19.996605,231.5,5.2027382e-05,-4.9192324,1.5039588
58.0,46.0,23.470001,19.59448,240.75,5.2335872e-05,-5.0315914,1.0694966
59.0,46.0,22.564077,18.750547,249.75,5.250265e-05,-4.6119833,0.4034962
60.0,46.0,22.030289,18.281923,254.5,5.2520274e-05,-4.6296,5.520743e-08
62.0,46.0,21.10676,17.487436,259.0,5.250265e-05,-4.62678,0.16156985
63.0,41.0,20.077768,16.537403,245.25,5.2603144e-05,-4.084526,0.5015159
64.0,37.0,18.705168,15.269672,231.25,5.2740055e-05,-4.084526,0.5015159
64.0,37.0,18.6752,15.241154,231.25,5.2858544e-05,-4.084526,0.5015159
64.0,37.0,18.645243,15.212661,231.25,5.2977284e-05,-4.084526,0.5015159
67.0,37.0,17.214016,14.000159,231.25,5.309549e-05,-4.075151,0.5727259
69.0,37.0,15.912001,12.872677,231.25,5.321436e-05,-3.5657573,0.5011352
72.0,37.0,14.763081,11.929293,236.0,5.3332486e-05,-4.075151,0.5727259
75.0,37.0,13.658776,11.025398,240.5,5.345127e-05,-4.084526,0.5015159
