Vmax,Rmax_IBT,Rmax_CK22,Rmax_CK22_crr,R34,fcor,u_trans,v_trans
21.0,37.0,48.30119,38.724983,116.0,3.231108e-05,-4.087694,2.173466
22.0,37.0,46.114914,36.812252,116.0,3.2807297e-05,-4.6620474,2.173948
23.0,37.0,43.141747,33.961414,116.0,3.330315e-05,-4.6620474,2.173948
24.0,41.0,43.019485,34.351673,120.5,3.3816952e-05,-4.6620474,2.173948
26.0,46.0,42.03195,34.162094,125.0,3.4293596e-05,-4.769434,1.926975
27.0,59.0,40.410255,32.712242,125.0,3.4683027e-05,-4.3773727,1.5072504
28.0,74.0,38.171036,30.55486,125.0,3.5035337e-05,-4.3773727,1.5072504
29.0,65.0,36.796387,29.366234,125.0,3.5386976e-05,-3.8418703,1.4747552
31.0,56.0,34.888237,27.870604,125.0,3.577612e-05,-4.22935,1.883028
32.0,41.0,32.49156,25.558195,120.25,3.6287704e-05,-4.6620474,2.173948
33.0,28.0,29.770296,22.962803,116.0,3.67623e-05,-4.8637476,1.6747227
34.0,28.0,27.735424,21.119852,111.0,3.7063925e-05,-5.0315914,1.0694966
36.0,28.0,25.441895,19.226902,106.75,3.7254722e-05,-4.584545,0.6443166
37.0,28.0,24.711893,18.680298,106.75,3.739598e-05,-4.595092,0.5642054
39.0,28.0,23.688747,17.986038,106.75,3.7500762e-05,-4.084526,0.5015159
41.0,28.0,22.148357,16.779686,106.75,3.762337e-05,-4.084526,0.5015159
44.0,28.0,20.782118,15.82725,106.75,3.7746686e-05,-4.084526,0.5015159
46.0,28.0,19.56209,14.887835,106.75,3.7869497e-05,-4.595092,0.5642054
49.0,28.0,18.466019,14.130855,106.75,3.7992504e-05,-4.6042385,0.4839245
49.0,28.0,19.525738,15.104246,113.5,3.8096714e-05,-4.595092,0.5642054
49.0,28.0,20.541296,16.053623,120.75,3.8238195e-05,-4.572602,0.72422934
50.0,28.0,20.695219,16.280544,125.25,3.8446724e-05,-4.5109434,1.0414342
51.0,28.0,20.55874,16.229828,129.75,3.872924e-05,-4.427309,1.3535628
51.0,28.0,20.524937,16.197748,129.75,3.909687e-05,-4.3773727,1.5072504
51.0,28.0,20.49116,16.165712,129.75,3.9464914e-05,-4.9447303,1.4178778
51.0,28.0,20.465336,16.141232,129.75,3.9746476e-05,-5.0315914,1.0694966
51.0,28.0,20.446209,16.123106,129.75,3.995476e-05,-5.093939,0.7159074
54.0,31.0,19.294474,15.252647,129.75,4.0095343e-05,-5.115821,0.5376939
57.0,37.0,18.248045,14.463279,129.75,4.0199502e-05,-4.6042385,0.4839245
58.0,37.0,17.844816,14.146348,129.75,4.0339943e-05,-4.595092,0.5642054
59.0,37.0,17.275852,13.675589,129.75,4.0444127e-05,-4.1051755,0.28706223
60.0,37.0,17.40223,13.8447275,134.25,4.048062e-05,-4.1152,4.9073268e-08
62.0,37.0,17.318714,13.868395,138.75,4.0444127e-05,-3.587098,-0.3138303
