Vmax,Rmax_IBT,Rmax_CK22,Rmax_CK22_crr,R34,fcor,u_trans,v_trans
23.0,56.0,30.674706,21.01603,83.0,3.4206616e-05,3.8227367,-3.4420083
26.0,56.0,27.771168,19.287947,83.0,3.5035337e-05,3.2736216,-3.2736216
27.0,56.0,35.834267,27.645275,111.0,3.5671164e-05,2.8586586,-2.9602268
28.0,56.0,42.449715,35.491596,139.0,3.626943e-05,2.8065596,-3.0096667
28.0,56.0,42.456165,35.49927,139.0,3.700842e-05,2.7536066,-3.0581894
28.0,56.0,42.462193,35.506435,139.0,3.7746686e-05,2.5897799,-3.1981106
28.0,56.0,42.467556,35.512817,139.0,3.8416256e-05,2.0653343,-2.9496026
28.0,56.0,42.471775,35.51784,139.0,3.897458e-05,1.1676638,-2.2916687
29.0,56.0,41.994373,35.33314,143.0,3.939744e-05,0.5325463,-1.987489
31.0,56.0,41.274612,35.16842,148.0,3.9709896e-05,0.0,1.0288
31.0,56.0,37.192703,30.425587,133.0,4.0028182e-05,-0.15039605,-0.49192315
31.0,56.0,33.609318,26.490835,120.0,4.0199502e-05,-0.9889461,0.28357556
31.0,46.0,33.60965,26.491186,120.0,4.015061e-05,-0.8107054,0.6333926
31.0,37.0,33.61113,26.492771,120.0,3.995476e-05,-0.36868906,0.9604675
32.0,37.0,38.361958,32.050625,143.0,3.9728213e-05,0.545181,0.87247187
33.0,37.0,42.348812,37.094,167.0,3.9464914e-05,0.8529139,0.57529765
33.0,31.0,42.35983,37.10753,167.0,3.921979e-05,1.3625647,0.7244886
33.0,28.0,42.37076,37.12096,167.0,3.897458e-05,1.7256485,1.1206493
32.0,28.0,44.70051,39.70503,167.0,3.8729282e-05,2.0267637,1.5834814
31.0,28.0,46.37144,41.48025,167.0,3.8483773e-05,1.9702663,1.6532496
29.0,31.0,49.33701,44.52907,167.5,3.8238133e-05,1.5528905,1.349907
28.0,37.0,51.715237,47.226692,169.0,3.7992504e-05,1.6854873,1.1801909
29.0,41.0,49.731857,45.049034,169.0,3.7728223e-05,1.3750013,0.70059824
31.0,46.0,46.992325,42.27872,169.0,3.7500762e-05,1.4097834,0.62767595
33.0,46.0,42.955795,37.842457,169.0,3.7359307e-05,1.420523,0.60297644
36.0,46.0,39.469208,34.403194,169.0,3.7254722e-05,0.94701535,0.40198427
37.0,37.0,38.421764,33.38564,170.0,3.715009e-05,0.9166675,0.46706548
39.0,28.0,36.921432,32.0353,171.0,3.700857e-05,0.77644527,0.6749535
41.0,28.0,34.782204,29.925182,174.25,3.676229e-05,0.545181,0.87247187
44.0,28.0,32.903614,28.26345,178.0,3.651592e-05,0.41845065,0.9398556
44.0,22.0,32.37258,27.669178,174.25,3.6374193e-05,0.21389955,1.0063183
44.0,19.0,31.890923,27.134075,171.0,3.626943e-05,-0.30235675,0.41615832
44.0,19.0,33.034515,28.410639,178.0,3.614615e-05,-0.5144,6.1341585e-09
44.0,19.0,34.161507,29.689234,185.25,3.6022833e-05,-0.38227364,0.34420085
44.0,28.0,34.18151,29.71211,185.25,3.5880985e-05,-0.3349444,0.97274953
44.0,37.0,34.19625,29.728973,185.25,3.577612e-05,-0.2950478,0.42137176
42.0,37.0,35.73433,31.190622,185.25,3.5757592e-05,-0.5144,6.1341585e-09
41.0,37.0,36.818306,32.286686,185.25,3.577612e-05,-1.0262939,-0.07176553
37.0,37.0,40.22953,35.555885,177.75,3.579461e-05,-1.5432,1.8402476e-08
33.0,37.0,43.645798,38.700714,171.5,3.577612e-05,-1.5316973,0.18806846
32.0,41.0,43.453022,38.145702,161.5,3.5634133e-05,-1.0063183,0.21389933
31.0,46.0,42.607635,36.777416,152.5,3.5529305e-05,-2.0576,2.4536634e-08
29.0,46.0,44.99463,38.982132,152.5,3.5633948e-05,-2.562213,-0.22416449
28.0,46.0,46.722,40.72503,152.5,3.577612e-05,-3.5810745,-0.37638563
26.0,46.0,51.59532,46.02576,152.5,3.588739e-05,-4.1152,4.9073268e-08
23.0,46.0,57.42722,51.924217,152.5,3.577612e-05,-4.4030113,1.4306257
22.0,50.0,54.095757,46.695732,135.5,3.5214358e-05,-3.8827093,2.5214612
21.0,56.0,49.195694,39.797432,118.0,3.454095e-05,-2.837469,2.216874
22.0,59.0,46.924774,37.767937,118.0,3.409534e-05,-2.1068592,1.4752383
23.0,65.0,43.884354,34.81283,118.0,3.3798577e-05,-2.9002674,1.0556108
26.0,50.0,35.78013,27.22625,107.25,3.3618988e-05,-3.5657573,0.5011352
28.0,37.0,29.607458,21.589584,97.5,3.3550914e-05,-3.5986066,0.12566544
28.0,37.0,31.029482,22.993782,102.0,3.349498e-05,-4.1051755,-0.2870621
28.0,37.0,32.455753,24.435991,106.5,3.3550914e-05,-4.064535,-0.6437593
31.0,41.0,38.26067,31.639658,137.0,3.3742792e-05,-4.492081,-1.1200018
33.0,46.0,43.08641,38.004314,169.0,3.404614e-05,-4.427308,-1.3535651
34.0,41.0,41.63788,36.511295,169.0,3.4379933e-05,-4.3773727,-1.5072504
36.0,37.0,39.606297,34.56756,169.0,3.47882e-05,-4.769433,-1.9269774
37.0,31.0,39.814243,35.052563,176.0,3.5263747e-05,-4.6620474,-2.173948
39.0,28.0,39.282173,34.84327,182.75,3.577612e-05,-4.1610575,-2.0294824
41.0,28.0,42.253372,38.92061,218.25,3.6232243e-05,-4.1250033,-2.1017952
44.0,28.0,44.01926,41.74311,254.75,3.67623e-05,-4.454835,-2.5719995
44.0,31.0,43.82695,41.493027,254.75,3.7482103e-05,-4.850195,-2.9142928
44.0,37.0,43.625313,41.231445,254.75,3.8238195e-05,-4.9003186,-2.8291996
44.0,31.0,43.447197,41.000927,254.75,3.8906892e-05,-4.583337,-2.335328
44.0,28.0,43.298695,40.809116,254.75,3.9464914e-05,-4.1250033,-2.1017952
46.0,28.0,39.633728,36.498924,254.75,3.990577e-05,-3.7594223,-1.6738026
49.0,28.0,36.387455,32.964935,254.75,4.0199502e-05,-3.9557843,-1.1343023
49.0,28.0,36.33972,32.90807,254.75,4.0358183e-05,-3.5657573,-0.50113505
49.0,28.0,36.31385,32.877266,254.75,4.0444127e-05,-3.587098,-0.3138303
51.0,31.0,34.91838,31.46346,270.0,4.0529576e-05,-3.5657573,-0.50113505
54.0,37.0,33.290195,29.882242,287.25,4.0688625e-05,-3.4046233,-1.1723058
59.0,31.0,28.508785,24.952902,296.25,4.1018357e-05,-3.6987176,-1.8039843
64.0,28.0,24.33237,20.855099,305.5,4.142137e-05,-3.7880614,-1.6079371
