Vmax,Rmax_IBT,Rmax_CK22,Rmax_CK22_crr,R34,fcor,u_trans,v_trans
23.0,56.0,35.00209,25.221045,95.0,3.213093e-05,-3.048401,-0.48281947
23.0,56.0,35.0074,25.22639,95.0,3.231108e-05,-3.974978,-1.0650918
26.0,46.0,38.92153,30.63035,116.25,3.257794e-05,-3.992961,-0.9955571
28.0,37.0,42.416615,35.452232,139.0,3.280731e-05,-3.5958652,-0.18845193
28.0,37.0,41.98993,34.94648,137.75,3.290047e-05,-2.9947207,0.7466679
28.0,37.0,41.70386,34.609097,136.75,3.280731e-05,-1.1992917,0.9711672
26.0,37.0,42.875256,35.14727,127.75,3.2360484e-05,0.26627302,0.9937445
23.0,37.0,44.69205,35.749138,120.0,3.206281e-05,1.4205232,-0.6029763
24.0,37.0,42.856777,34.164356,120.0,3.2391756e-05,2.1439939,-2.2201703
26.0,37.0,40.35593,32.239113,120.0,3.305528e-05,2.4094057,-2.6759157
26.0,37.0,40.37502,32.260754,120.0,3.379829e-05,2.8586586,-2.9602268
26.0,37.0,40.39387,32.28213,120.0,3.454095e-05,3.7454252,-2.7212105
27.0,37.0,39.620686,31.81311,122.5,3.505411e-05,4.087694,-2.1734657
28.0,37.0,38.166916,30.550253,124.75,3.5529305e-05,4.0093513,-2.3148003
28.0,37.0,38.171944,30.555876,124.75,3.6108984e-05,3.7923462,-2.6554298
28.0,37.0,38.177494,30.562082,124.75,3.67623e-05,3.7454252,-2.7212105
31.0,37.0,35.93502,29.020216,128.75,3.7463727e-05,3.6973627,-2.7861633
33.0,37.0,34.4055,27.864042,134.5,3.8238195e-05,3.3302557,-3.21599
34.0,37.0,35.150475,28.929768,142.25,3.9115344e-05,3.0372906,-3.4940038
36.0,37.0,35.30293,29.556116,150.25,3.995476e-05,3.1057813,-2.6998138
