Vmax,Rmax_IBT,Rmax_CK22,Rmax_CK22_crr,R34,fcor,u_trans,v_trans
21.0,56.0,46.498924,36.60342,111.0,3.9097096e-05,-3.637358,3.6373568
23.0,56.0,41.498043,32.10898,111.0,3.995476e-05,-3.9405332,3.306499
24.0,56.0,40.456196,31.451347,113.0,4.063937e-05,-3.9683423,2.3844194
26.0,56.0,38.9901,30.706478,115.5,4.1177245e-05,-4.892235,1.5895841
27.0,56.0,43.41534,36.22908,133.75,4.1598232e-05,-5.065851,0.8932462
28.0,56.0,46.7523,40.76323,152.75,4.1909232e-05,-5.0315914,1.0694966
29.0,46.0,46.846836,41.309708,159.25,4.2170766e-05,-4.427309,1.3535628
31.0,37.0,46.221336,41.288177,166.75,4.239659e-05,-4.9447303,1.4178778
33.0,37.0,42.54097,37.33028,168.75,4.2639767e-05,-5.5133753,1.272864
36.0,37.0,39.499622,34.439632,171.25,4.288343e-05,-5.093939,0.7159074
39.0,37.0,34.215115,28.92862,160.75,4.3144813e-05,-4.6232553,0.24229544
41.0,37.0,29.795492,24.426363,150.5,4.3369746e-05,-4.1126933,0.14361764
44.0,30.0,27.76117,22.699123,152.25,4.3490654e-05,-4.6119833,0.4034962
46.0,22.0,25.940924,21.060303,155.0,4.3612705e-05,-5.5887356,0.8851692
49.0,22.0,24.890749,20.302837,160.75,4.3855318e-05,-6.585606,1.16122
51.0,22.0,23.92411,19.512423,166.75,4.409823e-05,-5.5887356,0.8851692
54.0,15.0,23.773819,19.608637,180.0,4.4237033e-05,-5.115821,0.5376939
57.0,9.0,23.48371,19.538954,194.5,4.4340795e-05,-5.6368685,0.49316204
60.0,15.0,23.202606,19.456263,227.75,4.447984e-05,-6.149311,0.5379949
64.0,22.0,21.624268,18.109842,261.5,4.458322e-05,-6.6831264,0.23337866
68.0,22.0,19.58509,16.305517,261.25,4.4582986e-05,-7.2016,8.587822e-08
72.0,22.0,17.452547,14.427345,261.75,4.458322e-05,-6.6861815,0.116707146
75.0,22.0,16.16483,13.323869,255.5,4.4648972e-05,-6.149311,0.5379949
77.0,22.0,14.973846,12.283532,250.25,4.4825505e-05,-6.585606,1.16122
78.0,22.0,14.432452,11.816361,240.5,4.5152334e-05,-7.486802,1.8666699
80.0,22.0,13.7287445,11.23068,231.5,4.5551555e-05,-6.515807,1.5042937
