Vmax,Rmax_IBT,Rmax_CK22,Rmax_CK22_crr,R34,fcor,u_trans,v_trans
21.0,74.0,42.56493,32.15466,102.0,4.2640077e-05,7.5742354,1.4722826
21.0,69.0,44.13683,33.902267,105.5,4.1676747e-05,6.9562116,1.8639115
21.0,65.0,46.527916,36.637135,111.0,4.093299e-05,5.588736,0.8851689
22.0,50.0,42.466072,32.63878,106.5,4.122668e-05,4.628895,0.08079755
23.0,37.0,37.933666,28.24396,102.0,4.1665367e-05,4.595092,0.56420624
24.0,37.0,43.170662,34.526104,120.0,4.1389838e-05,4.9687223,1.3313653
26.0,37.0,46.945015,40.067482,139.0,4.093299e-05,5.4392033,1.5596668
27.0,31.0,42.61884,35.28232,131.5,4.06516e-05,5.9894414,1.4933355
28.0,28.0,38.205795,30.593739,125.0,4.0444127e-05,5.5347505,1.1764473
28.0,28.0,38.77479,31.233004,127.0,4.0265844e-05,5.1056576,0.62689584
28.0,28.0,39.629692,32.20362,130.0,4.0199502e-05,7.2005033,0.12568508
31.0,28.0,38.72205,32.17004,139.0,4.017486e-05,9.236646,-0.64588916
33.0,28.0,37.780415,31.657429,148.0,4.0444127e-05,9.056865,-1.9250953
33.0,28.0,37.981964,31.889965,149.0,4.1189276e-05,8.644208,-3.3182003
33.0,28.0,38.286804,32.242954,150.25,4.2152973e-05,7.2670116,-3.8639388
33.0,22.0,36.096172,29.740679,141.75,4.3021555e-05,6.5435386,-4.088858
33.0,19.0,34.215317,27.655918,134.0,4.385554e-05,8.108038,-3.2758598
34.0,19.0,32.20696,25.72025,130.5,4.4545788e-05,9.937445,-2.66273
36.0,19.0,29.932148,23.73104,127.5,4.5309676e-05,9.937445,-2.66273
39.0,19.0,27.739508,21.982092,127.75,4.6253095e-05,9.061924,-3.6612546
41.0,19.0,26.010494,20.522697,129.5,4.748151e-05,7.764453,-6.7495346
