Vmax,Rmax_IBT,Rmax_CK22,Rmax_CK22_crr,R34,fcor,u_trans,v_trans
19.0,65.0,72.476326,69.67055,157.5,3.7199345e-05,-0.75198025,-2.4596157
21.0,65.0,75.439125,77.011765,176.0,3.7746686e-05,-1.156186,-2.8616602
22.0,65.0,79.186386,84.51917,193.0,3.8465365e-05,-1.0048332,-2.9182487
23.0,65.0,80.726906,88.39204,210.75,3.9219805e-05,-0.53474915,-2.5157955
26.0,56.0,72.54431,77.31317,212.75,3.990577e-05,-0.1793318,-2.0497704
28.0,46.0,65.81744,67.83047,215.25,4.0444127e-05,-0.62767583,-1.4097834
28.0,59.0,62.186134,62.208538,203.25,4.074362e-05,-0.8107054,-0.6333926
28.0,74.0,58.814484,57.18512,192.25,4.093299e-05,-1.0719968,-1.1100851
31.0,74.0,57.35148,56.548397,207.75,4.1158914e-05,-1.1206491,-1.7256486
33.0,74.0,55.79507,55.109577,224.75,4.142137e-05,-1.1505954,-1.7058277
34.0,69.0,53.89633,52.744656,225.75,4.1787323e-05,-0.9287209,-1.2324544
36.0,65.0,51.164783,49.543068,226.75,4.2152973e-05,-0.86294657,-1.2793708
39.0,56.0,45.833916,43.11452,222.75,4.2433105e-05,-0.46706548,-0.9166675
41.0,46.0,41.424736,37.87815,220.0,4.2640077e-05,-0.071590655,-0.5093939
41.0,46.0,42.594566,39.3531,227.25,4.2780026e-05,0.35081995,-0.37620834
41.0,46.0,43.94203,41.079594,236.5,4.288343e-05,0.4662047,-0.21739487
42.0,31.0,42.201385,39.046524,235.0,4.2986812e-05,0.8427436,-0.5900955
44.0,19.0,39.90715,36.52506,234.0,4.3126656e-05,0.56032467,-0.86282426
46.0,13.0,34.6093,30.487026,216.25,4.3351498e-05,0.55303335,-1.4407014
49.0,9.0,30.109095,25.792925,199.0,4.3612705e-05,0.72448856,-1.3625647
49.0,19.0,32.674618,28.648829,224.25,4.3837215e-05,1.0719969,-1.1100851
49.0,28.0,35.044945,31.379305,250.0,4.409823e-05,1.7819339,-1.0288001
50.0,28.0,33.508656,29.715017,247.0,4.4425913e-05,2.2709413,-1.2074809
51.0,28.0,31.565285,27.619402,245.25,4.4825505e-05,1.7210041,-1.9113684
52.0,28.0,30.485054,26.519018,245.75,4.53276e-05,1.0049605,-2.3675385
54.0,28.0,29.04273,25.12553,248.0,4.5793287e-05,1.454943,-1.454943
54.0,28.0,27.902866,23.896,231.0,4.6034864e-05,2.4318738,-0.8373612
54.0,28.0,26.694115,22.613886,215.25,4.627635e-05,2.1322846,-1.438244
57.0,28.0,25.768549,21.883377,234.25,4.6740668e-05,2.1049197,-2.25725
59.0,28.0,24.491304,20.70363,254.75,4.7240763e-05,2.4649084,-1.8574421
59.0,19.0,24.361582,20.57043,253.25,4.7619753e-05,2.8195667,-1.2553518
59.0,9.0,24.169739,20.373905,252.5,4.796257e-05,3.263433,-1.521764
60.0,15.0,23.334923,19.590086,253.75,4.8305097e-05,3.1183844,-1.8004003
62.0,22.0,22.197943,18.568937,257.25,4.868306e-05,2.9851987,-2.0135417
