Vmax,Rmax_IBT,Rmax_CK22,Rmax_CK22_crr,R34,fcor,u_trans,v_trans
22.0,46.0,41.77352,31.871117,106.25,2.9680457e-05,-5.1369505,-0.26921704
23.0,46.0,44.59579,35.63699,120.25,2.9824112e-05,-5.654953,-0.19747682
26.0,46.0,41.06672,33.04895,122.75,2.9948524e-05,-6.1690397,-0.21542926
28.0,46.0,38.113823,30.490911,125.0,3.0073232e-05,-5.1314692,-0.35882762
28.0,37.0,38.114586,30.491762,125.0,3.0141404e-05,-4.559266,-0.8039214
28.0,28.0,38.1165,30.493904,125.0,3.0322259e-05,-4.4502573,-1.27609
28.0,28.0,34.84544,26.92828,114.25,3.0670624e-05,-4.699278,-2.0922532
28.0,28.0,31.724024,23.691854,104.25,3.131743e-05,-4.9298167,-3.7148848
28.0,37.0,30.451778,22.41926,100.0,3.2434575e-05,-5.435117,-4.7246747
28.0,46.0,29.607458,21.589584,97.5,3.3550914e-05,-5.7320485,-3.4441643
33.0,31.0,32.18464,25.471136,125.0,3.4120632e-05,-5.836497,-2.0096672
39.0,19.0,33.46315,28.086714,152.5,3.454095e-05,-5.282572,-2.0277884
39.0,19.0,33.422302,28.041245,152.5,3.513985e-05,-4.0491395,-2.2444746
39.0,19.0,33.37887,27.992928,152.5,3.577612e-05,-4.9960704,-2.6564584
39.0,28.0,33.330288,27.938923,152.5,3.6484733e-05,-5.72332,-2.312373
39.0,37.0,33.294334,27.898981,152.5,3.700857e-05,-6.0790215,-1.0718952
40.0,31.0,34.087967,28.964466,162.0,3.7137863e-05,-5.6506453,0.29613888
41.0,28.0,34.275486,29.347967,171.5,3.700857e-05,-4.572602,0.72422934
44.0,22.0,32.508358,27.82069,175.0,3.6706533e-05,-3.5657573,0.5011352
46.0,19.0,31.145672,26.576817,180.5,3.651592e-05,-3.5657573,-0.50113505
49.0,19.0,28.344488,23.888577,175.0,3.681139e-05,-4.350401,-1.5834161
51.0,19.0,26.069426,21.696867,171.5,3.7254722e-05,-3.890998,-1.3397782
52.0,19.0,25.391003,21.087416,171.5,3.7482172e-05,-3.4613113,-0.9925145
54.0,19.0,24.429161,20.271685,171.5,3.7746686e-05,-3.2634332,-1.5217636
55.0,19.0,24.410627,20.331215,177.75,3.8182876e-05,-2.949603,-2.0653336
57.0,19.0,24.078875,20.142065,185.0,3.872924e-05,-2.6759155,-2.409406
