Vmax,Rmax_IBT,Rmax_CK22,Rmax_CK22_crr,R34,fcor,u_trans,v_trans
19.0,74.0,41.09396,29.297802,92.333336,3.3476445e-05,-5.2463775,2.1196725
21.0,56.0,37.234253,26.525208,90.0,3.404614e-05,-5.128252,2.3913426
21.0,56.0,37.256744,26.547995,90.0,3.4645735e-05,-5.594457,2.6087375
21.0,56.0,37.280468,26.57204,90.0,3.5282377e-05,-5.6391335,2.510704
21.0,56.0,37.303413,26.595306,90.0,3.589939e-05,-6.1555996,2.6128979
21.0,56.0,37.326218,26.618437,90.0,3.651592e-05,-5.594457,2.6087375
22.0,56.0,35.663803,25.436884,90.0,3.716825e-05,-5.594457,2.6087375
23.0,56.0,33.40742,23.635786,90.0,3.7746686e-05,-5.2463775,2.1196725
23.0,56.0,34.651688,24.869137,93.25,3.815193e-05,-4.9192324,1.5039588
23.0,56.0,36.081882,26.318106,97.0,3.8483773e-05,-4.9192324,1.5039588
27.0,50.0,31.337986,23.005548,97.0,3.8851693e-05,-4.3773727,1.5072504
31.0,46.0,27.182777,19.970072,97.0,3.9219805e-05,-4.322104,1.6590996
33.0,41.0,26.708801,19.92151,103.5,3.9605602e-05,-3.8418703,1.4747552
36.0,37.0,26.422085,20.181686,111.0,3.995476e-05,-3.890998,1.3397782
39.0,37.0,25.243565,19.488068,114.25,4.0199273e-05,-3.4434626,1.0527711
41.0,37.0,24.254843,18.79112,118.0,4.0444127e-05,-3.4046233,1.1723058
44.0,37.0,23.210598,18.129639,121.25,4.0755607e-05,-3.2894945,1.4645773
46.0,37.0,22.273582,17.432413,125.0,4.1177245e-05,-3.6335058,1.9319696
51.0,37.0,20.975576,16.626858,134.75,4.1695777e-05,-3.8827093,2.5214612
57.0,37.0,19.796255,15.9211855,146.0,4.239659e-05,-3.9405332,3.306499
59.0,37.0,19.135769,15.413004,152.5,4.3260203e-05,-3.9306557,4.070311
62.0,37.0,18.428078,14.906496,159.75,4.4340795e-05,-3.7148836,4.9298177
