Vmax,Rmax_IBT,Rmax_CK22,Rmax_CK22_crr,R34,fcor,u_trans,v_trans
22.0,41.0,26.519577,16.941837,68.25,3.0390282e-05,-4.064535,0.6437594
23.0,28.0,26.26542,17.046852,71.75,3.0571195e-05,-3.4046233,1.1723058
24.0,28.0,31.387707,22.058636,89.0,3.116808e-05,-3.3292673,2.418853
26.0,28.0,35.593838,27.029518,106.5,3.206281e-05,-3.1669621,4.053528
27.0,28.0,36.40167,28.254652,113.0,3.3178752e-05,-3.628281,4.9939
28.0,28.0,36.731243,28.962158,120.5,3.4293596e-05,-5.122693,4.2984486
29.0,28.0,46.902054,41.379974,159.5,3.509117e-05,-5.9583397,3.0359237
31.0,28.0,55.274975,53.544743,199.0,3.577612e-05,-5.4502587,2.8979545
32.0,28.0,62.2186,64.338875,234.25,3.651529e-05,-4.7455335,3.081786
33.0,28.0,67.09676,72.57732,271.0,3.7254722e-05,-5.73205,3.4441614
34.0,28.0,66.2281,71.592255,279.75,3.8010665e-05,-6.8128233,3.6224432
36.0,28.0,64.09911,68.91933,289.5,3.872924e-05,-7.1026154,3.014882
36.0,28.0,63.948277,68.67743,289.5,3.939751e-05,-6.3228717,2.1771395
36.0,28.0,63.822098,68.47536,289.5,3.995476e-05,-5.9336767,1.7014533
37.0,28.0,61.34724,64.89835,290.25,4.037635e-05,-5.4392037,1.5596656
39.0,28.0,57.905056,60.19519,291.75,4.0688625e-05,-4.9192324,1.5039588
