Vmax,Rmax_IBT,Rmax_CK22,Rmax_CK22_crr,R34,fcor,u_trans,v_trans
19.0,50.0,29.1009,17.985558,65.75,4.3333006e-05,-2.7251294,1.4489772
21.0,56.0,37.667088,26.965187,90.25,4.409823e-05,-2.7175589,2.3623366
21.0,65.0,42.069115,31.611704,100.25,4.5024495e-05,-3.1057816,2.6998134
21.0,74.0,46.748924,36.894577,111.0,4.5551555e-05,-3.867023,1.407481
21.0,74.0,52.0738,43.335762,123.0,4.516408e-05,-5.1432166,-0.08977461
21.0,74.0,58.054893,51.11671,136.25,4.4340795e-05,-5.5347505,-1.1764487
23.0,74.0,47.18399,38.705177,125.75,4.348651e-05,-5.4392037,-1.5596656
26.0,74.0,39.006294,30.724463,116.0,4.288343e-05,-4.025273,-0.8555991
27.0,69.0,37.474922,29.42194,116.0,4.285189e-05,-3.0395107,0.5359477
28.0,65.0,35.374157,27.492538,116.0,4.3369746e-05,-2.949603,2.0653336
28.0,65.0,37.09012,29.355919,121.25,4.438833e-05,-3.8227363,3.4420085
28.0,65.0,38.94804,31.428717,127.5,4.5551555e-05,-5.4100595,3.9306364
28.0,65.0,38.952225,31.433455,127.5,4.645805e-05,-6.4166737,3.2694561
28.0,65.0,38.9546,31.436142,127.5,4.6999867e-05,-6.9226227,1.985029
28.0,65.0,38.954502,31.436031,127.5,4.696901e-05,-6.6709104,0.4664761
28.0,65.0,38.953583,31.434988,127.5,4.675884e-05,-6.6831264,0.23337866
29.0,65.0,41.4281,34.66125,140.75,4.6789104e-05,-6.157763,0.43059334
31.0,65.0,43.027393,37.290207,155.25,4.6999867e-05,-5.5887356,0.8851692
32.0,50.0,42.36896,36.81169,158.5,4.747969e-05,-5.4903216,1.3688912
33.0,37.0,41.37462,35.905563,164.5,4.796257e-05,-6.0593886,1.1778251
