Vmax,Rmax_IBT,Rmax_CK22,Rmax_CK22_crr,R34,fcor,u_trans,v_trans
23.0,56.0,73.690674,76.44221,194.5,3.4324272e-05,-3.5810745,0.37638572
26.0,56.0,66.0041,66.76404,194.5,3.47882e-05,-3.4046233,1.1723058
27.0,50.0,63.290962,63.268677,194.5,3.5121604e-05,-3.599235,1.9950885
28.0,46.0,59.535088,58.242847,194.5,3.5529305e-05,-4.8501964,2.9142904
29.0,46.0,57.217598,55.398182,194.5,3.6090518e-05,-5.7912855,3.3435993
31.0,46.0,53.981987,51.71073,194.5,3.67623e-05,-5.4502587,2.8979545
32.0,46.0,53.146427,50.943775,199.0,3.7463713e-05,-4.6620474,2.173948
33.0,46.0,51.31565,48.774,203.5,3.8238195e-05,-3.9683423,2.3844194
33.0,46.0,52.36316,50.225677,208.0,3.9096358e-05,-4.161584,3.0235665
33.0,46.0,53.396076,51.675,213.0,3.995476e-05,-5.234831,3.2710865
34.0,41.0,51.355408,49.17486,213.0,4.070723e-05,-5.904447,3.1394508
36.0,37.0,48.507553,45.904804,213.0,4.142137e-05,-5.904447,3.1394508
36.0,37.0,48.43467,45.806656,213.0,4.2051426e-05,-5.904447,3.1394508
36.0,37.0,48.33808,45.676727,213.0,4.288343e-05,-7.19847,3.990177
39.0,37.0,43.970673,40.690704,213.0,4.409823e-05,-7.9254813,3.6957116
36.0,37.0,48.110756,45.37153,213.0,4.4825505e-05,-9.394987,2.6939678
34.0,41.0,50.923492,48.57871,213.0,4.508728e-05,-9.700749,1.1911002
33.0,46.0,52.959267,51.05993,213.0,4.506766e-05,-8.743469,0.15261704
33.0,46.0,52.973495,51.079918,213.0,4.5009652e-05,-7.716,9.201238e-08
33.0,46.0,52.959263,51.059925,213.0,4.506766e-05,-8.679619,1.0657214
33.0,41.0,52.9246,51.011253,213.0,4.546218e-05,-9.523103,2.1985831
33.0,37.0,52.874,50.940243,213.0,4.6034886e-05,-8.943701,2.3964567
34.0,37.0,57.364525,57.790188,244.25,4.6583868e-05,-8.446829,2.2633204
36.0,37.0,59.666096,61.966988,275.5,4.7240763e-05,-7.985922,1.9911145
36.0,37.0,59.49304,61.702164,275.5,4.8062047e-05,-7.4530835,1.9970473
36.0,37.0,59.311142,61.42436,275.5,4.892293e-05,-6.8491282,2.2254176
37.0,37.0,56.626038,57.700325,275.5,4.96591e-05,-7.1541514,2.8904626
39.0,37.0,52.915,52.844814,275.5,5.035898e-05,-7.5188446,3.3476052
40.0,37.0,50.51071,49.690464,275.5,5.1110095e-05,-7.9254813,3.6957116
41.0,37.0,47.21414,45.395065,275.5,5.178951e-05,-8.049631,3.4168665
