Vmax,Rmax_IBT,Rmax_CK22,Rmax_CK22_crr,R34,fcor,u_trans,v_trans
21.0,87.0,66.58897,63.21902,159.0,2.7771695e-05,-1.3750011,-0.7005984
21.0,83.0,67.83806,65.08904,162.0,2.807779e-05,-1.781934,-1.0287998
22.0,83.0,65.10979,62.03767,163.0,2.8183873e-05,-1.8333348,-0.9341312
23.0,83.0,61.408825,57.52629,164.5,2.8327528e-05,-2.2916684,-1.167664
26.0,74.0,55.307068,51.03882,164.5,2.8664455e-05,-2.7500021,-1.4011968
28.0,65.0,50.21178,45.225376,164.5,2.9076216e-05,-2.7972286,-1.3043687
28.0,65.0,52.640385,48.47689,172.25,2.9450286e-05,-3.3145537,-1.406945
28.0,65.0,55.211193,52.025776,180.5,2.9824112e-05,-3.2634332,-1.5217636
31.0,65.0,50.351162,46.70961,180.5,3.0178971e-05,-3.6335058,-1.9319696
33.0,65.0,46.170242,41.908226,180.5,3.0571195e-05,-3.5274143,-2.1194856
36.0,50.0,46.113213,42.72645,197.0,3.103129e-05,-3.9261231,-2.4533148
39.0,37.0,45.710423,42.95211,212.75,3.156599e-05,-4.0093513,-2.3147995
45.0,37.0,38.03976,34.40004,212.75,3.2186887e-05,-4.087694,-2.173466
51.0,37.0,31.70869,27.780228,212.75,3.280731e-05,-4.087694,-2.173466
52.0,41.0,30.297163,26.311548,208.5,3.3340162e-05,-4.1250033,-2.1017952
54.0,46.0,28.533642,24.573938,203.5,3.3798577e-05,-3.7296379,-1.7391584
60.0,46.0,25.697132,22.022848,217.75,3.418828e-05,-3.8155465,-1.5415819
67.0,46.0,22.714977,19.363869,231.5,3.454095e-05,-3.867023,-1.407481
69.0,46.0,21.185743,17.925667,229.0,3.489317e-05,-3.867023,-1.407481
72.0,46.0,19.81346,16.702742,227.0,3.5282377e-05,-3.7296379,-1.7391584
