Vmax,Rmax_IBT,Rmax_CK22,Rmax_CK22_crr,R34,fcor,u_trans,v_trans
18.0,78.0,131.56276,184.56073,264.75,2.8776694e-05,-10.063183,2.1389933
18.0,65.0,126.90295,173.40392,254.5,2.882674e-05,-9.145204,1.4484587
19.0,56.0,113.75598,146.5118,241.0,2.8987992e-05,-8.732816,0.4576692
21.0,46.0,99.81011,121.53013,229.0,2.9076216e-05,-8.210351,-0.5741242
22.0,46.0,95.04999,113.718994,231.0,2.8951046e-05,-7.621003,-1.2070487
23.0,46.0,89.1265,103.71892,233.75,2.882674e-05,-6.6709104,-0.46647593
26.0,46.0,79.03576,88.485,232.5,2.8951345e-05,-5.6368685,0.49316204
28.0,46.0,70.72754,75.7813,231.5,2.9076216e-05,-5.124426,0.44832912
29.0,37.0,64.47793,66.32762,219.25,2.8969778e-05,-4.6232553,0.24229544
31.0,28.0,57.90773,57.365215,208.5,2.882674e-05,-4.0252733,0.8555973
32.0,37.0,50.05459,46.69175,186.0,2.8695677e-05,-3.2894945,1.4645773
33.0,46.0,42.0881,36.774406,164.5,2.882674e-05,-2.774038,1.3529882
34.0,46.0,42.61602,37.71502,172.25,2.9443987e-05,-2.6994264,1.4963164
36.0,46.0,42.452194,38.049866,180.5,3.0322259e-05,-2.1049194,2.2572503
36.0,46.0,42.582966,38.2131,181.25,3.115572e-05,-1.4645767,3.2894948
36.0,46.0,42.801865,38.486965,182.75,3.206281e-05,-1.1343035,3.9557838
36.0,37.0,42.71902,38.383224,182.75,3.30553e-05,-1.0414333,4.510944
36.0,28.0,42.635666,38.27896,182.75,3.404614e-05,-0.5727251,4.075151
36.0,37.0,45.769985,42.278603,197.25,3.50229e-05,-0.37613782,3.0633945
36.0,46.0,49.12636,46.741646,213.0,3.577612e-05,-0.99754393,1.7996176
34.0,46.0,51.14161,48.879375,210.25,3.617111e-05,-1.8940307,0.80396855
33.0,46.0,52.577076,50.524372,208.25,3.626943e-05,-2.042263,0.25075796
32.0,41.0,55.59384,54.42242,208.25,3.6219968e-05,-2.0576,2.4536634e-08
31.0,37.0,57.765625,57.15605,208.25,3.6022833e-05,-2.0263405,-0.3572984
31.0,37.0,69.99948,76.395256,254.25,3.57575e-05,-2.4723651,-0.7089389
31.0,37.0,82.118164,97.912025,301.0,3.5529305e-05,-2.4596157,-0.7519806
31.0,37.0,82.11823,97.91215,301.0,3.5529036e-05,-2.9515388,-0.9023767
31.0,37.0,82.118164,97.912025,301.0,3.5529305e-05,-3.4245641,-1.1127088
32.0,46.0,74.09564,83.94667,282.5,3.5356712e-05,-3.4245641,-1.1127088
33.0,56.0,65.416275,69.84554,263.75,3.5035337e-05,-3.9557843,-1.1343023
33.0,56.0,63.89794,67.417755,256.25,3.4558725e-05,-4.510944,-1.0414339
33.0,56.0,62.499245,65.21517,250.0,3.404614e-05,-5.5347505,-1.1764487
33.0,56.0,62.76479,65.63084,251.0,3.360069e-05,-6.5856066,-1.1612198
33.0,56.0,63.117737,66.18512,252.5,3.330315e-05,-6.637355,-0.8149663
33.0,56.0,61.349606,63.429165,245.0,3.3265223e-05,-6.6780353,-0.34998214
33.0,56.0,59.779907,61.026062,238.5,3.330315e-05,-6.6831264,-0.2333817
32.0,56.0,67.25801,72.37159,254.25,3.3179047e-05,-6.1690397,-0.21542926
31.0,56.0,74.37352,83.879166,270.75,3.305528e-05,-5.654953,-0.19747682
31.0,50.0,64.84921,67.991905,235.0,3.3055105e-05,-5.1432166,-0.08977461
31.0,46.0,55.270416,53.538223,199.0,3.305528e-05,-4.6232553,-0.24229534
32.0,41.0,52.895653,50.592968,197.5,3.2949418e-05,-5.1314692,-0.35882762
33.0,37.0,49.895065,46.834446,196.5,3.280731e-05,-5.6506453,-0.29613873
37.0,37.0,48.375534,46.00358,216.25,3.266428e-05,-6.6831264,-0.2333817
41.0,37.0,45.941612,43.69608,236.25,3.2559245e-05,-6.149311,-0.53799474
45.0,30.0,43.503853,41.242992,252.0,3.2540465e-05,-5.627403,-0.5914631
49.0,22.0,40.474075,37.965797,268.75,3.2559245e-05,-5.1408668,-0.17952439
54.0,22.0,34.981728,31.853464,268.75,3.2558997e-05,-4.6232553,0.24229544
59.0,22.0,30.488728,27.135525,268.75,3.2559245e-05,-4.628895,0.080797255
60.0,35.0,30.820717,27.583563,292.25,3.2539905e-05,-4.62678,-0.16157195
62.0,50.0,30.1107,26.933367,317.25,3.2559245e-05,-5.1369505,0.26921716
