Vmax,Rmax_IBT,Rmax_CK22,Rmax_CK22_crr,R34,fcor,u_trans,v_trans
24.0,74.0,20.700974,12.727431,57.75,3.137273e-05,-3.048401,0.48281956
25.0,74.0,19.527035,12.027206,57.75,3.1348e-05,-2.4318738,0.83736134
26.0,74.0,19.16578,11.943839,57.75,3.1320204e-05,-2.0048637,0.4628596
28.0,74.0,17.550648,11.036552,57.75,3.1068776e-05,-2.0375755,0.28636295
32.0,59.0,19.105577,12.899636,70.25,3.0906987e-05,-2.0576,2.4536634e-08
36.0,46.0,20.153362,14.3494215,83.5,3.0820032e-05,-1.5197554,-0.2679738
41.0,41.0,21.506924,16.181534,102.0,3.0869734e-05,-0.9166674,-0.4670656
46.0,37.0,22.307362,17.46485,120.5,3.1068776e-05,-0.8107054,-0.6333926
48.0,37.0,22.773212,18.105955,129.5,3.1276933e-05,-1.2160581,-0.95008886
50.0,37.0,22.974722,18.482935,136.5,3.1423115e-05,-1.6432723,-1.2382948
54.0,37.0,23.15849,18.992056,152.5,3.1814445e-05,-1.1646678,-1.0124303
