Vmax,Rmax_IBT,Rmax_CK22,Rmax_CK22_crr,R34,fcor,u_trans,v_trans
21.0,56.0,22.972595,13.720181,55.5,5.4869415e-05,2.9002674,-1.0556108
23.0,56.0,20.53701,12.365715,55.5,5.4633376e-05,2.9182487,-1.0048335
28.0,41.0,19.047707,12.215309,62.5,5.4379685e-05,2.9002674,-1.0556108
33.0,28.0,17.893223,12.034651,69.5,5.4161024e-05,1.9335115,-0.70374054
34.0,19.0,17.349037,11.71512,69.5,5.402488e-05,1.4501337,-0.5278054
36.0,9.0,16.588566,11.322529,69.5,5.392461e-05,1.4501337,-0.5278054
36.0,9.0,16.590055,11.32375,69.5,5.378865e-05,1.4501337,-0.5278054
36.0,9.0,16.591187,11.324677,69.5,5.3688025e-05,0.48337787,-0.17593513
36.0,9.0,16.591373,11.324831,69.5,5.367022e-05,0.0,0.0
36.0,9.0,16.591187,11.324677,69.5,5.3688025e-05,0.0,0.0
36.0,9.0,17.142801,11.779344,71.75,5.370568e-05,0.0,0.0
36.0,9.0,17.690094,12.235418,74.25,5.3688025e-05,-0.99824023,-0.24888928
37.0,13.0,18.735817,13.239971,81.0,5.358759e-05,-1.987489,-0.5325459
39.0,19.0,19.403717,14.051473,88.25,5.345127e-05,-1.987489,-0.5325459
40.0,19.0,18.863794,13.684151,88.25,5.3368232e-05,-1.4501337,-0.5278054
41.0,19.0,18.10448,13.120573,88.25,5.321436e-05,-1.6854874,-1.1801907
42.0,19.0,18.901499,13.920395,95.0,5.2840835e-05,-1.9988195,-1.618612
44.0,19.0,19.348297,14.51237,102.0,5.250265e-05,-1.945499,-0.6698891
45.0,19.0,18.841599,14.145004,102.0,5.2502462e-05,-2.572,3.0670794e-08
46.0,19.0,18.12283,13.584748,102.0,5.250265e-05,-3.0296943,-0.5889124
