Vmax,Rmax_IBT,Rmax_CK22,Rmax_CK22_crr,R34,fcor,u_trans,v_trans
19.0,102.0,51.279106,40.692303,111.0,6.153706e-05,-1.9269764,4.769434
21.0,102.0,47.54859,37.83267,111.0,6.255676e-05,-2.9504778,4.2137175
22.0,102.0,45.30439,35.866474,111.0,6.338362e-05,-3.54648,2.9758492
23.0,102.0,42.219433,32.91653,111.0,6.393293e-05,-3.7296379,1.7391584
24.0,78.0,40.34209,31.324749,111.0,6.4132815e-05,-3.048401,0.48281956
26.0,56.0,37.764046,29.357029,111.0,6.416161e-05,-3.0633945,0.37613693
27.0,41.0,36.192104,28.02896,111.0,6.429277e-05,-2.5247452,0.49076045
28.0,28.0,28.327888,20.354826,92.75,6.43901e-05,-2.5469694,0.3579537
29.0,28.0,30.645617,22.887135,104.0,6.445906e-05,-2.572,3.0670794e-08
31.0,28.0,32.0834,24.880243,116.0,6.43901e-05,-2.9947207,-0.74666786
34.0,22.0,27.58613,20.971981,111.5,6.413069e-05,-3.2894945,-1.4645773
36.0,20.0,25.210365,19.003693,109.0,6.393293e-05,-3.599235,-1.9950885
36.0,19.0,24.694353,18.509409,106.75,6.370404e-05,-4.499044,-2.4938607
34.0,28.0,25.327099,18.779657,103.5,6.313143e-05,-4.499044,-2.4938607
33.0,37.0,25.740503,18.992044,102.0,6.255676e-05,-4.087694,-2.173466
36.0,37.0,23.478573,17.362226,101.5,6.215934e-05,-3.2634332,-1.5217636
39.0,37.0,21.700481,16.122982,101.75,6.186609e-05,-2.86166,-1.1561865
41.0,31.0,20.94766,15.665468,106.75,6.163513e-05,-2.9002674,-1.0556108
44.0,28.0,20.227293,15.31453,111.25,6.14047e-05,-2.841046,-1.2059529
45.0,28.0,22.308794,17.366734,128.25,6.1058105e-05,-3.2634332,-1.5217636
46.0,28.0,23.657967,18.776735,146.0,6.0711227e-05,-3.3145537,-1.406945
47.0,22.0,25.99765,21.226473,174.25,6.042739e-05,-3.443462,-1.0527729
49.0,19.0,27.17109,22.649324,204.0,6.0247978e-05,-3.556468,-0.5632894
50.0,19.0,26.21724,21.755648,204.0,6.0195747e-05,-3.0864,3.6804952e-08
51.0,19.0,24.84312,20.439436,204.0,6.0247978e-05,-3.0746555,0.26899746
51.0,37.0,24.946548,20.544586,206.25,6.0311475e-05,-3.0395107,0.5359477
51.0,56.0,25.020325,20.619692,208.5,6.0479695e-05,-2.8814027,1.1060663
51.0,56.0,25.458675,21.067692,215.25,6.077449e-05,-2.6994264,1.4963164
51.0,56.0,25.838463,21.458256,222.0,6.1173734e-05,-3.1183844,1.8003997
58.0,50.0,21.497747,17.630344,246.25,6.1600585e-05,-3.599235,1.9950885
64.0,46.0,16.83822,13.517923,270.75,6.20965e-05,-4.087694,2.173466
69.0,41.0,13.610925,10.79063,280.25,6.263734e-05,-4.499044,2.4938607
75.0,37.0,10.886882,8.582631,289.25,6.324571e-05,-4.4092693,2.649355
76.0,37.0,10.084227,7.9180393,303.25,6.3864216e-05,-4.1081805,3.0957372
77.0,37.0,9.028315,7.0452085,317.0,6.461839e-05,-3.4420075,3.8227372
