Vmax,Rmax_IBT,Rmax_CK22,Rmax_CK22_crr,R34,fcor,u_trans,v_trans
21.0,56.0,25.183006,15.489758,61.666668,3.2559245e-05,-2.5704334,0.089761026
23.0,56.0,26.241018,17.02577,71.666664,3.257768e-05,-2.572,3.0670794e-08
26.0,56.0,27.736084,19.255512,83.0,3.2559245e-05,-2.5704334,-0.089762196
27.0,56.0,30.943796,22.614805,96.0,3.2540385e-05,-3.0864,3.6804952e-08
28.0,56.0,33.8668,25.896126,111.0,3.2559245e-05,-3.587098,0.31383038
31.0,41.0,34.686066,27.650675,124.0,3.270196e-05,-4.595092,0.5642054
33.0,28.0,35.708096,29.30571,139.0,3.280731e-05,-4.6296,5.520743e-08
36.0,28.0,32.9307,26.92444,138.5,3.268319e-05,-4.595092,-0.56420743
39.0,28.0,30.687027,25.058779,139.0,3.2559245e-05,-4.1145735,-0.071819685
39.0,28.0,30.681116,25.052464,139.0,3.2664262e-05,-4.084526,0.5015159
39.0,28.0,30.673052,25.043852,139.0,3.280731e-05,-4.6232553,0.24229544
39.0,28.0,31.362217,25.78359,142.25,3.278896e-05,-5.144,6.134159e-08
39.0,28.0,32.137424,26.624985,146.0,3.280731e-05,-4.0926566,0.4301551
41.0,28.0,31.520708,26.282988,154.25,3.2999047e-05,-3.4613113,0.9925145
44.0,28.0,31.15307,26.321585,164.5,3.330315e-05,-3.8155472,1.5415801
49.0,28.0,27.459848,22.952284,165.5,3.3693264e-05,-3.8418703,1.4747552
54.0,28.0,24.47218,20.315437,166.75,3.404614e-05,-3.992961,0.99555725
55.0,28.0,23.89748,19.810469,166.75,3.416963e-05,-4.084526,0.5015159
57.0,28.0,23.081823,19.13472,166.75,3.4293596e-05,-4.5109434,1.0414342
57.0,28.0,23.50069,19.556087,171.25,3.4646124e-05,-4.3773727,1.5072504
57.0,28.0,23.891333,19.951443,175.75,3.5035337e-05,-3.890998,1.3397782
57.0,28.0,23.409744,19.464373,171.5,3.531912e-05,-3.4613113,0.9925145
57.0,28.0,22.8485,18.901146,166.5,3.5529305e-05,-3.5085115,0.8100043
57.0,28.0,22.13686,18.193817,159.75,3.56897e-05,-3.5657573,0.5011352
57.0,28.0,21.39921,17.468683,152.75,3.577612e-05,-3.0788815,0.21529667
58.0,28.0,20.935932,17.081505,152.75,3.579458e-05,-3.0864,3.6804952e-08
59.0,28.0,20.277771,16.505322,152.75,3.577612e-05,-2.572,3.0670794e-08
