Vmax,Rmax_IBT,Rmax_CK22,Rmax_CK22_crr,R34,fcor,u_trans,v_trans
18.0,56.0,29.813084,18.123814,65.0,2.9269193e-05,-5.0315914,1.0694966
18.0,56.0,38.614952,26.12994,83.5,2.9574905e-05,-5.4392037,1.5596656
18.0,56.0,40.841263,28.346794,88.0,3.001703e-05,-5.8005347,2.1112216
18.0,56.0,43.091415,30.666084,93.0,3.0571195e-05,-5.682092,2.4119058
19.0,56.0,40.96052,29.159416,93.0,3.1174302e-05,-5.594457,2.6087375
21.0,56.0,38.114407,27.423065,93.0,3.1814445e-05,-5.041672,2.5688584
23.0,56.0,37.64039,27.93521,102.0,3.243472e-05,-5.041672,2.5688584
26.0,56.0,37.189903,28.733677,111.0,3.305528e-05,-5.0857368,2.4804783
28.0,56.0,33.876423,25.906199,111.0,3.3655884e-05,-5.594457,2.6087375
31.0,56.0,31.071867,23.833965,111.0,3.4293596e-05,-6.010416,2.9314744
34.0,56.0,30.949009,24.392492,124.0,3.4998182e-05,-5.9583397,3.0359237
39.0,56.0,30.547188,24.909592,139.0,3.577612e-05,-5.7912855,3.3435993
42.0,41.0,27.639952,22.31285,139.0,3.6639296e-05,-5.608358,3.6421106
46.0,28.0,24.82769,19.936401,139.0,3.7500762e-05,-3.997639,3.237224
50.0,28.0,25.660143,21.181673,161.0,3.820085e-05,-2.58978,3.1981103
54.0,28.0,25.65939,21.53413,185.0,3.897458e-05,-1.8039854,3.698717
59.0,22.0,21.950567,18.140417,179.0,4.0022045e-05,-1.5895832,4.892235
64.0,19.0,18.88253,15.438717,173.5,4.1177245e-05,-0.8039228,4.559266
68.0,13.0,17.258938,14.08463,173.5,4.2256357e-05,0.0,4.6296
72.0,9.0,15.604429,12.700001,173.5,4.3369746e-05,1.2444463,4.9912014
73.0,9.0,15.046679,12.222016,173.5,4.4564928e-05,2.3913434,5.128252
75.0,9.0,14.335944,11.638051,173.5,4.5793287e-05,3.361948,5.1769457
