Vmax,Rmax_IBT,Rmax_CK22,Rmax_CK22_crr,R34,fcor,u_trans,v_trans
19.0,56.0,28.694908,17.642447,65.0,4.553341e-05,-0.65218455,-1.3986142
21.0,56.0,22.825691,13.605371,55.5,4.5309676e-05,-0.545181,-0.87247187
22.0,46.0,23.641748,14.549803,60.0,4.5170524e-05,-0.35081992,-0.37620836
23.0,37.0,23.884285,15.035777,65.0,4.506766e-05,-0.37620834,-0.35081998
24.0,31.0,26.272972,17.358103,74.0,4.4964712e-05,-0.77644527,-0.6749535
26.0,28.0,27.907528,19.414202,83.5,4.4825505e-05,-0.7995278,-0.64744484
27.0,22.0,29.882004,21.575138,93.0,4.4601322e-05,-1.2641156,-0.885143
28.0,19.0,31.103493,23.067785,102.0,4.4340795e-05,-1.781934,-1.0287998
29.0,28.0,29.98996,22.233654,102.0,4.4079916e-05,-2.349639,-1.0461266
31.0,37.0,28.453526,21.204868,102.0,4.385554e-05,-2.9515388,-0.9023767
31.0,37.0,28.454327,21.205652,102.0,4.3697524e-05,-3.5346434,-0.6870645
31.0,37.0,28.4547,21.206022,102.0,4.3612705e-05,-4.0995407,-0.35866317
31.0,41.0,31.010437,23.770975,111.5,4.3576256e-05,-4.6296,5.520743e-08
31.0,46.0,33.549816,26.427301,120.5,4.3612705e-05,-4.6119833,0.4034962
31.0,46.0,33.5488,26.426222,120.5,4.3715798e-05,-4.584545,0.6443166
31.0,46.0,33.547398,26.42472,120.5,4.385554e-05,-4.064535,0.6437594
31.0,46.0,35.461628,28.498058,127.25,4.3976477e-05,-4.084526,0.5015159
31.0,46.0,37.366085,30.621395,134.5,4.409823e-05,-4.084526,0.5015159
32.0,46.0,38.080654,31.726427,142.25,4.42194e-05,-4.084526,0.5015159
33.0,46.0,38.093346,32.01876,150.5,4.4340795e-05,-4.572602,0.72422934
37.0,46.0,33.963577,28.263784,151.5,4.446177e-05,-4.572602,0.72422934
41.0,46.0,30.136246,24.789236,152.75,4.458322e-05,-4.595092,0.5642054
49.0,41.0,25.408424,20.828365,162.0,4.468595e-05,-4.6119833,0.4034962
57.0,37.0,21.608238,17.673334,171.5,4.4825505e-05,-4.584545,0.6443166
58.0,37.0,21.759058,17.887232,180.5,4.5049484e-05,-4.0252733,0.8555973
59.0,37.0,21.522438,17.717968,189.75,4.5309676e-05,-3.992961,0.99555725
60.0,37.0,22.138844,18.38981,208.75,4.5533136e-05,-3.4613113,0.9925145
62.0,37.0,22.142443,18.51351,229.25,4.5793287e-05,-3.3836453,1.2315458
