Vmax,Rmax_IBT,Rmax_CK22,Rmax_CK22_crr,R34,fcor,u_trans,v_trans
21.0,56.0,73.95888,74.61676,175.75,2.7578055e-05,-6.014591,1.3885788
22.0,56.0,70.54857,70.34163,175.75,2.7758995e-05,-5.5887356,0.8851692
23.0,56.0,65.90975,64.171646,175.75,2.7827968e-05,-5.5887356,0.8851692
22.0,56.0,68.5615,67.25195,171.25,2.7790187e-05,-6.0593886,1.1778251
21.0,56.0,69.869125,68.18355,166.5,2.7827968e-05,-7.017023,1.6200086
21.0,59.0,65.830055,62.095158,157.5,2.816498e-05,-7.4530835,1.9970473
21.0,65.0,61.82471,56.317745,148.0,2.857718e-05,-6.886925,2.1055422
21.0,65.0,61.847843,56.35037,148.0,2.882626e-05,-5.9336767,1.7014533
21.0,65.0,61.871082,56.383156,148.0,2.9076216e-05,-6.585606,1.16122
22.0,65.0,62.914284,58.821922,157.5,2.9375567e-05,-7.162149,0.75277144
23.0,65.0,62.44358,59.02468,166.5,2.9824112e-05,-6.650567,0.699002
23.0,65.0,62.49695,59.10244,166.5,3.0514859e-05,-5.5887356,0.8851692
23.0,65.0,62.558327,59.191914,166.5,3.131743e-05,-4.9687223,1.3313649
23.0,65.0,62.61744,59.278152,166.5,3.2099695e-05,-4.261569,1.8089292
23.0,65.0,62.670452,59.355545,166.5,3.280731e-05,-3.6666706,1.8682607
23.0,59.0,62.708614,59.411285,166.5,3.3321605e-05,-3.019885,1.9611366
23.0,56.0,62.74375,59.462627,166.5,3.3798577e-05,-3.0581892,2.7536068
23.0,56.0,66.39989,64.91533,176.0,3.4380024e-05,-3.0372913,3.4940033
23.0,56.0,70.09259,70.64478,185.0,3.5035337e-05,-2.65543,3.7923458
23.0,56.0,70.1532,70.74068,185.0,3.575759e-05,-2.4533143,3.9261234
23.0,56.0,70.215996,70.8401,185.0,3.651592e-05,-2.180724,3.4898875
23.0,56.0,70.27658,70.93609,185.0,3.7254522e-05,-2.0653346,2.9496024
23.0,56.0,70.3363,71.03077,185.0,3.7992504e-05,-2.2168736,2.8374693
24.0,56.0,67.25259,67.11563,185.0,3.8729206e-05,-2.3623376,2.7175581
26.0,56.0,62.978157,62.12329,185.0,3.9464914e-05,-3.097807,3.4404635
28.0,50.0,56.710506,54.146305,185.0,4.018097e-05,-3.9306557,4.070311
31.0,46.0,51.345287,48.05709,185.0,4.093299e-05,-4.2704496,3.7122433
32.0,46.0,49.38505,45.79194,185.0,4.1787258e-05,-4.1081805,3.0957372
33.0,46.0,46.64165,42.518925,185.0,4.2640077e-05,-3.3858752,3.1573796
