Vmax,Rmax_IBT,Rmax_CK22,Rmax_CK22_crr,R34,fcor,u_trans,v_trans
21.0,65.0,24.647434,15.053755,60.5,4.1177245e-05,-6.8491282,2.2254176
22.0,65.0,23.560219,14.483998,60.5,4.1683572e-05,-7.203507,2.765166
23.0,65.0,22.093899,13.584793,60.5,4.2152973e-05,-7.378848,2.255938
27.0,56.0,26.677023,18.550585,82.75,4.251758e-05,-7.017023,1.6200086
31.0,46.0,29.743101,22.485464,106.5,4.288343e-05,-7.017023,1.6200086
33.0,41.0,32.54619,25.855104,127.25,4.3387572e-05,-7.017023,1.6200086
36.0,37.0,34.55432,28.71559,148.5,4.385554e-05,-6.5643377,1.2759771
39.0,37.0,31.850021,26.311897,148.5,4.4134096e-05,-6.0790215,1.0718954
41.0,37.0,29.469025,24.080479,148.5,4.4340795e-05,-5.5544395,1.0796729
41.0,31.0,30.59814,25.284124,154.5,4.4564425e-05,-5.4903216,1.3688912
41.0,28.0,31.858406,26.652073,162.0,4.4825505e-05,-5.9894414,1.4933358
44.0,30.0,32.93037,28.293514,185.0,4.5169916e-05,-6.014591,1.3885788
46.0,31.0,33.265007,28.946718,208.5,4.5551555e-05,-6.515807,1.5042937
44.0,33.0,36.295204,32.16585,210.5,4.591393e-05,-6.4885616,1.6177806
41.0,37.0,39.903942,35.993984,213.0,4.627635e-05,-5.9336767,1.7014533
41.0,37.0,39.841415,35.917328,213.0,4.665588e-05,-5.4392037,1.5596656
41.0,37.0,39.784615,35.84774,213.0,4.6999867e-05,-5.5133753,1.272864
41.0,37.0,39.74204,35.795612,213.0,4.7258276e-05,-5.5724363,0.98257077
41.0,37.0,39.705154,35.750477,213.0,4.748151e-05,-5.0315914,1.0694966
42.0,39.0,39.574028,35.77319,222.5,4.772228e-05,-4.492081,1.1200019
44.0,41.0,38.61921,34.94661,231.5,4.796257e-05,-4.5284324,0.962547
47.0,41.0,35.917976,32.15077,251.0,4.820232e-05,-4.064535,0.6437594
51.0,41.0,32.393635,28.552784,270.75,4.844305e-05,-3.5460956,0.62527233
52.0,39.0,31.167465,27.277134,270.75,4.8664937e-05,-2.4723651,0.7089389
54.0,37.0,29.446419,25.565744,270.75,4.892293e-05,-2.774038,1.3529882
