Vmax,Rmax_IBT,Rmax_CK22,Rmax_CK22_crr,R34,fcor,u_trans,v_trans
26.0,50.0,23.008354,15.071477,69.5,2.8808065e-05,-2.0576,2.4536634e-08
28.0,46.0,26.732157,18.853167,88.0,2.882674e-05,-1.5410851,-0.08076511
29.0,46.0,25.845589,18.268784,88.0,2.8845236e-05,-1.5432,1.8402476e-08
31.0,46.0,24.622726,17.564152,88.0,2.882674e-05,-2.5579104,0.26884696
31.0,46.0,24.622803,17.564222,88.0,2.872086e-05,-3.5657573,0.5011352
31.0,46.0,24.622936,17.564346,88.0,2.857718e-05,-3.5657573,0.5011352
32.0,46.0,23.872452,17.06544,88.0,2.8471002e-05,-3.0395107,0.5359477
33.0,46.0,22.831966,16.293903,88.0,2.8327528e-05,-2.9515393,0.9023753
34.0,46.0,22.191263,15.876845,88.0,2.8059034e-05,-2.384717,0.9634875
36.0,46.0,21.29757,15.365505,88.0,2.7827968e-05,-1.9568938,0.6358336
36.0,37.0,23.929844,17.785183,99.5,2.7752918e-05,-1.5432,1.8402476e-08
36.0,28.0,26.760983,20.515497,111.0,2.7827968e-05,-1.43083,-0.57809323
37.0,37.0,25.925596,19.857119,110.75,2.8040331e-05,-1.7058278,-1.1505953
39.0,46.0,25.002434,19.25253,111.0,2.8327528e-05,-1.18216,-0.9919497
40.0,46.0,24.745514,19.13899,113.0,2.8558425e-05,-1.091207,-1.0912073
41.0,46.0,24.372332,18.905432,115.5,2.882674e-05,-0.8851431,-1.2641155
44.0,31.0,22.23859,17.196724,112.0,2.9182154e-05,-1.1206491,-1.7256486
46.0,19.0,20.417946,15.678357,108.75,2.9574905e-05,-1.4549428,-1.4549431
49.0,15.0,19.328594,14.921826,108.75,2.9930066e-05,-2.0267637,-1.5834814
51.0,13.0,18.33808,14.160212,108.75,3.0322259e-05,-1.8501421,-1.7866613
