Vmax,Rmax_IBT,Rmax_CK22,Rmax_CK22_crr,R34,fcor,u_trans,v_trans
18.0,37.0,41.178013,28.688856,89.0,2.6220714e-05,-3.7880614,1.6079371
18.0,37.0,54.307556,43.40683,115.75,2.6327272e-05,-3.9353857,1.203167
19.0,37.0,51.589928,41.06585,115.75,2.6577964e-05,-4.064535,0.6437594
21.0,37.0,47.957417,38.316257,115.75,2.6827835e-05,-4.1126933,-0.14361951
22.0,46.0,54.543976,47.281544,137.5,2.7046231e-05,-4.025273,-0.8555991
23.0,56.0,59.585735,54.929,159.75,2.707799e-05,-4.4718504,-1.1982284
23.0,50.0,62.609543,59.266636,167.75,2.6899135e-05,-4.427308,-1.3535651
23.0,46.0,65.80844,64.018425,175.75,2.6327272e-05,-2.6994264,-1.4963164
23.0,46.0,198.0794,407.21756,506.75,2.53252e-05,-0.82163614,-0.6191474
26.0,46.0,53.645752,48.76682,159.75,2.5575835e-05,-0.20922525,0.46992785
27.0,46.0,75.3362,82.85074,231.75,2.5874684e-05,-0.2414095,1.5242007
28.0,46.0,93.50237,117.908226,305.5,2.6327272e-05,0.17933165,2.0497704
29.0,46.0,89.66768,111.05714,305.5,2.690918e-05,0.6656826,2.4843612
31.0,46.0,84.26619,101.98115,305.5,2.7827968e-05,0.64431584,4.584545
32.0,46.0,84.38902,102.83977,319.75,2.9269486e-05,0.3230594,6.1643405
33.0,46.0,82.68501,100.155426,335.75,3.0820032e-05,-0.59146494,5.6274023
33.0,41.0,82.95718,100.67282,338.0,3.199446e-05,-1.5895832,4.892235
33.0,37.0,83.24481,101.22097,340.25,3.305528e-05,-2.6564574,4.996071
33.0,37.0,85.02977,104.6533,350.0,3.422552e-05,-3.4517875,5.117482
33.0,37.0,87.036964,108.57625,361.25,3.5282377e-05,-3.40531,4.5189996
34.0,37.0,82.25721,99.86429,357.0,3.604114e-05,-2.97585,3.5464787
36.0,37.0,76.31294,89.75471,354.25,3.67623e-05,-3.215991,3.3302548
37.0,37.0,73.84665,85.72933,360.75,3.7691814e-05,-3.508199,3.7620838
39.0,37.0,69.851234,79.44933,368.0,3.872924e-05,-2.1017945,4.125004
42.0,37.0,60.3371,64.69196,375.5,3.985039e-05,-0.7242285,4.5726023
46.0,37.0,50.95848,51.52391,384.25,4.093299e-05,-0.35866448,4.09954
45.0,37.0,55.525616,57.98012,406.25,4.1768995e-05,-0.37638676,3.5810742
44.0,37.0,59.23952,63.42111,428.25,4.2640077e-05,-0.43015632,4.0926566
42.0,37.0,63.698612,70.03089,437.25,4.381914e-05,-0.48392585,4.6042385
41.0,37.0,67.02349,75.23972,446.75,4.506766e-05,0.0,5.144
42.0,56.0,62.734444,68.48083,445.25,4.619184e-05,0.3588273,5.1314697
44.0,74.0,57.28535,60.429504,444.5,4.7240763e-05,0.24229456,4.6232553
46.0,67.0,49.807354,49.903397,449.25,4.829292e-05,0.16157071,4.62678
49.0,59.0,43.256268,41.520454,453.75,4.916265e-05,0.5011345,3.5657573
54.0,59.0,33.03425,29.587791,460.0,4.9677452e-05,0.96348816,2.384717
59.0,59.0,25.179493,21.414457,467.75,5.012002e-05,1.6355429,2.6174157
63.0,57.0,20.632898,17.078077,471.75,5.078267e-05,2.116497,2.9131083
67.0,56.0,16.305115,13.155419,477.0,5.155148e-05,2.3145494,2.7583728
67.0,56.0,15.721973,12.61964,485.75,5.231257e-05,2.699814,3.105781
67.0,56.0,15.046013,12.004642,495.5,5.321436e-05,3.237224,3.997639
67.0,56.0,14.486542,11.500547,497.25,5.427335e-05,3.451786,5.1174836
67.0,56.0,13.807741,10.89492,500.0,5.5576067e-05,3.1569736,6.4727554
68.0,52.0,12.317787,9.621327,502.25,5.7096022e-05,2.6390274,7.2506685
69.0,50.0,10.534185,8.123241,504.75,5.8853857e-05,2.9495115,7.68374
