Vmax,Rmax_IBT,Rmax_CK22,Rmax_CK22_crr,R34,fcor,u_trans,v_trans
19.0,78.0,40.931137,29.12898,93.0,3.0539373e-05,-9.16909,1.2886332
21.0,74.0,38.07525,27.382854,93.0,3.0820032e-05,-10.776086,0.75353837
22.0,74.0,32.64598,22.482883,83.0,3.110537e-05,-11.289232,0.78942114
23.0,74.0,31.7768,22.057852,86.666664,3.131743e-05,-10.787596,0.565356
26.0,56.0,29.816381,21.213993,89.666664,3.1441246e-05,-9.236645,0.64589
28.0,37.0,29.595861,21.57827,97.25,3.156599e-05,-8.711524,0.7621595
29.0,37.0,27.225506,19.557156,92.5,3.1776064e-05,-8.679619,1.0657214
31.0,37.0,24.612324,17.5546,88.0,3.206281e-05,-8.12907,1.2875189
32.0,31.0,25.088263,18.188498,92.5,3.241579e-05,-7.574236,1.4722813
33.0,28.0,25.128424,18.412554,97.5,3.280731e-05,-8.584134,1.6685855
34.0,28.0,36.20539,30.11503,145.75,3.3178716e-05,-9.089083,1.7667376
36.0,28.0,45.246223,41.59894,194.25,3.3550914e-05,-8.611947,1.5185186
36.0,31.0,45.211243,41.553707,194.25,3.3921664e-05,-8.611947,1.5185186
36.0,37.0,45.176014,41.508175,194.25,3.4293596e-05,-8.079185,1.5704334
37.0,37.0,43.65173,39.811794,194.25,3.468241e-05,-8.019455,1.8514384
39.0,37.0,41.521706,37.59146,194.25,3.5035337e-05,-8.019455,1.8514384
40.0,37.0,38.849625,34.520546,187.5,3.5281835e-05,-8.050547,1.7111946
41.0,37.0,35.541588,30.798046,180.5,3.5529305e-05,-8.105362,1.4291939
41.0,37.0,35.495255,30.744518,180.5,3.5880497e-05,-8.12907,1.2875189
41.0,37.0,35.443806,30.685127,180.5,3.626943e-05,-7.621003,1.2070489
42.0,41.0,35.66501,31.110086,187.5,3.660147e-05,-7.069287,1.3741292
44.0,46.0,35.244644,30.937307,194.5,3.700857e-05,-6.9562116,1.8639108
47.0,41.0,32.286026,27.970207,199.25,3.7567792e-05,-6.3228717,2.1771395
51.0,37.0,29.165659,24.975727,204.0,3.8238195e-05,-6.578989,2.9291546
52.0,37.0,27.702707,23.502562,199.25,3.8955717e-05,-6.4166737,3.2694561
54.0,37.0,25.938301,21.823566,194.5,3.9709896e-05,-6.472756,3.1569724
55.0,41.0,25.092505,21.029387,194.5,4.0443807e-05,-6.060662,2.8261323
57.0,46.0,23.945711,20.00666,194.5,4.1177245e-05,-6.010416,2.9314744
