Vmax,Rmax_IBT,Rmax_CK22,Rmax_CK22_crr,R34,fcor,u_trans,v_trans
28.0,65.0,35.58406,27.717844,116.5,3.349497e-05,-2.2916684,-1.167664
31.0,46.0,35.576412,28.624321,127.25,3.404614e-05,-1.9988195,-1.618612
32.0,46.0,34.396442,27.602036,127.25,3.439848e-05,-1.7866614,-1.850142
33.0,46.0,32.75083,26.073404,127.25,3.47882e-05,-3.0581892,-2.7536068
36.0,41.0,27.218506,20.969162,114.0,3.538749e-05,-4.0535274,-3.1669629
39.0,37.0,22.77164,17.118639,102.0,3.6022833e-05,-3.3709748,-2.3603814
42.0,31.0,23.561855,18.242247,116.75,3.6534355e-05,-2.5587418,-1.725893
46.0,28.0,23.749544,18.86674,132.0,3.700857e-05,-2.3293357,-2.0248606
54.0,22.0,21.791416,17.642944,147.75,3.7519058e-05,-2.0248609,-2.3293355
62.0,19.0,19.881548,16.293888,164.25,3.7992504e-05,-1.7866614,-1.850142
60.0,19.0,20.005535,16.301626,159.0,3.83242e-05,-1.5762132,-1.3225996
59.0,19.0,20.04791,16.283901,155.0,3.872924e-05,-1.4752384,-2.1068592
52.0,19.0,23.208752,18.883362,155.0,3.9428112e-05,-1.0048332,-2.9182487
46.0,19.0,26.972925,22.119827,155.0,4.0199502e-05,-0.49076062,-2.524745
45.0,22.0,28.035429,23.109138,155.0,4.0865736e-05,0.0,2.0576
44.0,28.0,28.781282,23.769135,155.0,4.142137e-05,0.55303335,-1.4407014
39.0,22.0,33.392773,28.008394,155.0,4.182394e-05,1.0903622,-1.7449436
33.0,19.0,39.402016,33.54747,155.0,4.2152973e-05,1.1206493,-1.7256485
33.0,19.0,34.058083,27.484303,133.25,4.25001e-05,1.0288001,-1.7819339
33.0,19.0,29.093496,22.27705,113.75,4.288343e-05,1.0288001,-1.7819339
31.0,28.0,31.65439,24.434416,113.75,4.3442615e-05,0.4670655,-0.91666746
28.0,37.0,34.664238,26.735968,113.75,4.385554e-05,-0.30957362,-0.41081813
26.0,37.0,36.628002,28.128902,108.75,4.3788896e-05,-0.9727495,0.33494455
23.0,37.0,38.89286,29.2636,104.25,4.3612705e-05,-0.513695,0.026921716
23.0,37.0,38.897194,29.268238,104.25,4.3752305e-05,-0.2493861,-0.44990435
23.0,37.0,38.900436,29.271711,104.25,4.385554e-05,0.0,0.0
19.0,37.0,22.763844,12.9274435,52.0,4.361263e-05,-0.0,0.0
32.0,41.0,14.45087,9.196932,53.25,4.4564873e-05,-1.618612,-1.9988195
33.0,28.0,16.198162,10.666296,62.75,4.506766e-05,-1.4752384,-2.1068592
34.0,28.0,27.614895,21.000444,111.75,4.5466913e-05,-1.4752384,-2.1068592
36.0,28.0,37.127567,31.643602,162.0,4.5793287e-05,-1.4032797,-1.5048335
39.0,28.0,30.948856,25.338963,144.5,4.6053054e-05,-1.18216,-0.9919497
41.0,28.0,25.64072,20.153828,127.5,4.627635e-05,-0.5752977,-0.85291386
44.0,28.0,25.369625,20.256151,136.5,4.649952e-05,-0.14318131,-1.0187877
46.0,28.0,24.964142,20.073097,145.5,4.675884e-05,0.12537912,-1.0211315
50.0,28.0,22.961874,18.470293,148.0,4.706611e-05,0.13449894,-1.5373276
54.0,28.0,20.874126,16.753742,150.5,4.748151e-05,0.49777842,-1.9964805
60.0,28.0,20.06798,16.361792,181.0,4.8046688e-05,0.75198036,-2.4596157
67.0,28.0,17.99785,14.738107,213.0,4.868306e-05,1.1561861,-2.8616602
