Vmax,Rmax_IBT,Rmax_CK22,Rmax_CK22_crr,R34,fcor,u_trans,v_trans
19.0,102.0,15.995494,8.2270155,37.0,2.7933747e-05,-7.184057,0.5023589
21.0,37.0,14.903113,7.929794,37.0,2.807779e-05,-6.6709104,0.4664761
22.0,37.0,17.879015,10.164975,46.0,2.8183467e-05,-6.6709104,0.4664761
23.0,37.0,17.93612,10.417703,49.666668,2.8327528e-05,-6.650567,0.699002
24.0,37.0,30.470385,21.18391,86.666664,2.852066e-05,-6.6048694,1.0461091
26.0,37.0,41.350723,33.374866,123.333336,2.882674e-05,-6.4885616,1.6177806
27.0,31.0,44.841938,37.95116,139.0,2.9287581e-05,-6.395002,1.9551464
28.0,28.0,47.1375,41.250217,154.33333,2.9824112e-05,-6.886925,2.1055422
28.0,28.0,60.441376,59.585403,197.66667,3.0322046e-05,-7.4530835,1.9970473
28.0,28.0,73.72338,80.82956,241.0,3.0820032e-05,-7.4530835,1.9970473
28.0,28.0,78.45015,89.09838,256.0,3.1317068e-05,-7.4530835,1.9970473
28.0,28.0,83.16067,97.70881,271.66666,3.1814445e-05,-7.4170957,2.1268167
29.0,28.0,84.17749,100.40717,287.0,3.231047e-05,-6.9226227,1.985029
31.0,28.0,64.91656,68.09893,236.25,3.280731e-05,-6.9226227,1.985029
33.0,31.0,59.211754,60.166355,238.5,3.328394e-05,-6.9226227,1.985029
36.0,37.0,54.214592,53.86269,241.0,3.3798577e-05,-7.3383517,2.384376
37.0,37.0,51.200233,49.881832,236.25,3.4398345e-05,-7.2956214,2.512084
39.0,37.0,47.470966,45.291023,231.75,3.5035337e-05,-7.734046,2.814962
40.0,37.0,46.9862,44.87132,238.5,3.5726185e-05,-7.2956214,2.512084
41.0,37.0,45.649567,43.30988,245.5,3.626943e-05,-7.574236,1.4722813
42.0,37.0,45.329487,43.08958,252.25,3.6447887e-05,-7.697204,0.5382417
44.0,37.0,44.204468,41.98453,259.25,3.651592e-05,-7.184057,0.5023589
46.0,37.0,40.567863,37.66098,259.25,3.668805e-05,-6.6048694,1.0461091
49.0,37.0,37.270836,34.023727,259.25,3.700857e-05,-5.9030786,1.8047506
51.0,37.0,36.27162,33.06435,284.75,3.7512622e-05,-5.041672,2.5688584
54.0,37.0,34.620426,31.428745,310.0,3.8238195e-05,-4.5189986,3.4053109
57.0,37.0,31.399734,27.997099,310.0,3.9109276e-05,-3.9306557,4.070311
59.0,37.0,28.370663,24.802818,310.0,4.0199502e-05,-3.4517875,5.117482
62.0,37.0,25.74473,22.204748,324.0,4.1506435e-05,-2.8979535,5.450259
64.0,37.0,23.039526,19.531265,337.75,4.288343e-05,-2.992632,5.398853
64.0,37.0,22.689459,19.176971,342.5,4.4152643e-05,-3.4517875,5.117482
64.0,37.0,22.35291,18.838034,347.0,4.5309676e-05,-3.88467,4.797166
63.0,37.0,23.226187,19.663307,356.75,4.6330544e-05,-3.859019,4.1382923
62.0,37.0,23.755943,20.143345,365.75,4.7240763e-05,-4.0703125,3.9306548
59.0,37.0,25.922432,22.189758,368.0,4.810066e-05,-3.7620835,3.5081997
57.0,37.0,28.449678,24.734688,370.25,4.892293e-05,-3.7620835,3.5081997
55.0,37.0,29.840548,26.087166,368.0,4.9743336e-05,-3.508199,3.7620838
54.0,37.0,30.632238,26.873278,365.5,5.059779e-05,-2.65543,3.7923458
52.0,37.0,32.36677,28.626936,361.0,5.1515526e-05,-1.9565544,4.1958423
51.0,37.0,33.41697,29.720606,356.25,5.250265e-05,-1.5834175,4.350401
52.0,37.0,31.164284,27.27358,349.5,5.35519e-05,-1.3535643,4.4273086
54.0,37.0,28.381737,24.410116,342.5,5.4633376e-05,-0.9625483,4.528432
57.0,37.0,24.933859,21.017801,340.25,5.5693657e-05,-0.40349755,4.611983
59.0,37.0,21.915096,18.105312,337.75,5.6750614e-05,-0.24229458,4.6232553
63.0,37.0,18.397324,14.928084,337.75,5.7780097e-05,0.0,4.6296
67.0,37.0,15.094362,12.048413,337.75,5.8853857e-05,0.0,5.144
72.0,37.0,11.840196,9.32796,337.75,6.0016075e-05,0.0,4.6296
