Vmax,Rmax_IBT,Rmax_CK22,Rmax_CK22_crr,R34,fcor,u_trans,v_trans
19.0,46.0,24.237413,14.0469055,56.0,3.2175103e-05,-6.080291,4.7504444
21.0,37.0,22.580294,13.414362,56.0,3.330315e-05,-6.080291,4.7504444
21.0,37.0,26.463787,16.551207,65.0,3.445428e-05,-6.080291,4.7504444
21.0,37.0,34.346066,23.666794,83.25,3.5529305e-05,-5.477834,3.8356197
22.0,37.0,32.82877,22.65759,83.25,3.6374084e-05,-4.993901,3.6282797
23.0,37.0,30.770115,21.105433,83.25,3.7254722e-05,-3.7862084,4.205011
24.0,37.0,32.093685,22.741262,90.5,3.8428007e-05,-3.0864012,5.3458014
26.0,37.0,32.64275,23.989834,97.25,3.9709896e-05,-3.0864012,5.3458014
27.0,37.0,31.402828,23.070074,97.25,4.0969575e-05,-3.4517875,5.117482
28.0,37.0,29.676277,21.656765,97.25,4.2152973e-05,-3.4836583,4.4588804
29.0,31.0,29.294815,21.548645,99.5,4.31632e-05,-3.3065002,3.940532
31.0,28.0,28.415577,21.167603,102.0,4.409823e-05,-2.5214605,3.8827095
33.0,28.0,26.097622,19.333027,102.0,4.5049113e-05,-1.9565544,4.1958423
36.0,28.0,24.075336,17.922264,102.0,4.6034886e-05,-2.4149613,4.5418825
34.0,28.0,23.009901,16.618904,92.75,4.7084053e-05,-2.998495,4.7985954
33.0,28.0,21.422878,15.037333,83.5,4.8202877e-05,-3.4517875,5.117482
32.0,28.0,21.242481,14.720306,79.0,4.938386e-05,-4.024457,5.340636
31.0,28.0,20.671616,14.065253,74.25,5.059779e-05,-4.818811,5.351832
29.0,28.0,21.79403,14.669346,74.0,5.1861385e-05,-5.180398,5.0026517
28.0,28.0,22.59917,15.160904,74.25,5.2977284e-05,-4.5872836,4.13041
28.0,28.0,22.601734,15.163108,74.25,5.3793934e-05,-3.997639,3.237224
28.0,28.0,22.603605,15.164715,74.25,5.439729e-05,-3.3709748,2.3603814
29.0,28.0,19.754433,12.960854,67.0,5.4922162e-05,-3.4898872,2.1807244
31.0,28.0,16.82536,10.909064,60.5,5.5340646e-05,-3.1793177,1.6904734
32.0,22.0,16.28364,10.6118,60.5,5.5693647e-05,-2.7251294,1.4489772
33.0,19.0,15.529778,10.139872,60.5,5.6046403e-05,-2.5282311,1.770286
36.0,19.0,13.886452,9.168095,58.0,5.6445497e-05,-1.7540995,1.8810419
39.0,19.0,12.471991,8.323586,55.75,5.698501e-05,-1.5217645,3.2634327
