Vmax,Rmax_IBT,Rmax_CK22,Rmax_CK22_crr,R34,fcor,u_trans,v_trans
19.0,65.0,35.24169,23.493364,80.5,2.4679459e-05,0.46706542,0.9166675
21.0,65.0,35.8966,25.184597,88.0,2.4823696e-05,0.3179167,0.97844696
22.0,69.0,38.76792,28.629967,99.0,2.5055668e-05,0.300792,0.9838463
23.0,74.0,40.886166,31.430698,111.0,2.53252e-05,0.52987117,0.88185376
24.0,74.0,39.24868,30.12253,111.0,2.5575839e-05,0.7146646,0.74005675
26.0,74.0,37.01693,28.546944,111.0,2.5826394e-05,0.7995278,0.64744484
27.0,65.0,37.171806,29.090326,115.5,2.6039314e-05,0.61914724,0.82163626
28.0,56.0,36.64856,28.871738,120.5,2.6327272e-05,0.7716,1.3364503
28.0,56.0,36.65374,28.877405,120.5,2.6771524e-05,0.80396837,1.8940308
28.0,56.0,36.660164,28.88442,120.5,2.7328068e-05,0.8369013,1.8797112
29.0,46.0,40.606354,33.69574,138.0,2.7915423e-05,0.53254604,1.987489
31.0,37.0,43.97619,38.4601,157.0,2.857718e-05,0.31344795,2.5528288
32.0,37.0,43.48412,38.184258,161.0,2.932559e-05,0.26899746,3.0746555
33.0,37.0,42.744686,37.581448,167.0,3.0073232e-05,0.31344795,2.5528288
33.0,37.0,42.719364,37.55019,167.0,3.0714327e-05,0.75198,2.4596157
33.0,37.0,42.695198,37.52037,167.0,3.131743e-05,0.64169866,3.0189548
33.0,37.0,42.670128,37.489445,167.0,3.1938616e-05,0.053865105,3.08593
33.0,37.0,42.645027,37.45849,167.0,3.2559245e-05,-0.2152961,3.0788817
33.0,37.0,42.619522,37.427048,167.0,3.3179236e-05,-0.2688477,2.5579102
33.0,37.0,42.59389,37.395462,167.0,3.3798577e-05,-0.2688477,2.5579102
32.0,37.0,44.82622,39.86361,167.0,3.443583e-05,0.0,2.572
31.0,37.0,46.438766,41.566525,167.0,3.5035337e-05,0.0,2.0576
31.0,37.0,47.69841,43.194565,171.5,3.5566318e-05,0.26884723,2.5579104
31.0,37.0,48.953957,44.84362,176.0,3.6022833e-05,0.4277991,2.0126367
32.0,31.0,45.251762,40.402344,168.5,3.6429694e-05,0.451188,1.4757695
33.0,28.0,41.32958,35.850998,162.0,3.67623e-05,0.42536357,1.4834191
33.0,28.0,41.318832,35.837982,162.0,3.7027014e-05,0.46706542,0.9166675
33.0,28.0,41.30953,35.826717,162.0,3.7254722e-05,0.545181,0.87247187
34.0,28.0,39.923004,34.439262,162.0,3.7463848e-05,0.60471344,0.8323167
36.0,28.0,37.97906,32.636593,162.0,3.7746686e-05,1.5834814,2.0267637
40.0,28.0,33.988857,28.852757,162.0,3.8311882e-05,1.324678,2.2046344
44.0,28.0,30.19725,25.282085,162.0,3.872924e-05,-0.26797426,1.5197554
