Vmax,Rmax_IBT,Rmax_CK22,Rmax_CK22_crr,R34,fcor,u_trans,v_trans
23.0,56.0,28.75248,19.246523,78.5,2.5757428e-05,0.545181,0.87247187
23.0,56.0,28.759462,19.252842,78.5,2.6076874e-05,0.99824023,0.24888925
23.0,56.0,31.173801,21.485365,85.0,2.5983087e-05,0.0538569,1.5422599
23.0,56.0,33.948032,24.168541,93.0,2.6076874e-05,-0.035910487,2.0572867
23.0,56.0,33.972775,24.193037,93.0,2.692789e-05,0.8100037,3.5085118
23.0,56.0,34.005905,24.225857,93.0,2.807779e-05,1.7391587,3.7296376
23.0,56.0,35.78427,26.013828,97.5,2.9169672e-05,2.476589,3.286545
23.0,56.0,37.56922,27.8605,102.0,3.0073232e-05,2.1734657,4.087694
23.0,56.0,38.4629,28.804674,104.25,3.0614694e-05,0.46285927,2.004864
23.0,56.0,39.34948,29.75428,106.5,3.0820032e-05,-1.0281733,0.03590441
26.0,41.0,37.773117,29.366922,113.0,3.0658506e-05,-1.0063182,-0.21389978
28.0,28.0,36.7042,28.932573,120.5,3.0571195e-05,-0.70374113,1.9335114
31.0,28.0,40.05999,33.728115,143.5,3.111829e-05,0.31344795,2.5528288
33.0,28.0,42.549545,37.34084,166.5,3.1814445e-05,1.0524598,1.128625
34.0,28.0,39.99768,34.528477,161.75,3.2168533e-05,1.5117837,2.0807917
36.0,28.0,37.22126,31.752274,157.5,3.2559245e-05,1.324678,2.2046344
39.0,28.0,36.19123,31.185255,165.5,3.3228567e-05,1.2948897,1.5990556
41.0,28.0,35.4128,30.64935,176.0,3.404614e-05,1.634729,3.2083364
44.0,28.0,33.408607,28.83279,179.25,3.489341e-05,2.8764882,4.2645693
46.0,28.0,31.574139,27.05017,182.75,3.577612e-05,4.1304097,4.5872846
52.0,22.0,27.193893,22.963884,186.0,3.663886e-05,3.7122445,4.2704487
59.0,19.0,23.331875,19.522015,189.5,3.7500762e-05,3.3747678,3.8822262
60.0,13.0,23.263935,19.518257,198.5,3.8360973e-05,2.7536063,3.0581896
62.0,9.0,22.864908,19.238573,208.5,3.9219805e-05,3.442008,3.822737
