Vmax,Rmax_IBT,Rmax_CK22,Rmax_CK22_crr,R34,fcor,u_trans,v_trans
21.0,69.0,52.185257,43.475483,125.25,3.34076e-05,-6.4885616,1.6177806
23.0,46.0,46.582573,37.982437,125.25,3.3798577e-05,-5.9030786,1.8047506
22.0,50.0,49.846786,41.30479,125.25,3.431159e-05,-5.836497,2.0096672
21.0,56.0,52.27787,43.591732,125.25,3.47882e-05,-6.395002,1.9551464
22.0,56.0,52.768227,44.97985,132.0,3.5091027e-05,-6.987682,1.7422252
23.0,56.0,52.011063,44.72052,138.75,3.5282377e-05,-6.541069,1.3903457
23.0,56.0,52.017708,44.72906,138.75,3.540513e-05,-6.0379095,1.283396
23.0,56.0,52.02441,44.737682,138.75,3.5529305e-05,-6.014591,1.3885788
24.0,56.0,49.82324,42.574566,138.75,3.57388e-05,-5.9894414,1.4933358
26.0,56.0,46.81328,39.903915,138.75,3.6022833e-05,-6.014591,1.3885788
27.0,56.0,44.982307,38.12243,138.75,3.637376e-05,-5.5133753,1.272864
28.0,56.0,42.4544,35.49717,138.75,3.67623e-05,-5.5347505,1.1764463
29.0,56.0,41.581894,34.843204,141.0,3.7076166e-05,-5.5133753,1.272864
31.0,56.0,40.01511,33.675365,143.5,3.7500762e-05,-5.836497,2.0096672
32.0,50.0,42.864006,37.418453,159.5,3.823759e-05,-6.1555996,2.6128979
33.0,46.0,44.547474,39.8342,176.25,3.897458e-05,-5.836497,2.0096672
34.0,46.0,42.972996,38.158276,176.25,3.9379163e-05,-5.9624667,1.5976379
36.0,46.0,40.776447,35.983177,176.25,3.9709896e-05,-5.282572,2.0277884
36.0,46.0,41.240494,36.550835,178.5,4.0180184e-05,-4.9960704,2.6564584
36.0,46.0,41.694557,37.10973,180.75,4.0688625e-05,-5.128252,2.3913426
37.0,41.0,40.24195,35.570984,180.75,4.1196145e-05,-5.836497,2.0096672
39.0,37.0,38.213158,33.56042,180.75,4.1665367e-05,-5.9336767,1.7014533
37.0,37.0,41.127987,36.654533,185.25,4.199338e-05,-5.465595,1.4645014
36.0,37.0,43.54492,39.422523,190.0,4.239659e-05,-5.2463775,2.1196725
37.0,37.0,42.455933,38.30274,192.25,4.3017408e-05,-4.9003186,2.8291996
39.0,37.0,40.646954,36.508247,194.75,4.385554e-05,-4.9298167,3.7148848
42.0,24.0,35.98053,31.477287,194.75,4.4891593e-05,-5.122693,4.2984486
46.0,13.0,31.459652,26.923403,194.75,4.6034886e-05,-5.5167465,4.6290984
46.0,13.0,31.278864,26.72365,194.75,4.7120233e-05,-5.196931,4.208391
46.0,13.0,31.098995,26.525427,194.75,4.8202877e-05,-4.9695573,4.4746113
47.0,13.0,29.17035,24.550554,187.5,4.9264047e-05,-4.728565,4.728564
49.0,13.0,26.913988,22.380682,180.75,5.035898e-05,-4.3871984,5.0468936
51.0,15.0,26.025385,21.651304,194.25,5.155145e-05,-3.7148836,4.9298177
54.0,19.0,24.850533,20.70148,208.5,5.2740055e-05,-2.9142919,4.8501954
57.0,19.0,22.72799,18.780828,208.5,5.3841566e-05,-2.48048,5.085736
59.0,19.0,20.80032,17.011618,208.5,5.4869302e-05,-2.1739492,4.662047
