Vmax,Rmax_IBT,Rmax_CK22,Rmax_CK22_crr,R34,fcor,u_trans,v_trans
23.0,65.0,41.095646,31.66222,111.25,3.0315708e-05,-3.273622,3.273621
23.0,65.0,41.13476,31.705534,111.25,3.131743e-05,-3.8003547,4.8642335
24.0,74.0,40.168785,31.132887,113.25,3.2714142e-05,-4.3147345,6.396853
26.0,83.0,38.81078,30.50755,116.0,3.4293596e-05,-4.202434,6.4711823
27.0,83.0,37.35979,29.295805,116.0,3.575723e-05,-4.202434,6.4711823
28.0,83.0,35.332085,27.44747,116.0,3.7254722e-05,-4.837708,6.658533
31.0,56.0,37.328987,30.579458,133.5,3.883382e-05,-5.0671396,6.4856443
33.0,28.0,38.901405,32.959324,153.0,4.0444127e-05,-4.953178,6.57309
36.0,28.0,38.55937,33.32019,166.25,4.208555e-05,-4.7207646,6.741948
39.0,28.0,37.894833,33.182045,180.5,4.3612705e-05,-4.7504435,6.0802917
41.0,28.0,34.709,29.84154,180.5,4.4825276e-05,-4.532115,5.596693
44.0,28.0,31.842083,27.080027,180.5,4.6034886e-05,-3.8162665,6.107303
46.0,28.0,29.205431,24.469913,180.5,4.752942e-05,-3.260924,6.99307
49.0,28.0,26.77811,22.239124,180.5,4.916265e-05,-3.1383789,7.0489173
52.0,28.0,27.232792,23.004925,221.5,5.0836545e-05,-3.1383789,7.0489173
57.0,28.0,25.47534,21.578123,264.0,5.250265e-05,-2.5808234,6.723273
59.0,28.0,22.026438,18.215567,242.75,5.4095693e-05,-1.9551483,6.395001
62.0,28.0,18.529884,15.0026655,222.0,5.5576067e-05,-1.9551483,6.395001
