Vmax,Rmax_IBT,Rmax_CK22,Rmax_CK22_crr,R34,fcor,u_trans,v_trans
19.0,56.0,42.183086,30.437857,95.0,3.3902114e-05,-7.2506685,2.6390269
21.0,56.0,44.246986,34.026234,106.75,3.4293596e-05,-7.4592757,3.4783168
22.0,56.0,45.130585,35.66506,113.5,3.4997716e-05,-7.4592757,3.4783168
23.0,56.0,44.920273,36.015633,120.5,3.577612e-05,-7.827575,2.5433345
24.0,56.0,44.7788,36.404907,125.0,3.6447367e-05,-8.637137,1.3679888
26.0,56.0,43.697227,36.118877,130.0,3.700857e-05,-9.208477,0.967849
27.0,50.0,45.028034,38.1783,139.0,3.7432666e-05,-9.736408,0.8518253
28.0,46.0,45.306473,38.95739,148.0,3.7746686e-05,-10.2629385,0.7176556
31.0,46.0,43.78466,38.222733,157.0,3.8028928e-05,-10.248852,0.89665824
33.0,46.0,42.300034,37.034122,167.0,3.8238195e-05,-10.161337,1.6093985
34.0,50.0,40.84249,35.54418,167.0,3.8413622e-05,-10.098981,1.9630418
36.0,56.0,38.81164,33.619106,167.0,3.8483773e-05,-9.223967,0.8069924
36.0,56.0,40.82821,36.046318,176.0,3.845331e-05,-8.711524,-0.7621593
36.0,56.0,42.843838,38.539574,185.0,3.8238195e-05,-9.560022,-2.0320477
37.0,46.0,43.351982,39.431313,194.5,3.778293e-05,-10.4815235,-2.6133375
39.0,37.0,43.044724,39.507336,204.0,3.7254722e-05,-9.625117,-1.6971673
41.0,37.0,41.685448,38.204937,215.25,3.684691e-05,-8.210351,-0.5741242
44.0,37.0,40.273567,36.978992,226.75,3.651592e-05,-8.723498,-0.610007
45.0,37.0,40.353973,37.23993,236.25,3.6251084e-05,-9.208477,-0.9678487
46.0,37.0,39.71807,36.603275,245.5,3.6022833e-05,-8.169052,-1.0030354
49.0,22.0,38.060658,34.980755,257.0,3.5774745e-05,-7.1315145,-1.0022701
51.0,9.0,36.381927,33.196102,268.5,3.5529305e-05,-7.1315145,-1.0022701
54.0,9.0,34.564667,31.363379,278.0,3.5244928e-05,-7.658486,-0.94034576
57.0,9.0,32.777534,29.565687,287.0,3.5035337e-05,-7.7054253,-0.40382555
60.0,9.0,29.846766,26.49658,291.5,3.4997873e-05,-7.2016,8.587822e-08
64.0,9.0,26.793116,23.441729,296.0,3.5035337e-05,-7.2016,8.587822e-08
68.0,19.0,24.379808,21.125008,298.5,3.5053654e-05,-7.197213,-0.25133413
72.0,28.0,21.935709,18.813963,300.75,3.5035337e-05,-6.1127267,-0.85908866
72.0,30.0,22.095547,18.975496,305.75,3.4892135e-05,-5.5724363,-0.9825706
72.0,31.0,22.229116,19.11075,310.25,3.47882e-05,-6.1690397,0.21542646
72.0,31.0,22.221674,19.103209,315.0,3.4893637e-05,-6.5643377,1.2759771
72.0,31.0,22.186077,19.067142,319.5,3.5035337e-05,-6.149311,0.5379949
73.0,31.0,21.689983,18.609694,326.25,3.5034744e-05,-5.644616,-0.3947104
75.0,31.0,20.877697,17.8778,333.0,3.5035337e-05,-5.1408668,-0.17952439
77.0,33.0,19.415133,16.506788,333.0,3.512107e-05,-5.1314692,0.3588278
80.0,37.0,18.032166,15.264113,333.0,3.5282377e-05,-5.5724363,0.98257077
