Vmax,Rmax_IBT,Rmax_CK22,Rmax_CK22_crr,R34,fcor,u_trans,v_trans
23.0,65.0,54.033325,47.35401,143.5,3.817044e-05,-2.7972286,-1.3043687
23.0,56.0,54.050724,47.37696,143.5,3.8483773e-05,-2.774038,-1.3529882
23.0,56.0,50.48813,42.781487,134.0,4.02545e-05,-2.9812334,-0.79881895
23.0,56.0,50.49734,42.793102,134.0,4.0444127e-05,-3.0563633,-0.42954433
23.0,56.0,48.558006,40.378582,129.0,4.046241e-05,-3.0821702,-0.16153023
23.0,56.0,47.16931,38.687466,125.0,4.0444127e-05,-3.0694926,-0.32261625
22.0,56.0,50.58383,42.21887,125.0,4.052953e-05,-3.0189548,-0.6416993
21.0,56.0,53.108356,44.64033,125.0,4.0688625e-05,-2.9947207,-0.74666786
21.0,56.0,52.66487,44.078983,124.5,4.0877927e-05,-3.443462,-1.0527729
21.0,56.0,53.14211,44.68318,125.0,4.1177245e-05,-3.2634332,-1.5217636
19.0,56.0,57.379288,48.302944,125.0,4.164679e-05,-3.5274143,-2.1194856
18.0,56.0,60.54896,51.347874,125.0,4.2152973e-05,-3.6335058,-1.9319696
18.0,56.0,60.58204,51.39158,125.0,4.2518237e-05,-3.7594223,-1.6738026
18.0,56.0,60.61501,51.435154,125.0,4.288343e-05,-3.7594223,-1.6738026
21.0,65.0,51.68674,42.852135,122.0,4.5533096e-05,-4.4502573,-1.27609
23.0,65.0,53.518875,46.67771,141.0,4.5793287e-05,-3.867023,-1.407481
23.0,65.0,54.773567,48.334732,144.25,4.6173747e-05,-3.8155465,-1.5415819
23.0,65.0,56.32602,50.420677,148.0,4.651767e-05,-3.4046233,-1.1723058
26.0,59.0,50.351433,44.396877,148.0,4.6674046e-05,-3.0189548,-0.6416993
28.0,56.0,45.334423,38.99197,148.0,4.675884e-05,-3.5657573,-0.50113505
28.0,56.0,45.33443,38.991978,148.0,4.6843157e-05,-3.5657573,-0.50113505
28.0,56.0,45.334503,38.992065,148.0,4.6999867e-05,-3.5085118,-0.81000423
31.0,56.0,43.655556,38.063072,157.5,4.7361253e-05,-3.4245641,-1.1127088
33.0,56.0,41.92478,36.57478,166.5,4.7722115e-05,-2.4461174,-0.79479206
36.0,56.0,38.276268,32.986004,166.5,4.7878242e-05,-1.9778922,-0.5671511
39.0,56.0,35.093544,29.923845,166.5,4.796257e-05,-1.4591242,-0.5024168
