Vmax,Rmax_IBT,Rmax_CK22,Rmax_CK22_crr,R34,fcor,u_trans,v_trans
22.0,120.0,56.236378,49.522953,142.5,3.5916048e-05,-11.5279665,-2.6614423
26.0,111.0,67.24263,68.707306,201.75,3.651592e-05,-9.483282,-2.364448
28.0,93.0,66.38092,68.722534,217.25,3.7031212e-05,-7.5473866,-1.6042483
31.0,74.0,64.27672,67.085106,233.75,3.7254722e-05,-6.6780353,0.3499823
31.0,65.0,62.89648,64.92132,228.0,3.6848163e-05,-6.515807,1.5042937
31.0,56.0,61.62407,62.954693,222.5,3.651592e-05,-5.6506453,-0.29613873
32.0,50.0,59.23703,59.785404,222.5,3.7002075e-05,-5.041671,-2.5688608
33.0,46.0,56.949852,56.796967,222.5,3.7746686e-05,-3.9683414,-2.3844213
33.0,41.0,65.631996,70.19358,259.25,3.81825e-05,-3.5274143,-2.1194856
33.0,37.0,74.128586,84.51749,296.25,3.872924e-05,-3.3302557,-3.2159903
33.0,37.0,74.170815,84.59165,297.25,3.9709576e-05,-3.6371493,-4.334586
33.0,37.0,74.31232,84.840485,298.5,4.0688625e-05,-4.0535274,-3.1669629
35.0,31.0,66.3839,72.251396,297.0,4.1269246e-05,-4.6620474,-2.173948
38.0,26.0,59.599777,62.497158,296.0,4.1665367e-05,-3.2083359,-1.6347296
40.0,26.0,55.30214,56.567158,291.5,4.2030497e-05,-2.0267637,-1.5834814
41.0,26.0,51.3785,51.139175,287.0,4.239659e-05,-2.9851987,-2.0135417
42.0,26.0,49.264297,48.400463,287.0,4.2920452e-05,-3.5274143,-2.1194856
43.0,26.0,47.260246,45.860714,287.0,4.3369746e-05,-1.6432723,-1.2382948
47.0,31.0,41.375362,38.82572,287.0,4.3490854e-05,0.0,0.5144
51.0,37.0,35.7444,32.43726,287.0,4.3612705e-05,-1.4549428,-1.4549431
