Vmax,Rmax_IBT,Rmax_CK22,Rmax_CK22_crr,R34,fcor,u_trans,v_trans
18.0,56.0,25.408758,14.572074,56.0,2.7278058e-05,-2.9668384,0.85072666
18.0,56.0,25.409775,14.57286,56.0,2.7328068e-05,-3.5739603,0.43882644
19.0,50.0,26.000954,15.431831,60.0,2.7077866e-05,-3.6008,4.293911e-08
21.0,46.0,26.324257,16.434284,65.0,2.6827835e-05,-4.6183224,0.322945
22.0,46.0,28.8442,18.972446,74.25,2.6877815e-05,-5.1056576,0.6268949
23.0,46.0,30.519077,20.870516,83.25,2.707799e-05,-5.6368685,0.49316204
26.0,46.0,30.633114,22.002514,92.25,2.7309308e-05,-5.1314692,0.3588278
28.0,46.0,30.98158,22.945932,101.75,2.7578055e-05,-3.556468,0.56328946
31.0,46.0,40.637028,34.409306,145.25,2.7808968e-05,-1.8648189,0.8695792
33.0,46.0,48.582893,45.072723,190.0,2.807779e-05,-1.6214108,1.2667851
33.0,46.0,48.56895,45.05416,190.0,2.8340095e-05,-2.36432,1.9838994
33.0,46.0,48.54283,45.01939,190.0,2.882674e-05,-2.6334584,2.4557397
33.0,46.0,54.0837,52.64967,212.5,2.9711973e-05,-2.4557393,2.6334586
33.0,46.0,59.70281,60.909084,236.25,3.0820032e-05,-2.119485,3.5274146
33.0,46.0,59.595287,60.746117,236.25,3.193823e-05,-1.9565544,4.1958423
33.0,46.0,59.486088,60.5808,236.25,3.305528e-05,-2.8764894,4.264569
33.0,46.0,58.836494,59.60147,234.0,3.40653e-05,-3.508199,3.7620838
33.0,46.0,58.1909,58.635128,231.5,3.5035337e-05,-3.637358,3.6373568
33.0,46.0,58.098576,58.497505,231.5,3.598547e-05,-3.097807,3.4404635
33.0,46.0,57.99785,58.347507,231.5,3.700857e-05,-2.850266,3.648175
34.0,46.0,55.713486,55.363354,231.5,3.8219645e-05,-2.6493561,4.4092684
36.0,46.0,52.517044,51.439384,231.5,3.9464914e-05,-2.2121344,5.762805
36.0,46.0,52.36943,51.23091,231.5,4.0529514e-05,-2.3843749,7.338352
36.0,46.0,52.21086,51.007366,231.5,4.1665367e-05,-3.347604,7.5188456
36.0,46.0,52.000328,50.71121,231.5,4.316276e-05,-4.7627587,7.3340073
36.0,46.0,51.798996,50.42868,231.5,4.458322e-05,-5.180398,5.0026517
37.0,46.0,49.6991,47.804432,231.5,4.5467074e-05,-5.345802,3.0863996
39.0,46.0,46.7926,44.38379,231.5,4.627635e-05,-5.1174836,3.451786
40.0,46.0,43.541264,40.356983,223.0,4.7391073e-05,-4.6453204,4.810368
41.0,46.0,39.7924,35.857273,215.25,4.868306e-05,-3.9306378,5.410058
41.0,46.0,39.554752,35.56667,215.25,5.0083698e-05,-3.3436012,5.7912846
41.0,46.0,39.30581,35.263245,215.25,5.155148e-05,-4.23897,7.054829
42.0,37.0,39.47902,35.656918,229.75,5.3048043e-05,-4.8900323,7.249767
44.0,28.0,38.724796,35.07501,245.5,5.439729e-05,-4.2083926,5.1969295
