Vmax,Rmax_IBT,Rmax_CK22,Rmax_CK22_crr,R34,fcor,u_trans,v_trans
22.0,50.0,35.541245,25.314032,90.5,3.3903685e-05,-2.48048,5.085736
23.0,46.0,33.324165,23.554167,90.5,3.5035337e-05,-2.998495,4.7985954
23.0,46.0,33.708042,23.931448,91.5,3.630599e-05,-4.0497217,4.658671
23.0,46.0,34.267784,24.485897,93.0,3.7500762e-05,-4.8907084,4.5606594
23.0,46.0,37.832874,28.137693,102.0,3.841641e-05,-5.5167465,4.6290984
23.0,46.0,41.419426,32.021484,111.0,3.9219805e-05,-4.72864,3.9677987
26.0,41.0,43.568314,35.96575,129.0,4.0058552e-05,-3.7620835,3.5081997
28.0,37.0,45.32827,38.984356,148.0,4.093299e-05,-3.097807,3.4404635
31.0,37.0,47.14888,42.481064,170.0,4.1872558e-05,-3.1669621,4.053528
33.0,37.0,48.16369,44.515938,192.0,4.288343e-05,-3.2455256,4.6350894
33.0,37.0,49.444992,46.22695,197.75,4.3958415e-05,-3.2710857,5.2348313
33.0,37.0,50.723003,47.960766,203.5,4.506766e-05,-3.0864012,5.3458014
33.0,28.0,51.19425,48.606934,205.75,4.6137407e-05,-3.0864012,5.3458014
33.0,19.0,51.654266,49.24127,208.25,4.7240763e-05,-3.3619473,5.176946
36.0,19.0,46.69599,43.49133,208.25,4.8460835e-05,-3.9306378,5.410058
39.0,19.0,42.304882,38.571903,208.25,4.9641636e-05,-3.6371503,4.334585
39.0,19.0,45.233215,42.32688,226.75,5.068741e-05,-3.215991,3.3302548
39.0,19.0,47.934216,45.914898,245.5,5.155148e-05,-3.0096667,2.8065598
40.0,19.0,46.02252,43.588966,245.5,5.218178e-05,-2.5013263,2.590198
41.0,19.0,43.138054,40.045914,245.25,5.2740055e-05,-2.0653346,2.9496024
40.0,19.0,45.71061,43.177162,245.25,5.3433363e-05,-1.5217645,3.2634327
39.0,19.0,47.50925,45.342453,245.25,5.4161024e-05,-1.4069444,3.314554
40.0,28.0,48.882515,47.438988,270.75,5.4851458e-05,-1.5784872,3.2363775
41.0,37.0,48.41209,47.01856,296.5,5.5576067e-05,-2.0576007,3.5638676
41.0,37.0,48.670837,47.37228,301.0,5.636374e-05,-2.180724,3.4898875
41.0,37.0,48.877754,47.655937,305.5,5.721923e-05,-1.7391595,3.7296374
41.0,37.0,49.02129,47.85311,310.5,5.8171554e-05,-1.2716665,3.9137878
41.0,37.0,49.14521,48.023613,315.0,5.9086666e-05,-1.4747562,3.84187
44.0,31.0,42.92362,40.326244,310.5,5.9801503e-05,-1.634729,3.2083364
44.0,30.0,41.698433,38.764698,308.5,6.002303e-05,-2.3148007,4.009351
46.0,28.0,37.59911,34.01599,305.5,6.0479695e-05,-2.721211,3.745425
