Vmax,Rmax_IBT,Rmax_CK22,Rmax_CK22_crr,R34,fcor,u_trans,v_trans
23.0,46.0,23.96343,15.10113,65.0,5.175383e-05,-1.2484752,0.9070699
23.0,46.0,23.967058,15.104129,65.0,5.2027382e-05,-1.5762132,1.3225996
24.0,46.0,34.38657,25.014906,96.0,5.2265073e-05,-1.5528908,1.3499067
26.0,46.0,43.2186,35.551758,127.5,5.250265e-05,-1.5990556,1.2948897
27.0,41.0,43.573544,36.418385,133.75,5.272217e-05,-1.5990556,1.2948897
28.0,37.0,43.231136,36.426113,141.25,5.2977284e-05,-1.3499072,1.5528904
29.0,31.0,42.469276,35.90074,144.5,5.3297357e-05,-1.209427,1.6646333
31.0,28.0,41.02471,34.87008,148.0,5.3688025e-05,-1.7866617,1.8501415
36.0,19.0,36.930878,31.415932,162.0,5.4160893e-05,-2.3293362,2.0248601
41.0,9.0,33.11458,28.041286,176.0,5.4633376e-05,-1.7540995,1.8810419
46.0,13.0,29.774235,25.081362,192.0,5.498726e-05,-1.4382447,2.1322844
51.0,19.0,26.423294,22.064066,208.5,5.5340646e-05,-1.376803,1.5290949
57.0,19.0,22.436195,18.490412,210.75,5.579354e-05,-1.6214108,1.2667851
62.0,19.0,19.101913,15.545849,213.0,5.6281307e-05,-1.5762132,1.3225996
63.0,19.0,18.405193,14.935525,213.0,5.676827e-05,-1.818679,1.8186784
64.0,19.0,17.463787,14.099265,213.0,5.721923e-05,-1.7866617,1.8501415
