Vmax,Rmax_IBT,Rmax_CK22,Rmax_CK22_crr,R34,fcor,u_trans,v_trans
19.0,74.0,49.76182,38.89079,111.0,3.5405832e-05,1.1274906,2.3116984
21.0,74.0,46.258804,36.32472,111.0,3.6022833e-05,2.0652049,2.2936423
22.0,74.0,46.092434,36.785877,115.5,3.6602116e-05,3.152426,2.6451995
23.0,74.0,44.923004,36.018826,120.5,3.7254722e-05,3.0096667,2.8065596
24.0,69.0,48.198704,40.541935,134.25,3.807859e-05,2.6451995,3.152426
26.0,65.0,50.099182,44.069687,148.25,3.897458e-05,2.0135417,2.9851987
28.0,65.0,48.175293,42.57453,157.25,3.9850547e-05,1.4011962,2.7500026
31.0,65.0,46.31536,41.408447,166.75,4.0688625e-05,1.5217639,3.263433
33.0,59.0,45.03189,40.44874,178.0,4.1476527e-05,1.803985,3.6987174
36.0,56.0,43.606747,39.50078,190.0,4.2152973e-05,1.6904733,3.1793177
37.0,50.0,44.769615,41.24385,203.75,4.2694563e-05,1.5896136,2.6455612
39.0,46.0,44.836784,41.810318,217.5,4.3126656e-05,1.349907,1.5528905
39.0,46.0,45.59988,42.806946,222.25,4.348299e-05,1.5990556,1.2948897
39.0,46.0,46.34308,43.78676,226.75,4.385554e-05,2.0652049,2.2936423
41.0,46.0,42.97672,39.839745,231.5,4.4340795e-05,2.6554296,3.7923465
41.0,46.0,44.09735,41.280502,240.5,4.5551555e-05,3.7620835,3.5081995
42.0,46.0,44.52115,42.029617,257.0,4.6229612e-05,4.5418825,2.414962
44.0,46.0,43.686592,41.310875,273.0,4.675884e-05,4.691026,3.1641371
45.0,41.0,42.25978,39.64298,277.75,4.757765e-05,4.001093,4.001093
46.0,37.0,39.90435,36.834145,282.25,4.868306e-05,4.387198,5.046894
