Vmax,Rmax_IBT,Rmax_CK22,Rmax_CK22_crr,R34,fcor,u_trans,v_trans
19.0,83.0,141.21956,212.57463,291.5,4.3472774e-05,-4.735077,2.0099213
21.0,93.0,130.07664,190.16942,291.5,4.3612705e-05,-5.041672,2.5688584
23.0,83.0,121.44617,173.46877,310.25,4.3885415e-05,-5.291123,3.179226
26.0,74.0,113.04905,158.44441,328.5,4.4340795e-05,-5.4100595,3.9306364
28.0,74.0,100.7803,133.19081,333.0,4.510368e-05,-5.340635,4.0244584
31.0,74.0,89.98039,113.180214,337.75,4.5793287e-05,-6.010416,2.9314744
32.0,59.0,86.633896,107.19444,342.5,4.5950157e-05,-6.4885616,1.6177806
33.0,46.0,81.35884,97.65196,347.0,4.6034886e-05,-6.0379095,1.283396
34.0,46.0,77.36386,90.78111,347.0,4.6427012e-05,-5.465595,1.4645014
36.0,46.0,71.7575,81.69533,347.0,4.6999867e-05,-5.7628055,2.2121327
39.0,41.0,63.977577,69.690346,351.75,4.772121e-05,-5.594457,2.6087375
41.0,37.0,56.94536,59.25841,356.25,4.844305e-05,-6.1090612,2.7199292
42.0,37.0,55.05176,56.667774,368.0,4.8976897e-05,-6.243039,2.3964772
44.0,37.0,51.791683,52.348125,379.25,4.9402213e-05,-5.3501225,1.8421949
45.0,24.0,49.48931,49.28712,384.25,4.9760307e-05,-4.892235,1.5895841
46.0,13.0,46.088802,44.81278,388.75,5.012002e-05,-5.3814583,1.7485425
46.0,15.0,45.833923,44.471916,388.75,5.058025e-05,-5.836497,2.0096672
46.0,19.0,45.561096,44.108204,388.75,5.1074945e-05,-4.9192324,1.5039588
47.0,19.0,43.25167,41.22973,391.0,5.1532577e-05,-4.4030113,1.4306257
49.0,19.0,39.99712,37.368618,393.25,5.2027382e-05,-4.623397,2.2549803
50.0,22.0,37.746704,34.72305,393.25,5.26038e-05,-5.291123,3.179226
51.0,28.0,34.71437,31.224586,393.25,5.321436e-05,-4.798595,2.9984958
52.0,28.0,32.789722,29.108269,395.75,5.37877e-05,-4.454835,2.5719995
54.0,28.0,30.15057,26.339577,398.0,5.439729e-05,-4.9960704,2.6564584
55.0,31.0,28.360481,24.473728,402.5,5.5089105e-05,-4.9489484,2.7432468
57.0,37.0,25.919266,22.040787,407.25,5.581132e-05,-4.798595,2.9984958
62.0,37.0,19.801022,16.216213,407.25,5.6516048e-05,-4.797167,3.8846688
