Vmax,Rmax_IBT,Rmax_CK22,Rmax_CK22_crr,R34,fcor,u_trans,v_trans
19.0,74.0,43.55215,31.897564,97.25,3.7463382e-05,-4.8637476,1.6747227
21.0,74.0,42.53611,32.122993,102.0,3.7746686e-05,-5.317157,1.9352864
22.0,74.0,41.546444,31.621109,104.25,3.8060007e-05,-5.7628055,2.2121327
23.0,74.0,39.744614,30.181654,106.5,3.8483773e-05,-5.0857368,2.4804783
24.0,74.0,44.025215,35.51919,123.0,3.9022794e-05,-4.8501964,2.9142904
26.0,74.0,46.943584,40.06571,138.75,3.9709896e-05,-4.8501964,2.9142904
28.0,56.0,45.325363,38.98076,148.0,4.060291e-05,-5.5000057,2.802391
31.0,37.0,43.743515,38.171818,157.5,4.142137e-05,-5.8005347,2.1112216
34.0,37.0,40.72275,35.3995,166.5,4.1841642e-05,-5.9624667,1.5976379
39.0,37.0,37.353336,32.542202,176.0,4.2152973e-05,-6.2839127,2.2871566
41.0,37.0,35.97963,31.305807,185.25,4.2621916e-05,-6.578989,2.9291546
44.0,37.0,34.532486,30.114582,194.25,4.3126656e-05,-6.8491282,2.2254176
47.0,31.0,31.188349,26.747875,196.5,4.3629858e-05,-7.044228,1.4972953
51.0,28.0,27.8344,23.547684,199.0,4.409823e-05,-7.017023,1.6200086
57.0,20.0,24.755785,20.834497,208.25,4.4444118e-05,-6.395002,1.9551464
62.0,13.0,21.946335,18.318014,217.75,4.4825505e-05,-5.3501225,1.8421949
65.0,13.0,19.800058,16.370983,217.75,4.5393106e-05,-4.802338,1.843444
69.0,13.0,17.634266,14.479791,217.75,4.6034886e-05,-5.128252,2.3913426
75.0,13.0,15.448162,12.657843,224.5,4.6655856e-05,-6.010416,2.9314744
80.0,13.0,13.46977,10.995766,231.25,4.7240763e-05,-6.677208,2.697765
80.0,13.0,13.370517,10.905968,241.25,4.7758327e-05,-6.886925,2.1055422
80.0,13.0,13.259779,10.805934,250.25,4.8202877e-05,-6.4885616,1.6177806
81.0,13.0,12.751891,10.37446,263.75,4.8525846e-05,-6.014591,1.3885788
82.0,13.0,11.980093,9.709345,277.75,4.892293e-05,-6.2839127,2.2871566
83.0,17.0,11.209214,9.050033,296.5,4.9659746e-05,-6.5268664,3.0435271
85.0,22.0,10.193607,8.202256,315.0,5.035898e-05,-6.3228717,2.1771395
86.0,22.0,9.711376,7.8025737,319.5,5.0632894e-05,-6.0379095,1.283396
87.0,22.0,9.092491,7.286511,324.25,5.083645e-05,-5.4903216,1.3688912
