Vmax,Rmax_IBT,Rmax_CK22,Rmax_CK22_crr,R34,fcor,u_trans,v_trans
18.0,74.0,30.10904,18.373346,65.0,4.0688625e-05,1.5784868,3.2363777
18.0,65.0,25.714682,14.808982,55.75,4.1177245e-05,0.21529637,3.0788817
18.0,65.0,31.285631,19.378914,67.0,4.2198415e-05,-0.50113446,3.5657573
18.0,65.0,36.939,24.512201,79.0,4.3126656e-05,-2.1164973,2.9131083
18.0,65.0,39.17859,26.683863,83.5,4.3369746e-05,-2.7983472,2.2660568
21.0,65.0,34.58275,23.89597,83.5,4.385554e-05,-3.1524265,2.6451993
22.0,65.0,33.99058,23.780745,85.75,4.450058e-05,-3.54648,2.9758492
23.0,65.0,32.71995,22.965221,88.0,4.5309676e-05,-2.97585,3.5464787
23.0,65.0,34.512466,24.72988,92.5,4.634866e-05,-2.7259047,4.3623595
23.0,65.0,36.315228,26.557693,97.5,4.7240763e-05,-2.7861626,3.6973631
24.0,65.0,34.788055,25.421925,97.5,4.733381e-05,-2.476589,3.286545
26.0,65.0,32.70863,24.056114,97.5,4.7722115e-05,-0.64375865,4.064535
26.0,65.0,34.327232,25.707201,102.0,4.916265e-05,0.80469894,5.080669
28.0,56.0,31.13705,23.101372,102.0,5.1074945e-05,0.8776543,7.14792
28.0,56.0,33.283257,25.288261,108.75,5.3007057e-05,0.8069924,9.223967
28.0,56.0,35.426037,27.548155,115.75,5.510506e-05,0.7176546,10.262939
28.0,56.0,38.27549,30.67175,124.75,5.753513e-05,0.37699834,10.79582
28.0,56.0,41.112854,33.916393,134.5,6.0016075e-05,-0.37699947,10.79582
29.0,56.0,42.78322,36.278023,145.75,6.2246145e-05,-1.0753908,10.231641
31.0,56.0,43.204903,37.507935,157.5,6.43901e-05,-1.0216212,9.720058
