Vmax,Rmax_IBT,Rmax_CK22,Rmax_CK22_crr,R34,fcor,u_trans,v_trans
19.0,74.0,71.57134,68.28804,157.0,3.385612e-05,-8.049631,3.4168665
20.0,74.0,129.01512,184.76526,287.0,3.47882e-05,-7.1541514,2.8904626
26.0,56.0,43.983574,36.45998,133.0,3.769104e-05,-3.7002842,3.5733225
26.0,56.0,44.49409,37.0715,134.5,3.872924e-05,-4.3345866,3.6371489
27.0,50.0,49.09545,43.286457,151.25,3.9624894e-05,-4.5777426,3.325923
28.0,46.0,52.72747,48.59531,168.75,4.0444127e-05,-3.997639,3.237224
29.0,56.0,50.809643,46.481552,173.0,4.1268497e-05,-3.3302557,3.2159903
31.0,65.0,49.301838,45.305183,178.25,4.1909232e-05,-2.590199,2.5013258
33.0,56.0,46.770752,42.686817,186.25,4.2134277e-05,-1.818679,1.8186784
36.0,46.0,44.59211,40.756493,194.5,4.239659e-05,-2.4557393,2.6334586
41.0,46.0,37.066277,32.578888,189.75,4.319387e-05,-2.6998143,3.1057808
46.0,46.0,30.507309,25.876999,185.0,4.409823e-05,-2.0653346,2.9496024
52.0,46.0,26.139938,21.860811,195.25,4.475861e-05,-1.2860005,2.2274172
59.0,46.0,22.462536,18.649178,205.75,4.5309676e-05,-1.4008113,2.1570609
57.0,33.0,24.287716,20.35496,209.25,4.5865952e-05,-1.5834811,2.026764
54.0,22.0,26.434383,22.341312,213.5,4.627635e-05,-1.2382945,1.6432725
62.0,22.0,21.375248,17.751925,230.0,4.6433106e-05,-0.79480684,1.3227805
71.0,22.0,16.790487,13.765409,247.75,4.651767e-05,-0.8404868,1.2942365
73.0,24.0,16.279835,13.3618145,258.75,4.6740803e-05,-0.79480684,1.3227805
74.0,26.0,15.6585865,12.819216,271.0,4.6999867e-05,-0.36868906,0.9604675
