Vmax,Rmax_IBT,Rmax_CK22,Rmax_CK22_crr,R34,fcor,u_trans,v_trans
19.0,56.0,24.275324,14.0761595,56.0,3.4330344e-05,-6.0790215,1.0718954
21.0,56.0,22.598978,13.428873,56.0,3.454095e-05,-6.126789,0.75227386
22.0,46.0,25.29777,15.909816,65.0,3.468263e-05,-6.149311,0.5379949
23.0,37.0,23.757162,14.931023,64.75,3.47882e-05,-6.149311,0.5379949
24.0,37.0,23.63158,15.099235,67.0,3.4930035e-05,-6.661753,0.58282787
26.0,37.0,23.076815,15.12942,69.5,3.5035337e-05,-6.6831264,0.23337866
27.0,37.0,24.49961,16.593147,76.25,3.5035056e-05,-6.6872,7.974406e-08
28.0,37.0,25.35949,17.595339,83.75,3.5035337e-05,-6.1690397,0.21542646
28.0,37.0,25.360199,17.595982,83.75,3.515837e-05,-6.149311,0.5379949
28.0,37.0,25.36097,17.596678,83.75,3.5282377e-05,-6.1690397,0.21542646
28.0,37.0,25.360971,17.59668,83.75,3.528201e-05,-6.1728,7.3609904e-08
28.0,37.0,25.36097,17.596678,83.75,3.5282377e-05,-6.1690397,0.21542646
28.0,37.0,25.361685,17.597324,83.75,3.5405486e-05,-6.149311,0.5379949
28.0,37.0,25.362436,17.598003,83.75,3.5529305e-05,-6.1643405,0.32306057
28.0,37.0,26.785225,18.902424,88.25,3.5547586e-05,-6.1728,7.3609904e-08
28.0,37.0,28.208899,20.241386,92.75,3.5529305e-05,-5.6584,6.7475746e-08
27.0,41.0,31.312218,22.979927,97.25,3.552887e-05,-5.6584,6.7475746e-08
26.0,46.0,34.12324,25.496721,102.0,3.5529305e-05,-5.6584,6.7475746e-08
26.0,46.0,34.12361,25.497103,102.0,3.554763e-05,-5.6584,6.7475746e-08
26.0,46.0,34.12324,25.496721,102.0,3.5529305e-05,-5.1369505,-0.26921704
27.0,46.0,33.57748,25.27449,104.25,3.540569e-05,-5.115821,-0.53769374
28.0,46.0,32.471653,24.452261,106.5,3.5282377e-05,-4.6183224,-0.32294488
29.0,46.0,32.02079,24.281004,108.75,3.5263576e-05,-4.1152,4.9073268e-08
31.0,46.0,31.056137,23.817831,111.25,3.5282377e-05,-3.6008,4.293911e-08
32.0,41.0,32.515953,25.583984,120.25,3.526364e-05,-3.6008,4.293911e-08
33.0,37.0,33.294895,26.657148,129.75,3.5282377e-05,-3.5958652,0.188452
33.0,37.0,34.44135,27.903345,134.25,3.535017e-05,-3.5657573,0.5011352
33.0,37.0,35.578537,29.161057,139.25,3.5529305e-05,-3.4613113,0.9925145
34.0,37.0,33.85624,27.500856,136.75,3.5825495e-05,-3.2894945,1.4645773
36.0,37.0,31.721447,25.618727,134.5,3.626943e-05,-2.9851987,2.0135417
36.0,37.0,31.696896,25.592468,134.5,3.6829973e-05,-2.5013263,2.590198
36.0,37.0,31.667332,25.56086,134.5,3.7500762e-05,-1.8545493,3.0864878
37.0,31.0,30.662947,24.68288,134.5,3.8219678e-05,-0.9537499,2.935341
39.0,28.0,29.254187,23.54537,134.5,3.897458e-05,-0.37613782,3.0633945
39.0,28.0,29.213995,23.5034,134.5,3.967314e-05,0.053865105,3.08593
39.0,28.0,29.169514,23.456987,134.5,4.0444127e-05,0.0,3.6008
40.0,28.0,29.157888,23.601913,139.0,4.1366446e-05,0.07182014,4.1145735
41.0,28.0,28.653648,23.224174,143.75,4.239659e-05,0.56420636,4.595092
41.0,28.0,28.569706,23.136633,143.75,4.3473075e-05,0.962548,4.5284324
41.0,28.0,28.482948,23.046274,143.75,4.458322e-05,0.72422904,4.5726023
42.0,31.0,27.949678,22.633018,146.0,4.565424e-05,0.48392498,4.6042385
44.0,37.0,26.992472,21.903872,148.25,4.675884e-05,1.1571481,5.01216
