Vmax,Rmax_IBT,Rmax_CK22,Rmax_CK22_crr,R34,fcor,u_trans,v_trans
19.0,65.0,25.98662,15.420376,59.0,3.6878526e-05,-7.648375,4.2395635
21.0,65.0,30.449572,20.02391,74.0,3.7746686e-05,-8.175388,4.346932
21.0,96.0,50.434025,41.303436,119.666664,3.900497e-05,-9.1666765,4.670652
21.0,130.0,61.528053,55.900143,143.5,4.0444127e-05,-9.897897,5.4864936
22.0,130.0,64.287796,60.824512,157.0,4.1896274e-05,-9.700393,5.828581
23.0,130.0,65.50708,63.56361,171.25,4.3126656e-05,-8.175388,4.346932
23.0,124.0,73.493164,76.11847,191.5,4.387932e-05,-6.7232733,2.5808215
23.0,120.0,81.99731,90.63599,213.0,4.4340795e-05,-6.4885616,1.6177806
23.0,106.0,82.39711,91.34765,214.0,4.4685017e-05,-6.541069,1.3903457
23.0,93.0,82.98641,92.401405,215.25,4.506766e-05,-5.9030786,1.8047506
24.0,93.0,79.28534,86.975914,215.5,4.566655e-05,-4.9489484,2.7432468
26.0,93.0,74.54532,80.68242,217.75,4.651767e-05,-4.6586723,4.0497203
28.0,93.0,67.75181,70.914856,222.0,4.7685044e-05,-4.560659,4.890709
31.0,93.0,61.922436,63.413425,227.0,4.892293e-05,-4.6453204,4.810368
32.0,74.0,61.551456,63.307156,236.5,4.995242e-05,-4.9695573,4.4746113
33.0,56.0,59.952957,61.28898,247.5,5.083645e-05,-5.196931,4.208391
33.0,56.0,60.52054,62.15481,251.0,5.163288e-05,-5.0564623,3.540572
33.0,56.0,61.191216,63.184826,254.5,5.22651e-05,-4.5777426,3.325923
33.0,56.0,61.120987,63.07662,254.5,5.2740055e-05,-3.374768,3.882226
36.0,56.0,54.015057,53.575375,252.5,5.4161024e-05,-1.9269764,4.769434
40.0,56.0,46.308937,43.968517,253.25,5.5260323e-05,-0.49316368,5.636868
44.0,56.0,38.98482,35.39198,254.75,5.6516048e-05,0.0,7.716
45.0,39.0,38.905987,35.453,279.0,5.85507e-05,-0.16159719,9.25779
46.0,22.0,37.153694,33.481228,305.5,6.0711227e-05,-1.0657239,8.679618
