Vmax,Rmax_IBT,Rmax_CK22,Rmax_CK22_crr,R34,fcor,u_trans,v_trans
18.0,74.0,49.790455,38.039307,106.5,3.0085612e-05,-4.052681,0.7145969
18.0,74.0,49.80596,38.057194,106.5,3.0322259e-05,-3.890998,1.3397782
21.0,74.0,43.990875,33.73832,106.5,3.0707888e-05,-2.5884728,1.6809741
23.0,74.0,39.36368,29.769602,106.5,3.131743e-05,-1.3629524,2.1811798
24.0,69.0,37.783047,28.54192,106.5,3.216821e-05,0.0,2.572
26.0,65.0,35.61097,27.047585,106.5,3.305528e-05,0.64169866,3.0189548
26.0,65.0,35.624527,27.061892,106.5,3.3693446e-05,0.85072714,2.9668381
26.0,65.0,35.637215,27.075275,106.5,3.4293596e-05,0.5889129,3.029694
27.0,56.0,36.1273,27.95932,112.0,3.5035246e-05,0.31383038,3.587098
28.0,46.0,36.031616,28.200687,118.0,3.577612e-05,0.5011345,3.5657573
29.0,46.0,36.39789,28.927368,123.5,3.6300367e-05,0.5011345,3.5657573
31.0,46.0,36.197277,29.311094,130.0,3.700857e-05,-0.4483306,5.1244254
32.0,46.0,37.28761,30.819544,138.5,3.8379505e-05,-1.8047523,5.903078
33.0,46.0,37.801937,31.68223,148.0,3.9709896e-05,-3.0235677,4.1615834
39.0,41.0,36.77347,31.86235,171.75,4.0346775e-05,-3.5274155,2.119484
44.0,37.0,35.267338,30.96366,197.0,4.0688625e-05,-3.1183844,1.8003997
51.0,31.0,29.69067,25.546482,211.75,4.1091393e-05,-1.9113681,1.7210042
59.0,28.0,24.947092,21.173624,226.75,4.142137e-05,-1.6646336,1.2094265
65.0,31.0,21.855045,18.39354,245.5,4.168362e-05,-1.3087077,0.8177716
72.0,37.0,18.609163,15.532427,263.75,4.1909232e-05,-0.3853953,0.95388675
