Vmax,Rmax_IBT,Rmax_CK22,Rmax_CK22_crr,R34,fcor,u_trans,v_trans
21.0,41.0,38.355556,27.671251,92.75,3.7887723e-05,-5.144,6.134159e-08
23.0,46.0,44.97423,36.078766,120.5,3.7746686e-05,-5.1432166,-0.08977461
26.0,37.0,42.066208,34.201885,125.0,3.7586655e-05,-5.1369505,-0.26921704
28.0,28.0,39.608902,32.17987,130.0,3.7500762e-05,-6.126789,-0.7522766
31.0,22.0,39.258614,32.7913,140.75,3.7568127e-05,-6.1127267,-0.85908866
33.0,19.0,38.981285,33.05289,152.75,3.7746686e-05,-5.1408668,0.17952205
36.0,19.0,39.880096,34.896767,171.0,3.7955302e-05,-3.890998,1.3397782
39.0,19.0,40.427757,36.23878,190.0,3.8238195e-05,-3.6987176,1.8039843
42.0,19.0,38.319534,34.249714,203.0,3.8532286e-05,-4.087694,2.173466
46.0,19.0,35.679363,31.733696,217.75,3.897458e-05,-5.234831,3.2710865
46.0,13.0,36.352226,32.526947,224.25,3.9673017e-05,-6.5435386,4.088858
46.0,9.0,37.080406,33.39354,231.5,4.0444127e-05,-6.578989,2.9291546
50.0,9.0,33.641285,29.867489,237.25,4.1109928e-05,-6.515807,1.5042937
54.0,9.0,30.187176,26.380014,245.5,4.1665367e-05,-6.126789,0.75227386
54.0,13.0,31.443233,27.779911,265.25,4.2030828e-05,-5.603333,0.7874981
54.0,19.0,32.637657,29.133516,287.0,4.239659e-05,-5.3814583,1.7485425
55.0,19.0,32.93113,29.563778,321.75,4.2986092e-05,-5.5000057,2.802391
57.0,19.0,31.9216,28.587868,356.25,4.3612705e-05,-4.9960704,2.6564584
59.0,22.0,28.87116,25.348005,363.25,4.4080087e-05,-4.623397,2.2549803
62.0,28.0,25.997677,22.471087,370.0,4.458322e-05,-4.362359,2.7259054
64.0,31.0,23.198729,19.692976,363.0,4.5309018e-05,-4.2137184,2.9504766
67.0,37.0,20.737892,17.386501,356.5,4.6034886e-05,-5.398853,2.9926329
69.0,46.0,18.556046,15.357096,368.0,4.655367e-05,-5.682092,2.4119058
72.0,56.0,16.513523,13.543777,379.5,4.6999867e-05,-5.723321,2.31237
