Vmax,Rmax_IBT,Rmax_CK22,Rmax_CK22_crr,R34,fcor,u_trans,v_trans
21.0,50.0,59.338745,52.862213,139.0,4.456451e-05,-5.345802,3.0863996
23.0,56.0,40.120308,30.590368,106.5,4.5309676e-05,-5.73205,3.4441614
24.0,46.0,44.414745,35.97585,122.75,4.613724e-05,-5.6710668,3.5436769
26.0,37.0,47.262516,40.46288,138.75,4.6999867e-05,-5.6710668,3.5436769
27.0,37.0,47.549046,41.31197,145.75,4.7841888e-05,-5.6710668,3.5436769
28.0,37.0,46.741142,40.74916,152.75,4.868306e-05,-5.73205,3.4441614
29.0,31.0,48.830868,43.866352,166.75,4.9503687e-05,-5.6710668,3.5436769
31.0,28.0,49.508038,45.579712,180.5,5.035898e-05,-5.5439405,3.7394347
31.0,28.0,51.838158,48.73125,189.75,5.1259103e-05,-5.269585,4.1170516
31.0,28.0,54.099785,51.876663,199.0,5.22651e-05,-5.4351177,4.7246733
31.0,28.0,58.03788,57.557076,215.5,5.338013e-05,-5.180398,5.0026517
31.0,28.0,61.821815,63.258553,231.5,5.4633376e-05,-4.95975,5.910798
31.0,28.0,65.695595,69.34254,248.0,5.601069e-05,-4.425717,6.320576
31.0,28.0,69.42951,75.443535,263.75,5.7453286e-05,-4.202434,6.4711823
31.0,28.0,70.28483,76.87376,268.5,5.8853708e-05,-3.7090986,6.1729755
31.0,28.0,71.09458,78.23904,273.0,6.0247978e-05,-3.6008012,6.2367682
31.0,28.0,70.8736,77.86536,273.0,6.160091e-05,-2.7199283,6.1090617
31.0,28.0,70.6399,77.47108,273.0,6.3016254e-05,-1.3903475,6.5410686
31.0,28.0,70.37529,77.02574,273.0,6.460098e-05,0.0,7.2016
31.0,28.0,70.1035,76.569534,273.0,6.621089e-05,0.8776543,7.14792
32.0,28.0,66.0175,70.35501,273.0,6.769768e-05,1.3903471,6.541069
33.0,28.0,60.40286,61.974857,273.0,6.914198e-05,1.4972969,7.044228
34.0,31.0,56.83475,57.006554,271.0,7.066021e-05,1.8639113,6.9562116
36.0,37.0,52.081505,50.825314,268.25,7.2037474e-05,3.242019,5.8487573
