Vmax,Rmax_IBT,Rmax_CK22,Rmax_CK22_crr,R34,fcor,u_trans,v_trans
21.0,74.0,40.410057,29.82376,97.5,3.9464914e-05,-0.49877197,0.8998088
22.0,74.0,38.570507,28.422228,97.5,3.9428196e-05,-0.7764454,0.67495334
23.0,74.0,36.092953,26.32945,97.5,3.9464914e-05,-0.7881066,0.6612998
24.0,74.0,36.980427,27.691319,104.0,3.97282e-05,-0.8107054,0.6333926
26.0,74.0,37.34035,28.896488,111.0,3.995476e-05,-0.9398556,0.41845065
27.0,65.0,35.900276,27.71589,111.0,3.9869083e-05,-1.0231642,0.107538775
28.0,56.0,33.92408,25.956099,111.0,3.9709896e-05,-1.5347463,-0.16130812
29.0,50.0,38.72296,31.525291,131.5,3.967309e-05,-1.5242006,-0.24140973
31.0,46.0,42.544388,36.700405,152.5,3.9709896e-05,-1.5422599,-0.053857315
32.0,46.0,41.035954,35.19816,152.5,3.9795617e-05,-2.0375755,0.28636295
33.0,46.0,38.93274,32.996014,152.5,3.995476e-05,-2.0197961,0.39260834
36.0,41.0,35.800583,30.120003,152.5,4.018111e-05,-2.0048637,0.4628596
39.0,37.0,33.056828,27.635649,152.5,4.0444127e-05,-1.9568938,0.6358336
41.0,37.0,31.29525,26.037605,156.5,4.068846e-05,-2.384717,0.9634875
44.0,37.0,29.962206,25.02871,162.0,4.093299e-05,-2.8814027,1.1060663
46.0,37.0,29.446472,24.728397,173.0,4.123235e-05,-3.4245641,1.1127088
49.0,37.0,28.900343,24.483173,185.0,4.142137e-05,-3.0746555,0.26899746
57.0,31.0,25.16833,21.25989,204.0,4.1280888e-05,-2.042263,-0.25075886
64.0,28.0,21.699917,18.185087,222.0,4.1177245e-05,-1.4834192,0.42536333
67.0,28.0,20.959173,17.605047,241.0,4.1433508e-05,-0.79480684,1.3227805
69.0,28.0,19.917242,16.674496,259.0,4.1909232e-05,-1.1676636,2.291669
70.0,28.0,18.927155,15.756669,248.25,4.250007e-05,-1.5896137,2.645561
72.0,28.0,17.732197,14.692837,238.5,4.3126656e-05,-1.4008113,2.1570609
