Vmax,Rmax_IBT,Rmax_CK22,Rmax_CK22_crr,R34,fcor,u_trans,v_trans
26.0,56.0,35.27046,26.689384,106.0,3.1938627e-05,-1.5117838,2.0807917
28.0,37.0,39.56089,32.125053,130.0,3.231108e-05,0.0,1.0288
31.0,37.0,38.799107,32.258965,139.0,3.2776272e-05,0.0,1.0288
33.0,37.0,38.01924,31.93305,148.0,3.305528e-05,-0.5124426,0.04483291
34.0,37.0,36.824467,30.819199,148.0,3.280742e-05,-0.8529139,-0.57529765
36.0,37.0,35.15585,29.390247,148.0,3.2559245e-05,-0.5093939,0.07159074
37.0,37.0,33.48726,27.73593,145.5,3.287544e-05,0.0,1.0288
39.0,37.0,31.641468,26.08555,143.5,3.330315e-05,0.59009546,0.84274364
39.0,31.0,33.532413,28.163872,152.5,3.352002e-05,0.97844696,0.31791666
39.0,28.0,35.41597,30.292315,162.0,3.3550914e-05,0.545181,0.87247187
39.0,28.0,35.439354,30.319107,162.0,3.32473e-05,0.545181,0.87247187
39.0,28.0,35.454124,30.336031,162.0,3.305528e-05,0.49912012,0.124444626
37.0,31.0,35.26825,29.728762,153.5,3.342089e-05,1.0049604,2.3675385
36.0,37.0,34.556522,28.718046,145.75,3.404614e-05,1.0049604,2.3675385
36.0,37.0,33.271244,27.296515,140.25,3.466464e-05,0.95008886,1.2160583
36.0,37.0,32.405647,26.354536,136.75,3.5282377e-05,1.7256485,1.1206493
36.0,37.0,33.63341,27.69431,142.0,3.581302e-05,1.7058278,1.1505953
36.0,37.0,34.956547,29.166054,148.25,3.626943e-05,1.5478681,2.0540907
33.0,37.0,39.500717,33.66392,154.5,3.665754e-05,2.1439936,2.2201703
31.0,37.0,45.127174,39.899433,162.0,3.700857e-05,2.4318738,0.8373613
32.0,37.0,43.766445,38.535038,163.0,3.7377657e-05,2.4596157,0.75198025
33.0,37.0,41.854115,36.488537,164.25,3.7746686e-05,2.875727,2.1670153
33.0,31.0,41.72574,36.33208,164.0,3.8115297e-05,2.9496028,2.065334
33.0,28.0,41.81938,36.446182,164.5,3.8483773e-05,1.9077734,0.77079064
33.0,28.0,43.049564,37.958622,169.5,3.8851842e-05,3.019885,1.9611363
33.0,28.0,44.59517,39.894535,175.75,3.9219805e-05,5.8005347,2.111222
34.0,28.0,43.02642,38.224796,175.75,3.964225e-05,5.8005347,2.111222
36.0,28.0,40.84004,36.060757,175.75,3.995476e-05,4.350401,1.5834165
44.0,28.0,32.78494,28.130249,179.75,4.002796e-05,4.6296,-2.0236625e-07
51.0,28.0,27.185259,22.86134,185.25,3.995476e-05,4.62678,-0.16157055
51.0,22.0,28.213121,23.951134,194.25,3.9832186e-05,5.1369505,-0.2692161
51.0,19.0,29.197319,25.010023,203.75,3.9709896e-05,5.1408668,-0.17952283
54.0,19.0,27.63163,23.606358,207.75,3.9673e-05,5.144,-2.2485138e-07
57.0,19.0,26.203316,22.338385,213.0,3.9709896e-05,4.62678,0.16157068
58.0,19.0,25.789913,21.979425,217.25,3.981339e-05,4.6232553,0.24229462
59.0,19.0,25.05653,21.286932,222.25,3.995476e-05,5.1369505,0.26921624
