Vmax,Rmax_IBT,Rmax_CK22,Rmax_CK22_crr,R34,fcor,u_trans,v_trans
23.0,31.0,20.58015,12.398961,56.0,6.4521206e-05,1.387019,0.6764944
23.0,28.0,20.581099,12.399692,56.0,6.461839e-05,0.97844696,0.31791666
24.0,28.0,25.51466,16.697855,71.5,6.4749365e-05,0.0,0.0
26.0,28.0,29.745167,21.145761,88.0,6.4846485e-05,-0.9784469,-0.3179168
31.0,28.0,26.293066,19.121546,94.5,6.481242e-05,-2.0525877,0.14353111
36.0,28.0,23.757711,17.623455,102.0,6.4846485e-05,-2.1811795,1.3629527
36.0,28.0,22.537146,16.4907,96.0,6.511961e-05,-2.25725,2.10492
36.0,28.0,21.713917,15.7406025,93.0,6.552959e-05,-2.4649084,1.8574424
34.0,28.0,22.80687,16.433828,93.0,6.6018154e-05,-2.5884728,1.6809741
33.0,28.0,23.589794,16.983362,93.0,6.643758e-05,-2.8616605,1.156185
33.0,28.0,23.587364,16.981136,93.0,6.661881e-05,-3.048401,0.48281956
33.0,28.0,23.586716,16.980543,93.0,6.666408e-05,-3.0633945,0.37613693
33.0,28.0,21.51804,15.121155,84.25,6.6680834e-05,-2.562213,0.22416456
33.0,28.0,19.519371,13.392281,76.25,6.666408e-05,-2.0497704,0.17933165
33.0,28.0,25.967976,19.208994,103.0,6.6664084e-05,-1.0288,1.2268317e-08
33.0,28.0,32.24029,25.5301,129.75,6.666408e-05,-1.0248852,-0.08966579
36.0,28.0,29.298527,23.07526,129.75,6.666397e-05,-0.5144,6.1341585e-09
39.0,28.0,26.73664,20.967731,129.75,6.666408e-05,0.0,0.0
39.0,28.0,26.735615,20.966702,129.75,6.668108e-05,0.0,0.0
39.0,28.0,26.73664,20.967731,129.75,6.666408e-05,-0.24149615,-0.45418826
39.0,28.0,27.779764,22.023153,134.25,6.661881e-05,-0.017952243,-0.51408666
39.0,28.0,28.699669,22.968699,138.75,6.643758e-05,0.05384333,-1.02739
36.0,28.0,29.546974,23.331604,129.5,6.601797e-05,0.21507783,-2.0463283
33.0,28.0,30.208923,23.411303,120.5,6.552959e-05,0.7373778,-1.9209352
33.0,28.0,30.218939,23.42158,120.5,6.5171e-05,1.5117837,-2.0807917
33.0,28.0,30.227959,23.430836,120.5,6.4846485e-05,2.0267637,-1.5834814
33.0,28.0,30.238415,23.44157,120.5,6.447034e-05,2.8195667,-1.2553518
33.0,28.0,30.246964,23.450348,120.5,6.416161e-05,2.4843612,-0.6656825
36.0,28.0,27.623318,21.373444,120.5,6.3978514e-05,2.042263,-0.25075826
39.0,28.0,25.333534,19.576197,120.5,6.393293e-05,1.542965,0.026932519
41.0,28.0,23.317772,17.88742,120.5,6.399574e-05,1.5197554,0.26797393
44.0,28.0,21.52882,16.525091,120.5,6.416161e-05,1.4676704,0.476875
46.0,28.0,20.204416,15.480036,122.0,6.4390144e-05,1.3750013,0.70059824
49.0,28.0,19.111958,14.722076,125.0,6.461839e-05,1.1992917,0.9711672
50.0,28.0,18.552631,14.284457,125.0,6.476662e-05,0.28016233,0.43141213
51.0,28.0,17.766445,13.639864,125.0,6.4846485e-05,-0.41081807,0.3095737
