Vmax,Rmax_IBT,Rmax_CK22,Rmax_CK22_crr,R34,fcor,u_trans,v_trans
22.0,74.0,38.003334,27.828915,96.5,3.4064476e-05,-2.9182484,-1.0048336
23.0,74.0,35.940872,26.173758,97.5,3.4293596e-05,-3.493841,-0.8711125
23.0,74.0,35.945694,26.178684,97.5,3.4454544e-05,-3.5657573,-0.50113505
23.0,74.0,35.948284,26.181334,97.5,3.454095e-05,-2.5657346,-0.17941381
23.0,74.0,35.9489,26.181963,97.5,3.4559285e-05,-2.0576,2.4536634e-08
23.0,74.0,35.948284,26.181334,97.5,3.454095e-05,-2.0563467,0.07180882
24.0,74.0,34.480064,25.109453,97.5,3.4522436e-05,-2.0576,2.4536634e-08
26.0,74.0,32.48464,23.831049,97.5,3.454095e-05,-1.5394408,-0.10764829
27.0,69.0,31.274712,22.942654,97.5,3.457175e-05,-0.9166674,-0.4670656
28.0,65.0,29.616602,21.598505,97.5,3.47882e-05,-1.4801137,-1.429329
28.0,65.0,29.62023,21.602043,97.5,3.5282377e-05,-2.3847165,-0.9634887
28.0,46.0,29.62023,21.602043,97.5,3.5282377e-05,-2.05478,0.10768686
28.0,46.0,30.188614,22.159386,99.0,3.521769e-05,-0.91666764,0.4670652
28.0,46.0,31.040964,23.005259,102.0,3.5035337e-05,-0.7005982,1.3750013
28.0,46.0,31.038076,23.002373,102.0,3.4664583e-05,-0.4511881,1.4757695
28.0,46.0,31.03514,22.999435,102.0,3.4293596e-05,-0.28357586,0.98894596
28.0,46.0,31.03396,22.998257,102.0,3.413275e-05,0.0,0.5144
28.0,46.0,31.033264,22.997562,102.0,3.404614e-05,0.33747676,0.38822263
28.0,46.0,32.455532,24.435764,106.5,3.3922384e-05,0.35081995,0.37620834
28.0,46.0,33.878643,25.908522,111.0,3.3798577e-05,0.24149618,0.45418823
28.0,46.0,34.446877,26.505995,113.0,3.3693326e-05,0.0,0.5144
28.0,46.0,35.29962,27.412712,115.5,3.3550914e-05,0.0,1.0288
28.0,46.0,35.297234,27.410154,115.5,3.328455e-05,0.1431813,1.0187877
28.0,46.0,35.295135,27.407911,115.5,3.305528e-05,0.64744484,0.7995278
27.0,46.0,37.305794,29.236725,115.5,3.2999516e-05,1.0288,-4.4970278e-08
26.0,46.0,38.77292,30.465618,115.5,3.305528e-05,0.9324094,-0.43478975
24.0,46.0,41.193336,32.27433,115.5,3.3197604e-05,0.9166676,-0.4670653
23.0,46.0,42.973274,33.769516,115.5,3.330315e-05,2.0572867,0.035910025
23.0,46.0,45.454338,36.642597,122.25,3.3179393e-05,3.5657573,0.5011345
23.0,46.0,48.29843,40.06008,129.75,3.305528e-05,3.6002517,0.06284254
22.0,46.0,51.654068,43.561905,129.75,3.3142e-05,3.5657573,-0.5011344
21.0,46.0,54.147614,45.96822,129.75,3.330315e-05,3.029694,-0.58891296
21.0,46.0,53.955864,45.7219,129.0,3.3426568e-05,3.0395107,-0.5359478
21.0,46.0,54.170433,45.99757,129.5,3.3550914e-05,4.084526,-0.5015165
22.0,46.0,51.691803,43.609596,129.5,3.367528e-05,5.115821,-0.53769463
23.0,46.0,48.338573,40.109264,129.5,3.3798577e-05,4.084526,-0.5015165
23.0,46.0,48.344616,40.11667,129.5,3.3922068e-05,3.0395107,-0.5359478
23.0,46.0,48.350716,40.12414,129.5,3.404614e-05,2.5157957,-0.53474873
23.0,46.0,48.35678,40.131577,129.5,3.4169807e-05,1.9964805,-0.49777845
23.0,46.0,48.362835,40.139004,129.5,3.4293596e-05,1.4591243,-0.50241673
24.0,46.0,46.338123,38.267326,129.5,3.439866e-05,0.9166676,-0.4670653
26.0,46.0,43.5756,35.9744,129.5,3.454095e-05,1.1992918,-0.97116715
27.0,46.0,41.898525,34.4352,129.5,3.4788212e-05,1.0719969,-1.1100851
28.0,46.0,39.587784,32.155754,129.5,3.5035337e-05,0.5752978,-0.8529138
27.0,46.0,43.736095,36.613327,135.0,3.515043e-05,0.0,0.5144
26.0,46.0,47.594902,40.878605,141.0,3.5282377e-05,0.0,1.0288
26.0,46.0,47.60257,40.88822,141.0,3.5529305e-05,-0.46706548,-0.9166675
23.0,46.0,52.951046,45.936283,141.0,3.577612e-05,-0.9166674,-0.4670656
23.0,46.0,52.951046,45.936283,141.0,3.577612e-05,-0.9166674,-0.4670656
23.0,65.0,66.528046,65.11044,176.0,3.6022833e-05,-0.35187033,-0.96675575
23.0,65.0,66.54707,65.13943,176.0,3.626944e-05,0.4670655,-0.91666746
23.0,65.0,66.56592,65.168144,176.0,3.651592e-05,0.4019842,-0.9470154
22.0,65.0,71.42197,71.71999,176.0,3.6762296e-05,0.14318137,-1.0187877
21.0,65.0,75.0128,76.31836,176.0,3.700857e-05,0.14318137,-1.0187877
21.0,65.0,67.55745,64.666756,159.25,3.727314e-05,0.14318137,-1.0187877
21.0,65.0,60.5706,54.562035,143.5,3.7500762e-05,-0.7146646,-0.74005675
22.0,65.0,57.754555,51.573277,143.5,3.7660702e-05,-1.4591242,-0.5024168
23.0,65.0,53.928284,47.21557,143.5,3.7746686e-05,-1.5197554,-0.2679738
24.0,65.0,51.615776,44.867825,143.5,3.778355e-05,-1.0288,1.2268317e-08
26.0,65.0,48.454506,41.96224,143.5,3.7746686e-05,-0.46620473,0.2173948
29.0,39.0,44.992226,38.97915,152.5,3.764212e-05,-0.35081992,0.37620836
33.0,13.0,41.299484,35.81456,162.0,3.7500762e-05,-0.8427437,0.59009534
36.0,15.0,40.035343,35.083984,171.5,3.7377562e-05,-1.4591242,0.5024168
39.0,19.0,38.77169,34.228336,180.5,3.7254722e-05,-2.5157957,0.5347483
40.0,19.0,38.443653,34.03241,185.0,3.711333e-05,-3.5657573,0.5011352
41.0,19.0,37.50501,33.09834,189.75,3.700857e-05,-3.5920286,0.25117946
42.0,22.0,28.767086,23.485447,145.5,3.699012e-05,-3.6008,4.293911e-08
44.0,28.0,20.00925,15.114391,102.0,3.700857e-05,-3.0864,3.6804952e-08
45.0,24.0,21.864588,16.943233,115.5,3.6989597e-05,-2.572,3.0670794e-08
46.0,22.0,23.392466,18.51655,129.5,3.700857e-05,-3.5810745,-0.37638563
47.0,22.0,20.053158,15.427973,112.0,3.715027e-05,-4.595092,-0.56420743
49.0,22.0,16.690306,12.539325,94.75,3.7254722e-05,-4.628895,-0.08079715
50.0,20.0,18.540007,14.27291,109.5,3.7186826e-05,-4.595092,0.5642054
51.0,19.0,20.133902,15.827954,125.0,3.700857e-05,-4.5284324,0.962547
