Vmax,Rmax_IBT,Rmax_CK22,Rmax_CK22_crr,R34,fcor,u_trans,v_trans
21.0,120.0,18.703672,10.525954,46.0,2.9325609e-05,-4.8103695,4.6453195
22.0,87.0,18.626568,10.70328,48.0,3.0178779e-05,-5.196931,4.208391
23.0,56.0,18.52515,10.849173,51.0,3.1068776e-05,-5.046895,4.3871965
26.0,56.0,39.38463,31.146008,117.75,3.2062617e-05,-4.8907084,4.5606594
28.0,56.0,56.669136,54.087288,185.5,3.305528e-05,-4.6453204,4.810368
29.0,56.0,54.517326,51.557358,185.5,3.3921864e-05,-4.3648295,4.364828
31.0,56.0,51.50549,48.275776,185.5,3.47882e-05,-6.03977,3.9222732
32.0,56.0,51.29338,48.376278,191.75,3.5776517e-05,-6.993071,3.260922
33.0,56.0,50.290775,47.371346,199.25,3.67623e-05,-5.7912855,3.3435993
40.0,43.0,44.155495,41.14769,217.75,3.764138e-05,-4.3345866,3.6371489
46.0,31.0,38.021988,34.52662,236.25,3.8483773e-05,-4.8642325,3.8003554
52.0,31.0,31.414719,27.553589,236.25,3.934203e-05,-5.5439405,3.7394347
59.0,31.0,25.813948,22.076035,236.25,4.0199502e-05,-5.5439405,3.7394347
59.0,31.0,26.238468,22.522053,246.25,4.1054715e-05,-5.5439405,3.7394347
59.0,31.0,26.41516,22.70848,257.0,4.1909232e-05,-6.172977,3.709097
60.0,33.0,25.33774,21.647388,257.0,4.2797157e-05,-6.8128233,3.6224432
62.0,37.0,23.94924,20.341158,257.0,4.3612705e-05,-7.5188446,3.3476052
62.0,39.0,24.047874,20.442308,263.5,4.427493e-05,-7.734046,2.814962
62.0,41.0,24.065556,20.460455,270.75,4.4825505e-05,-7.378848,2.255938
62.0,41.0,23.903444,20.294243,270.75,4.529036e-05,-6.9226227,1.985029
62.0,41.0,23.729061,20.11588,270.75,4.5793287e-05,-6.2839127,2.2871566
63.0,35.0,22.748182,19.179422,270.75,4.6462752e-05,-6.060662,2.8261323
64.0,31.0,21.413094,17.900236,270.75,4.7240763e-05,-5.8487573,3.242019
67.0,31.0,19.878178,16.544031,325.0,4.804671e-05,-5.608358,3.6421106
69.0,31.0,17.253283,14.120682,379.25,4.892293e-05,-4.8642325,3.8003554
70.0,35.0,16.173939,13.152931,379.25,4.980855e-05,-3.9306557,4.070311
72.0,41.0,14.776133,11.941174,379.25,5.083645e-05,-4.2984505,5.1226916
