Vmax,Rmax_IBT,Rmax_CK22,Rmax_CK22_crr,R34,fcor,u_trans,v_trans
21.0,46.0,24.842432,15.211965,60.25,4.8701e-05,-0.30079207,0.9838463
21.0,46.0,24.846357,15.215156,60.25,4.892293e-05,-0.5752979,0.85291374
22.0,41.0,23.731585,14.622436,60.25,4.916275e-05,-0.70163983,0.75241673
23.0,37.0,22.228104,13.691737,60.25,4.9402213e-05,-0.56032455,0.8628243
23.0,46.0,28.729057,19.225336,77.5,4.960565e-05,-0.6276758,1.4097835
23.0,56.0,35.498528,25.723051,94.75,4.9880902e-05,-1.0597425,1.7637073
24.0,56.0,34.686836,25.31906,96.75,5.0322888e-05,-1.7540995,1.8810419
26.0,56.0,33.553993,24.913023,99.75,5.083645e-05,-2.5282311,1.770286
27.0,56.0,26.008003,17.940767,80.5,5.1331437e-05,-3.1793177,1.6904734
28.0,56.0,19.046612,12.214433,62.5,5.178951e-05,-3.7296379,1.7391584
29.0,56.0,24.80358,17.31693,84.25,5.214612e-05,-3.236378,1.5784862
31.0,56.0,29.6467,22.388779,106.5,5.250265e-05,-3.451297,2.241299
32.0,33.0,28.74139,21.710999,107.0,5.297734e-05,-2.7583733,2.3145492
33.0,13.0,27.755322,20.94359,109.0,5.345127e-05,-1.7210038,1.9113686
36.0,11.0,24.912521,18.717854,106.0,5.3735184e-05,-0.32084942,1.5094774
39.0,9.0,22.616953,16.973694,104.0,5.4161024e-05,0.5347489,2.5157957
44.0,9.0,19.618021,14.757196,104.75,5.503424e-05,1.203168,3.9353852
49.0,9.0,17.387407,13.158216,106.5,5.6046403e-05,1.4074812,3.867023
