Vmax,Rmax_IBT,Rmax_CK22,Rmax_CK22_crr,R34,fcor,u_trans,v_trans
22.0,65.0,70.332214,70.0021,171.5,4.0480812e-05,-0.5889134,3.029694
23.0,56.0,65.46555,63.50106,171.5,4.1177245e-05,-0.79881984,2.9812334
23.0,56.0,65.51016,63.568256,171.5,4.1823903e-05,-1.0556116,2.9002671
23.0,56.0,65.54923,63.627136,171.5,4.239659e-05,-0.7089397,2.472365
24.0,56.0,64.278175,62.573708,176.5,4.2865144e-05,-0.49076116,2.524745
26.0,56.0,62.327995,61.145985,182.75,4.3369746e-05,-0.49076116,2.524745
26.0,56.0,61.062744,59.264183,179.0,4.407997e-05,-0.7089397,2.472365
26.0,56.0,59.958847,57.644047,175.75,4.4825505e-05,-1.0461262,2.3496392
27.0,50.0,57.39843,54.567505,175.75,4.548509e-05,-1.3246781,2.2046342
28.0,46.0,53.83791,50.116333,175.75,4.6034886e-05,-1.1676636,2.291669
28.0,46.0,53.83656,50.114468,175.75,4.6342728e-05,-1.3043696,2.797228
28.0,46.0,53.834644,50.11183,175.75,4.675884e-05,-2.119485,3.5274146
29.0,50.0,51.617924,47.56856,175.75,4.7667672e-05,-2.7861626,3.6973631
31.0,56.0,48.5158,44.26516,175.75,4.868306e-05,-3.637358,3.6373568
31.0,56.0,55.091125,53.282265,200.75,4.94385e-05,-3.997639,3.237224
31.0,56.0,61.714394,63.09341,226.75,5.012002e-05,-3.4404626,3.0978076
32.0,56.0,58.98522,59.407616,226.75,5.0853905e-05,-2.8065593,3.009667
33.0,56.0,55.184223,54.225964,226.75,5.155148e-05,-2.590199,2.5013258
34.0,50.0,52.79174,51.179623,226.75,5.2163872e-05,-3.1524265,2.6451993
36.0,46.0,49.46564,47.203163,226.75,5.2740055e-05,-4.0535274,3.1669629
37.0,46.0,46.036133,42.891205,218.0,5.3297856e-05,-3.997639,3.237224
39.0,46.0,42.13825,38.362457,210.75,5.392461e-05,-2.58978,3.1981103
40.0,46.0,40.42301,36.4378,210.75,5.466236e-05,-1.5415812,3.815547
41.0,46.0,38.013397,33.704174,210.75,5.5576067e-05,-1.5834175,4.350401
42.0,37.0,36.420612,31.99215,210.75,5.6606365e-05,-2.3913443,5.1282516
44.0,28.0,34.180878,29.71139,210.75,5.7920843e-05,-3.3436012,5.7912846
46.0,28.0,36.297825,32.462543,324.0,5.9551734e-05,-4.5353513,6.242375
