Vmax,Rmax_IBT,Rmax_CK22,Rmax_CK22_crr,R34,fcor,u_trans,v_trans
19.0,130.0,64.79401,58.34661,139.0,5.7804322e-05,-2.1570606,1.4008118
21.0,111.0,41.8788,31.404346,98.666664,5.8154368e-05,-2.0540903,1.5478686
22.0,111.0,39.918343,29.853184,98.666664,5.8504098e-05,-1.9988195,1.618612
23.0,111.0,37.250816,27.52726,98.666664,5.8853857e-05,-2.080792,1.5117832
23.0,111.0,37.259705,27.536537,98.666664,5.9202983e-05,-2.1570606,1.4008118
23.0,111.0,37.268543,27.545767,98.666664,5.9551734e-05,-2.1322846,1.4382441
23.0,111.0,37.277374,27.554995,98.666664,5.9899652e-05,-2.1570606,1.4008118
23.0,111.0,37.286148,27.564157,98.666664,6.0247978e-05,-3.236378,1.5784862
23.0,111.0,37.29446,27.57284,98.666664,6.057823e-05,-3.8155472,1.5415801
23.0,111.0,37.303585,27.582373,98.666664,6.0942573e-05,-3.7594223,1.6738026
24.0,74.0,35.681942,26.33766,98.666664,6.1352766e-05,-3.599235,1.9950885
26.0,37.0,29.735626,21.136627,88.0,6.186609e-05,-3.1981113,2.5897794
26.0,37.0,29.74312,21.1438,88.0,6.253914e-05,-2.753606,3.0581899
26.0,37.0,29.750927,21.151278,88.0,6.324571e-05,-2.8586588,2.9602263
27.0,37.0,28.555405,20.302515,88.0,6.383579e-05,-2.6334584,2.4557397
28.0,37.0,26.902494,19.011442,88.0,6.43901e-05,-1.9839002,2.3643193
29.0,37.0,25.885908,18.30598,88.0,6.494311e-05,-1.4489768,2.7251296
31.0,37.0,24.473568,17.427341,88.0,6.552959e-05,-1.2553515,2.819567
34.0,31.0,22.143524,15.833917,90.5,6.626196e-05,-1.4645767,3.2894948
39.0,28.0,19.77445,14.379998,92.75,6.689037e-05,-1.0461262,2.3496392
42.0,28.0,18.996775,14.005226,99.5,6.720112e-05,-0.43478987,0.93240935
46.0,28.0,17.92816,13.411031,106.75,6.734234e-05,-0.12444456,0.49912015
42.0,28.0,20.201183,15.090289,106.75,6.7489054e-05,0.0,0.5144
39.0,28.0,22.58799,16.946598,106.75,6.756802e-05,0.0,0.5144
34.0,28.0,25.908752,19.336037,106.75,6.765259e-05,0.0,0.0
31.0,28.0,29.503244,22.245182,106.75,6.756802e-05,-0.23142964,-1.002432
29.0,31.0,31.293827,23.540232,106.75,6.7218134e-05,-0.4277993,-2.0126364
28.0,37.0,32.583385,24.566702,106.75,6.666408e-05,-0.44662327,-2.5329256
27.0,37.0,34.675503,26.417402,106.75,6.601803e-05,-0.4295439,-3.0563633
26.0,37.0,36.184715,27.655489,106.75,6.530208e-05,-0.4295439,-3.0563633
23.0,46.0,40.46116,30.963177,106.75,6.460127e-05,-0.4295439,-3.0563633
21.0,56.0,45.612125,35.578766,106.75,6.393293e-05,-0.4828191,-3.0484014
21.0,56.0,45.587624,35.550632,106.75,6.334317e-05,-0.44662327,-2.5329256
21.0,56.0,45.564407,35.52399,106.75,6.278661e-05,-0.53474915,-2.5157955
22.0,56.0,47.343876,38.266685,115.75,6.219438e-05,-0.44662327,-2.5329256
23.0,56.0,47.765717,39.409885,125.25,6.1635496e-05,0.0,2.0576
23.0,56.0,46.846817,38.29926,122.75,6.117374e-05,0.42779893,-2.0126367
23.0,56.0,45.934345,37.210083,120.5,6.0711227e-05,0.57857424,-2.50608
26.0,56.0,43.377068,35.7391,127.25,6.007987e-05,0.44662338,-2.5329256
28.0,56.0,41.065823,33.86152,134.25,5.9551734e-05,0.39940968,-1.4906167
28.0,56.0,41.066517,33.86233,134.25,5.9330912e-05,0.33064997,-0.39405325
28.0,56.0,41.06658,33.862404,134.25,5.9319285e-05,0.49687225,0.13313653
28.0,56.0,43.18584,36.371666,141.25,5.9383223e-05,0.33064994,0.39405325
28.0,56.0,45.293827,38.94175,148.0,5.9551734e-05,0.57529765,0.8529139
27.0,56.0,48.38334,42.372276,148.0,5.9714337e-05,0.4347897,0.9324094
26.0,56.0,50.62755,44.756237,148.0,6.0016075e-05,0.21507777,2.0463283
26.0,65.0,51.443222,45.825207,150.25,6.052601e-05,0.0897615,2.5704334
26.0,74.0,52.259514,46.906033,152.75,6.1173734e-05,0.0,3.0864
26.0,74.0,52.269646,46.91952,152.75,6.18488e-05,0.053865105,3.08593
26.0,74.0,52.279953,46.93324,152.75,6.255676e-05,-0.2152961,3.0788817
26.0,74.0,52.28997,46.94657,152.75,6.326289e-05,-0.42954382,3.0563633
26.0,74.0,52.29917,46.958824,152.75,6.393293e-05,-0.79881984,2.9812334
26.0,74.0,49.890144,43.79934,145.75,6.455567e-05,-0.8796764,2.4168892
26.0,74.0,47.475143,40.72861,139.0,6.507438e-05,-0.6698888,1.9454991
26.0,65.0,47.480694,40.735558,139.0,6.544993e-05,-0.4253638,1.483419
26.0,56.0,47.485176,40.741165,139.0,6.575688e-05,-0.5278058,1.4501336
28.0,56.0,42.470505,35.516327,139.0,6.6131404e-05,-1.0288004,1.7819338
31.0,56.0,38.192898,31.562054,139.0,6.643758e-05,-1.2641156,0.885143
33.0,50.0,37.223236,31.018112,150.5,6.656789e-05,-1.9778922,0.5671511
36.0,46.0,36.00009,30.347212,162.25,6.666408e-05,-1.945499,0.6698891
37.0,46.0,34.589073,28.962635,162.25,6.6873465e-05,-1.7996175,0.9975442
39.0,46.0,32.61157,27.144463,162.25,6.711647e-05,-1.2641156,0.885143
41.0,46.0,29.654526,24.276802,162.25,6.730839e-05,-1.0326023,1.1468211
44.0,46.0,27.038101,21.95081,162.25,6.756802e-05,-0.6521848,1.398614
46.0,50.0,25.786453,20.903173,173.75,6.79343e-05,-0.42779925,2.0126364
49.0,56.0,24.257523,19.66573,185.25,6.8468675e-05,0.0,3.0864
51.0,56.0,23.194275,18.785587,203.75,6.9169946e-05,0.43882716,3.57396
54.0,56.0,21.69302,17.546946,222.25,7.003676e-05,0.92571855,4.009728
57.0,37.0,19.665611,15.796768,236.25,7.098935e-05,1.2760907,4.4502573
59.0,19.0,17.53254,13.912305,250.25,7.2037474e-05,1.2444463,4.9912014
