Vmax,Rmax_IBT,Rmax_CK22,Rmax_CK22_crr,R34,fcor,u_trans,v_trans
23.0,37.0,77.722595,83.19056,208.25,2.130504e-05,-1.6432723,1.2382948
26.0,37.0,70.03606,73.18359,208.25,2.1537942e-05,-1.6854874,1.1801907
28.0,37.0,63.623665,64.407845,208.25,2.1808535e-05,-1.9411135,1.6873834
31.0,37.0,58.188362,57.779263,208.25,2.2148151e-05,-2.2201705,2.1439936
33.0,37.0,53.512325,51.839226,208.25,2.2563274e-05,-2.3985834,1.9423344
34.0,28.0,56.781563,56.928135,229.25,2.3084924e-05,-2.6455615,1.589613
36.0,19.0,58.681564,60.467026,250.0,2.3568628e-05,-3.2083368,1.6347281
39.0,22.0,54.202038,54.701584,250.0,2.3838493e-05,-3.7594223,1.6738026
41.0,28.0,50.245735,49.548763,250.0,2.4070872e-05,-3.3145537,1.406945
44.0,28.0,50.056877,49.89693,271.0,2.4409794e-05,-3.2894945,1.4645773
46.0,28.0,49.411377,49.350838,291.75,2.4823696e-05,-3.236378,1.5784862
46.0,28.0,49.23438,49.10465,291.75,2.5287502e-05,-3.599235,1.9950885
46.0,28.0,49.029133,48.819805,291.75,2.5826394e-05,-3.3292673,2.418853
49.0,28.0,44.00639,42.499645,280.0,2.6433429e-05,-3.1524265,2.6451993
51.0,28.0,39.542015,37.05078,268.5,2.707799e-05,-3.3292673,2.418853
55.0,28.0,35.909164,33.051365,268.75,2.7665674e-05,-3.4898872,2.1807244
59.0,28.0,32.152256,29.014492,268.5,2.8327528e-05,-3.597875,2.9135017
62.0,22.0,29.890652,26.688354,268.5,2.9163253e-05,-3.9306557,4.070311
64.0,19.0,27.748993,24.470161,268.5,3.0073232e-05,-4.001094,4.0010924
68.0,22.0,25.158556,21.938509,268.5,3.092556e-05,-4.0703125,3.9306548
72.0,28.0,22.526678,19.412958,268.5,3.1814445e-05,-4.001094,4.0010924
