Vmax,Rmax_IBT,Rmax_CK22,Rmax_CK22_crr,R34,fcor,u_trans,v_trans
19.0,83.0,59.775864,51.454075,131.75,3.694099e-05,-3.478319,7.459275
21.0,83.0,58.73033,52.031704,139.0,3.897458e-05,-5.9517,7.0929575
21.0,83.0,58.880432,52.23604,139.0,4.093299e-05,-7.495758,4.503904
23.0,65.0,59.535934,54.858826,157.75,4.0199502e-05,-5.8005347,2.1112216
23.0,65.0,59.520763,54.83744,157.75,3.995476e-05,-3.6335058,1.9319696
26.0,65.0,54.960968,50.561726,162.25,4.0444127e-05,-3.1057816,2.6998134
27.0,56.0,58.861954,56.67474,180.25,4.175986e-05,-3.508199,3.7620838
28.0,46.0,60.93596,60.32383,199.0,4.3369746e-05,-4.0703125,3.9306548
29.0,46.0,63.064377,64.13085,215.25,4.4589015e-05,-4.797167,3.8846688
31.0,46.0,63.356964,65.63968,231.25,4.5551555e-05,-5.1174836,3.451786
31.0,46.0,65.69036,69.33416,240.75,4.6191453e-05,-5.234831,3.2710865
31.0,46.0,67.986435,73.0581,249.75,4.675884e-05,-5.1174836,3.451786
31.0,46.0,72.0855,79.924644,266.25,4.754715e-05,-4.993901,3.6282797
31.0,46.0,76.07826,86.882286,282.25,4.844305e-05,-5.6710668,3.5436769
32.0,56.0,73.506516,82.91872,287.0,4.9347458e-05,-6.298661,3.491405
33.0,65.0,69.2412,76.13147,291.5,5.035898e-05,-6.7419496,4.7207627
34.0,61.0,67.97028,74.45849,303.25,5.1605955e-05,-6.7959867,5.503281
36.0,59.0,64.84688,70.12406,314.5,5.2740055e-05,-6.471182,4.2024355
39.0,54.0,55.577404,56.715786,301.0,5.3383912e-05,-6.5268664,3.0435271
41.0,50.0,47.922676,46.352474,286.75,5.392461e-05,-5.9583397,3.0359237
