Vmax,Rmax_IBT,Rmax_CK22,Rmax_CK22_crr,R34,fcor,u_trans,v_trans
18.0,74.0,62.64305,54.14859,130.25,4.2530803e-05,-1.9001774,2.4321167
18.0,74.0,63.45451,55.25228,131.75,4.1909232e-05,-0.79881984,2.9812334
19.0,69.0,58.80162,50.16213,129.25,4.1231975e-05,0.48281938,3.0484014
20.0,65.0,55.019096,46.224445,127.25,4.0444127e-05,1.4645773,3.2894945
22.0,50.0,51.504593,43.373203,128.0,3.9446706e-05,2.180724,3.4898875
23.0,37.0,48.589336,40.4171,129.5,3.8483773e-05,2.3603818,3.3709745
23.0,50.0,41.285816,31.873026,110.5,3.7722097e-05,1.9001777,2.4321165
23.0,65.0,34.479244,24.696693,92.75,3.7254722e-05,1.5290949,1.376803
25.0,56.0,35.647804,26.705744,101.75,3.716235e-05,0.99824023,0.24888925
26.0,46.0,36.641792,28.143684,111.25,3.7254722e-05,1.0161338,0.16093981
27.0,50.0,53.705708,49.40882,165.25,3.723619e-05,0.99824023,0.24888925
28.0,56.0,68.73429,72.50528,220.0,3.7254722e-05,1.5316973,-0.1880687
28.0,56.0,62.647404,62.910496,200.5,3.7383616e-05,1.4205232,-0.6029763
28.0,56.0,57.123672,54.737232,182.5,3.7500762e-05,-0.09815212,-0.50494903
30.0,56.0,49.076553,44.60918,170.0,3.7494006e-05,-1.5410851,0.08076514
32.0,56.0,42.235977,36.64939,157.25,3.742478e-05,-1.5347463,0.16130817
34.0,46.0,45.773117,41.708584,183.75,3.73341e-05,-1.0161338,0.16093986
36.0,37.0,48.461838,45.843235,210.75,3.7254722e-05,0.0,0.5144
36.0,37.0,45.88738,42.43156,198.75,3.716834e-05,0.99824023,0.24888925
36.0,37.0,43.30053,39.113808,187.5,3.7254722e-05,0.8107055,-0.6333926
37.0,30.0,41.79413,37.47769,187.5,3.7746562e-05,0.6521846,-1.3986142
38.0,22.0,40.354683,35.93415,187.5,3.8238195e-05,1.128625,-1.0524598
41.0,24.0,44.49781,41.800316,231.5,3.8256425e-05,1.987489,-0.532546
43.0,26.0,46.76158,45.18866,275.5,3.8238195e-05,3.4046235,-1.1723057
44.0,24.0,45.441776,43.611477,279.0,3.8624974e-05,4.350401,-1.5834162
46.0,22.0,43.563957,41.48186,285.0,3.897458e-05,4.0995407,-0.3586634
44.0,22.0,46.45777,44.96581,288.75,3.8813032e-05,4.6042385,0.48392478
43.0,22.0,48.762127,47.909054,294.0,3.872924e-05,7.6737313,-0.806542
45.0,22.0,45.074688,43.29863,294.0,3.9234365e-05,9.982403,-2.4888923
48.0,22.0,40.865627,38.32362,294.0,3.995476e-05,9.889461,-2.8357573
52.0,22.0,36.47561,33.42005,306.75,4.0397324e-05,9.184179,-3.3427675
56.0,22.0,32.156445,28.768457,319.5,4.1177245e-05,10.633812,-5.186456
58.0,15.0,29.476263,25.93494,315.25,4.2794018e-05,11.697515,-6.4840374
59.0,9.0,26.924051,23.248018,312.5,4.458322e-05,11.916678,-6.071849
65.0,9.0,21.820322,18.35886,321.25,4.584492e-05,11.188913,-5.217477
71.0,9.0,17.228642,14.177163,331.0,4.6999867e-05,11.188913,-5.217477
