Vmax,Rmax_IBT,Rmax_CK22,Rmax_CK22_crr,R34,fcor,u_trans,v_trans
19.0,56.0,25.755646,15.236242,59.25,3.5424247e-05,-2.5157955,-0.53474945
21.0,56.0,25.53278,15.777004,62.75,3.5282377e-05,-2.5157955,-0.53474945
23.0,56.0,27.742933,18.34142,75.75,3.514024e-05,-3.0395107,-0.5359476
26.0,56.0,30.137005,21.522223,90.0,3.5035337e-05,-3.0788815,-0.21529658
26.0,56.0,32.339577,23.68574,96.5,3.5016834e-05,-3.6008,4.293911e-08
26.0,56.0,34.868683,26.269209,104.0,3.5035337e-05,-3.0864,3.6804952e-08
26.0,46.0,33.603928,24.96401,100.25,3.501664e-05,-3.0864,3.6804952e-08
26.0,37.0,32.502846,23.849312,97.0,3.5035337e-05,-3.0788815,0.21529667
27.0,37.0,33.402115,25.09381,103.5,3.512165e-05,-3.0395107,0.5359477
28.0,37.0,33.89027,25.920694,111.0,3.5282377e-05,-3.493841,0.8711126
28.0,37.0,35.88672,28.044,117.5,3.551081e-05,-3.4613113,0.9925145
28.0,37.0,38.169785,30.553457,125.0,3.577612e-05,-3.4245641,1.1127088
29.0,37.0,34.3457,26.709185,116.75,3.6022728e-05,-2.9182484,1.0048336
31.0,37.0,30.40654,23.155079,108.75,3.626943e-05,-2.9002674,1.0556108
31.0,31.0,29.380018,22.122108,105.0,3.649725e-05,-2.384717,0.9634875
31.0,28.0,28.479126,21.23002,101.75,3.67623e-05,-2.7500029,1.4011955
32.0,28.0,29.666325,22.638111,109.75,3.714993e-05,-3.2083368,1.6347281
33.0,28.0,30.363325,23.569939,118.0,3.7500762e-05,-3.4613113,0.9925145
34.0,28.0,29.416973,22.810917,118.0,3.7642087e-05,-4.084526,0.5015159
36.0,28.0,28.095182,21.848112,118.0,3.7746686e-05,-4.064535,0.6437594
37.0,28.0,31.019455,25.061008,135.25,3.7955524e-05,-4.5109434,1.0414342
39.0,28.0,33.188953,27.782022,153.0,3.8238195e-05,-4.4502573,1.27609
42.0,28.0,29.91389,24.699638,153.0,3.8587892e-05,-4.3773727,1.5072504
46.0,28.0,26.762453,21.902365,153.0,3.897458e-05,-4.3773727,1.5072504
49.0,28.0,26.517185,21.968102,164.0,3.9342358e-05,-4.3773727,1.5072504
51.0,28.0,26.212013,21.844591,176.0,3.9709896e-05,-3.8418703,1.4747552
54.0,28.0,26.33828,22.240719,194.25,4.007682e-05,-3.2894945,1.4645773
57.0,28.0,26.031239,22.157953,212.75,4.0444127e-05,-3.2894945,1.4645773
58.0,31.0,24.987263,21.145153,209.25,4.0792347e-05,-3.2894945,1.4645773
59.0,37.0,23.687763,19.882584,206.25,4.1177245e-05,-3.6666706,1.8682607
