Vmax,Rmax_IBT,Rmax_CK22,Rmax_CK22_crr,R34,fcor,u_trans,v_trans
21.0,93.0,93.929756,109.910614,208.5,6.824341e-05,-4.064535,0.6437594
21.0,111.0,93.9298,109.910706,208.5,6.8243826e-05,-3.5657573,0.5011352
21.0,111.0,96.05567,114.04695,213.25,6.822707e-05,-3.5810745,0.37638572
21.0,111.0,98.21168,118.31638,217.75,6.8243826e-05,-3.0563633,0.42954442
22.0,111.0,92.86661,109.45707,217.75,6.833897e-05,-2.0263405,0.35729846
23.0,111.0,85.48502,96.93238,217.75,6.8468675e-05,-2.562213,0.22416456
24.0,93.0,74.65022,79.04335,200.75,6.8563866e-05,-2.572,3.0670794e-08
26.0,74.0,63.58687,63.04464,185.0,6.869332e-05,-3.08593,0.053864837
26.0,69.0,61.51438,59.932858,179.25,6.895166e-05,-3.0864,3.6804952e-08
26.0,65.0,59.59884,57.12005,173.5,6.914198e-05,-3.0072958,-0.6942893
27.0,59.0,51.00475,45.779125,156.0,6.908023e-05,-2.7972286,-1.3043687
28.0,56.0,42.39907,35.43138,138.75,6.8917754e-05,-1.781934,-1.0287998
31.0,56.0,40.743385,34.535465,149.0,6.882225e-05,-0.7995278,-0.64744484
33.0,56.0,39.06814,33.154747,159.5,6.869332e-05,0.16747224,-0.48637477
36.0,37.0,35.217873,29.460152,158.75,6.851916e-05,0.86282426,-0.56032467
39.0,19.0,32.19009,26.682505,160.0,6.8243826e-05,0.8177716,-1.3087077
41.0,15.0,29.335682,23.939701,160.0,6.782702e-05,1.0869744,-2.3310237
44.0,13.0,26.841208,21.7485,160.0,6.734234e-05,1.9838998,-2.3643196
45.0,15.0,25.957087,20.964415,160.0,6.689043e-05,2.9131083,-2.116497
46.0,19.0,24.69193,19.800692,160.0,6.643758e-05,2.9851987,-2.0135417
45.0,19.0,26.954067,21.984613,166.75,6.6000386e-05,3.451297,-2.2412987
44.0,19.0,29.06446,24.06913,176.0,6.552959e-05,4.499044,-2.4938605
44.0,19.0,29.134478,24.143505,176.0,6.4960084e-05,5.5944567,-2.6087384
44.0,19.0,29.20466,24.218136,176.0,6.43901e-05,6.243039,-2.396478
44.0,19.0,29.269388,24.287033,176.0,6.386429e-05,6.428149,-1.8432422
44.0,19.0,29.31736,24.33814,176.0,6.3474974e-05,5.9894414,-1.4933354
44.0,19.0,29.342106,24.364517,176.0,6.327418e-05,5.5724363,-0.98257095
44.0,19.0,29.34559,24.36823,176.0,6.324571e-05,4.6296,-2.0236625e-07
44.0,22.0,32.24448,27.526499,200.5,6.327394e-05,4.0252733,0.85559803
44.0,28.0,34.884,30.51965,227.0,6.3474974e-05,3.4046233,1.1723058
44.0,28.0,34.513912,30.093233,224.25,6.381259e-05,2.6455612,1.5896136
44.0,28.0,34.173683,29.703157,222.25,6.43901e-05,2.116497,2.9131083
42.0,22.0,35.97208,31.467432,220.5,6.519931e-05,1.1343029,3.955784
41.0,19.0,37.207603,32.745876,220.25,6.621089e-05,-0.48392585,4.6042385
41.0,20.0,39.66216,35.697895,244.25,6.730822e-05,-2.2109127,5.208585
41.0,22.0,41.85931,38.42347,270.75,6.8468675e-05,-3.0864012,5.3458014
41.0,20.0,41.561123,38.04896,270.75,6.962256e-05,-4.024457,5.340636
41.0,19.0,41.282223,37.69999,270.75,7.07056e-05,-5.351831,4.818812
40.0,37.0,42.545513,39.08822,252.5,7.1660055e-05,-6.471182,4.2024355
39.0,56.0,42.198406,38.438023,233.75,7.247968e-05,-6.8128233,3.6224432
36.0,19.0,45.996063,42.573376,227.0,7.2037474e-05,-5.269585,-4.1170516
36.0,19.0,46.1008,42.71022,227.0,7.138775e-05,-3.859019,-4.1382923
36.0,19.0,46.210693,42.854,227.0,7.07056e-05,-3.7002842,-3.5733225
34.0,19.0,47.7059,44.235115,213.0,6.981335e-05,-3.4940035,-3.0372908
33.0,19.0,47.414196,43.52774,199.25,6.8917754e-05,-2.4094055,-2.675916
33.0,19.0,40.28035,34.58946,164.75,6.8243535e-05,-1.6355429,-2.6174157
33.0,19.0,32.85796,26.187956,132.0,6.756802e-05,-1.8545487,-3.0864882
33.0,19.0,32.88905,26.221235,132.0,6.6680834e-05,-2.2412982,-3.4512973
33.0,19.0,32.921257,26.25573,132.0,6.575688e-05,-2.3844197,-3.968342
33.0,22.0,31.641151,24.898037,126.25,6.4960455e-05,-2.493861,-4.4990435
33.0,28.0,30.787786,24.00809,123.0,6.416161e-05,-1.8089287,-4.2615695
33.0,28.0,31.032452,24.262001,123.75,6.3263e-05,-1.3535644,-4.4273086
33.0,28.0,31.386826,24.63154,125.25,6.2326726e-05,-1.1200012,-4.492081
33.0,28.0,33.776306,27.177784,134.75,6.136997e-05,-0.7145972,-4.052681
33.0,28.0,36.448723,30.137995,146.0,6.0479695e-05,-0.4388267,-3.57396
36.0,28.0,39.71053,34.69274,178.0,5.9766582e-05,-0.37613717,-3.0633945
39.0,28.0,41.387905,37.42496,210.75,5.9086666e-05,-0.5889127,-3.029694
42.0,28.0,36.224854,31.762741,211.25,5.8218495e-05,-0.85072696,-2.9668381
46.0,28.0,31.467365,26.931938,213.0,5.7453286e-05,-0.62222284,-2.4956007
52.0,24.0,24.614483,20.294695,199.5,5.699665e-05,-0.75198025,-2.4596157
59.0,22.0,19.466078,15.726945,187.25,5.6750614e-05,-1.5290946,-1.3768034
64.0,22.0,17.648159,14.271686,215.0,5.6598215e-05,-2.5157955,-0.53474945
69.0,22.0,15.40138,12.404224,243.0,5.6516048e-05,-2.562213,-0.22416449
