Vmax,Rmax_IBT,Rmax_CK22,Rmax_CK22_crr,R34,fcor,u_trans,v_trans
23.0,56.0,33.898895,24.119919,92.5,2.4177412e-05,-1.5197554,-0.2679738
23.0,56.0,33.895782,24.116842,92.5,2.4070872e-05,-1.4906167,-0.39940947
23.0,56.0,34.93257,25.151066,95.5,2.4052133e-05,-2.0126364,-0.42779955
23.0,56.0,36.492237,26.740034,99.75,2.4070872e-05,-1.5281817,-0.21477216
24.0,56.0,35.038864,25.677536,99.75,2.4089688e-05,-1.5373278,-0.13449869
26.0,56.0,33.065437,24.41635,99.75,2.4070872e-05,-1.5197554,-0.2679738
27.0,37.0,31.869226,23.536234,99.75,2.394529e-05,-1.4906167,-0.39940947
28.0,19.0,30.234196,22.204315,99.75,2.3819783e-05,-1.5148472,-0.2944562
28.0,19.0,30.234184,22.204306,99.75,2.381976e-05,-1.0231642,-0.107538745
28.0,19.0,30.234196,22.204315,99.75,2.3819783e-05,-1.0161338,-0.16093983
29.0,19.0,31.969334,24.228281,108.75,2.3694161e-05,-1.002432,-0.23142977
31.0,19.0,33.042355,25.88788,118.0,2.3568628e-05,-1.5242006,-0.24140973
32.0,19.0,30.897774,23.894564,114.0,2.354981e-05,-2.0525877,-0.14353105
33.0,19.0,28.823984,22.006096,111.0,2.3568628e-05,-2.5684752,0.13460858
33.0,19.0,25.015469,18.306295,96.5,2.3530762e-05,-3.0563633,0.42954442
33.0,19.0,21.672234,15.257294,83.5,2.3568628e-05,-3.5810745,0.37638572
36.0,19.0,26.531,20.288763,109.75,2.3763398e-05,-3.5810745,0.37638572
39.0,19.0,30.680075,25.051353,136.75,2.4070872e-05,-4.0097275,0.9257192
40.0,19.0,26.176096,20.551142,119.0,2.4409455e-05,-4.350401,1.5834161
41.0,19.0,21.720104,16.379587,102.0,2.4823696e-05,-4.292491,1.7342775
42.0,19.0,24.58451,19.237709,119.0,2.5287589e-05,-4.261569,1.8089292
44.0,19.0,26.9659,21.876549,136.75,2.5826394e-05,-4.699278,2.0922532
45.0,19.0,27.923954,22.992348,145.75,2.641448e-05,-4.623397,2.2549803
46.0,19.0,28.426453,23.64089,155.0,2.707799e-05,-5.345802,3.0863996
47.0,20.0,30.129019,25.586359,170.75,2.7865755e-05,-5.6710668,3.5436769
49.0,22.0,31.349657,27.160997,187.5,2.857718e-05,-5.548076,2.7059765
50.0,17.0,27.849634,23.465412,168.0,2.900707e-05,-4.9192324,1.5039588
51.0,13.0,24.456898,20.04825,150.5,2.9325609e-05,-4.492081,1.1200019
51.0,13.0,27.353163,23.038237,172.25,2.968071e-05,-4.492081,1.1200019
51.0,13.0,30.107708,26.00291,194.5,3.0073232e-05,-4.4718504,1.1982284
51.0,13.0,30.012146,25.898087,194.5,3.0552397e-05,-4.9192324,1.5039588
51.0,13.0,29.909355,25.785488,194.5,3.1068776e-05,-5.2463775,2.1196725
51.0,15.0,31.148766,27.1541,205.5,3.1528005e-05,-5.0857368,2.4804783
51.0,19.0,32.408104,28.569183,217.5,3.206281e-05,-5.73205,3.4441614
52.0,20.0,30.620049,26.668415,210.0,3.280791e-05,-6.1073027,3.8162675
54.0,22.0,28.646492,24.695868,204.0,3.3550914e-05,-4.9960704,2.6564584
54.0,22.0,28.535412,24.575848,204.0,3.4045475e-05,-4.292491,1.7342775
54.0,22.0,28.424152,24.455824,204.0,3.454095e-05,-4.0491395,2.2444746
54.0,22.0,28.358997,24.385626,204.75,3.524502e-05,-4.161584,3.0235665
54.0,22.0,28.31832,24.341833,206.25,3.6022833e-05,-5.1174836,3.451786
54.0,20.0,28.015034,24.01611,204.75,3.678094e-05,-5.291123,3.179226
54.0,19.0,27.766855,23.750618,204.0,3.7500762e-05,-4.362359,2.7259054
58.0,20.0,22.414701,18.536278,171.5,3.8096583e-05,-3.2865446,2.4765897
62.0,22.0,17.56986,14.10183,139.0,3.872924e-05,-3.0096667,2.8065598
65.0,24.0,18.819225,15.427073,173.25,3.951375e-05,-3.097807,3.4404635
69.0,28.0,18.766996,15.559551,208.5,4.0444127e-05,-3.0957363,4.1081815
70.0,28.0,16.970785,13.895602,182.5,4.1506606e-05,-2.8764894,4.264569
72.0,28.0,14.989554,12.135788,157.25,4.2640077e-05,-3.3259244,4.5777416
