Vmax,Rmax_IBT,Rmax_CK22,Rmax_CK22_crr,R34,fcor,u_trans,v_trans
23.0,56.0,28.696087,19.195526,78.0,4.0020273e-05,-8.229147,0.14363956
26.0,56.0,30.996084,22.356499,93.0,3.995476e-05,-8.723498,0.6100073
27.0,46.0,29.830725,21.5254,93.0,4.0108516e-05,-8.696896,0.91407967
28.0,37.0,28.230713,20.262165,93.0,4.0444127e-05,-8.169052,1.0030318
31.0,37.0,26.409325,19.231674,94.5,4.0894916e-05,-7.621003,1.2070489
33.0,37.0,25.06197,18.350016,97.5,4.142137e-05,-8.019455,1.8514384
34.0,31.0,26.536974,19.94327,106.5,4.194494e-05,-8.406042,2.4103925
36.0,28.0,27.44224,21.192268,115.5,4.239659e-05,-7.949956,2.1301837
37.0,28.0,31.397743,25.46453,138.0,4.2603093e-05,-7.949956,2.1301837
39.0,28.0,34.68575,29.460258,162.0,4.288343e-05,-7.378848,2.255938
42.0,28.0,32.555954,27.578047,171.5,4.35578e-05,-6.7232733,2.5808215
46.0,28.0,30.007217,25.3333,180.5,4.4340795e-05,-6.1555996,2.6128979
46.0,28.0,29.90942,25.22744,180.5,4.5018027e-05,-5.682092,2.4119058
46.0,28.0,29.832436,25.144217,180.5,4.5551555e-05,-5.8005347,2.1112216
47.0,28.0,29.130972,24.508322,182.5,4.5829864e-05,-6.4281497,1.8432412
49.0,28.0,28.132008,23.662569,185.0,4.6034886e-05,-5.9624667,1.5976379
50.0,28.0,27.254345,22.837086,185.0,4.639623e-05,-5.4903216,1.3688912
51.0,28.0,26.027037,21.653011,185.0,4.675884e-05,-4.5445414,0.8833688
