Vmax,Rmax_IBT,Rmax_CK22,Rmax_CK22_crr,R34,fcor,u_trans,v_trans
19.0,78.0,32.70292,21.14392,74.0,3.6762118e-05,-2.143994,2.2201698
21.0,74.0,30.42795,20.004383,74.0,3.7254722e-05,-1.5478681,2.0540907
21.0,74.0,34.379993,23.69959,83.0,3.7783462e-05,-1.5117838,2.0807917
21.0,74.0,38.36243,27.67834,93.0,3.8238195e-05,-1.9113681,1.7210042
21.0,74.0,42.369984,31.94071,102.0,3.8539056e-05,-1.8333353,0.9341304
21.0,74.0,42.417282,31.992558,101.75,3.872924e-05,-1.8797112,0.8369013
22.0,74.0,40.488243,30.467121,101.75,3.890706e-05,-1.4591242,0.5024168
23.0,74.0,37.876743,28.183924,101.75,3.897458e-05,-1.542965,-0.026932383
23.0,74.0,39.631836,30.059418,106.5,3.8888727e-05,-1.4591242,-0.5024168
23.0,74.0,41.401646,32.001713,111.0,3.872924e-05,-1.3750011,-0.7005984
24.0,56.0,43.08244,34.424267,120.5,3.8588074e-05,-0.9166674,-0.4670656
26.0,37.0,43.693768,36.11476,129.5,3.8483773e-05,-0.98384625,-0.30079225
26.0,74.0,47.698788,41.008915,141.25,3.8446953e-05,-1.0288,1.2268317e-08
26.0,111.0,51.717033,46.18652,152.75,3.8483773e-05,-0.9538868,0.38539502
26.0,111.0,55.742786,51.642284,164.5,3.8588096e-05,-0.35081992,0.37620836
26.0,111.0,59.776894,57.37894,176.0,3.872924e-05,-0.31669623,0.40535277
27.0,111.0,62.6308,62.26514,192.25,3.885192e-05,-0.35081992,0.37620836
28.0,111.0,63.704266,64.53219,208.5,3.897458e-05,-0.35081992,0.37620836
28.0,111.0,67.194435,70.01972,220.25,3.9097205e-05,-0.35081992,0.37620836
28.0,111.0,70.661385,75.67152,231.5,3.9219805e-05,-0.35733235,0.3700283
29.0,111.0,67.63037,71.34666,231.5,3.930553e-05,-0.35081992,0.37620836
31.0,111.0,63.418182,65.73545,231.5,3.9464914e-05,-1.1992917,0.9711672
32.0,93.0,62.592354,64.92012,238.5,3.979573e-05,-2.0267637,1.5834814
33.0,74.0,60.457233,62.05798,245.25,4.0199502e-05,-1.9411135,1.6873834
34.0,56.0,59.10103,60.39148,250.0,4.054798e-05,-1.4293294,1.4801131
36.0,37.0,56.598686,57.346485,254.75,4.093299e-05,-1.3499072,1.5528904
39.0,31.0,51.679943,51.088543,257.25,4.131147e-05,-1.5117838,2.0807917
41.0,28.0,47.199738,45.37569,259.25,4.1909232e-05,-1.5784872,3.2363775
45.0,28.0,41.575333,38.773262,261.5,4.291366e-05,-2.0099206,4.735077
49.0,28.0,35.97221,32.471466,263.75,4.409823e-05,-2.829201,4.9003177
55.0,28.0,28.988152,25.153885,263.75,4.518878e-05,-3.3259244,4.5777416
62.0,28.0,23.093807,19.469893,264.0,4.627635e-05,-3.4836583,4.4588804
