Vmax,Rmax_IBT,Rmax_CK22,Rmax_CK22_crr,R34,fcor,u_trans,v_trans
21.0,46.0,18.652458,10.489419,46.5,2.369391e-05,-5.6368685,-0.49316186
23.0,37.0,18.456976,10.798943,51.25,2.3568628e-05,-5.6368685,-0.49316186
24.0,31.0,21.009892,12.970779,60.25,2.3442968e-05,-5.6368685,-0.49316186
26.0,28.0,22.95005,15.022193,69.5,2.3317392e-05,-5.1056576,-0.62689716
26.0,22.0,23.723793,15.680841,71.75,2.3153832e-05,-4.6042385,-0.48392436
26.0,19.0,24.500164,16.351704,74.25,2.306609e-05,-4.1152,4.9073268e-08
27.0,19.0,30.37299,22.053564,95.25,2.3153816e-05,-4.084526,0.5015159
28.0,19.0,35.20621,27.312798,115.75,2.3317392e-05,-4.075151,0.5727259
31.0,19.0,37.549797,30.82942,134.0,2.344287e-05,-4.6042385,0.4839245
33.0,19.0,39.385117,33.52755,153.0,2.3568628e-05,-4.6042385,0.4839245
34.0,19.0,38.1867,32.391083,153.0,2.3693945e-05,-5.115821,0.5376939
36.0,19.0,36.51162,30.932774,153.0,2.3819783e-05,-5.6368685,0.49316204
37.0,19.0,36.542667,31.186865,157.25,2.3945262e-05,-6.149311,0.5379949
39.0,19.0,36.02683,30.995073,162.25,2.4070872e-05,-6.149311,0.5379949
41.0,19.0,32.739563,27.623865,157.5,2.4196226e-05,-6.149311,0.5379949
44.0,19.0,29.829243,24.885773,153.0,2.432189e-05,-5.6368685,0.49316204
46.0,19.0,28.078003,23.273182,153.0,2.4447056e-05,-5.6368685,0.49316204
49.0,19.0,26.503296,21.953705,153.0,2.4572832e-05,-5.6368685,0.49316204
51.0,19.0,25.079683,20.680183,153.0,2.4698136e-05,-5.6368685,0.49316204
54.0,19.0,23.786045,19.620947,153.0,2.4823696e-05,-5.124426,0.44832912
57.0,19.0,22.605104,18.658367,153.0,2.494891e-05,-5.115821,0.5376939
59.0,19.0,21.522655,17.718184,153.0,2.5074483e-05,-4.6042385,0.4839245
59.0,19.0,22.07974,18.268414,157.5,2.518082e-05,-4.6042385,0.4839245
59.0,19.0,22.614983,18.801424,162.0,2.53252e-05,-4.559266,0.8039215
63.0,28.0,22.41792,18.847042,173.5,2.5556887e-05,-4.5109434,1.0414342
67.0,37.0,21.879112,18.521091,185.25,2.5826394e-05,-4.5109434,1.0414342
