Vmax,Rmax_IBT,Rmax_CK22,Rmax_CK22_crr,R34,fcor,u_trans,v_trans
24.0,59.0,38.480446,29.289621,108.5,3.2881275e-05,7.5732193,-4.3724008
26.0,37.0,37.21092,28.756395,111.0,3.3798577e-05,6.682252,-3.8580005
26.0,37.0,37.226936,28.773716,111.0,3.4509554e-05,5.904447,-3.1394503
26.0,37.0,37.238636,28.786373,111.0,3.5035337e-05,4.623397,-2.254981
26.0,37.0,33.92471,25.29254,101.5,3.549795e-05,3.815547,-1.541581
26.0,37.0,30.93098,22.292849,92.75,3.577612e-05,3.4434621,-1.052772
26.0,37.0,30.93064,22.292513,92.75,3.5757334e-05,3.974978,-1.065092
26.0,37.0,30.93098,22.292849,92.75,3.577612e-05,4.350401,-1.5834162
26.0,37.0,30.9379,22.299608,92.75,3.6195306e-05,4.735077,-2.009921
26.0,37.0,30.9472,22.308699,92.75,3.67623e-05,4.699278,-2.092253
26.0,37.0,30.955566,22.316877,92.75,3.7272985e-05,4.769434,-1.9269763
26.0,37.0,30.963215,22.324352,92.75,3.7746686e-05,5.3501225,-1.8421946
27.0,37.0,31.020308,22.690445,96.25,3.8151888e-05,5.4392033,-1.5596664
28.0,37.0,31.066463,23.03075,102.0,3.8483773e-05,5.4903216,-1.3688908
29.0,37.0,29.980076,22.22386,102.0,3.8728904e-05,5.5133758,-1.2728628
31.0,37.0,28.475752,21.226706,102.0,3.897458e-05,5.465595,-1.4645015
32.0,31.0,27.547071,20.534939,102.0,3.9268638e-05,5.870682,-1.9074997
33.0,28.0,26.251884,19.480974,102.0,3.9709896e-05,5.2463775,-2.119674
36.0,22.0,24.320494,18.154043,102.0,4.0370585e-05,5.0416718,-2.568859
39.0,19.0,22.621313,16.977774,102.0,4.1177245e-05,4.63509,-3.2455254
41.0,28.0,28.77439,23.350292,143.0,4.1994244e-05,3.8227367,-3.4420083
44.0,37.0,33.204407,28.602077,185.5,4.288343e-05,3.5733232,-3.7002835
46.0,37.0,34.976753,30.91307,220.25,4.381904e-05,3.4420083,-3.8227367
49.0,37.0,35.36658,31.756613,257.0,4.4825505e-05,3.0235674,-4.1615834
54.0,37.0,28.86966,24.937567,246.0,4.5895744e-05,2.3844204,-3.9683418
59.0,37.0,23.864899,20.062752,236.25,4.6999867e-05,2.2444744,-4.0491395
