Vmax,Rmax_IBT,Rmax_CK22,Rmax_CK22_crr,R34,fcor,u_trans,v_trans
19.0,93.0,63.235897,56.163845,139.0,3.930545e-05,-2.5013263,2.590198
21.0,93.0,62.831406,57.74546,148.0,3.995476e-05,-2.0135427,2.985198
21.0,93.0,62.89592,57.837505,148.0,4.072499e-05,-1.9611359,3.019885
21.0,93.0,62.9538,57.92016,148.0,4.142137e-05,-2.6759155,2.409406
21.0,102.0,67.16595,64.0797,157.5,4.187893e-05,-3.2894945,1.4645773
21.0,111.0,71.40794,70.57243,166.5,4.2152973e-05,-3.4434626,1.0527711
21.0,111.0,73.55083,73.96276,171.0,4.2347678e-05,-3.0395107,0.5359477
21.0,111.0,75.688614,77.41891,176.0,4.239659e-05,-3.08593,-0.053864766
22.0,111.0,72.01861,72.668724,176.0,4.231137e-05,-3.0395107,-0.5359476
23.0,111.0,67.02408,65.86812,176.0,4.2152973e-05,-2.4843612,-0.66568244
24.0,83.0,67.4682,67.45054,185.5,4.2012613e-05,-1.987489,-0.5325459
26.0,56.0,56.650066,52.908943,166.75,4.1909232e-05,-2.0375755,-0.2863629
28.0,41.0,51.014553,46.289303,166.75,4.1872503e-05,-2.572,3.0670794e-08
31.0,28.0,46.23401,41.304382,166.75,4.1909232e-05,-3.0694926,0.32261634
32.0,28.0,43.928,38.736362,164.25,4.201254e-05,-3.5657573,0.5011352
33.0,28.0,41.028877,35.48758,162.0,4.2152973e-05,-4.075151,0.5727259
36.0,28.0,36.616203,31.053024,157.5,4.2293126e-05,-5.115821,0.5376939
39.0,28.0,32.84552,27.402138,153.0,4.239659e-05,-5.1369505,0.26921716
42.0,28.0,29.545269,24.30703,152.75,4.2432825e-05,-5.144,6.134159e-08
46.0,28.0,26.392487,21.52182,153.0,4.239659e-05,-5.1314692,-0.35882762
49.0,28.0,25.008652,20.42216,155.25,4.2274503e-05,-5.115821,-0.53769374
51.0,28.0,23.734745,19.32304,157.5,4.2152973e-05,-5.1369505,-0.26921704
54.0,28.0,22.291069,18.132715,157.5,4.2134267e-05,-5.144,6.134159e-08
57.0,28.0,20.975082,17.055466,157.5,4.2152973e-05,-5.144,6.134159e-08
54.0,28.0,22.293442,18.135052,157.5,4.211621e-05,-5.6584,6.7475746e-08
51.0,28.0,23.734745,19.32304,157.5,4.2152973e-05,-5.6368685,0.49316204
50.0,28.0,24.648766,20.152054,157.5,4.235955e-05,-5.5544395,1.0796729
49.0,28.0,25.275114,20.69263,157.5,4.2640077e-05,-5.5544395,1.0796729
46.0,28.0,27.34665,22.5077,159.75,4.2865064e-05,-6.0790215,1.0718954
44.0,28.0,29.69085,24.737299,162.0,4.3126656e-05,-5.5133753,1.272864
44.0,28.0,29.653719,24.697517,162.0,4.347235e-05,-5.4392037,1.5596656
44.0,28.0,29.612503,24.653381,162.0,4.385554e-05,-5.4392037,1.5596656
45.0,28.0,28.71341,23.823723,162.0,4.421908e-05,-5.9624667,1.5976379
46.0,28.0,27.451393,22.61681,162.0,4.458322e-05,-5.9894414,1.4933358
49.0,28.0,25.543325,20.966005,162.0,4.4928092e-05,-6.4885616,1.6177806
51.0,28.0,23.812437,19.400673,162.0,4.5309676e-05,-6.4281497,1.8432412
54.0,28.0,22.22706,18.06976,162.0,4.577464e-05,-6.359905,2.0664594
57.0,28.0,20.772667,16.859211,162.0,4.627635e-05,-6.359905,2.0664594
58.0,28.0,20.186283,16.356531,162.0,4.6740217e-05,-6.359905,2.0664594
59.0,28.0,19.36839,15.633929,162.0,4.7240763e-05,-6.2839127,2.2871566
