Vmax,Rmax_IBT,Rmax_CK22,Rmax_CK22_crr,R34,fcor,u_trans,v_trans
24.0,46.0,29.527191,20.298958,84.0,3.0072972e-05,2.8292003,-4.900318
26.0,46.0,36.36363,27.846167,108.75,3.131743e-05,2.5688603,-5.0416713
27.0,31.0,35.024223,26.784573,108.75,3.238554e-05,2.7259054,-4.362359
28.0,19.0,33.16238,25.16306,108.75,3.330315e-05,3.3064997,-3.9405327
29.0,19.0,32.01739,24.27752,108.75,3.40646e-05,3.5733232,-3.7002835
31.0,19.0,30.4241,23.172903,108.75,3.47882e-05,2.4765894,-3.2865446
31.0,19.0,30.420639,23.16939,108.75,3.5634133e-05,1.3488839,-3.3386035
31.0,19.0,30.416885,23.165579,108.75,3.651592e-05,1.1723057,-3.4046235
32.0,19.0,29.666615,22.638403,109.75,3.7377715e-05,1.2315464,-3.3836453
33.0,19.0,28.60667,21.788494,111.0,3.8238195e-05,1.2553518,-2.8195667
34.0,19.0,27.708658,21.093313,111.0,3.9097224e-05,1.2553518,-2.8195667
36.0,19.0,26.450716,20.209816,111.0,3.995476e-05,0.5011348,-3.5657573
37.0,19.0,27.083014,21.001986,117.5,4.0792456e-05,-0.24229468,-4.6232553
39.0,19.0,27.391968,21.628704,125.0,4.1665367e-05,-0.7242286,-4.5726023
40.0,19.0,26.557323,20.933094,125.0,4.2640102e-05,-1.0414333,-4.510944
41.0,19.0,25.390095,19.905077,125.0,4.3612705e-05,-0.9955566,-3.992961
44.0,19.0,23.237274,18.155457,122.75,4.451651e-05,-0.93195575,-3.4781058
46.0,19.0,21.305733,16.5107,120.5,4.5309676e-05,-1.2315462,-3.3836453
