Vmax,Rmax_IBT,Rmax_CK22,Rmax_CK22_crr,R34,fcor,u_trans,v_trans
21.0,72.0,24.893032,15.253118,61.25,3.2848646e-05,-0.4454835,-0.25719994
22.0,69.0,23.05989,14.082544,59.25,3.293131e-05,-0.3882227,0.33747667
22.0,67.0,22.205925,13.406747,58.25,3.29933e-05,0.0,0.5144
23.0,65.0,21.123417,12.820226,58.0,3.305528e-05,0.5093939,-0.07159063
24.0,65.0,20.292498,12.408069,58.0,3.30966e-05,0.41615835,-0.30235672
27.0,65.0,18.484566,11.595286,58.0,3.317923e-05,0.30079216,-0.9838463
31.0,65.0,16.200401,10.41951,58.0,3.330315e-05,-0.19630425,-1.0098981
31.0,46.0,18.014889,11.858849,64.75,3.344562e-05,-0.82163614,-0.6191474
31.0,28.0,20.08775,13.5702715,71.75,3.3550914e-05,-0.9937445,-0.26627296
32.0,28.0,16.597307,10.859551,61.25,3.35509e-05,-0.98384625,-0.30079225
33.0,28.0,13.256765,8.405214,51.0,3.3550914e-05,-1.420523,-0.60297644
34.0,28.0,12.897659,8.232714,51.0,3.3693308e-05,-1.4834192,-0.42536333
35.0,28.0,12.725854,8.193958,51.0,3.376218e-05,-2.0525877,0.14353111
36.0,28.0,12.397049,8.032166,51.0,3.3798577e-05,-2.4723651,0.7089389
