Vmax,Rmax_IBT,Rmax_CK22,Rmax_CK22_crr,R34,fcor,u_trans,v_trans
22.0,83.0,38.37625,28.218426,97.5,3.41512e-05,-2.3985834,1.9423344
23.0,83.0,35.948284,26.181334,97.5,3.454095e-05,-1.1992917,0.9711672
26.0,83.0,34.38516,25.767092,102.75,3.4874647e-05,-2.3985834,1.9423344
28.0,83.0,33.17881,25.180061,108.75,3.5282377e-05,-2.36432,1.9838994
31.0,59.0,32.993805,25.8365,118.0,3.586242e-05,-2.5013263,2.590198
33.0,37.0,32.712772,26.032753,127.25,3.651592e-05,-3.7923467,2.6554291
40.0,31.0,28.03575,22.436779,131.0,3.714999e-05,-3.7923467,2.6554291
46.0,28.0,24.436825,19.54647,136.75,3.7746686e-05,-2.590199,2.5013258
51.0,24.0,21.604094,17.230618,136.75,3.8293263e-05,-2.7583733,2.3145492
57.0,22.0,19.270702,15.422239,136.75,3.872924e-05,-2.9851987,2.0135417
62.0,22.0,18.008245,14.511512,144.25,3.9029863e-05,-3.048401,0.48281956
67.0,22.0,16.906849,13.71336,152.5,3.9219805e-05,-4.6183224,0.322945
68.0,22.0,16.834328,13.687506,157.0,3.93056e-05,-4.350401,1.5834161
69.0,22.0,16.613937,13.522639,162.0,3.9464914e-05,-2.4969504,1.8141398
69.0,22.0,16.545586,13.4590435,162.0,3.9862603e-05,-1.4293294,1.4801131
69.0,22.0,16.446054,13.366555,162.0,4.0444127e-05,-2.3623376,2.7175581
70.0,20.0,15.978565,12.972198,162.0,4.1232142e-05,-2.8586588,2.9602263
72.0,19.0,15.381133,12.494497,162.0,4.1909232e-05,-3.6666706,1.8682607
