Vmax,Rmax_IBT,Rmax_CK22,Rmax_CK22_crr,R34,fcor,u_trans,v_trans
21.0,83.0,57.63585,50.55275,139.0,2.6577594e-05,-0.9070703,1.248475
21.0,83.0,57.6717,50.600887,139.0,2.700293e-05,-1.4382447,2.1322844
21.0,83.0,57.72005,50.66585,139.0,2.7578055e-05,-1.496316,2.6994264
22.0,83.0,56.676014,50.112835,143.0,2.8308785e-05,-1.3043696,2.797228
23.0,83.0,55.204098,48.909256,148.0,2.9076216e-05,-1.5217645,3.2634327
26.0,74.0,54.559784,50.011177,162.0,2.9680798e-05,-1.4645767,3.2894948
28.0,65.0,53.790512,50.05099,176.0,3.0322259e-05,-1.2904117,3.3616364
28.0,65.0,72.268845,78.35988,236.25,3.1043855e-05,-0.93195647,3.4781055
28.0,65.0,90.53409,111.928406,296.25,3.206281e-05,-1.2728629,5.5133758
29.0,65.0,86.557495,104.96228,296.25,3.352608e-05,-1.8639129,6.956211
31.0,65.0,80.90174,95.64178,296.25,3.5282377e-05,-2.9495125,7.68374
32.0,59.0,77.19828,89.4557,296.25,3.7168316e-05,-4.239562,7.6483755
33.0,56.0,72.02019,80.85107,296.25,3.897458e-05,-5.621051,6.698905
34.0,56.0,69.109535,76.36002,298.5,4.0431725e-05,-6.698907,5.6210485
36.0,56.0,64.85723,70.140816,300.75,4.1665367e-05,-6.162271,4.6436057
37.0,56.0,61.80191,65.61095,300.75,4.279746e-05,-5.340635,4.0244584
39.0,56.0,57.62514,59.77208,300.75,4.385554e-05,-6.080291,4.7504444
39.0,56.0,58.012817,60.35843,305.75,4.5000957e-05,-7.074693,5.1400633
39.0,56.0,58.065155,60.43778,310.0,4.6034886e-05,-7.495758,4.503904
40.0,56.0,55.25284,56.494484,310.0,4.683043e-05,-7.9887724,3.556831
41.0,56.0,51.454082,51.246037,310.0,4.748151e-05,-7.2506685,2.6390269
42.0,50.0,51.356613,51.32667,331.0,4.8083133e-05,-6.8092465,2.3446116
44.0,46.0,49.573784,49.222946,351.5,4.868306e-05,-6.060662,2.8261323
45.0,46.0,47.030914,45.9138,351.5,4.9292394e-05,-5.5439405,3.7394347
46.0,46.0,43.475056,41.36643,351.5,5.012002e-05,-5.674938,4.433748
49.0,46.0,38.134747,35.07103,351.5,5.1397394e-05,-5.9964585,4.855836
51.0,46.0,33.37122,29.668047,351.5,5.2740055e-05,-5.9964585,4.855836
55.0,46.0,28.126022,24.221205,354.0,5.372276e-05,-5.674938,4.433748
59.0,46.0,23.170364,19.359003,356.25,5.4633376e-05,-5.5966945,4.5321136
63.0,37.0,19.436913,15.918818,354.0,5.5657434e-05,-5.5167465,4.6290984
67.0,28.0,15.938438,12.817959,351.75,5.6750614e-05,-5.8233404,5.06215
68.0,28.0,14.844418,11.860418,351.75,5.7920628e-05,-5.8233404,5.06215
69.0,28.0,13.50621,10.697657,351.75,5.9086666e-05,-5.9964585,4.855836
