Vmax,Rmax_IBT,Rmax_CK22,Rmax_CK22_crr,R34,fcor,u_trans,v_trans
23.0,74.0,40.561478,31.073267,111.0,1.7603074e-05,0.78521717,4.0395923
23.0,74.0,40.6125,31.129316,111.0,1.8783807e-05,1.8421948,5.3501225
23.0,74.0,42.078033,32.75757,115.0,2.063787e-05,2.287157,6.2839127
23.0,74.0,44.25436,35.240433,120.0,2.2563274e-05,0.96563876,6.0968027
26.0,69.0,41.35996,33.38549,124.0,2.3913834e-05,-0.689586,5.6162233
28.0,65.0,39.474964,32.027042,130.0,2.5074483e-05,-1.2728629,5.5133758
31.0,56.0,41.424496,35.347855,148.0,2.6346066e-05,-1.464503,5.4655943
33.0,46.0,42.8407,37.70006,167.0,2.7578055e-05,-1.2444456,4.9912014
33.0,46.0,42.794315,37.64274,167.0,2.879549e-05,-0.8039228,4.559266
33.0,46.0,42.754387,37.593426,167.0,2.9824112e-05,0.0,3.6008
36.0,41.0,40.289436,35.391254,170.0,3.050277e-05,0.9537501,2.935341
39.0,37.0,38.43896,33.82983,176.0,3.1068776e-05,0.9537501,2.935341
39.0,37.0,38.374733,33.753113,176.0,3.1777177e-05,0.64169866,3.0189548
39.0,37.0,38.303604,33.668236,176.0,3.2559245e-05,0.21529637,3.0788817
39.0,37.0,38.21918,33.567596,176.0,3.348278e-05,0.0,3.0864
39.0,37.0,38.14488,33.479122,176.0,3.4293596e-05,0.22416456,2.562213
40.0,37.0,37.04985,32.376987,176.75,3.468311e-05,0.5671514,1.977892
41.0,37.0,35.70951,30.992329,178.0,3.5035337e-05,0.85072714,2.9668381
44.0,37.0,33.564034,29.008842,181.0,3.5776106e-05,1.052772,3.4434621
46.0,37.0,31.766392,27.263515,184.75,3.651592e-05,1.4489771,2.7251294
46.0,37.0,34.709557,30.603056,207.25,3.694086e-05,1.4801135,1.4293292
46.0,37.0,37.696106,34.132862,231.25,3.7254722e-05,1.5990556,1.2948897
49.0,37.0,37.61081,34.434467,258.0,3.7605234e-05,1.5528905,1.349907
51.0,37.0,36.85094,33.75839,284.5,3.7992504e-05,1.9702663,1.6532496
55.0,41.0,29.186195,25.369734,237.0,3.842867e-05,1.7866614,1.850142
59.0,46.0,22.11634,18.304724,189.75,3.897458e-05,0.57857406,2.50608
62.0,50.0,23.317293,19.69648,224.5,3.9728322e-05,-0.9537499,2.935341
64.0,56.0,23.157112,19.650667,259.25,4.0444127e-05,-1.4382447,2.1322844
67.0,56.0,21.381643,18.024233,257.0,4.0865758e-05,-1.4801137,1.429329
69.0,56.0,19.803825,16.563732,254.75,4.1177245e-05,-1.4293294,1.4801131
69.0,56.0,20.253403,17.003859,273.25,4.15067e-05,-1.2382945,1.6432725
69.0,56.0,20.452156,17.19934,291.75,4.1909232e-05,-1.4752389,2.1068587
70.0,56.0,19.544922,16.355473,286.5,4.251834e-05,-1.8574418,2.4649088
72.0,56.0,18.368607,15.301064,282.5,4.3126656e-05,-2.2201705,2.1439936
