Vmax,Rmax_IBT,Rmax_CK22,Rmax_CK22_crr,R34,fcor,u_trans,v_trans
24.0,59.0,39.52205,30.421259,110.5,4.530914e-05,-2.9812334,0.79881895
26.0,56.0,39.05622,30.77996,115.5,4.5793287e-05,-3.9137876,1.2716672
27.0,46.0,38.735092,30.816961,119.5,4.5938817e-05,-4.9687223,1.3313649
28.0,37.0,38.23853,30.63037,125.0,4.5793287e-05,-4.628895,-0.08079715
29.0,37.0,38.173046,30.902714,129.75,4.5363708e-05,-3.2083359,-1.6347296
31.0,37.0,37.382736,30.640228,134.25,4.4825505e-05,-3.1183844,-1.8003997
32.0,37.0,37.039196,30.537624,137.75,4.4352862e-05,-3.3145537,-1.406945
33.0,37.0,36.50717,30.204063,143.75,4.409823e-05,-2.9002674,-1.0556108
37.0,28.0,34.312477,28.652802,152.75,4.5587756e-05,-1.5990556,1.2948897
39.0,28.0,32.655876,27.193193,152.75,4.5793287e-05,-2.4596162,0.7519794
42.0,28.0,36.67073,32.286167,200.0,4.5914087e-05,-3.5657573,0.5011352
46.0,28.0,37.42596,33.80773,247.75,4.6034886e-05,-2.9668384,0.85072666
46.0,31.0,37.97718,34.472378,253.25,4.6258083e-05,-2.249522,1.2469304
46.0,37.0,38.483772,35.087482,259.5,4.651767e-05,-2.401169,0.921722
46.0,37.0,38.410194,34.99789,259.5,4.6776975e-05,-2.5403342,0.40234962
46.0,37.0,38.347046,34.921066,259.5,4.6999867e-05,-2.4843612,0.66568244
46.0,37.0,38.318058,34.88582,259.5,4.7102178e-05,-2.3675385,1.0049607
46.0,37.0,38.2789,34.838234,259.5,4.7240763e-05,-2.3116984,1.1274902
47.0,37.0,36.806145,33.20492,259.5,4.7565627e-05,-2.249522,1.2469304
49.0,37.0,34.736626,31.019152,259.5,4.796257e-05,-1.9988195,1.618612
49.0,37.0,35.120693,31.46802,266.0,4.843114e-05,-1.818679,1.8186784
49.0,37.0,35.607624,32.04044,273.0,4.868306e-05,-1.3750014,0.70059776
49.0,37.0,36.214966,32.759624,280.0,4.830489e-05,-0.9166674,-0.4670656
49.0,37.0,36.864357,33.535007,287.0,4.796257e-05,-0.0,0.0
51.0,37.0,33.382698,29.681227,287.0,4.8370996e-05,0.26627302,0.9937445
54.0,37.0,30.212124,26.407581,287.0,4.892293e-05,0.60471344,0.8323167
