Vmax,Rmax_IBT,Rmax_CK22,Rmax_CK22_crr,R34,fcor,u_trans,v_trans
19.0,185.0,71.213806,67.74542,152.5,4.8814858e-05,-1.2160581,0.95008886
21.0,185.0,68.01519,65.35626,157.5,4.9402213e-05,-0.7400569,0.7146645
22.0,185.0,68.720795,67.49727,166.5,4.9659397e-05,-0.91666764,0.4670652
23.0,185.0,67.58569,66.73084,176.0,4.9880902e-05,-0.94701535,0.40198427
24.0,152.0,67.07904,66.846634,182.75,5.0186194e-05,-1.3087077,0.8177716
26.0,120.0,64.96671,65.15594,189.75,5.059779e-05,-0.9659845,1.816753
26.0,111.0,66.593864,67.68621,194.5,5.1211595e-05,-0.57857406,2.50608
26.0,102.0,68.21994,70.25867,199.0,5.178951e-05,-1.0869746,2.3310235
24.0,102.0,75.95686,81.24375,206.0,5.195637e-05,-1.7540995,1.8810419
23.0,102.0,82.653755,91.80586,213.0,5.22651e-05,-1.8574418,2.4649088
23.0,87.0,82.71857,91.92175,213.0,5.3190335e-05,-2.244474,4.04914
23.0,74.0,82.801056,92.06934,213.0,5.439729e-05,-2.56886,5.0416713
23.0,78.0,83.81331,93.88958,215.25,5.559393e-05,-2.8023927,5.5000052
23.0,83.0,84.82493,95.72542,217.5,5.6750614e-05,-2.829201,4.9003177
24.0,74.0,81.51988,90.92646,219.75,5.7704503e-05,-2.8016226,4.3141217
26.0,65.0,76.38262,83.83452,222.0,5.862087e-05,-2.3148007,4.009351
27.0,65.0,74.13336,80.786896,227.0,5.968521e-05,-1.7593528,4.8337784
28.0,65.0,70.081406,74.712105,231.5,6.0711227e-05,-1.4306248,4.4030113
29.0,65.0,66.63812,69.74904,231.5,6.1520164e-05,-1.4074823,3.8670228
31.0,65.0,61.84217,63.289875,231.5,6.2326726e-05,-0.9955565,3.9929612
32.0,50.0,59.78925,60.617588,236.0,6.330871e-05,-0.43015632,4.0926566
33.0,37.0,56.28222,55.818703,240.5,6.43901e-05,0.0,5.144
36.0,22.0,50.42486,48.51824,245.25,6.5512526e-05,0.7874971,5.603333
39.0,9.0,45.087463,42.13666,250.0,6.666408e-05,1.1571481,5.01216
40.0,9.0,43.60632,40.440437,257.0,6.7742745e-05,1.4178786,4.9447303
41.0,9.0,40.99759,37.345146,264.0,6.8917754e-05,1.9075001,5.870682
