Vmax,Rmax_IBT,Rmax_CK22,Rmax_CK22_crr,R34,fcor,u_trans,v_trans
21.0,83.0,63.7732,59.095943,155.25,1.6294232e-05,-5.7912855,3.3435993
23.0,83.0,61.501213,57.65936,166.75,1.7268272e-05,-6.4166737,3.2694561
25.0,65.0,58.693413,55.149208,169.25,1.8140112e-05,-7.6837406,2.9495103
26.0,46.0,56.321507,52.448666,171.5,1.8783807e-05,-8.584134,1.6685855
27.0,41.0,46.357777,39.81803,144.33333,1.8979623e-05,-8.169052,1.0030318
28.0,37.0,29.547684,21.531296,95.666664,1.9288536e-05,-6.060662,2.8261323
28.0,46.0,30.328417,22.297297,98.333336,2.0359174e-05,-4.0497217,4.658671
28.0,56.0,31.495829,23.461613,101.666664,2.1556822e-05,-3.9306557,4.070311
65.0,9.0,27.118618,23.851494,233.25,2.4179597e-05,-7.044228,1.4972953
71.0,11.0,24.448832,21.34717,240.75,2.4572832e-05,-7.5987763,1.3398693
68.0,9.0,25.774784,22.588322,243.5,2.4841951e-05,-7.6737313,0.80654085
66.0,9.0,27.35385,24.164211,247.5,2.5074483e-05,-8.210351,0.57412446
62.0,22.0,28.433868,25.08422,236.75,2.5343585e-05,-8.723498,0.6100073
59.0,37.0,29.313972,25.833467,226.75,2.5575835e-05,-8.723498,0.6100073
58.0,37.0,30.778557,27.38098,231.25,2.577639e-05,-8.732816,0.4576692
56.0,37.0,32.370766,29.012728,236.0,2.5826394e-05,-8.2304,9.8146536e-08
53.0,37.0,31.682316,27.9533,212.25,2.557516e-05,-7.7113,-0.26928657
51.0,37.0,30.627718,26.575829,189.75,2.53252e-05,-6.6861815,0.116707146
49.0,37.0,31.796474,27.65966,190.25,2.5374637e-05,-6.650567,0.699002
48.0,37.0,33.273666,29.21091,192.25,2.5575835e-05,-6.637355,0.81496334
47.0,37.0,36.89809,33.31477,210.75,2.5770109e-05,-7.112936,1.1265789
46.0,37.0,40.66472,37.782257,229.25,2.6076874e-05,-6.541069,1.3903457
48.0,37.0,38.06222,34.85275,230.0,2.65581e-05,-6.4281497,1.8432412
51.0,37.0,35.676136,32.356384,231.5,2.707799e-05,-6.459339,1.7307743
53.0,37.0,32.185944,28.522358,221.0,2.7490767e-05,-6.4885616,1.6177806
56.0,37.0,29.105879,25.367014,210.75,2.7827968e-05,-6.515807,1.5042937
56.0,30.0,29.06003,25.316965,210.75,2.8002058e-05,-6.014591,1.3885788
56.0,22.0,28.97472,25.22393,210.75,2.8327528e-05,-6.3228717,2.1771395
58.0,22.0,27.780544,24.090122,210.75,2.9125986e-05,-6.5268664,3.0435271
59.0,22.0,26.590445,22.893885,210.75,3.0073232e-05,-6.472756,3.1569724
66.0,22.0,23.82127,20.440912,226.25,3.083887e-05,-5.9583397,3.0359237
74.0,22.0,20.824944,17.784853,243.25,3.156599e-05,-5.291123,3.179226
