Vmax,Rmax_IBT,Rmax_CK22,Rmax_CK22_crr,R34,fcor,u_trans,v_trans
21.0,74.0,30.415442,19.993086,74.0,3.67623e-05,-3.992961,0.99555725
22.0,74.0,29.064245,19.169216,74.0,3.7008398e-05,-3.992961,0.99555725
23.0,74.0,27.2442,17.900442,74.0,3.7254722e-05,-4.0097275,0.9257192
24.0,50.0,29.500528,20.274155,83.0,3.7463782e-05,-3.992961,0.99555725
26.0,28.0,27.824976,19.33773,83.75,3.7746686e-05,-3.8155472,1.5415801
27.0,28.0,26.0402,17.969946,81.25,3.8164188e-05,-3.5274155,2.119484
28.0,28.0,23.958982,16.344324,79.0,3.872924e-05,-3.6973627,2.7861636
31.0,28.0,24.601181,17.544367,88.0,3.946473e-05,-4.0535274,3.1669629
33.0,28.0,25.052052,18.340685,97.5,4.0199502e-05,-4.362359,2.7259054
36.0,28.0,23.210964,17.112995,97.5,4.072516e-05,-4.6620474,2.173948
39.0,28.0,21.59985,16.03041,97.5,4.1177245e-05,-4.6620474,2.173948
39.0,28.0,24.967638,19.218618,113.5,4.170159e-05,-4.6620474,2.173948
39.0,28.0,28.255764,22.51069,129.75,4.2152973e-05,-4.8637476,1.6747227
39.0,28.0,28.239565,22.494038,129.75,4.246948e-05,-5.0315914,1.0694966
39.0,28.0,28.230885,22.485115,129.75,4.2640077e-05,-5.124426,0.44832912
42.0,28.0,25.498243,20.141478,129.75,4.267642e-05,-5.144,6.134159e-08
46.0,28.0,22.888304,18.025576,129.75,4.2640077e-05,-4.6296,5.520743e-08
50.0,28.0,22.167858,17.694082,139.0,4.2657968e-05,-4.6296,5.520743e-08
54.0,28.0,21.067595,16.940214,148.25,4.2640077e-05,-4.6183224,-0.32294488
59.0,28.0,19.201756,15.475592,152.75,4.2518328e-05,-4.595092,-0.56420743
64.0,28.0,17.562487,14.1915045,157.5,4.239659e-05,-4.0995407,-0.35866317
65.0,28.0,17.857685,14.515181,166.75,4.2359938e-05,-3.6008,4.293911e-08
67.0,28.0,17.823402,14.573115,176.0,4.239659e-05,-2.5657346,0.1794139
