Vmax,Rmax_IBT,Rmax_CK22,Rmax_CK22_crr,R34,fcor,u_trans,v_trans
21.0,93.0,42.17374,31.725946,101.0,4.3163083e-05,0.10764817,-1.5394409
22.0,93.0,44.492874,34.93025,111.5,4.3437467e-05,0.70059824,-1.3750012
23.0,93.0,45.182213,36.32255,120.5,4.3612705e-05,1.2160583,-0.95008886
24.0,74.0,50.14539,42.98281,139.0,4.3752403e-05,0.89980876,-0.49877208
26.0,56.0,53.459164,48.514496,157.5,4.385554e-05,-0.7881066,-0.6612998
28.0,59.0,48.195427,42.600403,157.5,4.4183114e-05,1.1100852,-1.0719967
29.0,61.0,47.242615,41.81448,157.5,4.4292174e-05,15.924545,-0.8345699
29.0,61.0,47.24257,41.81442,157.5,4.430105e-05,3.0536513,-1.9081337
31.0,65.0,43.71535,38.136982,157.5,4.458322e-05,1.7540997,-1.8810418
32.0,65.0,44.49159,39.44208,166.5,4.494657e-05,1.0288001,-1.7819339
33.0,65.0,44.27778,39.49375,176.0,4.5309676e-05,0.934131,-1.8333349
34.0,57.0,43.45455,38.75958,176.0,4.5519373e-05,1.180191,-1.6854872
34.0,56.0,42.65708,37.7659,176.0,4.565436e-05,1.4752388,-2.106859
35.0,50.0,41.878296,37.0783,176.0,4.5819637e-05,0.934131,-1.8333349
36.0,46.0,40.388042,35.510788,176.0,4.6034886e-05,0.28636274,-2.0375755
37.0,46.0,38.948433,34.012352,176.0,4.653571e-05,0.10768666,-2.05478
39.0,46.0,36.93754,32.05415,176.0,4.6999867e-05,-0.18806858,-1.5316973
39.0,46.0,36.910896,32.022972,176.0,4.7276888e-05,-0.13449885,-1.5373278
39.0,46.0,36.906197,32.017475,176.0,4.7325528e-05,-0.9287209,-1.2324544
39.0,46.0,36.89116,31.999886,176.0,4.748151e-05,-0.46706548,-0.9166675
39.0,46.0,35.15314,29.991823,166.5,4.7740155e-05,-0.23142964,-1.002432
39.0,46.0,33.39626,28.012272,157.5,4.796257e-05,-0.09815212,-0.50494903
41.0,46.0,32.332672,27.17355,166.5,4.8118778e-05,0.23353276,-0.45833373
44.0,46.0,31.199905,26.372898,176.0,4.8202877e-05,0.0,0.0
47.0,41.0,27.989922,23.295162,176.0,4.8202884e-05,0.0,-0.0
51.0,37.0,24.88038,20.477297,176.0,4.8202877e-05,0.0,-0.0
