Vmax,Rmax_IBT,Rmax_CK22,Rmax_CK22_crr,R34,fcor,u_trans,v_trans
21.0,56.0,26.308666,16.421242,65.0,2.6846228e-05,-8.105362,1.4291939
23.0,56.0,27.053959,17.733305,74.0,2.707799e-05,-8.12907,1.2875189
24.0,46.0,29.302692,20.090477,83.0,2.7327853e-05,-7.6409082,1.0738611
26.0,37.0,26.640053,18.252523,80.666664,2.7578055e-05,-7.1315145,1.0022703
28.0,31.0,21.535988,14.257077,71.0,2.7808459e-05,-6.6221204,0.9306796
31.0,28.0,15.551242,9.917891,55.75,2.807779e-05,-6.5643377,1.2759771
32.0,28.0,17.606031,11.667398,64.75,2.8451874e-05,-6.515807,1.5042937
33.0,28.0,19.248402,13.163003,74.25,2.882674e-05,-7.069287,1.3741292
33.0,28.0,19.246965,13.161791,74.25,2.9076416e-05,-7.112936,1.1265789
33.0,28.0,19.245565,13.160608,74.25,2.9325609e-05,-6.5643377,1.2759771
34.0,28.0,19.28481,13.332148,76.5,2.966156e-05,-5.9894414,1.4933358
36.0,28.0,19.05438,13.393873,79.0,3.0073232e-05,-5.9030786,1.8047506
40.0,28.0,17.412405,12.424981,79.0,3.0552346e-05,-5.3501225,1.8421949
44.0,28.0,15.853747,11.4460945,79.0,3.1068776e-05,-5.282572,2.0277884
46.0,28.0,15.007214,10.876934,79.0,3.1621505e-05,-4.802338,1.843444
49.0,28.0,14.246969,10.430356,79.0,3.206281e-05,-4.4502573,1.27609
51.0,28.0,13.568298,9.974039,79.0,3.2205382e-05,-4.559266,0.8039215
54.0,28.0,12.953904,9.611722,79.0,3.231108e-05,-4.492081,1.1200019
57.0,28.0,15.205923,11.703754,99.5,3.264614e-05,-4.3773727,1.5072504
59.0,28.0,16.893482,13.324792,120.5,3.305528e-05,-3.7880614,1.6079371
62.0,22.0,16.083828,12.734039,120.5,3.342666e-05,-3.236378,1.5784862
64.0,19.0,15.333002,12.142349,120.5,3.3798577e-05,-3.236378,1.5784862
64.0,19.0,15.315683,12.126713,120.25,3.4207027e-05,-3.2894945,1.4645773
64.0,19.0,15.2892275,12.102837,120.25,3.454095e-05,-2.9182484,1.0048336
65.0,19.0,15.003914,11.88718,120.25,3.4683133e-05,-2.9812334,0.79881895
67.0,19.0,14.6026125,11.604763,120.25,3.47882e-05,-2.401169,0.921722
68.0,19.0,15.047712,12.044507,127.25,3.496105e-05,-1.7058278,1.1505953
69.0,19.0,15.259342,12.274568,134.25,3.5282377e-05,-1.7210038,1.9113686
