Vmax,Rmax_IBT,Rmax_CK22,Rmax_CK22_crr,R34,fcor,u_trans,v_trans
19.0,93.0,45.261597,33.761833,102.0,3.1808282e-05,1.4591243,-0.50241673
21.0,74.0,42.073265,31.616232,102.0,3.1814445e-05,1.4676704,0.476875
21.0,93.0,50.05059,40.834473,120.5,3.2075233e-05,1.4293292,1.4801135
21.0,111.0,58.139175,51.230488,139.0,3.2559245e-05,1.2469304,2.249522
21.0,111.0,68.37604,65.902214,162.0,3.3123397e-05,0.92172235,2.4011688
21.0,111.0,78.777626,82.543274,185.0,3.3798577e-05,1.2059525,2.8410463
22.0,111.0,79.08782,84.35056,194.5,3.4503864e-05,1.5784868,3.2363777
23.0,111.0,77.46124,82.74504,203.5,3.5282377e-05,1.5784868,3.2363777
26.0,111.0,74.14131,79.9968,217.5,3.6090674e-05,1.6079367,3.7880616
28.0,111.0,46.672905,40.663162,152.75,3.700857e-05,1.203168,3.9353852
29.0,96.0,46.184166,40.470398,157.25,3.8060058e-05,0.962548,4.5284324
31.0,83.0,44.79761,39.485054,162.25,3.9219805e-05,0.9815215,5.04949
32.0,78.0,47.280304,43.01191,178.25,4.040744e-05,0.9815215,5.04949
33.0,74.0,48.448486,44.893887,194.5,4.1665367e-05,0.7874971,5.603333
36.0,59.0,46.140594,42.762268,206.25,4.2957497e-05,0.9825709,5.5724363
39.0,46.0,43.568977,40.17561,217.75,4.4340795e-05,1.804752,5.903078
39.0,43.0,43.482964,40.06566,217.75,4.4825505e-05,2.1771393,6.3228717
40.0,37.0,42.805332,39.417713,233.5,4.5791407e-05,1.1778258,6.059388
44.0,28.0,38.928238,35.322914,259.25,4.7240763e-05,1.7307748,6.459339
48.0,22.0,34.89374,31.079172,287.0,4.8764417e-05,2.1771393,6.3228717
51.0,19.0,30.863228,26.83668,310.0,4.9880902e-05,1.2833973,6.0379095
