Vmax,Rmax_IBT,Rmax_CK22,Rmax_CK22_crr,R34,fcor,u_trans,v_trans
22.0,65.0,39.63494,29.549849,100.25,3.7322334e-05,2.4596157,0.75198025
23.0,65.0,44.025013,34.97512,118.25,3.700857e-05,2.0375755,0.2863626
24.0,59.0,42.177307,33.38683,118.25,3.6916164e-05,1.5281817,-0.2147719
26.0,56.0,39.666725,31.461868,118.25,3.700857e-05,1.9568939,-0.6358332
28.0,46.0,38.466545,30.886023,126.0,3.7199337e-05,1.9209352,-0.7373778
31.0,37.0,37.466873,30.735455,134.0,3.7500762e-05,1.9335115,-0.70374054
32.0,31.0,37.902832,31.522165,141.0,3.7887898e-05,1.9676926,-0.6015841
33.0,28.0,37.848015,31.735348,148.0,3.8238195e-05,1.977892,-0.5671514
33.0,28.0,37.842747,31.72927,148.0,3.8397826e-05,2.9668381,-0.85072714
33.0,28.0,37.839844,31.725927,148.0,3.8483773e-05,2.9668381,-0.85072714
33.0,37.0,51.317295,48.77626,204.0,3.860645e-05,2.9668381,-0.85072714
33.0,46.0,64.2514,67.97951,259.5,3.872924e-05,2.5329256,-0.44662315
33.0,46.0,64.23761,67.95754,259.5,3.8833452e-05,2.5579104,-0.26884732
33.0,46.0,64.2189,67.927765,259.5,3.897458e-05,2.4956007,-0.6222231
36.0,41.0,58.156174,59.673126,259.5,3.920135e-05,2.384717,-0.96348816
39.0,37.0,52.844837,52.74437,259.5,3.9464914e-05,2.384717,-0.96348816
41.0,31.0,48.174328,46.694477,259.5,3.9691517e-05,2.384717,-0.96348816
44.0,28.0,44.028244,41.75481,259.5,3.995476e-05,2.6994264,-1.4963163
46.0,28.0,40.30994,37.338737,259.5,4.030346e-05,1.9411132,-1.6873837
49.0,28.0,36.965096,33.655888,259.5,4.0688625e-05,1.2948899,-1.5990553
51.0,31.0,33.957718,30.344275,259.5,4.1055056e-05,0.74815816,-1.3497132
54.0,37.0,31.239334,27.551018,259.5,4.142137e-05,0.840487,-1.2942364
55.0,31.0,30.1525,26.431486,259.5,4.178727e-05,1.2948899,-1.5990553
57.0,28.0,28.652706,24.955011,259.5,4.2152973e-05,1.3768033,-1.5290947
