Vmax,Rmax_IBT,Rmax_CK22,Rmax_CK22_crr,R34,fcor,u_trans,v_trans
21.0,65.0,51.307995,42.38123,122.75,3.475747e-05,-3.882227,3.3747668
21.0,65.0,52.369293,43.706615,125.25,3.5529305e-05,-4.5189986,3.4053109
22.0,65.0,50.75587,42.433506,127.0,3.6232705e-05,-4.5189986,3.4053109
23.0,65.0,48.532585,40.347343,129.75,3.700857e-05,-4.138292,3.8590195
23.0,65.0,47.54422,39.14091,126.75,3.809641e-05,-3.7122447,4.2704487
23.0,65.0,46.975952,38.454506,125.0,3.9219805e-05,-3.374768,3.882226
24.0,65.0,48.758144,41.237007,135.25,4.0150582e-05,-3.508199,3.7620838
26.0,65.0,49.428734,43.205173,145.75,4.093299e-05,-3.0372913,3.4940033
27.0,56.0,49.5437,43.86623,152.25,4.156148e-05,-2.58978,3.1981103
28.0,46.0,48.879395,43.483234,159.75,4.2152973e-05,-2.753606,3.0581899
29.0,46.0,51.574337,47.509663,175.5,4.2846907e-05,-2.8586588,2.9602263
31.0,46.0,53.09643,50.47071,192.0,4.3612705e-05,-2.0653346,2.9496024
31.0,41.0,51.687347,48.524536,187.0,4.4407483e-05,-1.4069444,3.314554
31.0,37.0,50.521175,46.938892,182.75,4.5309676e-05,-1.2716665,3.9137878
31.0,41.0,50.483162,46.88758,182.75,4.6360707e-05,-1.3535643,4.4273086
31.0,46.0,50.44165,46.831585,182.75,4.748151e-05,-1.1982298,4.47185
31.0,46.0,50.4,46.77543,182.75,4.858102e-05,-1.1200011,4.4920816
31.0,46.0,50.358982,46.72015,182.75,4.9641636e-05,-0.89324754,5.065851
32.0,46.0,48.306156,44.357677,182.75,5.0615734e-05,-0.6268964,5.1056576
33.0,46.0,45.438755,40.967907,182.75,5.155148e-05,-0.40349755,4.611983
34.0,46.0,45.58762,41.469364,192.25,5.2520343e-05,0.1436184,4.1126933
36.0,46.0,44.631897,40.807533,201.5,5.345127e-05,0.5632893,3.5564682
37.0,46.0,44.145576,40.441895,209.5,5.4279346e-05,1.2716668,3.9137878
39.0,46.0,42.715572,39.09006,217.75,5.510506e-05,1.4074812,3.867023
39.0,46.0,42.562115,38.896126,217.75,5.6063884e-05,1.6591003,4.322104
39.0,46.0,42.414623,38.71009,217.75,5.698501e-05,1.7391587,3.7296376
40.0,46.0,40.977657,37.123302,220.0,5.773958e-05,1.9611363,3.019885
41.0,46.0,38.785255,34.632023,222.5,5.83877e-05,2.0248606,2.3293357
