Vmax,Rmax_IBT,Rmax_CK22,Rmax_CK22_crr,R34,fcor,u_trans,v_trans
21.0,56.0,34.61557,23.927822,83.0,4.54184e-05,-1.0414333,4.510944
23.0,56.0,30.934763,21.26007,83.0,4.6034886e-05,-1.2315469,3.383645
24.0,59.0,34.760986,25.3944,97.5,4.6294597e-05,-1.496316,2.6994264
26.0,65.0,37.474876,29.042393,111.0,4.651767e-05,-0.8796764,2.4168892
27.0,59.0,36.004303,27.82733,111.0,4.704811e-05,-0.17941341,2.5657349
28.0,56.0,33.972267,26.006596,111.0,4.7722115e-05,0.26884723,2.5579104
28.0,56.0,33.97584,26.01034,111.0,4.8461003e-05,0.53594774,3.0395107
28.0,56.0,33.97912,26.013779,111.0,4.916265e-05,-0.08976177,2.5704334
28.0,56.0,35.12151,27.222326,115.0,4.9677517e-05,-0.6656832,2.4843612
28.0,56.0,36.8329,29.07348,120.5,5.012002e-05,-1.3043696,2.797228
29.0,56.0,35.441696,27.885107,120.5,5.0687235e-05,-1.4382447,2.1322844
31.0,56.0,33.508675,26.38341,120.5,5.1074945e-05,-1.9988195,1.618612
31.0,56.0,33.509518,26.38431,120.5,5.0991694e-05,-1.8940307,0.80396855
31.0,56.0,33.51114,26.386038,120.5,5.083645e-05,-0.890967,0.5143999
31.0,56.0,43.06451,37.33569,155.75,5.0949642e-05,-0.2662733,0.99374443
31.0,56.0,52.755234,49.99642,192.25,5.131329e-05,0.42536357,1.4834191
32.0,56.0,47.3812,43.143494,179.25,5.195607e-05,0.6358334,1.9568939
33.0,56.0,41.692574,36.291706,166.5,5.2740055e-05,0.0,2.0576
33.0,56.0,41.654606,36.245506,166.5,5.3469215e-05,-0.8796764,2.4168892
33.0,56.0,41.61836,36.201424,166.5,5.4161024e-05,-1.4011964,2.7500026
36.0,56.0,46.12928,42.747467,208.75,5.4769003e-05,-1.4011964,2.7500026
39.0,56.0,48.39834,46.543472,252.25,5.5340646e-05,-0.8796764,2.4168892
41.0,50.0,43.40011,40.381683,252.25,5.5893564e-05,-0.6222228,2.4956007
44.0,46.0,38.971703,35.375965,252.25,5.6516048e-05,-0.8507276,2.966838
45.0,41.0,37.201347,33.392326,252.25,5.7336114e-05,-1.1723053,3.4046235
46.0,37.0,34.78289,30.688028,252.25,5.8154368e-05,-1.4645767,3.2894948
