Vmax,Rmax_IBT,Rmax_CK22,Rmax_CK22_crr,R34,fcor,u_trans,v_trans
23.0,46.0,32.618416,22.866838,88.5,3.493008e-05,-6.183509,6.1835065
23.0,46.0,33.35634,23.585693,90.5,3.626943e-05,-5.8197727,5.819771
26.0,41.0,33.64658,25.007595,100.5,3.753705e-05,-5.8197727,5.819771
28.0,37.0,33.91824,25.949982,111.25,3.872924e-05,-6.395542,5.9639397
31.0,37.0,34.759502,27.730484,124.5,3.9868475e-05,-6.599786,5.737104
33.0,37.0,35.454548,29.022882,139.0,4.093299e-05,-6.573089,4.9531794
33.0,37.0,35.42444,28.98937,139.0,4.1927637e-05,-5.9703975,4.0270834
33.0,37.0,35.395226,28.956865,139.0,4.288343e-05,-5.477834,3.8356197
36.0,31.0,33.519604,27.569073,143.5,4.3854583e-05,-5.340635,4.0244584
39.0,28.0,31.748093,26.20118,148.0,4.4825505e-05,-5.751453,4.334032
39.0,28.0,32.334465,26.840416,151.25,4.5792935e-05,-6.3205776,4.425715
39.0,28.0,32.998165,27.57075,155.0,4.675884e-05,-6.9797745,4.361449
39.0,28.0,33.984303,28.669212,160.5,4.7739406e-05,-7.127736,4.115199
39.0,28.0,35.024113,29.844723,166.5,4.868306e-05,-6.6822524,3.8579993
39.0,28.0,33.42673,28.046175,158.25,4.95215e-05,-6.613904,3.9740324
39.0,28.0,31.89922,26.365393,150.5,5.035898e-05,-6.7485657,3.740791
39.0,28.0,33.558918,28.193419,159.75,5.1312836e-05,-6.4166737,3.2694561
39.0,28.0,35.171062,30.012281,168.75,5.22651e-05,-5.8487573,3.242019
42.0,28.0,31.54139,26.459345,171.75,5.3112806e-05,-5.6710668,3.5436769
46.0,28.0,28.077324,23.272469,176.0,5.392461e-05,-6.172977,3.709097
46.0,22.0,27.963306,23.15257,176.0,5.4768443e-05,-6.6822524,3.8579993
46.0,19.0,27.854408,23.038252,176.0,5.5576067e-05,-6.2367687,3.6007993
46.0,19.0,27.759583,22.938856,176.0,5.6280245e-05,-6.2367687,3.6007993
46.0,19.0,27.664825,22.839678,176.0,5.698501e-05,-6.7485657,3.740791
50.0,19.0,28.046793,23.674734,217.5,5.773357e-05,-7.7916756,3.9700541
54.0,19.0,26.015959,21.904367,259.0,5.862087e-05,-7.648375,4.2395635
59.0,22.0,21.220999,17.422165,264.0,5.9800303e-05,-6.9797745,4.361449
64.0,28.0,17.238144,13.888921,268.5,6.0942573e-05,-7.19847,3.990177
68.0,19.0,14.888102,11.899925,268.5,6.170448e-05,-7.5188446,3.3476052
72.0,9.0,12.654173,10.040511,268.5,6.2326726e-05,-7.5761228,3.2158742
