Vmax,Rmax_IBT,Rmax_CK22,Rmax_CK22_crr,R34,fcor,u_trans,v_trans
18.0,46.0,88.42088,94.23794,185.0,2.6990365e-05,-2.6451995,-3.1524262
18.0,56.0,68.61814,62.516567,145.0,2.7578055e-05,-2.6451995,-3.1524262
18.0,56.0,46.596844,34.436836,100.0,2.8308805e-05,-2.476589,-3.286545
18.0,56.0,23.299152,12.978203,51.0,2.9076216e-05,-1.9081333,-3.0536516
19.0,56.0,27.091747,16.313082,62.25,2.9842748e-05,-1.4489769,-2.7251296
21.0,56.0,30.267088,19.859314,74.0,3.0571195e-05,-1.2553517,-2.8195667
21.0,56.0,33.98456,23.3185,82.75,3.1230386e-05,-1.0049604,-2.3675385
21.0,56.0,38.13133,27.440449,92.5,3.1814445e-05,-1.4008113,-2.1570609
22.0,56.0,34.7502,24.52696,88.5,3.2311083e-05,-1.6532496,-1.9702665
23.0,56.0,31.525043,21.818111,85.5,3.280731e-05,-1.2074808,-2.2709413
23.0,56.0,33.984825,24.204973,92.25,3.3426986e-05,-0.75198025,-2.4596157
23.0,56.0,36.81328,27.072046,99.75,3.404614e-05,-0.79479164,-2.4461174
23.0,41.0,37.890045,28.197947,102.25,3.455955e-05,-1.0049604,-2.3675385
23.0,28.0,39.511124,29.928808,106.5,3.5035337e-05,-0.83736104,-2.4318738
24.0,28.0,38.920204,29.765215,109.25,3.552915e-05,-0.70374066,-1.9335115
26.0,28.0,38.07275,29.694458,113.5,3.6022833e-05,-1.618612,-1.9988195
27.0,28.0,34.20279,25.922905,106.25,3.655299e-05,-2.1068592,-1.4752383
28.0,28.0,30.356133,22.324677,99.75,3.700857e-05,-2.3116984,-1.1274902
31.0,28.0,28.083172,20.842213,100.5,3.7291662e-05,-2.3847165,-0.9634887
33.0,28.0,26.261564,19.490273,101.75,3.7500762e-05,-2.2709413,-1.207481
33.0,31.0,27.904245,21.090519,108.5,3.7746486e-05,-1.664633,-1.2094275
33.0,37.0,29.766905,22.959349,116.0,3.7992504e-05,-2.1322846,-1.4382441
36.0,37.0,28.49293,22.251078,120.0,3.8219743e-05,-2.672901,-1.5431998
39.0,37.0,27.516663,21.75527,125.0,3.8483773e-05,-2.7251294,-1.4489772
42.0,22.0,26.104685,20.748775,131.5,3.8814927e-05,-3.2083359,-1.6347296
46.0,9.0,24.602837,19.711788,139.0,3.9219805e-05,-3.6666696,-1.8682624
46.0,9.0,24.968502,20.077473,141.5,3.9746905e-05,-3.6987176,-1.8039843
46.0,9.0,25.536068,20.649284,145.75,4.0199502e-05,-3.3386033,-1.3488841
50.0,9.0,24.17495,19.675188,152.25,4.0358213e-05,-2.9668384,-0.85072666
54.0,9.0,22.69728,18.53371,159.75,4.0444127e-05,-2.4723651,-0.7089389
