Vmax,Rmax_IBT,Rmax_CK22,Rmax_CK22_crr,R34,fcor,u_trans,v_trans
24.0,46.0,26.959633,17.964132,77.0,2.595162e-05,-2.249522,1.2469304
26.0,46.0,33.105633,24.457064,99.75,2.6076874e-05,-2.7251294,1.4489772
28.0,46.0,31.106892,23.071188,102.5,2.6164596e-05,-1.5197554,0.26797384
31.0,46.0,29.802845,22.545464,106.5,2.6327272e-05,-2.5247452,0.49076045
33.0,46.0,29.968052,23.164612,115.5,2.6646358e-05,-3.563868,2.0575995
36.0,46.0,30.037918,23.84115,125.0,2.707799e-05,-2.0652046,2.2936423
39.0,41.0,30.895447,25.281717,138.5,2.7540507e-05,-1.8574418,2.4649088
41.0,37.0,31.66309,26.438375,152.75,2.807779e-05,-1.7702868,2.5282307
47.0,31.0,29.800001,25.229227,170.0,2.8701981e-05,-0.5530336,1.4407012
54.0,28.0,27.498085,23.46416,187.5,2.9325609e-05,-0.28357586,0.98894596
55.0,28.0,27.078787,23.103483,189.5,2.9824094e-05,-1.4008113,2.1570609
57.0,28.0,26.42799,22.574635,192.0,3.0322259e-05,-1.5896137,2.645561
58.0,22.0,25.818655,22.00948,193.25,3.0925745e-05,-0.34714442,1.5036479
59.0,19.0,24.965147,21.192305,194.5,3.156599e-05,-0.43015632,4.0926566
59.0,19.0,24.832092,21.054745,194.5,3.2149743e-05,-0.50151706,4.084526
59.0,19.0,24.682917,20.900837,194.5,3.280731e-05,-0.39940992,1.4906167
59.0,19.0,25.59135,21.843239,207.0,3.365617e-05,-0.26899835,3.0746553
59.0,19.0,26.392975,22.685047,220.0,3.454095e-05,-0.21537295,4.10956
59.0,19.0,26.276924,22.56259,220.75,3.528237e-05,-0.28706145,4.105176
59.0,19.0,26.174911,22.455107,222.25,3.6022833e-05,-0.2152961,3.0788817
60.0,31.0,25.474367,21.7899,225.0,3.684851e-05,-0.2152961,3.0788817
62.0,46.0,24.504616,20.912556,229.25,3.7746686e-05,-0.24229458,4.6232553
64.0,37.0,23.026161,19.517706,235.75,3.8710838e-05,-1.5895832,4.892235
67.0,28.0,21.566729,18.20868,243.25,3.9709896e-05,-1.4069444,3.314554
69.0,31.0,19.645367,16.409285,234.25,4.0615298e-05,0.06284262,3.6002517
72.0,37.0,17.919962,14.871704,227.25,4.1665367e-05,0.089775175,5.1432166
