Vmax,Rmax_IBT,Rmax_CK22,Rmax_CK22_crr,R34,fcor,u_trans,v_trans
22.0,69.0,34.302456,24.085981,88.0,2.457276e-05,-2.2274175,1.2859998
23.0,65.0,35.646713,25.873678,97.5,2.4823696e-05,-2.3310237,1.086974
24.0,65.0,34.898502,25.534359,99.5,2.503669e-05,-2.3675385,1.0049607
26.0,65.0,33.87516,25.24168,102.0,2.53252e-05,-2.7251294,1.4489772
27.0,59.0,36.86757,28.759022,115.0,2.5807558e-05,-3.563868,2.0575995
28.0,56.0,39.49238,32.046898,129.5,2.6327272e-05,-4.22935,1.883028
28.0,56.0,40.635727,33.36141,133.5,2.6721462e-05,-4.3773727,1.5072504
28.0,56.0,42.34845,35.37124,139.0,2.707799e-05,-4.802338,1.843444
29.0,56.0,42.791134,36.287556,145.0,2.7453114e-05,-4.699278,2.0922532
31.0,56.0,42.69481,36.883667,153.0,2.7827968e-05,-4.261569,1.8089292
31.0,56.0,44.487434,39.0967,159.5,2.822107e-05,-3.8418703,1.4747552
31.0,56.0,46.53372,41.688328,166.5,2.857718e-05,-3.890998,1.3397782
31.0,56.0,45.89074,40.866474,164.25,2.884535e-05,-3.9557843,1.1343023
31.0,56.0,45.24744,40.051105,162.0,2.9076216e-05,-3.992961,0.99555725
32.0,56.0,42.24453,36.65982,156.75,2.9306864e-05,-3.493841,0.8711126
33.0,56.0,39.27508,33.397945,152.75,2.9574905e-05,-3.3616366,1.2904108
33.0,56.0,39.26305,33.38379,152.75,2.9948336e-05,-3.2083368,1.6347281
33.0,56.0,39.250984,33.369587,152.75,3.0322259e-05,-3.7296379,1.7391584
33.0,56.0,39.460377,33.616306,153.5,3.0627336e-05,-4.350401,1.5834161
33.0,56.0,39.780922,33.995403,154.75,3.0820032e-05,-4.492081,1.1200019
34.0,56.0,40.98008,35.710728,165.0,3.0875857e-05,-4.0995407,0.3586633
36.0,56.0,41.488205,36.855312,175.5,3.0820032e-05,-4.075151,-0.5727258
39.0,46.0,39.761898,35.425034,182.5,3.0676903e-05,-3.4613113,-0.9925145
41.0,37.0,38.324112,34.07652,190.0,3.0571195e-05,-3.0633945,-0.3761383
44.0,37.0,36.787315,32.74744,196.0,3.0583553e-05,-2.4723651,0.7089389
46.0,37.0,35.419228,31.428947,203.5,3.0820032e-05,-2.1570606,1.4008118
50.0,37.0,32.190975,28.215132,203.5,3.136706e-05,-1.8501421,1.7866613
54.0,37.0,28.96894,25.045336,203.5,3.206281e-05,-1.5834811,2.026764
57.0,41.0,27.483253,23.69444,207.5,3.2664633e-05,-1.6355429,2.6174157
59.0,46.0,26.199415,22.480907,213.0,3.330315e-05,-1.3043696,2.797228
60.0,41.0,25.41379,21.726679,213.0,3.3971726e-05,-1.4069444,3.314554
62.0,37.0,24.301819,20.70338,213.0,3.47882e-05,-2.3844206,3.9683416
63.0,37.0,24.66009,21.134817,232.5,3.5844074e-05,-3.40531,4.5189996
64.0,37.0,24.369246,20.893213,252.25,3.700857e-05,-3.8003547,4.8642335
68.0,31.0,21.940907,18.632824,255.25,3.8151982e-05,-3.4836583,4.4588804
72.0,28.0,19.498684,16.39491,259.5,3.9219805e-05,-3.508199,3.7620838
