Vmax,Rmax_IBT,Rmax_CK22,Rmax_CK22_crr,R34,fcor,u_trans,v_trans
19.0,65.0,50.334885,39.56692,111.0,4.47951e-05,-5.608358,3.6421106
21.0,65.0,46.748924,36.894577,111.0,4.5551555e-05,-5.1174836,3.451786
22.0,59.0,44.607742,35.062115,111.0,4.622687e-05,-5.234831,3.2710865
23.0,56.0,41.682816,32.315006,111.0,4.675884e-05,-6.578989,2.9291546
24.0,37.0,42.49432,33.748642,117.75,4.7120295e-05,-8.362695,2.55673
26.0,19.0,42.297195,34.47069,125.25,4.748151e-05,-8.553706,1.8181444
27.0,28.0,45.95635,39.319927,141.25,4.8063273e-05,-8.584134,1.6685855
28.0,37.0,48.20275,42.609814,157.5,4.868306e-05,-9.889461,2.8357556
28.0,37.0,51.03585,46.317673,166.5,4.91621e-05,-10.634314,3.8705728
28.0,37.0,53.861122,50.148346,176.0,4.9641636e-05,-9.295245,3.0202096
29.0,37.0,53.105083,49.596996,181.25,5.020316e-05,-7.486802,1.8666699
31.0,37.0,51.597893,48.402107,187.25,5.083645e-05,-7.378848,2.255938
31.0,37.0,51.820328,48.70679,188.25,5.1550694e-05,-6.7232733,2.5808215
31.0,37.0,52.158962,49.17223,189.5,5.22651e-05,-5.682092,2.4119058
31.0,41.0,53.33669,50.805847,194.25,5.2858286e-05,-4.6620474,2.173948
31.0,46.0,54.492405,52.431396,199.0,5.345127e-05,-4.499044,2.4938607
31.0,46.0,54.458447,52.383316,199.0,5.410748e-05,-3.7454257,2.7212098
31.0,46.0,54.418617,52.326946,199.0,5.4869302e-05,-2.721211,3.745425
31.0,41.0,56.411682,55.180088,207.0,5.584631e-05,-1.6591008,4.322104
31.0,37.0,58.492634,58.229668,215.5,5.6750614e-05,-1.4747562,3.84187
32.0,31.0,56.767628,56.126175,218.75,5.7342022e-05,-1.496316,2.6994264
33.0,28.0,54.26944,52.91429,224.75,5.768715e-05,-1.3226001,1.5762128
34.0,31.0,51.911415,49.946846,224.75,5.7821635e-05,-1.1468209,1.0326025
36.0,37.0,48.62665,46.06538,224.75,5.7920843e-05,-0.5752979,0.85291374
37.0,37.0,47.529922,44.868153,230.75,5.828846e-05,0.1431813,1.0187877
39.0,37.0,45.664543,42.891838,238.5,5.862087e-05,0.57529765,0.8529139
42.0,28.0,39.794407,36.043453,242.0,5.8638474e-05,0.90837646,0.4829924
46.0,19.0,34.236713,30.057228,248.0,5.862087e-05,0.890967,0.51439995
