Vmax,Rmax_IBT,Rmax_CK22,Rmax_CK22_crr,R34,fcor,u_trans,v_trans
23.0,46.0,40.841114,31.381,109.5,4.30425e-05,-6.5435386,4.088858
26.0,37.0,50.233494,44.24377,148.0,4.3612705e-05,-6.03977,3.9222732
28.0,41.0,47.910362,42.234753,156.5,4.4630928e-05,-5.122693,4.2984486
31.0,46.0,46.180634,41.23616,166.5,4.5793287e-05,-5.092301,5.0922995
32.0,41.0,44.401894,39.32941,166.5,4.6897272e-05,-4.9114785,5.266917
33.0,37.0,41.912716,36.560047,166.5,4.796257e-05,-4.5872836,4.13041
34.0,31.0,43.412056,38.70636,180.5,4.901197e-05,-4.691026,3.1641371
36.0,28.0,43.74855,39.680496,194.5,4.9880902e-05,-4.8501964,2.9142904
37.0,31.0,42.970627,38.949375,199.0,5.0430448e-05,-5.8487573,3.242019
39.0,37.0,41.391396,37.4293,203.5,5.083645e-05,-6.243039,2.3964772
41.0,31.0,39.01928,34.91525,213.0,5.1348437e-05,-6.987682,1.7422252
44.0,28.0,36.663174,32.60036,222.5,5.178951e-05,-6.585606,1.16122
46.0,22.0,33.42212,29.125254,222.5,5.2098658e-05,-6.126789,0.75227386
49.0,19.0,30.561546,26.28908,222.5,5.22651e-05,-5.654953,0.19747426
54.0,19.0,25.787228,21.666645,222.5,5.2264204e-05,-5.6575384,-0.098752074
59.0,19.0,21.935738,18.12574,222.5,5.22651e-05,-5.644616,0.39471057
62.0,22.0,20.65509,17.04488,236.0,5.2448908e-05,-5.5544395,1.0796729
64.0,28.0,19.24194,15.782667,250.0,5.2740055e-05,-5.0121593,1.1571491
64.0,28.0,19.222336,15.76386,248.5,5.307746e-05,-4.9912014,1.2444466
64.0,28.0,19.101171,15.64773,248.0,5.345127e-05,-4.9447303,1.4178778
65.0,22.0,18.336842,14.967932,245.75,5.382365e-05,-5.411155,1.6543547
67.0,19.0,17.329391,14.10823,243.25,5.4161024e-05,-5.465595,1.4645014
