Vmax,Rmax_IBT,Rmax_CK22,Rmax_CK22_crr,R34,fcor,u_trans,v_trans
20.0,78.0,59.81028,52.54227,139.75,2.9593653e-05,0.39260858,2.0197961
22.0,74.0,55.06093,47.961254,141.25,3.0217461e-05,1.4963164,2.6994264
24.0,65.0,50.324223,43.21017,140.5,3.100465e-05,2.1670153,2.875727
26.0,56.0,46.56205,39.592785,141.25,3.1814445e-05,2.476589,3.286545
42.0,28.0,43.637173,40.882587,233.25,3.8816877e-05,-0.48392585,4.6042385
46.0,37.0,37.21696,33.55699,227.0,3.995476e-05,-0.6443157,4.584545
48.0,46.0,34.70852,30.863478,231.75,4.1036703e-05,-0.9625483,4.528432
51.0,56.0,32.409725,28.57102,238.75,4.2152973e-05,-2.0277898,5.2825713
53.0,31.0,24.695717,20.461609,180.0,4.34062e-05,-2.6564574,4.996071
56.0,9.0,17.263811,13.498203,122.75,4.458322e-05,-2.7259047,4.3623595
59.0,9.0,20.819565,17.030342,174.0,4.548525e-05,-2.2412982,3.4512973
61.0,9.0,22.284878,18.596415,227.0,4.627635e-05,-1.8682618,3.66667
