Vmax,Rmax_IBT,Rmax_CK22,Rmax_CK22_crr,R34,fcor,u_trans,v_trans
22.0,59.0,30.728348,20.68281,78.0,4.392235e-05,0.0,0.0
23.0,56.0,27.36186,18.00411,74.0,4.385554e-05,-0.48337787,0.17593512
26.0,46.0,25.995218,17.671738,78.0,4.390407e-05,-0.41081807,0.3095737
28.0,37.0,25.40349,17.63517,83.0,4.409823e-05,0.0,1.0288
33.0,37.0,22.455631,15.955073,87.0,4.4389286e-05,0.65218455,1.3986142
39.0,37.0,20.581038,15.102532,93.0,4.4825505e-05,0.7037406,1.9335115
44.0,37.0,23.447805,18.359612,124.0,4.5412446e-05,0.62222314,2.4956007
49.0,37.0,24.885603,20.297636,157.0,4.6034886e-05,0.92172235,2.4011688
54.0,37.0,22.08986,17.935026,161.0,4.6481582e-05,1.0869741,2.3310237
59.0,37.0,19.80852,16.054136,167.0,4.6999867e-05,0.9537501,2.935341
59.0,37.0,19.91465,16.155893,170.0,4.7806225e-05,0.6252724,3.5460956
59.0,37.0,20.021818,16.258818,173.75,4.868306e-05,0.6252724,3.5460956
59.0,37.0,19.908508,16.15,173.75,4.9366343e-05,0.6252724,3.5460956
59.0,37.0,19.784096,16.030743,173.75,5.012002e-05,0.3586633,4.0995407
59.0,31.0,19.825716,16.07061,176.75,5.1176245e-05,0.0,4.6296
59.0,28.0,19.869879,16.112946,180.5,5.22651e-05,-0.43015632,4.0926566
57.0,28.0,21.161598,17.23685,180.5,5.3220243e-05,-0.8711119,3.4938412
54.0,28.0,22.653515,18.490385,180.5,5.392461e-05,-0.9634882,2.384717
51.0,28.0,24.388779,19.979496,180.5,5.423193e-05,-1.1206491,1.7256486
49.0,28.0,26.349312,21.7943,180.5,5.439729e-05,-1.5290946,1.3768034
47.0,28.0,26.571165,21.815536,171.5,5.475137e-05,-1.7256485,1.1206495
46.0,28.0,26.268566,21.394844,162.0,5.510506e-05,-1.3364505,0.7715999
46.0,28.0,29.517775,24.805035,190.25,5.5375916e-05,-0.8818539,0.529871
46.0,28.0,32.514587,28.099396,220.0,5.5576067e-05,-0.9246794,0.45099607
46.0,31.0,32.48705,28.068474,220.0,5.5711305e-05,-0.9838464,0.30079174
46.0,37.0,32.466778,28.045715,220.0,5.581132e-05,-1.0187877,0.14318147
46.0,37.0,32.439293,28.014874,220.0,5.5946526e-05,-1.5373278,0.13449873
46.0,37.0,32.418976,27.992083,220.0,5.6046403e-05,-1.5394408,0.107648335
46.0,31.0,32.419075,27.992193,220.0,5.604624e-05,-1.5347463,0.16130817
46.0,28.0,32.418976,27.992083,220.0,5.6046403e-05,-1.5094774,0.320849
51.0,28.0,28.061214,23.789038,235.75,5.6163728e-05,-1.9964805,0.49777862
57.0,28.0,24.028301,20.09061,252.5,5.6281307e-05,-2.5157957,0.5347483
59.0,28.0,21.927391,18.11748,252.5,5.6333913e-05,-3.0746555,0.26899746
62.0,28.0,20.070608,16.476625,252.5,5.6281307e-05,-4.584545,-0.6443165
