Vmax,Rmax_IBT,Rmax_CK22,Rmax_CK22_crr,R34,fcor,u_trans,v_trans
21.0,83.0,68.308754,65.80026,164.5,2.1556822e-05,-5.1056576,-0.62689716
21.0,78.0,74.10193,74.846664,177.75,2.1525278e-05,-4.492081,-1.1200018
21.0,74.0,80.29509,85.11702,192.25,2.130504e-05,-4.9447303,-1.4178778
22.0,74.0,78.46158,83.28286,196.75,2.0945763e-05,-5.465595,-1.4645014
23.0,74.0,75.08812,78.75101,201.25,2.0549318e-05,-5.5133758,-1.2728637
24.0,65.0,69.20192,70.17127,194.0,2.0259366e-05,-5.5544395,-1.0796728
26.0,56.0,62.87275,61.964367,187.5,2.0045187e-05,-6.1127267,-0.85908866
24.0,56.0,65.137184,63.870453,183.0,1.9880872e-05,-6.6709104,-0.46647593
23.0,56.0,66.26105,64.70427,178.25,1.9793031e-05,-7.2016,8.587822e-08
22.0,56.0,69.109604,68.09778,174.0,1.9774085e-05,-7.7054253,0.40382573
21.0,56.0,71.20771,70.25942,171.25,1.9793031e-05,-7.7054253,0.40382573
22.0,56.0,70.733284,70.6321,178.5,1.9811914e-05,-7.197213,0.25133088
23.0,56.0,68.78401,68.5889,185.25,1.9793031e-05,-6.6872,7.974406e-08
24.0,56.0,62.00062,59.19432,174.75,1.9685353e-05,-5.6506453,-0.29613873
26.0,56.0,54.888554,50.462154,164.25,1.9540814e-05,-5.1056576,-0.62689716
27.0,59.0,53.444443,49.052425,166.0,1.939546e-05,-5.0806684,-0.8046991
28.0,65.0,51.46496,46.890923,169.0,1.9288536e-05,-6.149311,-0.53799474
29.0,56.0,49.294453,44.473186,167.5,1.9250489e-05,-7.7113,-0.26928657
31.0,46.0,46.63201,41.814568,166.5,1.9288536e-05,-7.2016,8.587822e-08
32.0,46.0,45.401894,40.593124,167.5,1.935759e-05,-7.1917305,0.376904
33.0,46.0,43.66878,38.729443,169.25,1.9540814e-05,-7.621003,1.2070489
34.0,41.0,44.165543,39.654408,176.25,1.9919145e-05,-8.019455,1.8514384
36.0,37.0,44.26274,40.334972,185.5,2.0297284e-05,-7.092191,1.2505447
39.0,46.0,43.183205,39.683422,194.5,2.0460564e-05,-6.149311,0.5379949
41.0,56.0,42.147217,38.786438,203.5,2.0549318e-05,-6.6831264,0.23337866
42.0,46.0,49.132446,48.21844,249.5,2.0675052e-05,-7.2005033,0.12568462
44.0,37.0,54.273468,55.93886,296.25,2.0801292e-05,-6.6780353,0.3499823
