Vmax,Rmax_IBT,Rmax_CK22,Rmax_CK22_crr,R34,fcor,u_trans,v_trans
22.0,56.0,28.840977,18.969568,74.0,2.7328057e-05,-2.349639,-1.0461266
23.0,56.0,23.622234,14.820125,65.0,2.7578055e-05,-2.7972286,-1.3043687
26.0,50.0,27.199083,18.761608,81.75,2.7827911e-05,-2.841046,-1.2059529
28.0,46.0,30.273083,22.242674,99.75,2.807779e-05,-3.4245641,-1.1127088
29.0,46.0,29.259884,21.514433,99.75,2.8308792e-05,-3.4613113,-0.9925145
31.0,46.0,27.85865,20.623472,99.75,2.857718e-05,-2.774038,-1.3529882
32.0,46.0,30.983711,23.983189,114.25,2.8895318e-05,-1.7866614,-1.850142
33.0,46.0,33.45074,26.825272,129.5,2.9325609e-05,-1.4008113,-2.1570609
33.0,46.0,32.502342,25.808424,125.75,2.9929915e-05,-1.5431999,-2.672901
33.0,46.0,31.66938,24.927683,122.5,3.0571195e-05,-1.5834811,-2.026764
33.0,46.0,31.660133,24.917973,122.5,3.1068816e-05,-1.7866614,-1.850142
33.0,46.0,31.650719,24.908083,122.5,3.156599e-05,-1.3246776,-2.2046344
34.0,31.0,31.582506,25.057858,126.25,3.2168282e-05,-1.0048332,-2.9182487
36.0,19.0,31.44976,25.328691,132.25,3.280731e-05,-1.3529885,-2.774038
40.0,19.0,34.309563,29.21482,161.25,3.340847e-05,-1.4008113,-2.1570609
44.0,19.0,35.593945,31.343819,192.0,3.404614e-05,-1.2553517,-2.8195667
44.0,19.0,35.925556,31.73156,194.75,3.478818e-05,-0.74666744,-2.9947207
44.0,19.0,36.456272,32.355778,199.0,3.5529305e-05,-0.64169896,-3.0189548
47.0,19.0,33.69876,29.571484,205.5,3.6164627e-05,-0.49076062,-2.524745
51.0,19.0,30.821096,26.789951,213.0,3.67623e-05,-0.31344765,-2.5528288
58.0,28.0,26.833746,23.078815,231.75,3.991805e-05,-0.4828191,-3.0484014
59.0,28.0,25.743935,22.002737,236.0,4.0688625e-05,-0.37613717,-3.0633945
