Vmax,Rmax_IBT,Rmax_CK22,Rmax_CK22_crr,R34,fcor,u_trans,v_trans
19.0,115.0,54.53221,44.677616,120.5,3.8133632e-05,-4.699278,2.0922532
21.0,111.0,56.858463,49.514027,134.25,3.872924e-05,-4.9192324,1.5039588
22.0,111.0,59.115807,53.44356,145.5,3.9237788e-05,-5.0315914,1.0694966
23.0,111.0,59.69802,55.0874,157.75,3.9709896e-05,-5.465595,1.4645014
24.0,111.0,59.663635,55.815525,164.5,4.018049e-05,-6.2839127,2.2871566
26.0,111.0,58.25214,55.178955,171.25,4.0688625e-05,-6.578989,2.9291546
27.0,96.0,58.08408,55.550304,178.25,4.135419e-05,-7.048917,3.13838
28.0,83.0,56.608025,54.000164,185.5,4.1909232e-05,-6.2839127,2.2871566
29.0,69.0,56.576694,54.475574,193.25,4.2122283e-05,-6.515807,1.5042937
31.0,56.0,55.436028,53.77513,201.25,4.2152973e-05,-6.650567,0.699002
33.0,46.0,51.485977,49.008797,207.0,4.2152213e-05,-7.197213,0.25133088
36.0,37.0,48.008423,45.234417,213.0,4.2152973e-05,-6.17186,0.10772967
39.0,37.0,45.05346,42.092335,219.75,4.2201722e-05,-5.1314692,0.3588278
41.0,37.0,42.28198,38.9568,226.75,4.239659e-05,-4.559266,0.8039215
46.0,22.0,36.653374,32.884315,236.25,4.2864536e-05,-4.4502573,1.27609
51.0,9.0,31.806297,27.889874,245.25,4.3369746e-05,-4.4718504,1.1982284
55.0,11.0,29.147436,25.327444,257.25,4.3593984e-05,-4.492081,1.1200019
59.0,13.0,26.141563,22.420004,268.5,4.385554e-05,-5.2085843,2.2109134
60.0,13.0,25.31145,21.619999,273.5,4.440754e-05,-5.398853,2.9926329
62.0,13.0,24.029358,20.423306,278.0,4.506766e-05,-5.041672,2.5688584
63.0,20.0,23.255686,19.693277,287.0,4.5690475e-05,-4.735077,2.0099213
64.0,28.0,22.048634,18.53301,296.25,4.627635e-05,-4.1610575,2.0294824
65.0,31.0,21.227303,17.76925,303.25,4.677631e-05,-4.0491395,2.2444746
67.0,37.0,20.042952,16.704685,310.0,4.7240763e-05,-3.9683423,2.3844194
68.0,39.0,19.197947,15.93058,315.0,4.7758207e-05,-3.563868,2.0575995
69.0,41.0,18.055172,14.878902,319.5,4.8202877e-05,-3.1493306,1.7457025
70.0,41.0,17.295319,14.200619,324.0,4.8497164e-05,-3.2634332,1.5217636
72.0,41.0,16.285786,13.331329,328.5,4.868306e-05,-2.4843612,0.66568244
