Vmax,Rmax_IBT,Rmax_CK22,Rmax_CK22_crr,R34,fcor,u_trans,v_trans
18.0,83.0,68.87619,62.89053,146.25,2.3443048e-05,-2.0540903,-1.5478686
18.0,83.0,75.77083,73.267334,160.0,2.3819783e-05,-1.5290946,-1.3768034
18.0,83.0,80.47563,80.77467,168.75,2.419625e-05,-1.4293292,-1.4801135
18.0,83.0,85.74407,89.591896,178.5,2.4572832e-05,-2.1068592,-1.4752383
21.0,56.0,41.260464,30.73468,100.0,3.117437e-05,-1.9964805,-0.49777856
23.0,56.0,45.609493,36.825615,122.5,3.131743e-05,-1.4757694,-0.45118836
26.0,46.0,40.0165,31.85534,119.5,3.142302e-05,-1.4591242,-0.5024168
28.0,37.0,36.013775,28.181374,118.25,3.156599e-05,-1.3497132,-0.7481582
31.0,31.0,32.486088,25.301508,116.25,3.179576e-05,-1.7058278,-1.1505953
33.0,28.0,29.873844,23.068392,116.0,3.206281e-05,-1.7256485,-1.1206495
40.0,19.0,25.917841,20.293741,119.5,3.2329648e-05,-1.8333348,-0.9341312
46.0,9.0,22.961906,18.097,125.0,3.2559245e-05,-2.4318738,-0.83736134
47.0,9.0,23.137619,18.366753,129.5,3.2720487e-05,-2.5157955,-0.53474945
49.0,9.0,23.011799,18.430746,134.0,3.280731e-05,-2.562213,-0.22416449
51.0,11.0,23.387323,18.977037,146.25,3.28259e-05,-2.572,3.0670794e-08
54.0,13.0,23.720165,19.554644,159.5,3.280731e-05,-2.0563467,0.07180882
50.0,13.0,28.214174,23.852915,175.25,3.2788583e-05,-2.0576,2.4536634e-08
46.0,13.0,33.350525,29.043846,192.0,3.280731e-05,-2.0375755,-0.2863629
44.0,20.0,35.8768,31.674438,193.0,3.2931297e-05,-2.5157955,-0.53474945
41.0,28.0,38.813255,34.66586,194.25,3.305528e-05,-2.5528288,-0.31344858
37.0,31.0,44.801636,41.285175,199.0,3.3092536e-05,-2.572,3.0670794e-08
33.0,37.0,51.66476,49.25578,203.75,3.305528e-05,-1.5197554,0.26797384
32.0,37.0,52.85621,50.537888,197.0,3.29498e-05,-0.91666764,0.4670652
31.0,37.0,53.44404,50.955894,192.0,3.280731e-05,-0.8529139,0.57529765
27.0,37.0,49.62833,43.97606,153.25,3.2664673e-05,-0.91666764,0.4670652
23.0,37.0,43.096535,33.90987,115.75,3.2559245e-05,-0.9889461,0.28357556
24.0,37.0,39.65883,30.571188,111.75,3.2522028e-05,-1.0288,1.2268317e-08
26.0,37.0,36.426445,27.913242,108.75,3.2559245e-05,-0.9889461,-0.28357556
26.0,37.0,44.161587,36.67272,131.25,3.2627457e-05,-0.35081992,-0.37620836
26.0,37.0,52.287273,46.942986,155.0,3.280731e-05,-0.40198416,-0.9470154
27.0,37.0,50.8488,45.573254,156.75,3.3104825e-05,-0.45118815,-1.4757695
28.0,37.0,48.838814,43.430637,159.5,3.3550914e-05,-0.87967587,-2.4168894
31.0,37.0,41.21759,35.100254,147.75,3.41882e-05,-1.5431999,-2.672901
33.0,37.0,35.073166,28.599472,136.75,3.47882e-05,-3.0536513,-1.9081337
34.0,37.0,35.17318,28.955084,141.5,3.50543e-05,-3.992961,-0.9955571
36.0,37.0,34.975273,29.187092,148.25,3.5282377e-05,-3.3145537,-1.406945
39.0,37.0,35.17798,30.020172,162.0,3.575734e-05,-2.36432,-1.9838994
41.0,37.0,35.081963,30.268618,176.0,3.626943e-05,-2.4321163,-1.9001777
44.0,37.0,34.759727,30.376219,189.75,3.6657533e-05,-2.6174154,-1.6355432
46.0,37.0,34.193016,30.006966,203.75,3.700857e-05,-2.2274175,-1.2859998
47.0,22.0,34.36991,30.343294,213.5,3.732226e-05,-2.6174154,-1.6355432
49.0,9.0,34.052807,30.225687,224.5,3.7746686e-05,-2.7175584,-2.3623374
52.0,11.0,30.577106,26.620861,224.5,3.844684e-05,-2.8586583,-2.960227
57.0,13.0,27.125786,23.31323,224.5,3.9219805e-05,-3.0581892,-2.7536068
