Vmax,Rmax_IBT,Rmax_CK22,Rmax_CK22_crr,R34,fcor,u_trans,v_trans
19.0,74.0,83.38352,87.35254,180.5,3.8238188e-05,0.4023494,-2.5403345
21.0,74.0,82.6635,89.20836,192.25,3.872924e-05,-0.26884714,-2.5579104
22.0,74.0,61.51081,56.807365,152.0,3.9183018e-05,-0.8039683,-1.8940308
23.0,74.0,42.54569,33.284554,113.25,3.9709896e-05,-1.3246776,-2.2046344
24.0,59.0,42.81915,34.1211,119.0,4.0425624e-05,-1.6809736,-2.588473
26.0,46.0,42.289707,34.46196,125.0,4.1177245e-05,-2.013542,-2.9851985
27.0,46.0,49.89487,44.32276,153.25,4.182423e-05,-2.013542,-2.9851985
28.0,46.0,55.647728,52.639317,183.0,4.239659e-05,-1.2859999,-2.2274175
29.0,46.0,59.997677,59.479446,205.5,4.2901534e-05,-0.66988885,-1.9454991
31.0,46.0,62.68029,64.58527,229.5,4.3369746e-05,-0.46285927,-2.004864
32.0,37.0,58.472584,58.641773,222.75,4.3855496e-05,-0.3218794,-2.0322676
33.0,28.0,53.744305,52.16761,217.5,4.4340795e-05,-0.31344765,-2.5528288
33.0,46.0,52.48489,50.395557,212.0,4.4771e-05,-0.37613717,-3.0633945
33.0,65.0,51.632584,49.21129,208.5,4.5309676e-05,-0.17941347,-2.5657349
33.0,37.0,45.479214,41.019688,182.0,4.6083198e-05,0.08976139,-2.5704334
33.0,9.0,39.546253,33.717697,157.25,4.6999867e-05,0.3763862,-3.5810745
33.0,13.0,41.778076,36.395836,167.25,4.7908492e-05,0.643759,-4.064535
33.0,19.0,44.28337,39.5008,178.25,4.892293e-05,0.564206,-4.595092
34.0,28.0,48.03484,44.67128,203.25,5.008418e-05,0.32294452,-4.618323
36.0,37.0,49.706787,47.53234,229.25,5.131329e-05,-0.2692163,-5.1369505
39.0,37.0,43.356544,39.904278,217.75,5.2502626e-05,-0.6268953,-5.1056576
41.0,37.0,37.840797,33.498024,208.5,5.3688025e-05,-0.5376943,-5.115821
