Vmax,Rmax_IBT,Rmax_CK22,Rmax_CK22_crr,R34,fcor,u_trans,v_trans
21.0,83.0,82.773605,89.400764,194.5,3.206281e-05,-4.769433,-1.9269774
21.0,78.0,82.833694,89.505844,194.5,3.248462e-05,-5.128252,-2.3913426
21.0,74.0,82.914474,89.64722,194.5,3.305528e-05,-5.041671,-2.5688608
22.0,69.0,55.17391,48.11038,138.0,3.377991e-05,-4.850195,-2.9142928
23.0,65.0,30.682331,21.023167,83.0,3.454095e-05,-4.1615825,-3.0235686
23.0,65.0,51.640724,44.2455,138.0,3.5121462e-05,-3.9405332,-3.306499
23.0,65.0,73.871376,76.73896,194.75,3.577612e-05,-4.2704487,-3.7122445
24.0,56.0,68.89063,69.67912,190.0,3.676197e-05,-4.397403,-3.5609465
26.0,46.0,62.916992,62.031055,185.5,3.7746686e-05,-4.7455335,-3.081786
26.0,46.0,72.64755,77.485374,213.0,3.8472066e-05,-5.041671,-2.5688608
26.0,46.0,82.36424,94.48434,241.0,3.897458e-05,-3.7296379,-1.7391584
27.0,46.0,78.622185,88.611465,241.0,3.9237457e-05,-2.7972286,-1.3043687
28.0,46.0,73.43487,80.33688,241.0,3.9464914e-05,-2.774038,-1.3529882
28.0,46.0,73.4206,80.31255,241.0,3.9918225e-05,-3.1493306,-1.7457025
28.0,46.0,73.40346,80.283325,241.0,4.0444127e-05,-2.837469,-2.216874
28.0,46.0,67.91074,71.171036,222.0,4.089613e-05,-2.501326,-2.5901988
28.0,46.0,62.335976,62.43617,204.0,4.142137e-05,-2.2660568,-2.7983472
28.0,39.0,55.53781,52.48453,181.25,4.2152755e-05,-2.3623376,-2.7175581
28.0,31.0,48.870087,43.471172,160.0,4.288343e-05,-2.6759155,-2.409406
29.0,31.0,67.83305,71.67502,232.5,4.3405616e-05,-3.4898872,-2.1807244
31.0,31.0,81.96326,97.62154,305.5,4.385554e-05,-4.699278,-2.0922532
32.0,31.0,78.0686,91.02985,305.5,4.4395434e-05,-5.9030776,-1.8047534
33.0,31.0,72.677124,81.98552,305.5,4.4825505e-05,-6.5410686,-1.3903486
36.0,26.0,64.75208,69.97083,305.5,4.5055374e-05,-6.126789,-0.7522766
39.0,22.0,57.93563,60.241486,305.5,4.506766e-05,-6.6861815,0.116707146
41.0,22.0,49.709816,48.8036,285.0,4.4843364e-05,-6.126789,0.75227386
44.0,22.0,42.738327,40.088535,264.0,4.458322e-05,-5.603333,0.7874981
49.0,20.0,32.795692,28.786165,231.75,4.449185e-05,-5.1369505,0.26921716
54.0,19.0,25.442314,21.309687,199.25,4.458322e-05,-4.584545,-0.6443165
55.0,20.0,26.904617,22.919212,237.25,4.4855522e-05,-4.350401,-1.5834161
57.0,22.0,26.414085,22.559992,275.75,4.5309676e-05,-4.087694,-2.173466
59.0,24.0,24.409554,20.619658,289.25,4.585943e-05,-3.8827093,-2.5214612
62.0,28.0,22.238901,18.609873,303.25,4.651767e-05,-3.597875,-2.9135017
64.0,24.0,20.075348,16.587431,303.25,4.716882e-05,-3.1573792,-3.3858755
67.0,22.0,18.079817,14.815781,303.25,4.796257e-05,-2.4533143,-3.9261234
