Vmax,Rmax_IBT,Rmax_CK22,Rmax_CK22_crr,R34,fcor,u_trans,v_trans
19.0,37.0,24.345903,14.130683,56.0,3.8379247e-05,-2.0099206,4.735077
21.0,37.0,22.668777,13.483125,56.0,3.9219805e-05,-1.6591008,4.322104
22.0,46.0,21.677652,12.994634,56.0,3.999147e-05,-1.1723053,3.4046235
23.0,56.0,20.339558,12.213943,56.0,4.0688625e-05,-0.7519801,2.4596157
24.0,56.0,19.041458,11.447045,54.5,4.1354237e-05,-0.6222228,2.4956007
26.0,56.0,17.667206,10.790445,53.5,4.1909232e-05,-0.39260894,2.0197961
27.0,56.0,18.834885,11.869872,59.0,4.231134e-05,-0.07180942,2.0563467
28.0,56.0,19.711807,12.750155,65.0,4.2640077e-05,0.39940956,1.4906167
31.0,50.0,22.27525,15.453986,79.75,4.2986838e-05,0.8629465,1.2793709
33.0,46.0,24.442942,17.770966,95.0,4.3369746e-05,1.1505953,1.7058278
36.0,41.0,24.53208,18.354877,103.25,4.385556e-05,0.8695794,1.8648188
39.0,37.0,24.860336,19.114172,113.5,4.4340795e-05,0.3218796,2.0322676
42.0,37.0,24.470284,19.125679,124.75,4.4740693e-05,-0.4511881,1.4757695
46.0,37.0,23.716364,18.834112,136.75,4.506766e-05,-0.9070703,1.248475
47.0,37.0,23.0659,18.29671,136.75,4.530972e-05,-0.9919501,1.1821597
49.0,37.0,22.148272,17.588963,136.75,4.5551555e-05,-0.5278058,1.4501336
51.0,41.0,20.739763,16.401917,136.75,4.589597e-05,-0.21507816,2.0463283
54.0,46.0,19.455118,15.403557,136.75,4.627635e-05,-0.50241655,1.4591243
55.0,46.0,19.098892,15.134885,137.5,4.663819e-05,-0.9070703,1.248475
57.0,46.0,18.557053,14.751379,138.75,4.6999867e-05,-0.9070703,1.248475
57.0,46.0,23.828901,19.888103,204.75,4.737941e-05,-0.7005982,1.3750013
57.0,46.0,27.250057,23.445538,270.75,4.7722115e-05,-0.6764945,1.3870189
58.0,37.0,26.119797,22.325102,267.0,4.7908416e-05,-0.6029762,1.4205232
59.0,28.0,24.645224,20.862001,264.0,4.8202877e-05,-0.80396825,1.8940308
59.0,28.0,23.64863,19.842842,241.5,4.8850965e-05,-1.0556116,2.9002671
59.0,28.0,22.435852,18.622564,220.0,4.9641636e-05,-0.482819,3.0484014
60.0,28.0,21.751257,18.00541,223.5,5.035898e-05,0.0,3.6008
62.0,28.0,20.796736,17.183346,229.25,5.1074945e-05,0.0,3.0864
