Vmax,Rmax_IBT,Rmax_CK22,Rmax_CK22_crr,R34,fcor,u_trans,v_trans
21.0,120.0,64.43435,60.052547,152.33333,3.3847202e-05,-2.8586588,2.9602263
23.0,120.0,75.56507,79.546326,199.0,3.4293596e-05,-4.9960704,2.6564584
24.0,93.0,53.618736,47.492844,149.0,3.5320776e-05,-6.8491282,2.2254176
26.0,65.0,33.468735,24.826065,99.75,3.626943e-05,-5.5133753,1.272864
28.0,65.0,45.298462,38.94748,148.25,3.6520676e-05,-4.084526,0.5015159
31.0,65.0,54.340794,52.21688,196.75,3.651592e-05,-4.595092,0.5642054
33.0,65.0,55.454277,54.61584,221.75,3.66767e-05,-6.126789,0.75227386
36.0,65.0,56.027504,56.503277,247.75,3.67623e-05,-6.1690397,-0.21542926
40.0,50.0,49.337997,48.064472,248.0,3.6639063e-05,-5.603333,-0.78749794
44.0,37.0,43.13027,40.592003,250.0,3.651592e-05,-4.1051755,-0.2870621
47.0,22.0,35.65994,31.846855,223.75,3.654523e-05,-3.3616366,1.2904108
51.0,9.0,29.262222,25.080381,199.0,3.67623e-05,-5.2085843,2.2109134
50.0,13.0,37.65874,34.61625,279.75,3.7236136e-05,-7.4530835,1.9970473
49.0,19.0,43.428818,41.74492,361.0,3.7746686e-05,-8.105362,1.4291939
45.0,19.0,50.861725,51.21235,357.25,3.806784e-05,-8.711524,0.7621595
41.0,19.0,58.795815,62.068924,354.25,3.8238195e-05,-7.7113,0.2692831
40.0,22.0,60.96519,65.17811,340.75,3.827319e-05,-5.654953,-0.19747682
39.0,28.0,61.91174,66.39235,328.75,3.8238195e-05,-5.654953,-0.19747682
39.0,28.0,61.166252,65.21938,322.75,3.8219823e-05,-5.6584,6.7475746e-08
39.0,28.0,60.471176,64.13394,317.25,3.8238195e-05,-5.1432166,-0.08977461
39.0,41.0,51.231094,50.456467,260.5,3.8342012e-05,-4.62678,0.16156985
39.0,56.0,40.945435,36.876446,203.75,3.8483773e-05,-4.084526,0.5015159
39.0,41.0,46.58994,44.114216,228.5,3.860624e-05,-4.5445414,0.8833688
39.0,28.0,51.567875,50.930416,254.75,3.872924e-05,-5.093939,0.7159074
40.0,19.0,49.642532,48.48456,254.75,3.8870254e-05,-5.6506453,0.29613888
41.0,9.0,46.954105,45.045746,254.75,3.897458e-05,-5.1369505,0.26921716
49.0,19.0,35.831753,32.305164,250.75,3.899257e-05,-5.1314692,0.3588278
57.0,28.0,28.07017,24.324512,247.75,3.897458e-05,-5.1314692,0.3588278
58.0,28.0,28.246824,24.593105,258.75,3.893738e-05,-4.62678,0.16156985
59.0,28.0,27.850372,24.240028,271.0,3.897458e-05,-5.1056576,0.6268949
