Vmax,Rmax_IBT,Rmax_CK22,Rmax_CK22_crr,R34,fcor,u_trans,v_trans
21.0,56.0,51.90815,43.128487,123.75,3.881511e-05,0.95008886,-1.2160583
21.0,56.0,86.89196,96.73808,201.25,3.9219805e-05,0.9659847,-1.8167529
22.0,65.0,82.73562,90.69657,201.25,3.9814007e-05,0.9217223,-2.401169
23.0,74.0,77.01523,81.98735,201.25,4.0444127e-05,0.9537502,-2.9353406
26.0,59.0,51.92743,46.464993,153.25,4.091465e-05,0.7466676,-2.9947207
28.0,46.0,32.511375,24.492918,106.75,4.142137e-05,0.5347487,-2.5157957
29.0,46.0,31.351616,23.598795,106.75,4.2098163e-05,0.17941363,-2.5657349
31.0,46.0,29.73806,22.480404,106.75,4.288343e-05,-0.17941347,-2.5657349
33.0,46.0,27.004335,20.208298,105.25,4.3679505e-05,-0.4828191,-3.0484014
36.0,46.0,24.74843,18.561003,104.25,4.458322e-05,-0.28706154,-4.105176
41.0,41.0,26.190567,20.703138,130.25,4.561805e-05,0.17952278,-5.1408668
46.0,37.0,26.459988,21.59109,157.5,4.675884e-05,-0.2692163,-5.1369505
50.0,30.0,25.877445,21.404982,176.0,4.7944555e-05,-0.5376943,-5.115821
54.0,22.0,24.409876,20.252077,194.5,4.916265e-05,0.0,5.144
57.0,22.0,22.460135,18.514189,194.5,5.028731e-05,0.5376946,-5.115821
59.0,22.0,20.639648,16.85551,194.5,5.155148e-05,0.7522747,-6.126789
59.0,22.0,21.609024,17.803185,219.25,5.3196534e-05,1.0022696,-7.1315145
59.0,22.0,22.106752,18.29521,245.5,5.4869302e-05,1.2505455,-7.092191
55.0,20.0,22.786877,18.697155,200.0,5.6216577e-05,1.7307754,-6.459339
51.0,19.0,21.473728,17.104883,155.0,5.7453286e-05,2.4119053,-5.6820927
51.0,20.0,21.307451,16.944895,155.0,5.8841564e-05,3.4517868,-5.1174827
51.0,22.0,21.167412,16.810486,155.0,6.0016075e-05,4.270449,-3.712244
50.0,22.0,23.91671,19.416765,174.5,6.068196e-05,4.9489484,-2.7432466
49.0,22.0,26.381626,21.827717,194.5,6.1173734e-05,6.0104156,-2.9314754
47.0,22.0,28.754713,24.106003,206.25,6.195311e-05,6.0606613,-2.8261333
46.0,22.0,30.732412,26.123034,217.75,6.255676e-05,5.3814583,-1.7485414
44.0,33.0,34.860817,30.492874,227.0,6.276208e-05,5.115821,-0.53769463
41.0,46.0,39.857647,35.93722,236.0,6.255676e-05,5.603333,0.7874971
39.0,50.0,42.846825,39.25624,223.25,6.200455e-05,5.836497,2.009667
36.0,56.0,45.621845,42.085907,210.5,6.1173734e-05,5.7320495,3.4441626
34.0,56.0,48.780388,45.666508,210.5,6.033451e-05,5.8233395,5.0621514
33.0,56.0,51.067528,48.43281,210.5,5.9319285e-05,4.959749,5.910799
31.0,59.0,58.57421,58.35069,216.25,5.81065e-05,4.425716,6.320577
28.0,65.0,67.62961,70.718155,222.25,5.6750614e-05,4.130668,5.8992057
27.0,59.0,72.713806,78.38214,222.25,5.5322842e-05,4.1170516,5.2695856
26.0,56.0,76.33293,83.74853,222.25,5.392461e-05,5.262299,5.643125
26.0,50.0,74.205,80.10472,216.25,5.268573e-05,6.1163797,5.507212
26.0,46.0,72.23054,76.79088,210.75,5.155148e-05,6.162272,4.6436043
24.0,50.0,77.6671,84.16627,210.75,5.0443112e-05,5.671067,3.5436761
23.0,56.0,81.5578,89.8567,210.75,4.9402213e-05,6.471182,4.202435
24.0,65.0,89.01344,104.774635,240.75,4.8388323e-05,6.8233113,4.602381
26.0,74.0,93.07763,115.041626,270.75,4.748151e-05,5.671067,3.5436761
27.0,56.0,88.55794,107.12169,270.75,4.670411e-05,4.5418825,2.414962
28.0,37.0,82.35899,96.21733,270.75,4.6034886e-05,4.3141212,2.8016233
29.0,31.0,69.11459,73.767044,237.25,4.53754e-05,5.1174836,3.451786
31.0,28.0,55.804417,54.303753,203.75,4.4825505e-05,5.6391335,2.5107038
33.0,28.0,51.252647,48.687267,206.0,4.4389893e-05,5.5133758,1.272863
36.0,28.0,47.238632,44.20858,208.25,4.409823e-05,5.1056576,0.62689584
39.0,28.0,43.1479,39.6385,208.25,4.39402e-05,4.595092,0.56420624
41.0,28.0,39.555645,35.56776,208.25,4.385554e-05,3.4781058,0.93195575
42.0,28.0,38.25631,34.173607,208.25,4.3733817e-05,2.2274175,1.2859999
44.0,28.0,36.416092,32.30836,208.25,4.3612705e-05,1.1646678,1.0124303
45.0,28.0,35.269924,31.113691,208.25,4.34912e-05,0.7016399,0.7524167
46.0,28.0,33.640434,29.373991,208.25,4.3369746e-05,0.890967,0.51439995
46.0,28.0,33.66365,29.400486,208.25,4.3248237e-05,1.420523,0.60297644
46.0,28.0,33.68686,29.426985,208.25,4.3126656e-05,-0.18434453,0.48023376
49.0,28.0,31.202732,26.99771,208.25,4.2986703e-05,-1.5281817,0.21477221
51.0,28.0,28.972767,24.767103,208.25,4.288343e-05,-2.0497704,-0.17933159
51.0,28.0,28.980667,24.775637,208.25,4.284677e-05,-2.5157955,-0.53474945
51.0,28.0,28.972767,24.767103,208.25,4.288343e-05,-3.0746555,-0.26899737
52.0,30.0,28.118229,23.94544,208.25,4.2968426e-05,-4.1152,4.9073268e-08
54.0,31.0,26.891071,22.821272,208.25,4.3126656e-05,-4.62678,-0.16157195
54.0,30.0,26.837132,22.76442,208.25,4.3369404e-05,-5.115821,-0.53769374
54.0,28.0,26.78312,22.707533,208.25,4.3612705e-05,-5.603333,-0.78749794
55.0,24.0,25.98629,21.955254,208.25,4.3788474e-05,-5.603333,-0.78749794
57.0,22.0,24.88923,20.97182,208.25,4.385554e-05,-6.138985,-0.6452325
60.0,22.0,23.308352,19.563192,220.0,4.378785e-05,-6.6831264,-0.2333817
64.0,22.0,21.408121,17.89531,231.5,4.3612705e-05,-7.184057,0.5023589
65.0,22.0,20.894356,17.440441,231.5,4.3370383e-05,-7.1315145,1.0022703
67.0,22.0,20.128553,16.788298,231.5,4.3126656e-05,-7.112936,1.1265789
69.0,22.0,19.293139,16.067236,247.75,4.2949017e-05,-6.637355,0.81496334
72.0,22.0,18.22615,15.16443,263.75,4.288343e-05,-6.149311,0.5379949
75.0,22.0,16.27363,13.425593,220.0,4.294982e-05,-6.1728,7.3609904e-08
77.0,22.0,14.090764,11.475424,176.0,4.3126656e-05,-6.0379095,-1.2833986
78.0,22.0,14.014109,11.434644,183.75,4.336873e-05,-6.4885616,-1.6177803
80.0,22.0,13.737673,11.238794,192.0,4.3612705e-05,-7.658486,-0.94034576
