Vmax,Rmax_IBT,Rmax_CK22,Rmax_CK22_crr,R34,fcor,u_trans,v_trans
23.0,59.0,40.580914,31.094614,109.5,3.563405e-05,-5.2085843,2.2109134
26.0,56.0,38.06389,29.684748,113.5,3.626943e-05,-4.0491395,2.2444746
26.0,50.0,43.957813,36.429237,130.75,3.68669e-05,-2.6759155,2.409406
26.0,46.0,50.048412,44.003956,148.0,3.7500762e-05,-2.9098864,2.9098854
28.0,41.0,53.007427,48.976845,173.25,3.8237973e-05,-3.7002842,3.5733225
31.0,37.0,55.157486,53.37694,199.0,3.897458e-05,-3.7002842,3.5733225
31.0,41.0,59.956734,60.41851,217.25,3.9569128e-05,-3.215991,3.3302548
31.0,46.0,64.90148,68.07497,236.25,4.0199502e-05,-2.476589,3.286545
31.0,46.0,64.84276,67.98165,236.25,4.10549e-05,-2.119485,3.5274146
31.0,46.0,64.782974,67.88671,236.25,4.1909232e-05,-1.9611359,3.019885
32.0,46.0,62.07912,64.12256,236.25,4.2518237e-05,-2.1670153,2.875727
33.0,46.0,58.304623,58.80485,236.25,4.3126656e-05,-2.0653346,2.9496024
37.0,37.0,54.534863,54.6295,257.25,4.397689e-05,-2.3011916,3.411655
41.0,28.0,49.394897,48.36791,277.5,4.4825505e-05,-2.4094055,2.675916
42.0,28.0,51.185585,51.08482,310.5,4.5430665e-05,-2.590199,2.5013258
44.0,28.0,50.909763,51.09597,342.75,4.6034886e-05,-1.9081333,3.0536516
49.0,22.0,40.744762,38.3063,342.75,4.684284e-05,-1.5415812,3.815547
54.0,19.0,32.714214,29.221022,342.75,4.7722115e-05,-2.5888405,3.8381116
55.0,20.0,31.085493,27.470121,345.0,4.8545433e-05,-3.508199,3.7620838
57.0,22.0,28.87036,25.191895,347.25,4.9402213e-05,-2.97585,3.5464787
59.0,24.0,25.719437,21.977102,367.0,5.028706e-05,-2.3148007,4.009351
62.0,28.0,22.4681,18.83939,389.0,5.131329e-05,-2.2109127,5.208585
