Vmax,Rmax_IBT,Rmax_CK22,Rmax_CK22_crr,R34,fcor,u_trans,v_trans
26.0,102.0,49.50773,43.306644,146.0,4.6119338e-05,3.3064992,3.9405327
28.0,93.0,51.02495,46.303146,166.75,4.6999867e-05,3.8590193,4.138292
31.0,78.0,50.086548,46.353718,181.75,4.7926533e-05,3.9306552,4.0703125
33.0,65.0,48.88026,45.46946,196.75,4.892293e-05,3.6371493,4.3345857
37.0,46.0,36.54695,31.19181,165.0,5.00003e-05,2.9504774,4.2137184
41.0,28.0,26.614716,21.130232,134.5,5.1074945e-05,3.483659,4.4588804
45.0,28.0,23.92327,18.932543,134.5,5.204489e-05,3.6371493,4.3345857
49.0,28.0,21.307175,16.780302,134.5,5.2977284e-05,3.483659,4.4588804
52.0,28.0,20.667124,16.409187,147.5,5.3942473e-05,2.8764882,4.2645693
57.0,28.0,19.460278,15.601737,162.0,5.4869302e-05,2.521461,3.8827093
59.0,28.0,19.303486,15.5722065,183.0,5.5746423e-05,2.5888395,3.8381126
62.0,28.0,18.685543,15.150002,203.5,5.6516048e-05,2.3603818,3.3709745
63.0,28.0,17.168495,13.777307,180.75,5.7101934e-05,2.1670153,2.875727
64.0,28.0,15.369606,12.175412,157.25,5.768715e-05,2.216874,2.8374693
65.0,28.0,15.689713,12.508016,178.5,5.8486883e-05,2.4188538,3.3292668
67.0,28.0,15.435097,12.3578415,199.0,5.9319285e-05,2.180724,3.4898875
