Vmax,Rmax_IBT,Rmax_CK22,Rmax_CK22_crr,R34,fcor,u_trans,v_trans
18.0,130.0,70.534,65.317795,147.0,3.519586e-05,0.4828193,-3.0484014
18.0,130.0,77.09662,75.34787,159.75,3.6022833e-05,1.4074816,-3.867023
19.0,111.0,78.05218,78.474495,169.66667,3.7082445e-05,1.5834168,-4.350401
20.0,93.0,71.456055,69.43016,163.66667,3.7992504e-05,-0.70893914,-2.4723651
22.0,93.0,66.413124,63.983753,163.66667,3.833064e-05,-2.9182484,-1.0048336
23.0,93.0,54.132935,47.48546,143.5,3.8483773e-05,-2.8814027,-1.1060663
23.0,69.0,50.888275,43.28728,135.0,3.887029e-05,-2.0267637,-1.5834814
23.0,46.0,47.923653,39.60217,127.25,3.9219805e-05,-0.8851431,-1.2641155
25.0,50.0,50.231693,43.685673,145.25,3.9379007e-05,0.0,0.5144
28.0,56.0,51.31841,46.6948,164.25,3.9464914e-05,-0.90837646,-0.4829924
29.0,56.0,46.190166,40.477962,156.75,3.9605966e-05,-1.987489,-0.5325459
31.0,56.0,41.845196,35.853504,150.5,3.9709896e-05,-1.5148472,-0.2944562
32.0,46.0,41.46932,35.719475,154.5,3.9764942e-05,-1.0288,1.2268317e-08
33.0,37.0,41.321575,35.84131,159.75,3.9709896e-05,-0.8724718,0.5451811
33.0,37.0,41.329456,35.85085,159.75,3.950156e-05,-0.46706545,0.9166675
33.0,37.0,41.34008,35.86372,159.75,3.9219805e-05,1.128625,1.0524598
34.0,37.0,46.133854,42.17543,189.25,3.9011626e-05,2.3675385,1.0049607
36.0,37.0,50.234097,48.255497,220.0,3.872924e-05,2.0267637,1.5834814
40.0,30.0,43.613026,40.44904,214.5,3.8219514e-05,1.5117837,2.0807917
43.0,22.0,38.36102,34.47038,210.75,3.7746686e-05,2.2274175,1.2859999
48.0,22.0,33.37979,29.332027,213.25,3.7568712e-05,3.0395107,0.53594786
54.0,22.0,28.999847,25.078917,217.75,3.7500762e-05,2.0197961,0.39260873
55.0,22.0,27.306797,23.345417,206.5,3.7377555e-05,0.9166675,0.46706548
56.0,22.0,25.790892,21.830511,196.5,3.7254722e-05,0.90837646,0.4829924
62.0,24.0,22.318653,18.689648,196.5,3.713152e-05,1.4591242,0.50241673
69.0,26.0,19.29266,16.06677,196.5,3.700857e-05,1.9568939,0.6358333
70.0,31.0,19.732384,16.538237,214.0,3.679291e-05,3.0395107,0.53594786
71.0,37.0,19.988594,16.832254,231.75,3.67623e-05,4.0252733,-0.8555979
