Vmax,Rmax_IBT,Rmax_CK22,Rmax_CK22_crr,R34,fcor,u_trans,v_trans
23.0,46.0,34.649704,24.867151,94.5,2.578798e-05,-4.440341,4.287987
23.0,46.0,34.85841,25.076502,94.75,2.707799e-05,-4.287988,4.4403396
26.0,41.0,32.842506,24.191029,98.75,2.8239561e-05,-4.8907084,4.5606594
28.0,37.0,31.706486,23.674128,104.25,2.9325609e-05,-6.162271,4.6436057
29.0,37.0,31.18296,23.428032,105.75,3.0341369e-05,-6.902594,4.482598
31.0,37.0,30.436432,23.185423,108.75,3.131743e-05,-6.3205776,4.425715
32.0,37.0,30.456207,23.441128,112.75,3.231059e-05,-5.122693,4.2984486
33.0,37.0,30.445307,23.654331,118.0,3.330315e-05,-4.3648295,4.364828
33.0,37.0,30.662674,23.87863,119.0,3.4256518e-05,-3.8003547,4.8642335
33.0,37.0,30.99416,24.222198,120.25,3.5282377e-05,-2.998495,4.7985954
36.0,37.0,33.090195,27.098463,140.0,3.646025e-05,-2.48048,5.085736
39.0,37.0,34.626396,29.39301,159.75,3.7746686e-05,-1.7485415,5.3814583
41.0,37.0,32.329666,27.170235,161.25,3.9133876e-05,-1.0796746,5.554439
44.0,37.0,30.360554,25.458645,164.25,4.0444127e-05,-0.35882682,5.1314697
46.0,37.0,28.556543,23.778667,167.25,4.1476145e-05,0.48392498,4.6042385
49.0,37.0,27.04746,22.520016,171.25,4.239659e-05,1.3397781,3.890998
51.0,31.0,25.93121,21.553974,178.75,4.3406122e-05,2.180724,3.4898875
54.0,28.0,24.889086,20.740942,187.25,4.4340795e-05,2.909886,2.909886
54.0,28.0,24.630787,20.477003,186.0,4.506746e-05,3.597875,2.9135017
54.0,28.0,24.415972,20.258276,185.0,4.5793287e-05,3.9405327,3.3064992
57.0,22.0,23.2149,19.268303,193.0,4.6722533e-05,4.138292,3.8590193
59.0,19.0,21.970814,18.160463,201.25,4.7722115e-05,4.5872846,4.1304092
63.0,19.0,20.463116,16.912241,218.75,4.8682876e-05,4.728639,3.9677992
67.0,19.0,18.465088,15.182155,238.25,4.9641636e-05,5.046894,4.387198
