Vmax,Rmax_IBT,Rmax_CK22,Rmax_CK22_crr,R34,fcor,u_trans,v_trans
24.0,74.0,36.091743,26.761879,102.0,3.1698364e-05,2.1322846,-1.438244
26.0,74.0,34.0165,25.386858,102.0,3.206281e-05,2.7251294,-1.4489771
26.0,56.0,34.0165,25.386858,102.0,3.206281e-05,2.1439939,-2.2201703
28.0,37.0,38.85679,31.325573,127.0,3.305528e-05,0.9257188,-4.009728
28.0,37.0,38.867775,31.337984,127.0,3.421201e-05,0.071820356,-4.1145735
28.0,37.0,38.877525,31.349,127.0,3.5282377e-05,0.56328917,-3.5564682
28.0,37.0,39.73847,32.327988,130.0,3.5955152e-05,1.3043692,-2.7972283
28.0,37.0,41.026264,33.815388,134.5,3.651592e-05,1.2553518,-2.8195667
29.0,41.0,37.628914,30.291636,127.75,3.7254358e-05,1.5784868,-3.2363777
31.0,46.0,34.26297,27.192623,122.5,3.7992504e-05,2.4094057,-2.6759157
31.0,41.0,32.590622,25.411304,116.75,3.860532e-05,3.9261231,-2.4533148
31.0,37.0,31.045006,23.806414,111.0,3.9219805e-05,6.629108,-2.8138895
33.0,37.0,29.85598,23.050163,116.0,3.9808583e-05,8.523139,-3.617858
36.0,37.0,29.053894,22.82385,123.0,4.0688625e-05,9.083765,-4.8299236
40.0,28.0,27.665724,22.057083,130.5,4.2109612e-05,9.27018,-6.4910507
44.0,19.0,25.967289,20.858051,138.75,4.385554e-05,9.3231125,-7.284014
46.0,22.0,24.097193,19.20963,138.75,4.559858e-05,9.594335,-7.769337
47.0,24.0,23.718899,18.937468,138.75,4.6210764e-05,9.457278,-7.9355993
49.0,28.0,22.36705,17.801123,138.75,4.748151e-05,9.317344,-8.099442
