Vmax,Rmax_IBT,Rmax_CK22,R34,fcor,u_trans,v_trans,mean_ck_cd
11.8312,85.192,77.518776,114.206665,2.7827968e-05,-0.99824023,0.24888931,0.5122187
13.3744,75.932,80.36412,130.87468,2.7952854e-05,-0.99824023,0.24888931,0.5129756
14.4032,68.524,74.31341,129.177,2.807779e-05,-0.99824023,0.24888931,0.50102156
15.9464,57.412,72.444016,137.51099,2.820267e-05,-0.99824023,0.24888931,0.48571163
16.9752,51.856,73.0446,146.308,2.8327528e-05,-0.9937445,0.26627296,0.47075945
18.5184,51.856,75.47725,162.976,2.8433558e-05,-0.9727495,0.33494455,0.45160374
20.0616,51.856,77.713455,180.107,2.857718e-05,-0.93240947,0.4347896,0.4277949
21.604801,51.856,74.08706,184.27402,2.882678e-05,-0.91666764,0.4670652,0.39996165
23.6624,51.856,69.28035,188.44101,2.9076216e-05,-0.9398556,0.41845065,0.36980987
27.7776,51.856,60.060356,192.608,2.9219578e-05,-0.9727495,0.33494455,0.33827797
31.8928,51.856,53.035553,197.238,2.9325609e-05,-0.99824023,0.24888931,0.30408916
33.436,40.744,51.378933,201.405,2.9412897e-05,-0.9727495,0.33494455,0.2699971
35.4936,35.188,49.09614,206.035,2.9574905e-05,-0.7274716,0.72747135,0.24653298
35.4936,35.188,50.00032,210.20201,2.9911278e-05,-0.30079207,0.9838463,0.23327607
35.4936,35.188,50.89134,214.369,3.0322259e-05,-0.24888912,0.9982403,0.20457855
34.4648,35.188,54.544758,222.70302,3.0676943e-05,-0.30079207,0.9838463,0.2033943
32.9216,35.188,59.652386,231.50002,3.1068776e-05,-0.40198413,0.9470154,0.20221004
32.4072,35.188,60.71535,231.50002,3.1584652e-05,-0.45099634,0.9246793,0.20102578
31.8928,35.188,61.82271,231.50002,3.206281e-05,-0.45099634,0.9246793,0.19984153
30.864,35.188,64.2017,231.50002,3.2329663e-05,-0.23353273,0.45833376,0.19865729
30.3496,35.188,65.447266,231.50002,3.2559245e-05,-0.545181,0.87247187,0.19747303
29.835201,35.188,67.91632,235.667,3.2912736e-05,-0.56032455,0.8628243,0.19628878
29.3208,35.188,70.62528,240.29701,3.330315e-05,-0.46706545,0.9166675,0.19510452
28.292,35.188,73.58222,240.29701,3.3637578e-05,-0.30079207,0.9838463,0.19392027
27.7776,35.188,75.142075,240.29701,3.404614e-05,-0.30079207,0.9838463,0.19273601
26.7488,35.188,79.821915,244.46402,3.468311e-05,-0.5530336,1.4407012,0.19155176
26.2344,35.188,83.03398,248.63101,3.5282377e-05,-0.5900956,0.8427435,0.1903675
25.720001,40.744,84.92889,248.63101,3.5566332e-05,-0.8529139,0.57529765,0.18918325
25.2056,51.856,86.89223,248.63101,3.577612e-05,-0.82163614,0.6191474,0.18799901
23.6624,51.856,93.22162,248.63101,3.6183184e-05,-0.7146647,0.7400566,0.18681476
22.6336,51.856,97.86244,248.63101,3.651592e-05,-0.2725905,0.43623593,0.1856305
21.0904,51.856,99.83011,236.13,3.655286e-05,0.5144,-2.2485139e-08,0.18444625
20.0616,51.856,99.13046,223.629,3.651592e-05,0.5115821,0.05376942,0.18326199
18.5184,51.856,104.90135,218.999,3.6583642e-05,0.35081995,0.37620834,0.18207774
16.9752,51.856,111.62498,214.832,3.67623e-05,0.7524167,0.7016399,0.18089348
15.9464,57.412,110.04825,200.942,3.7002406e-05,0.7146646,0.74005675,0.17970923
14.4032,68.524,112.445015,188.44101,3.7500762e-05,1.0597423,1.7637075,0.17852497
13.8888,85.192,107.9732,175.94,3.8465412e-05,1.1274906,2.3116984,0.17734072
13.3744,103.712,102.903625,162.976,3.9464914e-05,0.9019925,1.8493587,0.17615648
12.3456,103.712,128.51,188.904,4.006468e-05,0.9070702,1.2484751,0.17497222
11.8312,103.712,120.54861,172.236,4.0444127e-05,1.2641155,0.88514316,0.17378797
10.802401,103.712,114.72589,153.716,4.0780273e-05,1.4591242,0.50241673,0.17260371
9.2592,103.712,113.984024,137.048,4.093299e-05,2.05478,0.1076865,0.17141946
