Vmax,Rmax_IBT,Rmax_CK22,R34,fcor,u_trans,v_trans,mean_ck_cd
10.802401,188.904,136.5099,184.737,2.5074483e-05,-0.24888912,0.9982403,0.4466569
11.8312,177.79199,114.18087,166.68,2.553821e-05,0.2835757,0.988946,0.45400217
13.3744,172.236,92.6633,150.475,2.6076874e-05,0.08966582,1.0248852,0.47106105
13.8888,144.456,124.2511,205.109,2.6596363e-05,-0.16093966,1.0161338,0.50390476
14.4032,120.38,156.12222,261.595,2.707799e-05,0.0359046,1.0281733,0.5122187
14.917601,109.268,159.6665,274.559,2.7453068e-05,0.0,1.0288,0.5129756
15.9464,103.712,160.80316,291.69,2.7827968e-05,0.0,0.5144,0.50102156
16.9752,75.932,144.55515,278.263,2.8308794e-05,0.23142964,1.002432,0.48571163
18.5184,51.856,126.89675,265.76202,2.882674e-05,0.12537919,1.0211315,0.47075945
20.0616,57.412,131.8812,296.32,2.9269491e-05,0.16130833,1.5347463,0.45160374
21.0904,68.524,140.71881,330.11902,2.9824112e-05,0.57857406,2.50608,0.4277949
25.720001,40.744,146.16992,425.034,3.065834e-05,0.37333387,1.4973603,0.39996165
30.3496,16.668,142.1529,523.19,3.156599e-05,0.26627302,0.9937445,0.36980987
32.4072,16.668,132.93588,547.266,3.238555e-05,0.03591007,2.0572867,0.33827797
34.4648,16.668,124.03836,574.583,3.305528e-05,-0.748158,1.3497132,0.30408916
35.4936,16.668,111.685104,537.54297,3.3408476e-05,-0.5298712,0.88185364,0.2699971
37.0368,16.668,98.22107,501.892,3.3798577e-05,-0.017955244,1.0286434,0.24653298
37.5512,16.668,95.1301,500.966,3.459043e-05,0.46285927,2.004864,0.23327607
38.58,16.668,89.91606,501.42902,3.5529305e-05,0.53254604,1.987489,0.20457855
37.0368,16.668,100.99932,538.006,3.639268e-05,0.4977785,1.9964805,0.2033943
35.4936,16.668,113.69765,574.12,3.7254722e-05,0.5671514,1.977892,0.20221004
34.4648,27.78,120.96419,583.843,3.8060072e-05,0.53254604,1.987489,0.20102578
32.9216,40.744,133.21205,596.344,3.897458e-05,0.57857406,2.50608,0.19984153
30.864,27.78,149.3943,597.27,4.018117e-05,0.5347489,2.5157957,0.19865729
29.3208,16.668,163.6098,600.048,4.142137e-05,0.31344795,2.5528288,0.19747303
28.292,20.372,171.55362,591.714,4.2396554e-05,0.31344795,2.5528288,0.19628878
27.7776,24.076,174.25327,582.917,4.3369746e-05,0.31344795,2.5528288,0.19510452
27.7776,20.372,173.6537,582.917,4.456499e-05,0.35795322,2.5469694,0.19392027
27.7776,16.668,173.02354,582.917,4.5793287e-05,0.3572985,2.0263405,0.19273601
26.7488,24.076,185.12654,586.15796,4.682514e-05,0.87967575,2.4168894,0.19155176
26.2344,35.188,192.50351,591.714,4.796257e-05,1.1060668,2.8814025,0.1903675
25.720001,35.188,166.98953,490.77997,4.9378352e-05,1.203168,3.9353852,0.18918325
25.2056,35.188,137.63808,389.846,5.1074945e-05,0.92571855,4.009728,0.18799901
25.2056,35.188,127.24902,360.21402,5.305992e-05,0.995557,3.992961,0.18681476
25.2056,35.188,116.507515,329.656,5.510506e-05,1.3397781,3.890998,0.1856305
21.604801,35.188,140.22684,325.026,5.6902867e-05,1.6738026,3.7594223,0.18444625
18.5184,35.188,165.39845,321.322,5.862087e-05,1.541581,3.815547,0.18326199
