Vmax,Rmax_IBT,Rmax_CK22,R34,fcor,u_trans,v_trans,mean_ck_cd
11.8312,103.712,113.6954,163.439,3.7746686e-05,-1.0231642,0.107538775,0.2
12.3456,92.6,123.75389,182.88501,3.77836e-05,-1.0211315,-0.12537943,0.2
13.3744,85.192,131.37277,205.572,3.7746686e-05,-1.3497132,-0.7481582,0.2
13.8888,85.192,127.28218,205.572,3.7537615e-05,-1.1468209,-1.0326025,0.2
14.4032,85.192,123.36193,205.572,3.7254722e-05,-1.387019,-0.6764941,0.2
14.917601,85.192,177.63808,296.32,3.7008525e-05,-1.02739,-0.05384341,0.2
15.9464,85.192,226.37138,390.30902,3.67623e-05,-1.0211315,-0.12537943,0.2
16.4608,85.192,165.30789,300.95,3.6497397e-05,-1.4834192,-0.42536333,0.33218503
16.9752,85.192,111.25403,214.369,3.626943e-05,-0.9727495,-0.33494455,0.3476863
17.489601,75.932,128.91357,252.335,3.6090565e-05,-0.99824023,-0.24888928,0.36769712
18.5184,68.524,142.65486,291.69,3.6022833e-05,-1.02739,0.05384343,0.40228435
20.0616,72.228,160.96034,351.88,3.6072015e-05,-1.4676703,0.47687522,0.43478736
21.0904,75.932,180.53236,412.07,3.626943e-05,-1.4407014,0.5530332,0.4466569
23.148,64.82,163.07582,414.84802,3.6583788e-05,-1.9077736,0.77079004,0.45400217
25.2056,57.412,148.56834,420.404,3.700857e-05,-1.3497132,0.7481582,0.47106105
26.2344,55.56,166.41331,498.188,3.746344e-05,-1.6854874,1.1801907,0.50390476
27.7776,51.856,174.59666,575.046,3.7992504e-05,-2.080792,1.5117832,0.5122187
28.292,40.744,169.21762,575.046,3.8625e-05,-2.5884728,1.6809741,0.5129756
29.3208,35.188,159.1388,575.046,3.9219805e-05,-2.3310237,1.086974,0.50102156
29.835201,35.188,154.2376,575.046,3.9605773e-05,-2.4596162,0.7519794,0.48571163
30.3496,35.188,149.47769,575.046,3.995476e-05,-1.945499,0.6698891,0.47075945
30.864,40.744,144.78896,575.046,4.0370578e-05,-1.7996175,0.9975442,0.45160374
31.8928,51.856,135.94705,575.046,4.093299e-05,-1.5048333,1.4032799,0.4277949
31.8928,44.447998,135.3621,575.046,4.169509e-05,-1.5834811,2.026764,0.39996165
31.8928,40.744,134.63304,575.046,4.2640077e-05,-2.1049194,2.2572503,0.36980987
32.4072,44.447998,129.6775,575.046,4.3734657e-05,-2.7175589,2.3623366,0.33827797
32.9216,51.856,124.79427,575.046,4.4825505e-05,-2.7175589,2.3623366,0.30408916
33.436,40.744,120.13295,575.046,4.5744608e-05,-2.3293362,2.0248601,0.2699971
34.4648,35.188,112.033295,575.046,4.651767e-05,-2.6174154,1.6355432,0.24653298
34.979202,40.744,107.929535,575.046,4.713824e-05,-2.3310237,1.086974,0.23327607
35.4936,51.856,103.95832,575.046,4.7722115e-05,-2.1811795,1.3629527,0.20457855
36.008,61.116,104.47252,625.976,4.838853e-05,-1.5048333,1.4032799,0.2033943
37.0368,75.932,99.719376,677.369,4.916265e-05,-1.818679,1.8186784,0.20221004
36.008,88.895996,108.08328,709.316,5.0101877e-05,-2.25725,2.10492,0.20102578
35.4936,103.712,112.82535,741.263,5.1074945e-05,-2.2936418,2.065205,0.19984153
34.979202,96.304,116.28542,741.263,5.190818e-05,-2.2936418,2.065205,0.19865729
34.4648,92.6,119.95843,741.263,5.2740055e-05,-2.25725,2.10492,0.19747303
34.4648,92.6,117.422295,721.81696,5.3705993e-05,-2.25725,2.10492,0.19628878
34.4648,92.6,115.00203,702.834,5.4633376e-05,-1.9411135,1.6873834,0.19510452
32.9216,92.6,128.61644,697.74097,5.535773e-05,-1.9702666,1.6532495,0.19392027
31.8928,92.6,138.34666,694.037,5.6046403e-05,-1.8810418,1.7540998,0.19273601
30.864,96.304,149.23691,694.037,5.6832498e-05,-1.7540995,1.8810419,0.19155176
30.3496,103.712,154.55818,694.037,5.768715e-05,-1.6186125,1.998819,0.1903675
29.835201,96.304,160.12717,694.037,5.858602e-05,-1.5117838,2.0807917,0.18918325
29.3208,92.6,165.93771,694.037,5.9551734e-05,-1.2469299,2.2495222,0.18799901
28.292,92.6,179.64636,695.42596,6.0612514e-05,-1.0461262,2.3496392,0.18681476
27.7776,92.6,187.01672,698.667,6.1635496e-05,-1.0288004,1.7819338,0.1856305
25.720001,92.6,219.79625,694.963,6.247619e-05,-1.2667849,1.6214111,0.18444625
23.6624,92.6,258.73038,694.5,6.324571e-05,-1.0288004,1.7819338,0.18326199
22.6336,64.82,280.33215,694.5,6.4064436e-05,-0.9634882,2.384717,0.18207774
21.0904,40.744,316.00333,694.5,6.4846485e-05,-0.7707906,1.9077735,0.18089348
21.0904,55.56,315.9062,694.5,6.5546636e-05,-0.5278058,1.4501336,0.17970923
21.0904,68.524,315.80908,694.5,6.621089e-05,-0.13449918,1.5373276,0.17852497
21.0904,75.932,315.70752,694.5,6.687336e-05,0.21477194,1.5281817,0.17734072
21.0904,85.192,315.5961,694.5,6.756802e-05,0.26797387,1.5197554,0.17615648
21.0904,85.192,311.8168,686.166,6.83394e-05,0.2863626,2.0375755,0.17497222
21.0904,85.192,307.62924,676.906,6.914198e-05,0.3218796,2.0322676,0.17378797
21.0904,85.192,318.39645,701.90796,6.994178e-05,0.39260858,2.0197961,0.17260371
21.0904,85.192,329.8038,728.76196,7.07056e-05,0.46285927,2.004864,0.17141946
21.0904,85.192,329.62323,728.76196,7.142236e-05,0.52780545,1.4501337,0.1702352
21.0904,85.192,329.46436,728.76196,7.2037474e-05,0.9070702,1.2484751,0.16905095
21.0904,72.228,329.348,728.76196,7.247952e-05,1.5290949,1.376803,0.16786669
21.0904,57.412,329.23,728.76196,7.2921e-05,1.5048333,1.4032798,0.16668244
20.576,55.56,343.5647,728.76196,7.354852e-05,1.3768032,1.5290948,0.16549818
20.0616,51.856,358.4705,728.76196,7.423962e-05,1.6532496,1.9702663,0.16431394
19.0328,51.856,388.99725,726.91,7.484609e-05,1.6532496,1.9702663,0.16312969
18.5184,51.856,404.53195,725.058,7.5550095e-05,1.618612,1.9988195,0.16194543
17.489601,51.856,439.38214,725.058,7.655996e-05,1.6873839,1.9411131,0.16076118
16.9752,51.856,457.99744,725.058,7.750023e-05,1.9411131,1.6873839,0.15957692
16.4608,51.856,477.0352,725.058,7.799334e-05,2.2274175,1.2859999,0.15839267
15.9464,51.856,496.61066,725.058,7.8360856e-05,2.935341,0.95375,0.15720841
14.917601,51.856,519.9567,705.149,7.878263e-05,3.493841,0.8711124,0.15602416
14.4032,51.856,523.49457,686.166,7.943125e-05,4.322104,1.6591004,0.1548399
14.917601,51.856,498.59244,678.295,8.044528e-05,4.9489484,2.7432466,0.15365566
15.9464,51.856,459.05197,673.202,8.176471e-05,5.671067,3.5436761,0.15247141
15.9464,57.412,427.13297,630.606,8.316314e-05,5.8262167,4.232994,0.15128715
15.9464,68.524,394.5444,586.62103,8.489798e-05,5.0923,5.0923,0.1501029
15.9464,68.524,395.88577,586.62103,8.7039516e-05,4.3340306,5.751454,0.14891864
15.9464,68.524,397.33356,586.62103,8.938759e-05,3.6282809,4.9939003,0.14773439
