Vmax,Rmax_IBT,Rmax_CK22,R34,fcor,u_trans,v_trans,mean_ck_cd
16.9752,57.412,132.70956,249.09401,4.3126656e-05,0.38539538,-0.9538867,0.48571163
20.0616,61.116,112.55517,249.09401,4.3199463e-05,0.45418823,-0.24149618,0.47075945
22.6336,68.524,98.89155,249.09401,4.3126656e-05,1.0211315,0.12537916,0.45160374
24.1768,57.412,104.71945,282.893,4.3076845e-05,2.0322676,0.32187963,0.4277949
26.2344,51.856,106.39834,317.155,4.3126656e-05,2.0463283,-0.21507786,0.39996165
26.2344,51.856,106.39781,317.155,4.3369746e-05,1.8940308,-0.8039684,0.36980987
30.3496,35.188,124.72058,471.797,4.385554e-05,1.3497132,-0.74815816,0.33827797
32.4072,37.04,111.90961,475.03796,4.4084096e-05,0.9470154,-0.4019842,0.30408916
34.4648,40.744,100.91072,480.594,4.409823e-05,1.02739,0.05384325,0.2699971
35.4936,40.744,95.487625,480.594,4.4031596e-05,0.9937445,0.26627305,0.24653298
37.0368,40.744,88.029,480.594,4.385554e-05,0.9324094,0.4347897,0.23327607
35.4936,40.744,87.2596,422.719,4.3612636e-05,0.88185376,0.52987117,0.20457855
34.4648,40.744,82.55056,369.01102,4.3369746e-05,0.88185376,0.52987117,0.2033943
32.9216,37.04,86.84349,359.288,4.3211767e-05,0.94701535,0.40198427,0.20221004
31.8928,35.188,89.43117,351.417,4.3126656e-05,0.513695,0.026921624,0.20102578
30.3496,35.188,96.23943,351.417,4.3108343e-05,0.50315917,-0.10694974,0.19984153
29.3208,35.188,101.13597,351.417,4.3126656e-05,0.5065851,-0.08932463,0.19865729
28.292,35.188,106.35288,351.417,4.312666e-05,0.5144,-2.2485139e-08,0.19747303
27.7776,35.188,109.08792,351.417,4.3126656e-05,1.0187877,0.1431813,0.19628878
25.720001,35.188,121.268555,352.34302,4.3108343e-05,1.0161338,0.16093981,0.19510452
23.6624,35.188,136.29398,356.047,4.3126656e-05,1.0281733,-0.035904568,0.19392027
23.6624,35.188,130.8165,342.157,4.3211625e-05,0.9937445,-0.266273,0.19273601
23.6624,35.188,126.07663,330.119,4.3369746e-05,1.4676704,-0.47687492,0.19155176
23.6624,37.04,131.95193,344.935,4.3594606e-05,1.4591243,-0.50241673,0.1903675
23.6624,40.744,138.00987,360.214,4.385554e-05,1.4308301,-0.5780929,0.18918325
25.720001,55.56,135.66544,394.476,4.4098007e-05,1.3986142,-0.6521846,0.18799901
27.7776,68.524,131.59534,428.738,4.4340795e-05,1.4097834,-0.6276759,0.18681476
29.3208,75.932,121.04008,428.738,4.4601064e-05,1.4591243,-0.50241673,0.1856305
30.3496,85.192,114.49919,428.738,4.4825505e-05,2.0322676,-0.32187957,0.18444625
30.3496,85.192,114.46532,428.738,4.4928092e-05,2.5684752,-0.13460805,0.18326199
30.3496,85.192,114.41902,428.738,4.506766e-05,3.0633945,-0.3761374,0.18207774
30.3496,75.932,118.380775,446.332,4.5303474e-05,2.9947207,-0.7466677,0.18089348
30.3496,68.524,121.947586,463.0,4.5793287e-05,3.263433,-1.521764,0.17970923
30.864,57.412,118.14233,463.0,4.661383e-05,3.3292668,-2.4188538,0.17852497
31.8928,51.856,110.99109,463.0,4.7722115e-05,3.1981115,-2.5897791,0.17734072
32.9216,57.412,109.72228,497.26202,4.8935235e-05,3.440463,-3.0978074,0.17615648
34.4648,68.524,103.52917,531.52405,5.035898e-05,2.4765894,-3.2865446,0.17497222
33.436,68.524,109.14368,531.52405,5.2062172e-05,1.9319694,-3.6335058,0.17378797
32.9216,68.524,111.61929,531.52405,5.3688025e-05,1.6904733,-3.1793177,0.17260371
31.8928,79.636,118.56802,531.52405,5.485704e-05,1.7258934,-2.5587413,0.17141946
30.3496,92.6,130.7314,531.52405,5.581132e-05,1.6186123,-1.9988192,0.1702352
29.835201,81.488,134.72186,531.52405,5.6802965e-05,1.8186786,-1.8186786,0.16905095
29.3208,75.932,138.98492,531.52405,5.768715e-05,1.9988196,-1.6186119,0.16786669
26.7488,81.488,176.80711,575.972,5.8457423e-05,2.5884728,-1.680974,0.16668244
25.2056,92.6,210.51828,621.346,5.9086666e-05,2.7500029,-1.4011959,0.16549818
25.2056,75.932,207.83798,613.012,5.958469e-05,2.8814027,-1.1060667,0.16431394
25.2056,57.412,205.05324,604.21497,6.0016075e-05,3.461311,-0.992515,0.16312969
22.6336,57.412,239.2923,584.76904,6.053178e-05,4.009728,-0.9257184,0.16194543
20.0616,57.412,276.6291,565.786,6.0942573e-05,4.595092,-0.5642061,0.16076118
17.489601,57.412,328.36172,565.786,6.102035e-05,5.124426,-0.44832927,0.15957692
15.9464,57.412,362.87915,565.786,6.1173734e-05,5.603333,-0.7874969,0.15839267
14.917601,57.412,339.39407,503.281,6.181502e-05,6.0790215,-1.0718956,0.15720841
14.4032,57.412,301.9685,441.239,6.255676e-05,7.1315145,-1.0022688,0.15602416
13.8888,57.412,275.9085,396.328,6.309307e-05,8.659697,-1.2170408,0.1548399
13.3744,57.412,248.362,351.417,6.3474974e-05,11.314232,-3.459108,0.15365566
