Vmax,Rmax_IBT,Rmax_CK22,R34,fcor,u_trans,v_trans,mean_ck_cd
9.2592,172.236,228.94354,274.096,2.6577594e-05,-4.0926566,0.4301551,0.36769712
9.7736,153.716,234.74744,290.764,2.6808635e-05,-4.595092,0.5642054,0.40228435
10.802401,137.048,206.35864,274.559,2.707799e-05,-4.595092,0.5642054,0.43478736
11.3168,120.38,212.28282,291.227,2.7327575e-05,-4.6042385,0.4839245,0.4466569
11.8312,103.712,218.63525,308.82098,2.7578055e-05,-4.6042385,0.4839245,0.45400217
13.3744,103.712,213.55232,330.119,2.7827622e-05,-4.6042385,0.4839245,0.47106105
14.4032,103.712,215.07835,351.417,2.807779e-05,-4.595092,0.5642054,0.50390476
14.917601,103.712,214.28989,359.751,2.8345694e-05,-4.084526,0.5015159,0.5122187
15.9464,103.712,207.87712,369.011,2.857718e-05,-4.0926566,0.4301551,0.5129756
16.9752,85.192,203.86829,381.97498,2.870141e-05,-3.5920286,0.25117946,0.50102156
18.5184,68.524,194.18274,394.476,2.882674e-05,-3.5810745,0.37638572,0.48571163
20.0616,57.412,179.0666,394.476,2.903855e-05,-3.556468,0.56328946,0.47075945
21.0904,51.856,169.9207,394.476,2.9325609e-05,-3.0189548,0.641698,0.45160374
22.6336,51.856,160.98582,403.273,2.9661538e-05,-2.9668384,0.85072666,0.4277949
23.6624,51.856,156.35709,411.607,3.0073232e-05,-2.9353406,0.95375043,0.39996165
26.7488,51.856,135.94513,415.31097,3.0570987e-05,-2.9182484,1.0048336,0.36980987
30.3496,51.856,116.276924,419.941,3.1068776e-05,-2.9515393,0.9023753,0.33827797
31.8928,51.856,108.40815,419.941,3.1441392e-05,-2.9947207,0.7466679,0.30408916
32.9216,51.856,103.46255,419.941,3.1814445e-05,-2.9515393,0.9023753,0.2699971
34.4648,40.744,99.05311,432.905,3.231086e-05,-2.9182484,1.0048336,0.24653298
35.4936,35.188,96.67557,445.406,3.280731e-05,-2.9515393,0.9023753,0.23327607
35.4936,35.188,96.47456,445.406,3.3178814e-05,-2.9668384,0.85072666,0.20457855
35.4936,35.188,96.27263,445.406,3.3550914e-05,-2.9353406,0.95375043,0.2033943
34.979202,35.188,98.27611,445.406,3.402751e-05,-2.8814027,1.1060663,0.20221004
34.4648,35.188,100.3467,445.406,3.454095e-05,-2.8616605,1.156185,0.20102578
32.9216,35.188,107.58879,445.406,3.5016383e-05,-2.3310237,1.086974,0.19984153
31.8928,35.188,112.76401,445.406,3.5529305e-05,-2.2916691,1.167663,0.19865729
30.864,35.188,119.39873,450.036,3.6127545e-05,-2.2274175,1.2859998,0.19747303
30.3496,35.188,123.273186,454.203,3.67623e-05,-2.2046347,1.3246775,0.19628878
29.3208,40.744,129.64705,454.203,3.7359034e-05,-2.1570606,1.4008118,0.19510452
27.7776,51.856,140.20494,454.203,3.7992504e-05,-2.080792,1.5117832,0.19392027
26.7488,51.856,146.55457,450.036,3.871066e-05,-2.0267637,1.5834814,0.19273601
26.2344,51.856,149.16852,445.86902,3.9464914e-05,-2.0267637,1.5834814,0.19155176
25.2056,51.856,154.65855,437.535,4.019932e-05,-2.0267637,1.5834814,0.1903675
23.6624,51.856,164.73468,428.738,4.093299e-05,-1.9988195,1.618612,0.18918325
23.148,51.856,169.5214,428.738,4.1683357e-05,-2.0267637,1.5834814,0.18799901
22.6336,51.856,174.50977,428.738,4.239659e-05,-2.1322846,1.4382441,0.18681476
21.0904,51.856,184.47328,416.237,4.298657e-05,-2.2274175,1.2859998,0.1856305
20.0616,51.856,189.09915,403.273,4.3612705e-05,-2.5587418,1.725893,0.18444625
18.5184,51.856,199.4142,390.30902,4.446156e-05,-2.4969504,1.8141398,0.18326199
16.9752,51.856,210.14005,377.34503,4.5309676e-05,-2.6174154,1.6355432,0.18207774
14.917601,51.856,225.26831,360.677,4.6022495e-05,-2.8195667,1.255352,0.18089348
13.3744,51.856,233.2719,343.083,4.651767e-05,-2.9947207,0.7466679,0.17970923
12.3456,75.932,230.90433,321.785,4.6728146e-05,-3.0746555,0.26899746,0.17852497
11.8312,103.712,220.4729,300.02402,4.675884e-05,-3.6002517,0.06284231,0.17734072
11.8312,137.048,283.2112,376.88202,4.6794572e-05,-3.6008,4.293911e-08,0.17615648
11.8312,172.236,269.38785,360.214,4.675884e-05,-3.5958652,-0.18845193,0.17497222
11.3168,172.236,269.65613,350.95398,4.663744e-05,-3.5920286,-0.25117934,0.17378797
10.802401,172.236,270.5955,342.62,4.651767e-05,-3.5986066,-0.12566707,0.17260371
10.802401,222.24,270.59515,342.62,4.651694e-05,-3.6008,4.293911e-08,0.17141946
10.802401,274.096,270.5955,342.62,4.651767e-05,-4.1126933,-0.14361951,0.1702352
10.802401,274.096,256.24222,325.952,4.6414294e-05,-4.1051755,-0.2870621,0.16905095
10.802401,274.096,242.00235,309.284,4.627635e-05,-4.10956,-0.21537364,0.16786669
9.7736,290.764,240.85625,290.764,4.620877e-05,-4.1051755,-0.2870621,0.16668244
9.2592,309.284,233.41919,274.096,4.6034886e-05,-4.584545,-0.6443165,0.16549818
