Vmax,Rmax_IBT,Rmax_CK22,R34,fcor,u_trans,v_trans,mean_ck_cd
10.802401,153.716,100.78079,137.048,2.807779e-05,-3.0821702,-0.16153023,0.50102156
12.3456,109.268,101.71843,153.716,2.8152637e-05,-3.0864,3.6804952e-08,0.48571163
14.4032,68.524,100.446686,172.236,2.807779e-05,-3.0563633,0.42954442,0.47075945
15.9464,51.856,115.36166,213.906,2.7759088e-05,-2.9812334,0.79881895,0.45160374
16.9752,35.188,132.63681,257.428,2.7328068e-05,-2.9515393,0.9023753,0.4277949
20.576,40.744,125.720436,291.69,2.6877542e-05,-2.4956007,0.6222233,0.39996165
23.6624,51.856,122.01997,325.952,2.6577594e-05,-2.5657346,0.1794139,0.36980987
26.7488,40.744,117.78286,360.214,2.6627318e-05,-2.5579104,-0.26884687,0.33827797
30.3496,35.188,110.41936,394.476,2.6827835e-05,-2.5469694,-0.3579536,0.30408916
32.9216,35.188,100.39799,399.10602,2.6952539e-05,-3.0746555,-0.26899737,0.2699971
35.4936,35.188,92.298,407.44,2.707799e-05,-3.587098,-0.3138303,0.24653298
35.4936,35.188,92.22082,407.44,2.725972e-05,-3.5958652,-0.18845193,0.23327607
35.4936,35.188,92.19161,407.44,2.7328068e-05,-3.0821702,0.16153029,0.20457855
34.979202,35.188,96.59002,419.47803,2.7171254e-05,-2.5247452,0.49076045,0.2033943
34.4648,35.188,101.54142,432.90503,2.6827835e-05,-2.4461174,0.79479206,0.20221004
32.9216,35.188,109.94453,439.85,2.6345731e-05,-2.384717,0.9634875,0.20102578
31.8928,35.188,117.52762,450.49902,2.5826394e-05,-2.401169,0.921722,0.19984153
30.864,35.188,118.84277,434.75702,2.5431702e-05,-2.4461174,0.79479206,0.19865729
30.3496,35.188,117.69624,420.404,2.5074483e-05,-2.4596162,0.7519794,0.19747303
29.3208,35.188,118.22564,403.73602,2.4660552e-05,-2.4723651,0.7089389,0.19628878
27.7776,35.188,122.07182,390.30902,2.432189e-05,-2.4596162,0.7519794,0.19510452
29.3208,35.188,114.43377,390.30902,2.408332e-05,-1.9964805,0.49777862,0.19392027
30.3496,35.188,109.731415,390.30902,2.4070872e-05,-1.5373278,-0.13449869,0.19273601
29.835201,35.188,111.23602,387.531,2.4353161e-05,-1.3625647,-0.7244886,0.19155176
29.3208,35.188,113.034676,385.67902,2.4823696e-05,-1.18216,-0.9919497,0.1903675
28.292,40.744,115.88365,378.734,2.5343961e-05,-1.128625,-1.05246,0.18918325
27.7776,51.856,116.56611,372.71497,2.5826394e-05,-1.18216,-0.9919497,0.18799901
25.720001,40.744,126.60842,369.93698,2.6114412e-05,-0.8724718,-0.5451811,0.18681476
23.6624,35.188,138.43889,368.085,2.6327272e-05,-0.7881066,-0.6612998,0.1856305
21.604801,35.188,152.9007,368.085,2.659635e-05,-0.6612999,-0.78810656,0.18444625
20.0616,35.188,165.29901,368.085,2.6827835e-05,-0.25719997,-0.4454835,0.18326199
20.0616,35.188,165.36172,368.085,2.6971673e-05,-0.11571482,-0.501216,0.18207774
20.0616,35.188,165.40799,368.085,2.707799e-05,-0.22549808,-0.4623397,0.18089348
20.0616,35.188,165.45407,368.085,2.7184287e-05,-0.2950477,-0.42137182,0.17970923
20.0616,35.188,165.51619,368.085,2.7328068e-05,-0.15895833,-0.48922348,0.17852497
20.0616,35.188,165.59169,368.085,2.7503054e-05,-0.09815212,-0.50494903,0.17734072
20.0616,35.188,165.7309,368.085,2.7827968e-05,-0.40198416,-0.9470154,0.17615648
20.0616,40.744,159.51445,354.65802,2.8452328e-05,-0.86294657,-1.2793708,0.17497222
20.0616,51.856,153.95924,342.62,2.9076216e-05,-1.091207,-1.0912073,0.17378797
21.604801,51.856,140.72891,338.453,2.9400435e-05,-0.89980876,-0.4987721,0.17260371
23.6624,51.856,125.8317,334.286,2.9574905e-05,-0.9937445,-0.26627296,0.17141946
25.2056,40.744,117.83086,336.138,2.964345e-05,-0.99824023,-0.24888928,0.1702352
26.2344,35.188,113.28326,338.453,2.9824112e-05,-0.7881066,-0.6612998,0.16905095
28.292,35.188,102.78711,336.138,3.0390609e-05,-0.81777143,-1.3087078,0.16786669
30.3496,35.188,93.64303,334.28598,3.1068776e-05,-0.9711672,-1.1992917,0.16668244
29.835201,35.188,88.30721,307.89502,3.1566065e-05,-1.4801137,-1.429329,0.16549818
29.3208,35.188,82.99558,282.893,3.206281e-05,-1.4032797,-1.5048335,0.16431394
29.3208,40.744,80.0318,272.707,3.2664644e-05,-0.90707004,-1.2484752,0.16312969
29.3208,51.856,78.001785,265.762,3.330315e-05,-0.7948066,-1.3227807,0.16194543
27.7776,35.188,82.25216,262.984,3.388521e-05,-0.72448844,-1.3625648,0.16076118
26.2344,16.668,87.40798,261.595,3.454095e-05,-0.578093,-1.4308301,0.15957692
25.720001,24.076,92.03691,269.003,3.5405756e-05,-0.70374066,-1.9335115,0.15839267
25.2056,35.188,97.74172,278.726,3.626943e-05,-0.9019923,-1.8493588,0.15720841
23.148,40.744,98.92136,256.965,3.6922454e-05,-1.090362,-1.7449437,0.15602416
21.0904,51.856,99.77901,235.667,3.7500762e-05,-1.090362,-1.7449437,0.1548399
20.0616,57.412,96.98728,218.53601,3.804159e-05,-0.9659846,-1.816753,0.15365566
18.5184,68.524,96.28964,201.405,3.872924e-05,-0.83690107,-1.8797113,0.15247141
15.9464,75.932,104.88432,191.219,3.9703777e-05,-0.92172223,-2.401169,0.15128715
13.3744,85.192,117.85156,184.737,4.093299e-05,-1.1060667,-2.8814027,0.1501029
11.3168,103.712,134.53024,184.737,4.2305033e-05,-1.156186,-2.8616602,0.14891864
9.2592,120.38,154.68529,184.737,4.385554e-05,-1.4069445,-3.314554,0.14773439
