Vmax,Rmax_IBT,Rmax_CK22,R34,fcor,u_trans,v_trans,mean_ck_cd
11.8312,103.712,74.45449,111.583,1.1696372e-05,-1.4906167,0.39940947,0.2
12.3456,103.712,78.935234,122.695,1.1931044e-05,-2.0263405,0.35729846,0.2
13.3744,103.712,82.262566,137.048,1.2203745e-05,-2.5403342,0.40234962,0.2
13.3744,92.6,82.31021,137.048,1.255245e-05,-3.0694926,0.32261634,0.2
13.3744,85.192,82.33182,137.048,1.2710968e-05,-3.6002517,-0.06284223,0.2
13.8888,75.932,92.21774,158.346,1.2425561e-05,-3.5657573,-0.50113505,0.2
14.4032,68.524,102.029106,180.56999,1.19500755e-05,-2.9947207,-0.74666786,0.2
14.4032,68.524,101.93921,180.56999,1.1569444e-05,-2.4318738,-0.83736134,0.2
14.4032,68.524,101.84909,180.56999,1.1188857e-05,-2.4318738,-0.83736134,0.2
14.4032,68.524,101.75854,180.56999,1.0808047e-05,-2.4461174,-0.79479206,0.2
14.4032,68.524,101.667854,180.56999,1.0427331e-05,-2.4596157,-0.7519806,0.2
14.4032,75.932,101.58108,180.56999,1.006541e-05,-1.9676925,-0.6015845,0.2
14.4032,85.192,101.485054,180.56999,9.6655185e-06,-2.4168894,-0.8796756,0.2
13.8888,75.932,101.4425,175.01399,9.100253e-06,-2.9182484,-1.0048336,0.2
13.3744,68.524,103.15323,172.236,8.64936e-06,-3.0395107,-0.5359476,0.2
13.3744,75.932,104.82217,175.01398,8.53498e-06,-2.572,3.0670794e-08,0.2
13.3744,85.192,108.240234,180.57,8.64936e-06,-2.562213,0.22416456,0.2
13.8888,85.192,114.55151,197.238,8.86532e-06,-2.5469694,0.3579537,0.2
14.4032,85.192,120.556114,213.906,9.157494e-06,-2.5247452,0.49076045,0.2
15.9464,75.932,116.3928,225.944,9.3923145e-06,-2.5157957,0.5347483,0.2
16.9752,68.524,117.480255,240.76,9.6655185e-06,-2.5060797,0.57857454,0.2
18.5184,68.524,109.87931,243.538,1.0027327e-05,-2.9947207,0.7466679,0.2
20.0616,68.524,104.560196,249.09401,1.0427331e-05,-2.9947207,0.7466679,0.2
21.604801,68.524,100.66726,256.502,1.080818e-05,-3.493841,0.8711126,0.2
23.6624,68.524,95.905396,265.76202,1.1188857e-05,-2.9812334,0.79881895,0.2
26.7488,75.932,90.50243,281.504,1.1569334e-05,-2.4461174,0.79479206,0.2
30.3496,85.192,85.321724,300.024,1.19500755e-05,-2.4168894,0.8796756,0.33218503
30.3496,68.524,92.67661,325.952,1.231145e-05,-2.4168894,0.8796756,0.3476863
30.3496,51.856,99.752014,350.95398,1.2710968e-05,-2.9002674,1.0556108,0.36769712
30.864,40.744,98.01957,350.95398,1.319883e-05,-2.9182484,1.0048336,0.40228435
31.8928,35.188,94.68765,350.95398,1.3724946e-05,-2.9353406,0.95375043,0.43478736
32.4072,40.744,98.68548,372.715,1.4250639e-05,-3.4434626,1.0527711,0.4466569
32.9216,51.856,102.432785,394.476,1.4738254e-05,-2.9353406,0.95375043,0.45400217
33.436,51.856,100.59864,394.476,1.5155669e-05,-2.9515393,0.9023753,0.47106105
34.4648,51.856,97.15702,394.476,1.5497764e-05,-3.5346434,0.6870646,0.50390476
34.979202,51.856,95.355705,394.013,1.5769778e-05,-4.084526,0.5015159,0.5122187
35.4936,51.856,93.811104,394.476,1.600387e-05,-4.0926566,0.4301551,0.5129756
35.4936,40.744,89.66426,376.419,1.6294598e-05,-3.587098,0.31383038,0.50102156
35.4936,35.188,85.94916,360.214,1.6509784e-05,-3.5920286,0.25117946,0.48571163
34.4648,40.744,78.94786,318.544,1.6528425e-05,-3.5958652,0.188452,0.47075945
32.9216,51.856,72.924805,279.18903,1.6509784e-05,-3.587098,0.31383038,0.45160374
31.8928,51.856,75.37156,279.18903,1.656012e-05,-4.075151,0.5727259,0.4277949
30.3496,51.856,79.33781,279.18903,1.6762664e-05,-3.556468,0.56328946,0.39996165
31.8928,40.744,82.935875,307.89502,1.7211067e-05,-3.5460956,0.62527233,0.36980987
32.9216,35.188,87.79176,338.453,1.777367e-05,-3.992961,0.99555725,0.33827797
34.979202,24.076,85.3043,353.26898,1.8335253e-05,-3.974978,1.0650918,0.30408916
37.0368,16.668,82.86987,368.548,1.8783807e-05,-4.052681,0.7145969,0.2699971
38.58,16.668,79.57549,372.252,1.8929137e-05,-4.0995407,0.3586633,0.24653298
39.6088,16.668,77.95892,377.34503,1.9036203e-05,-3.5810745,0.37638572,0.23327607
34.979202,24.076,90.48525,377.34503,1.9281146e-05,-3.522114,0.74864763,0.20457855
30.3496,35.188,106.697586,377.34503,1.9793031e-05,-4.322104,1.6590996,0.2033943
28.292,40.744,114.84208,375.03003,2.0725653e-05,-4.623397,2.2549803,0.20221004
26.2344,51.856,124.45875,373.17804,2.1808535e-05,-4.6620474,2.173948,0.20102578
24.1768,57.412,136.35861,373.17804,2.2745757e-05,-4.292491,1.7342775,0.19984153
22.6336,68.524,146.64984,373.17804,2.3568628e-05,-4.4030113,1.4306257,0.19865729
21.604801,68.524,154.2982,373.17804,2.425208e-05,-4.4718504,1.1982284,0.19747303
21.0904,68.524,158.46251,373.17804,2.4823696e-05,-3.522114,0.74864763,0.19628878
21.0904,68.524,145.72961,344.47202,2.5324985e-05,-3.0072956,0.6942894,0.19510452
21.0904,68.524,133.66135,317.15503,2.5826394e-05,-2.7972286,1.3043687,0.19392027
20.576,68.524,124.53406,289.375,2.6433552e-05,-2.5282311,1.770286,0.19273601
20.0616,68.524,114.9163,261.595,2.707799e-05,-1.9702666,1.6532495,0.19155176
19.0328,68.524,121.18939,261.595,2.7740072e-05,-1.5290946,1.3768034,0.1903675
18.5184,68.524,124.61809,261.595,2.8327528e-05,-1.6646336,1.2094265,0.18918325
17.489601,68.524,131.69664,261.595,2.870216e-05,-1.7996175,0.9975442,0.18799901
16.9752,68.524,135.54306,261.595,2.9076216e-05,-1.7058278,1.1505953,0.18681476
16.9752,51.856,135.7496,261.595,2.9680663e-05,-1.5528908,1.3499067,0.1856305
16.9752,35.188,135.96722,261.595,3.0322259e-05,-1.1646681,1.0124301,0.18444625
16.9752,40.744,133.28622,256.502,3.0820058e-05,-1.18216,0.9919497,0.18326199
16.9752,51.856,131.11726,252.33502,3.131743e-05,-1.0124304,1.1646677,0.18207774
16.4608,51.856,128.95856,241.686,3.1919913e-05,-0.8404868,1.2942365,0.18089348
15.9464,51.856,126.91081,231.5,3.2559245e-05,-0.9070703,1.248475,0.17970923
15.9464,51.856,110.8159,203.72,3.3179236e-05,-0.9711675,1.1992915,0.17852497
15.9464,51.856,97.02217,179.64401,3.3798577e-05,-0.86294687,1.2793705,0.17734072
16.4608,51.856,94.37465,179.64401,3.4380173e-05,-0.80396825,1.8940308,0.17615648
16.9752,51.856,91.861336,179.64401,3.5035337e-05,-0.035910487,2.0572867,0.17497222
19.0328,40.744,94.41685,203.72,3.584396e-05,0.5671514,1.977892,0.17378797
21.0904,35.188,97.7886,231.5,3.67623e-05,0.53254604,1.987489,0.17260371
25.720001,35.188,93.28867,272.244,3.7728234e-05,0.3572985,2.0263405,0.17141946
30.3496,35.188,88.0133,316.69202,3.872924e-05,0.39260858,2.0197961,0.1702352
30.3496,40.744,93.88703,339.842,3.9728042e-05,0.601584,1.9676926,0.16905095
30.3496,51.856,99.96792,364.381,4.0688625e-05,1.324678,2.2046344,0.16786669
29.835201,57.412,106.481636,380.586,4.15615e-05,1.8186786,1.8186786,0.16668244
29.3208,68.524,113.94635,399.106,4.239659e-05,2.4321165,1.9001777,0.16549818
27.7776,68.524,115.68465,373.641,4.333999e-05,2.5587418,1.725893,0.16431394
26.2344,68.524,117.66075,350.95398,4.409823e-05,2.2274175,1.2859999,0.16312969
24.1768,75.932,130.83232,350.95398,4.441304e-05,1.8648188,0.8695794,0.16194543
22.6336,85.192,141.94702,350.95398,4.458322e-05,1.3625647,0.7244886,0.16076118
17.489601,85.192,157.52695,298.172,4.494654e-05,1.2793709,0.8629465,0.15957692
13.3744,85.192,169.82103,257.428,4.5309676e-05,0.77644527,0.6749535,0.15839267
9.7736,109.268,102.37474,127.788,4.5624045e-05,0.7995278,0.64744484,0.15720841
