Vmax,Rmax_IBT,Rmax_CK22,R34,fcor,u_trans,v_trans,mean_ck_cd
11.3168,75.932,108.80464,153.253,2.7364287e-05,-3.0189548,0.641698,0.2
11.8312,51.856,87.996445,129.17699,2.7827968e-05,-3.048401,0.48281956,0.2
13.3744,68.524,115.58108,185.2,2.820298e-05,-3.556468,0.56328946,0.2
14.4032,85.192,145.46577,244.001,2.857718e-05,-2.9947207,0.7466679,0.33218503
14.917601,92.6,127.292465,221.314,2.9038247e-05,-2.8616605,1.156185,0.3476863
15.9464,103.712,108.64149,201.40501,2.9574905e-05,-2.7251294,1.4489772,0.36769712
16.4608,75.932,120.539474,227.79599,3.0178973e-05,-2.5587418,1.725893,0.40228435
16.9752,51.856,133.54489,256.965,3.0820032e-05,-2.0267637,1.5834814,0.43478736
17.489601,51.856,136.63441,269.003,3.144152e-05,-1.9702666,1.6532495,0.4466569
18.5184,51.856,136.99986,283.35602,3.206281e-05,-1.9702666,1.6532495,0.45400217
19.0328,44.447998,136.35287,288.912,3.26271e-05,-1.9988195,1.618612,0.47106105
20.0616,40.744,132.84204,295.857,3.330315e-05,-2.3293362,2.0248601,0.50390476
21.604801,27.78,121.927666,293.07898,3.4256824e-05,-2.2936418,2.065205,0.5122187
23.6624,16.668,109.79938,291.227,3.5282377e-05,-1.818679,1.8186784,0.5129756
25.2056,27.78,106.060074,301.87598,3.6164136e-05,-1.376803,1.5290949,0.50102156
26.2344,40.744,104.76889,312.525,3.700857e-05,-1.818679,1.8186784,0.48571163
27.7776,40.744,89.00368,284.745,3.7832742e-05,-2.25725,2.10492,0.47075945
29.3208,40.744,75.24761,256.965,3.872924e-05,-2.143994,2.2201698,0.45160374
29.835201,31.484,76.27733,266.68802,3.9813585e-05,-2.0248609,2.3293355,0.4277949
30.3496,24.076,77.632996,278.263,4.093299e-05,-2.25725,2.10492,0.39996165
30.864,20.372,76.79124,281.96698,4.1873067e-05,-2.7175589,2.3623366,0.36980987
31.8928,16.668,74.55871,287.06,4.288343e-05,-1.942335,2.398583,0.33827797
32.9216,16.668,74.689804,303.265,4.4194112e-05,-1.496316,2.6994264,0.30408916
34.4648,16.668,73.0882,321.785,4.5551555e-05,-1.9611359,3.019885,0.2699971
37.0368,16.668,64.84247,321.785,4.675884e-05,-2.2168736,2.8374693,0.24653298
35.4936,16.668,71.95262,338.453,4.796257e-05,-1.5896137,2.645561,0.23327607
34.4648,16.668,74.94197,337.52698,4.9336137e-05,-1.0556116,2.9002671,0.20457855
32.9216,16.668,80.522415,338.45303,5.083645e-05,-1.4069444,3.314554,0.2033943
31.8928,16.668,80.69297,321.322,5.240239e-05,-1.8682618,3.66667,0.20221004
30.3496,16.668,82.81864,304.654,5.392461e-05,-1.4645767,3.2894948,0.20102578
29.3208,24.076,88.23207,309.284,5.524016e-05,-0.79881984,2.9812334,0.19984153
27.7776,35.188,97.69891,317.155,5.6516048e-05,-0.42954382,3.0563633,0.19865729
27.7776,40.744,102.7484,335.21198,5.7868245e-05,-0.16152972,3.0821702,0.19747303
27.7776,51.856,108.42501,356.047,5.9319285e-05,-0.12566648,3.5986066,0.19628878
27.7776,37.04,109.70938,361.603,6.0907867e-05,-0.071820974,4.1145735,0.19510452
27.7776,24.076,111.31988,368.548,6.255676e-05,0.12566611,3.5986066,0.19392027
26.2344,37.04,122.60877,371.32602,6.4178515e-05,0.43882716,3.57396,0.19273601
25.2056,51.856,132.3195,377.34497,6.575688e-05,0.5632893,3.5564682,0.19155176
24.1768,51.856,142.54272,381.975,6.726322e-05,1.1343029,3.955784,0.1903675
23.6624,51.856,150.27667,390.309,6.869332e-05,1.8682617,3.66667,0.18918325
23.6624,51.856,165.89912,432.442,7.0019334e-05,2.4188538,3.3292668,0.18799901
23.6624,51.856,181.53716,475.96402,7.137252e-05,2.9135017,3.597875,0.18681476
22.6336,57.412,194.90727,475.96402,7.2870636e-05,2.9135017,3.597875,0.1856305
21.0904,68.524,217.00099,475.96402,7.4458614e-05,2.9135017,3.597875,0.18444625
20.0616,68.524,233.13713,475.96402,7.6060576e-05,3.237224,3.997639,0.18326199
18.5184,68.524,259.4511,475.96402,7.771575e-05,3.7862089,4.2050104,0.18207774
16.9752,68.524,325.29578,530.59796,7.947886e-05,3.7862089,4.2050104,0.18089348
15.9464,68.524,392.83545,587.547,8.113127e-05,2.8502665,3.6481748,0.17970923
14.917601,68.524,435.79684,602.36304,8.2486884e-05,1.5784868,3.2363777,0.17852497
14.4032,68.524,465.6952,616.716,8.365155e-05,0.68706506,3.5346432,0.17734072
