Vmax,Rmax_IBT,Rmax_CK22,R34,fcor,u_trans,v_trans,mean_ck_cd
9.2592,137.048,138.32744,166.68001,2.6827835e-05,-0.21389966,-1.0063182,0.2
9.2592,137.048,138.34155,166.68001,2.7203037e-05,-0.19630425,-1.0098981,0.2
9.2592,137.048,138.35599,166.68001,2.7578055e-05,-0.35187033,-0.96675575,0.2
10.802401,92.6,150.09702,201.868,2.797162e-05,-0.52987105,-0.8818538,0.2
11.8312,51.856,164.24126,235.20401,2.8327528e-05,-0.64744484,-0.7995278,0.2
12.3456,51.856,171.8334,253.261,2.8577171e-05,-0.3637357,-0.36373577,0.2
13.3744,51.856,175.38165,274.096,2.882674e-05,-0.28764886,-0.42645693,0.2
13.8888,51.856,170.14455,274.096,2.91822e-05,-0.45099616,-0.9246794,0.2
14.4032,51.856,165.16891,274.096,2.9574905e-05,-0.51439995,-0.890967,0.2
14.917601,57.412,163.04897,278.263,2.9967348e-05,-0.6047133,-0.8323168,0.2
15.9464,68.524,156.62836,282.893,3.0322259e-05,-0.6884015,-0.76454747,0.2
16.4608,57.412,172.60443,317.61798,3.0571224e-05,-0.7146646,-0.74005675,0.2
16.9752,51.856,187.35812,351.417,3.0820032e-05,-0.64744484,-0.7995278,0.2
17.489601,51.856,182.31879,351.417,3.117445e-05,-0.56032455,-0.8628243,0.2
18.5184,51.856,172.6304,351.417,3.156599e-05,-0.52987105,-0.8818538,0.2
19.0328,51.856,167.88269,350.954,3.1938624e-05,-0.52987105,-0.8818538,0.33218503
20.0616,51.856,159.41698,351.417,3.231108e-05,-0.38539532,-0.9538867,0.3476863
20.0616,51.856,167.95883,368.548,3.277624e-05,-0.40198416,-0.9470154,0.36769712
20.0616,51.856,176.47925,385.67902,3.305528e-05,-0.5080669,-0.080469914,0.40228435
20.0616,51.856,176.37155,385.67902,3.2788892e-05,-0.9727495,0.33494455,0.43478736
20.0616,51.856,176.27829,385.67902,3.2559245e-05,-0.44990438,-0.24938606,0.4466569
20.0616,51.856,174.40001,381.512,3.2980843e-05,0.21389946,-1.0063183,0.45400217
20.0616,51.856,172.80283,377.808,3.3550914e-05,0.4019842,-0.9470154,0.47106105
20.576,40.744,147.60857,334.286,3.3798617e-05,0.4019842,-0.9470154,0.50390476
21.0904,35.188,124.40638,291.69,3.404614e-05,0.05384333,-1.02739,0.5122187
22.6336,35.188,134.54883,337.52698,3.446675e-05,-0.23142964,-1.002432,0.5129756
23.6624,35.188,146.99329,385.67902,3.5035337e-05,-0.26797396,-1.5197554,0.50102156
24.1768,35.188,138.89444,374.104,3.5776127e-05,-0.18806858,-1.5316973,0.48571163
25.2056,35.188,128.53436,364.381,3.651592e-05,-0.13449885,-1.5373278,0.47075945
25.720001,35.188,130.16165,378.271,3.702702e-05,-0.10753886,-1.0231642,0.45160374
26.2344,35.188,132.30157,394.476,3.7500762e-05,-0.12537906,-1.0211315,0.4277949
26.7488,35.188,128.91565,394.476,3.8096918e-05,-0.29445636,-1.514847,0.39996165
27.7776,35.188,122.419,394.476,3.872924e-05,-0.34714445,-1.5036479,0.36980987
29.3208,24.076,115.318726,401.884,3.9397408e-05,-0.55303335,-1.4407014,0.33827797
30.3496,16.668,111.76824,411.144,3.995476e-05,-1.0524597,-1.1286252,0.30408916
32.4072,24.076,104.78089,429.664,4.023634e-05,-1.3497132,-0.7481582,0.2699971
34.4648,35.188,97.46571,446.332,4.0444127e-05,-1.3497132,-0.7481582,0.24653298
34.4648,40.744,99.377304,458.833,4.081077e-05,-1.2641156,-0.885143,0.23327607
34.4648,51.856,101.303154,471.797,4.1177245e-05,-0.8529139,-0.57529765,0.20457855
34.4648,51.856,101.14701,471.797,4.1439605e-05,-0.8724718,-0.5451811,0.2033943
34.4648,51.856,101.01261,471.797,4.1665367e-05,-0.8818536,-0.5298714,0.20221004
33.436,40.744,104.17035,458.833,4.1890955e-05,-0.86282426,-0.5603247,0.20102578
32.9216,35.188,104.51285,446.332,4.2152973e-05,-0.6884015,-0.76454747,0.19984153
32.4072,24.076,107.16558,446.332,4.2518186e-05,-0.5900954,-0.84274364,0.19865729
31.8928,16.668,109.923035,446.332,4.288343e-05,-0.8427437,-0.59009534,0.19747303
30.864,57.412,96.02187,360.21402,4.3108565e-05,-1.420523,-0.60297644,0.19628878
30.3496,103.712,76.42729,274.559,4.3369746e-05,-1.387019,-0.6764941,0.19510452
28.292,68.524,79.439095,260.206,4.3782744e-05,-1.1992917,-0.9711672,0.19392027
26.2344,35.188,83.1535,248.168,4.4340795e-05,-0.70059824,-1.3750013,0.19273601
23.148,35.188,97.76894,251.87201,4.5049426e-05,0.0,1.5432,0.19155176
20.0616,35.188,117.104645,257.428,4.5793287e-05,0.63583344,-1.9568938,0.1903675
9.7736,35.188,212.22595,257.428,4.8358797e-05,-0.09815212,-0.50494903,0.18444625
9.2592,35.188,219.14548,257.428,4.868306e-05,0.0,0.5144,0.18326199
9.2592,85.192,219.20697,257.428,4.8941063e-05,0.42137182,0.29504773,0.18207774
9.2592,137.048,219.25996,257.428,4.916265e-05,0.545181,0.87247187,0.18089348
