Vmax,Rmax_IBT,Rmax_CK22,R34,fcor,u_trans,v_trans,mean_ck_cd
10.802401,68.524,101.07961,137.048,3.156599e-05,-1.3227804,-0.79480714,0.2
11.8312,51.856,96.524605,140.752,3.117438e-05,-1.8333348,-0.9341312,0.2
13.3744,35.188,92.75487,149.54901,3.0820032e-05,-1.9209352,-0.7373776,0.2
13.8888,35.188,93.26064,155.105,3.055255e-05,-1.9778922,-0.5671511,0.2
14.4032,35.188,95.15579,162.976,3.0322259e-05,-1.9676925,-0.6015845,0.2
14.917601,35.188,95.54817,168.532,3.007309e-05,-1.4591242,-0.5024168,0.2
15.9464,35.188,93.91119,175.477,2.9824112e-05,-1.4501337,-0.5278054,0.2
16.4608,35.188,96.81528,185.663,2.9556137e-05,-1.4591242,-0.5024168,0.2
16.9752,35.188,100.31459,197.23799,2.9325609e-05,-1.4906167,-0.39940947,0.2
16.9752,35.188,100.28006,197.23799,2.9163377e-05,-1.5197554,-0.2679738,0.2
16.9752,35.188,100.26148,197.23799,2.9076216e-05,-1.5394408,-0.10764829,0.2
16.9752,35.188,101.25754,199.09,2.9057474e-05,-2.0576,2.4536634e-08,0.2
16.9752,35.188,102.51314,201.405,2.9076216e-05,-2.0576,2.4536634e-08,0.2
17.489601,35.188,100.686676,203.25699,2.9057337e-05,-2.0576,2.4536634e-08,0.2
18.5184,35.188,96.5729,205.57199,2.9076216e-05,-2.0525877,0.14353111,0.2
19.0328,35.188,101.54039,220.851,2.9200864e-05,-2.042263,0.25075796,0.2
20.0616,35.188,103.37103,235.66702,2.9325609e-05,-2.0525877,0.14353111,0.2
20.576,35.188,105.22118,245.39,2.934417e-05,-2.0576,2.4536634e-08,0.2
21.0904,35.188,107.96987,257.428,2.9325609e-05,-2.0572867,-0.035909843,0.2
21.604801,35.188,105.349205,257.428,2.9325467e-05,-2.0576,2.4536634e-08,0.2
22.6336,35.188,100.40462,257.428,2.9325609e-05,-2.0572867,-0.035909843,0.2
22.6336,35.188,100.40158,257.428,2.9306771e-05,-2.0576,2.4536634e-08,0.33218503
22.6336,35.188,100.40462,257.428,2.9325609e-05,-2.0525877,0.14353111,0.3476863
22.6336,35.188,102.12989,261.59503,2.9450128e-05,-2.042263,0.25075796,0.36769712
22.6336,35.188,103.857796,265.76202,2.9574905e-05,-2.0525877,0.14353111,0.40228435
21.604801,35.188,109.00248,265.76202,2.9574683e-05,-2.0576,2.4536634e-08,0.43478736
21.0904,35.188,111.72811,265.76202,2.9574905e-05,-2.0563467,0.07180882,0.4466569
20.576,35.188,114.584236,265.76202,2.9661955e-05,-2.5579104,0.26884696,0.45400217
20.0616,35.188,117.57804,265.76202,2.9824112e-05,-2.5329256,0.4466231,0.47106105
21.0904,35.188,118.04358,279.652,3.0073004e-05,-2.5157957,0.5347483,0.50390476
22.6336,35.188,116.57177,296.32,3.0322259e-05,-2.5403342,0.40234962,0.5122187
23.6624,35.188,117.63709,312.988,3.046513e-05,-3.0746555,0.26899746,0.5129756
25.2056,35.188,115.59233,329.656,3.0571195e-05,-3.0746555,0.26899746,0.50102156
24.1768,35.188,121.239944,329.656,3.0695533e-05,-3.0746555,0.26899746,0.48571163
23.6624,35.188,124.22987,329.656,3.0820032e-05,-3.0746555,0.26899746,0.47075945
23.6624,35.188,124.25368,329.656,3.0962572e-05,-3.0746555,0.26899746,0.45160374
23.6624,35.188,124.27137,329.656,3.1068776e-05,-3.0845199,0.10771323,0.4277949
25.2056,35.188,116.30393,331.508,3.1050153e-05,-3.0864,3.6804952e-08,0.39996165
26.2344,35.188,111.93144,334.286,3.1068776e-05,-3.0788815,0.21529667,0.36980987
28.292,35.188,98.83579,323.174,3.12423e-05,-2.5157957,0.5347483,0.33827797
30.3496,35.188,87.84299,312.98798,3.156599e-05,-2.9353406,0.95375043,0.30408916
33.436,40.744,81.56773,330.58203,3.204402e-05,-2.9002674,1.0556108,0.2699971
37.0368,51.856,73.82904,347.25,3.2559245e-05,-2.9353406,0.95375043,0.24653298
37.0368,51.856,73.69862,347.25,3.2931017e-05,-2.9668384,0.85072666,0.23327607
37.0368,51.856,73.56781,347.25,3.330315e-05,-2.9353406,0.95375043,0.20457855
34.979202,51.856,79.67345,347.25,3.3779943e-05,-2.9002674,1.0556108,0.2033943
32.9216,51.856,86.57927,347.25,3.4293596e-05,-2.8616605,1.156185,0.20221004
30.864,51.856,92.3145,338.91602,3.4750698e-05,-2.3310237,1.086974,0.20102578
29.3208,51.856,96.362564,330.58203,3.5282377e-05,-2.2046347,1.3246775,0.19984153
27.7776,51.856,103.21861,330.58203,3.6004127e-05,-2.5282311,1.770286,0.19865729
26.2344,51.856,110.86368,330.58203,3.67623e-05,-2.5884728,1.6809741,0.19747303
25.2056,51.856,112.13652,318.544,3.7432997e-05,-2.2274175,1.2859998,0.19628878
23.6624,51.856,117.06451,308.82098,3.7992504e-05,-2.3116984,1.1274902,0.19510452
23.148,51.856,116.54369,300.024,3.841606e-05,-1.9209352,0.7373776,0.19392027
22.6336,51.856,116.102005,291.69,3.872924e-05,-1.945499,0.6698891,0.19273601
20.576,51.856,121.22233,275.485,3.9011145e-05,-1.9778922,0.5671511,0.19155176
18.5184,51.856,127.44599,261.132,3.9219805e-05,-2.0126367,0.42779866,0.1903675
16.4608,51.856,129.75452,239.371,3.93607e-05,-2.0375755,0.28636295,0.18918325
14.4032,51.856,132.30998,218.53601,3.9464914e-05,-1.5242006,0.24140978,0.18799901
13.8888,51.856,120.078896,193.997,3.9605744e-05,-1.5197554,0.26797384,0.18681476
13.3744,51.856,108.850365,171.77301,3.9709896e-05,-1.5281817,0.21477221,0.1856305
12.3456,51.856,108.90443,161.587,3.9764844e-05,-1.0288,1.2268317e-08,0.18444625
11.8312,51.856,107.21471,154.179,3.9709896e-05,-0.9889461,-0.28357556,0.18326199
11.3168,51.856,98.8503,137.974,3.95017e-05,-0.9166674,-0.4670656,0.18207774
10.802401,51.856,91.82295,124.08401,3.9219805e-05,-0.8323165,-0.60471374,0.18089348
9.7736,51.856,95.29805,119.454,3.895614e-05,-0.7146646,-0.74005675,0.17970923
9.2592,51.856,96.06245,115.75,3.872924e-05,-0.23353274,-0.45833376,0.17852497
9.2592,75.932,86.78265,104.638,3.8588096e-05,0.0,0.5144,0.17734072
9.2592,103.712,78.68098,94.915,3.8483773e-05,0.0,0.5144,0.17615648
9.2592,103.712,69.439735,83.803,3.8360984e-05,0.0,0.5144,0.17497222
9.2592,103.712,63.672188,76.858,3.8238195e-05,0.30235672,-0.41615835,0.17378797
