Vmax,Rmax_IBT,Rmax_CK22,R34,fcor,u_trans,v_trans,mean_ck_cd
11.8312,137.048,178.76518,252.798,3.305528e-05,-0.9711675,1.1992915,0.50390476
11.8312,137.048,131.53406,188.904,3.330315e-05,-0.9500887,1.2160584,0.5122187
13.3744,85.192,71.567566,116.213,3.3798577e-05,-0.9070703,1.248475,0.5129756
13.8888,75.932,88.524025,146.771,3.429362e-05,-1.3087077,0.8177716,0.50102156
14.4032,68.524,106.33286,179.64401,3.47882e-05,-1.8333353,0.9341304,0.48571163
15.9464,68.524,104.825554,192.608,3.5356363e-05,-1.3497132,0.7481582,0.47075945
16.9752,68.524,106.2544,205.572,3.577612e-05,-1.9209352,0.7373776,0.45160374
19.0328,57.412,95.333916,205.572,3.585017e-05,-2.0375755,0.28636295,0.4277949
21.0904,51.856,86.09105,205.572,3.577612e-05,-1.542965,-0.026932383,0.39996165
23.6624,35.188,96.797646,257.891,3.5794386e-05,-1.5432,1.8402476e-08,0.36980987
26.2344,16.668,104.89194,312.988,3.577612e-05,-2.0563467,-0.071809754,0.33827797
30.3496,24.076,96.08784,345.86102,3.567133e-05,-2.0525877,-0.14353105,0.30408916
34.4648,35.188,87.61146,381.049,3.5529305e-05,-1.5242006,-0.24140973,0.2699971
33.436,35.188,91.67571,381.049,3.540566e-05,-1.4757694,-0.45118836,0.24653298
32.9216,35.188,93.81359,381.049,3.5282377e-05,-1.4591242,-0.5024168,0.23327607
32.4072,35.188,96.00998,381.049,3.5158744e-05,-1.4591242,-0.5024168,0.20457855
31.8928,35.188,98.26694,381.049,3.5035337e-05,-1.5094774,-0.32084966,0.2033943
30.864,27.78,102.94866,381.049,3.4893066e-05,-1.5373278,-0.13449869,0.20221004
30.3496,24.076,105.400024,381.049,3.47882e-05,-2.0463283,-0.21507749,0.20102578
29.835201,27.78,92.62015,324.56302,3.4769662e-05,-2.05478,-0.10768682,0.19984153
29.3208,35.188,79.1414,269.929,3.47882e-05,-2.0572867,0.03590989,0.19865729
29.3208,35.188,76.34157,260.206,3.4806664e-05,-2.0576,2.4536634e-08,0.19747303
29.3208,35.188,74.204414,252.798,3.47882e-05,-2.0563467,-0.071809754,0.19628878
29.3208,27.78,81.14113,276.874,3.4682842e-05,-2.0525877,-0.14353105,0.19510452
29.3208,24.076,88.956375,304.191,3.454095e-05,-2.0375755,-0.2863629,0.19392027
29.835201,24.076,87.04566,304.191,3.44173e-05,-2.042263,-0.25075886,0.19273601
30.3496,24.076,85.197525,304.191,3.4293596e-05,-2.0375755,-0.2863629,0.19155176
30.3496,24.076,90.78994,325.026,3.4150857e-05,-2.0375755,-0.2863629,0.1903675
30.3496,24.076,96.69832,347.25,3.404614e-05,-2.5716083,-0.044887304,0.18918325
30.864,24.076,88.84331,325.026,3.4046072e-05,-2.572,3.0670794e-08,0.18799901
31.8928,24.076,79.986786,304.191,3.404614e-05,-2.5716083,-0.044887304,0.18681476
31.8928,37.04,79.99934,304.191,3.395944e-05,-2.5403342,-0.40234956,0.1856305
31.8928,51.856,80.022385,304.191,3.3798577e-05,-3.0072958,-0.6942893,0.18444625
30.3496,55.56,85.27476,304.191,3.3513403e-05,-3.0296943,-0.5889124,0.18326199
29.3208,57.412,89.03932,304.191,3.330315e-05,-2.562213,-0.22416449,0.18207774
28.292,57.412,93.02472,304.191,3.3371052e-05,-2.5579104,0.26884696,0.18089348
27.7776,57.412,95.11511,304.191,3.3550914e-05,-3.0694926,0.32261634,0.17970923
26.7488,48.152,99.51975,304.191,3.363737e-05,-2.5579104,0.26884696,0.17852497
26.2344,40.744,101.84099,304.191,3.3798577e-05,-2.5247452,0.49076045,0.17734072
25.2056,44.447998,111.239334,316.692,3.4132816e-05,-2.4461174,0.79479206,0.17615648
23.6624,51.856,124.99467,330.11902,3.454095e-05,-1.8797112,0.8369013,0.17497222
21.604801,68.524,147.5989,350.491,3.498702e-05,-1.9077736,0.77079004,0.17378797
20.0616,85.192,170.94756,372.715,3.5282377e-05,-2.4596162,0.7519794,0.17260371
15.9464,85.192,214.31021,372.715,3.5282377e-05,-2.5684752,0.13460858,0.17141946
13.3744,35.188,151.25873,235.667,3.5035337e-05,-2.0525877,-0.14353105,0.1702352
11.8312,35.188,166.53442,235.667,3.5049008e-05,-1.0161338,0.16093986,0.16905095
10.802401,35.188,178.0594,235.667,3.5282377e-05,-0.9784469,0.3179168,0.16786669
9.2592,35.188,97.55541,117.602,3.5627654e-05,-0.890967,0.5143999,0.16668244
