Vmax,Rmax_IBT,Rmax_CK22,R34,fcor,u_trans,v_trans,mean_ck_cd
10.802401,103.712,141.28632,188.904,3.5035337e-05,-3.0189548,-0.6416993,0.2
11.3168,103.712,149.0025,205.572,3.4645705e-05,-3.0296943,-0.5889124,0.2
11.8312,103.712,156.65585,222.70302,3.4293596e-05,-2.562213,-0.22416449,0.2
11.8312,103.712,156.58525,222.70302,3.4020588e-05,-2.562213,0.22416456,0.2
11.8312,103.712,156.59187,222.70302,3.404614e-05,-2.4843612,0.66568244,0.2
11.8312,103.712,162.92291,231.037,3.4517052e-05,-2.2916691,1.167663,0.2
11.8312,103.712,170.07529,240.29701,3.5282377e-05,-1.9702666,1.6532495,0.2
12.3456,103.712,164.90524,240.29701,3.6127032e-05,-1.687384,1.941113,0.2
13.3744,103.712,155.06712,240.29701,3.700857e-05,-1.7210038,1.9113686,0.2
13.3744,103.712,161.11415,248.63101,3.7783422e-05,-1.8501421,1.7866613,0.33218503
13.3744,103.712,167.1866,256.96503,3.8483773e-05,-1.9113681,1.7210042,0.3476863
13.8888,103.712,165.17694,261.13202,3.902366e-05,-1.8810418,1.7540998,0.36769712
14.4032,103.712,163.58925,265.76202,3.9709896e-05,-1.7540995,1.8810419,0.40228435
14.917601,75.932,159.18529,265.76202,4.087737e-05,-2.0248609,2.3293355,0.43478736
15.9464,51.856,150.52608,265.76202,4.2152973e-05,-2.2201705,2.1439936,0.4466569
17.489601,51.856,138.43118,265.76202,4.3145184e-05,-2.3985834,1.9423344,0.45400217
20.0616,51.856,120.84317,265.76202,4.409823e-05,-2.36432,1.9838994,0.47106105
21.604801,51.856,113.62436,269.92902,4.5115346e-05,-2.6334584,2.4557397,0.50390476
23.6624,51.856,104.218834,274.096,4.627635e-05,-2.5013263,2.590198,0.5122187
26.2344,37.04,91.94969,274.096,4.7686084e-05,-2.753606,3.0581899,0.5129756
29.3208,24.076,79.41218,274.096,4.916265e-05,-2.753606,3.0581899,0.50102156
29.835201,24.076,77.41759,274.096,5.051362e-05,-2.8065593,3.009667,0.48571163
30.3496,24.076,75.45347,274.096,5.178951e-05,-2.9602275,2.858658,0.47075945
30.3496,24.076,77.541046,282.893,5.29948e-05,-3.0581892,2.7536068,0.45160374
30.3496,24.076,79.47378,291.227,5.4161024e-05,-2.5461504,2.5461497,0.4277949
31.8928,31.484,75.49122,300.024,5.532288e-05,-2.3145502,2.7583723,0.39996165
32.9216,40.744,73.20505,308.358,5.6516048e-05,-2.1164973,2.9131083,0.36980987
34.4648,37.04,67.525375,308.358,5.7786005e-05,-1.6355429,2.6174157,0.33827797
35.4936,35.188,63.84052,308.358,5.9086666e-05,-1.690473,3.179318,0.30408916
37.5512,35.188,58.36229,316.69202,6.039859e-05,-1.352989,2.7740378,0.2699971
39.6088,35.188,53.1916,325.952,6.1635496e-05,-0.9634882,2.384717,0.24653298
38.58,35.188,57.389606,342.62,6.2705905e-05,-0.6656832,2.4843612,0.23327607
37.0368,35.188,63.884342,359.751,6.370404e-05,-0.7089397,2.472365,0.20457855
36.008,37.04,67.80012,363.918,6.469825e-05,-0.7089397,2.472365,0.2033943
35.4936,40.744,69.99091,368.548,6.575688e-05,-0.69428885,3.0072958,0.20221004
34.4648,40.744,76.72935,390.309,6.6884706e-05,-0.482819,3.0484014,0.20102578
32.9216,40.744,86.8415,411.144,6.8243826e-05,-0.50113446,3.5657573,0.19984153
31.8928,37.04,93.433846,419.941,7.000332e-05,-0.43015632,4.0926566,0.19865729
30.3496,35.188,104.31336,428.27502,7.181604e-05,-0.5642067,4.595092,0.19747303
27.7776,40.744,123.878784,428.27502,7.3234645e-05,-0.28706145,4.105176,0.19628878
25.2056,51.856,147.46469,428.27502,7.467736e-05,0.714597,4.052681,0.19510452
23.6624,51.856,170.02338,445.86902,7.6444565e-05,1.7342787,4.2924905,0.19392027
22.6336,51.856,189.09921,462.53702,7.8360856e-05,2.4149618,4.5418825,0.19273601
20.576,57.412,227.18344,480.131,8.024712e-05,3.3259242,4.5777416,0.19155176
18.5184,68.524,272.67175,496.79898,8.2185776e-05,4.7285643,4.7285643,0.1903675
16.4608,103.712,297.57196,471.797,8.421542e-05,6.3968544,4.3147326,0.18918325
14.4032,137.048,320.19876,445.86902,8.613512e-05,8.90967,5.1439996,0.18799901
13.3744,137.048,278.4769,373.178,8.776991e-05,11.023172,6.6233897,0.18681476
