Vmax,Rmax_IBT,Rmax_CK22,R34,fcor,u_trans,v_trans,mean_ck_cd
11.8312,172.236,133.0605,196.775,1.3978337e-05,0.30235672,0.41615835,0.2
11.8312,172.236,133.0649,196.775,1.3997325e-05,0.32372242,0.3997639,0.2
11.8312,172.236,133.0605,196.775,1.3978337e-05,0.30957362,0.41081813,0.2
12.3456,172.236,133.23436,204.183,1.3959338e-05,0.32372242,0.3997639,0.2
13.3744,172.236,130.97021,214.832,1.3978337e-05,0.33064994,0.39405325,0.2
13.3744,137.048,130.99818,214.832,1.4067023e-05,0.0,0.5144,0.2
13.3744,103.712,131.05002,214.832,1.4231685e-05,-0.35733235,0.3700283,0.2
13.3744,103.712,122.952415,201.86801,1.4465961e-05,-0.82163614,0.6191474,0.2
13.3744,103.712,114.87926,188.904,1.4738254e-05,-1.1468209,1.0326025,0.2
13.3744,103.712,114.936966,188.904,1.4972525e-05,-1.0524597,1.1286252,0.2
13.3744,103.712,115.003815,188.904,1.524464e-05,-0.66130006,0.7881064,0.2
13.3744,103.712,115.08758,188.904,1.5586322e-05,-0.647445,0.7995276,0.2
13.3744,103.712,115.18952,188.904,1.600387e-05,-0.66130006,0.7881064,0.2
13.3744,103.712,115.31258,188.904,1.6509788e-05,-0.7274716,0.72747135,0.2
13.3744,103.712,115.43501,188.904,1.7015493e-05,-0.8323168,0.60471326,0.2
13.3744,103.712,136.78401,222.24002,1.743245e-05,-0.91666764,0.4670652,0.2
13.3744,103.712,159.60948,257.42798,1.777367e-05,-0.9398556,0.41845065,0.2
13.3744,103.712,159.72394,257.42798,1.8045108e-05,-0.9538868,0.38539502,0.2
13.3744,103.712,159.8223,257.42798,1.8278848e-05,-1.4757696,0.45118764,0.2
13.3744,92.6,187.87386,300.024,1.8550369e-05,-2.0048637,0.4628596,0.2
13.3744,85.192,216.95941,343.546,1.8783807e-05,-2.0497704,0.17933165,0.2
12.3456,85.192,231.70114,343.546,1.89479e-05,-2.0563467,-0.071809754,0.2
11.8312,85.192,239.67014,343.546,1.9036203e-05,-2.0525877,-0.14353105,0.2
12.3456,85.192,231.75954,343.546,1.9035977e-05,-2.5704334,-0.089762196,0.2
13.3744,85.192,217.13495,343.546,1.9036203e-05,-2.0525877,0.14353111,0.2
12.3456,85.192,231.80562,343.546,1.9105573e-05,-1.987489,0.5325459,0.2
11.8312,85.192,239.82928,343.546,1.9288536e-05,-1.3087077,0.8177716,0.2
12.3456,85.192,256.0101,376.88202,1.9591207e-05,-1.4801137,1.429329,0.2
13.3744,85.192,263.85098,411.144,2.0045187e-05,-1.4801137,1.429329,0.2
13.8888,85.192,256.29053,411.144,2.0599678e-05,-1.5290946,1.3768034,0.2
14.4032,85.192,249.22276,411.144,2.130504e-05,-1.7540995,1.8810419,0.2
14.4032,85.192,249.97092,411.144,2.2129321e-05,-1.5834811,2.026764,0.2
14.4032,85.192,250.80971,411.144,2.306609e-05,-1.4752389,2.1068587,0.2
15.9464,85.192,230.30681,411.144,2.4033221e-05,-1.090362,1.7449437,0.2
16.9752,85.192,218.26433,411.144,2.5074483e-05,-0.9019927,1.8493586,0.2
18.5184,85.192,201.42523,411.144,2.6107899e-05,-1.0049603,2.3675385,0.2
20.0616,85.192,186.36702,411.144,2.7328068e-05,-1.4489768,2.7251296,0.2
20.0616,75.932,174.53517,385.216,2.8988728e-05,-2.1164973,2.9131083,0.2
20.0616,68.524,163.0402,360.214,3.0571195e-05,-2.7175589,2.3623366,0.2
21.604801,57.412,154.50421,368.085,3.1591368e-05,-3.563868,2.0575995,0.2
23.6624,51.856,143.25737,377.34503,3.231108e-05,-3.1493306,1.7457025,0.2
23.6624,51.856,143.36961,377.34503,3.296754e-05,-2.6174154,1.6355432,0.2
23.6624,51.856,143.46657,377.34503,3.3550914e-05,-2.5587418,1.725893,0.2
24.1768,51.856,141.5335,381.512,3.4188815e-05,-2.5587418,1.725893,0.2
25.2056,51.856,135.89934,385.216,3.47882e-05,-2.6455615,1.589613,0.33218503
25.720001,68.524,133.80867,388.92,3.528182e-05,-2.3116984,1.1274902,0.3476863
26.2344,85.192,132.3305,394.476,3.577612e-05,-2.2916691,1.167663,0.36769712
26.7488,85.192,140.01944,428.738,3.6355603e-05,-2.672901,1.5431998,0.40228435
27.7776,85.192,142.97192,463.0,3.700857e-05,-2.1811795,1.3629527,0.43478736
28.292,85.192,139.04797,463.0,3.7727877e-05,-2.1322846,1.4382441,0.4466569
29.3208,85.192,131.60611,463.0,3.8483773e-05,-2.1068592,1.4752383,0.45400217
29.3208,68.524,131.37796,463.0,3.92198e-05,-2.4649084,1.8574424,0.47106105
29.3208,51.856,131.14633,463.0,3.995476e-05,-2.3985834,1.9423344,0.50390476
29.3208,51.856,130.91743,463.0,4.0669896e-05,-2.36432,1.9838994,0.5122187
29.3208,51.856,130.67334,463.0,4.142137e-05,-1.9702666,1.6532495,0.5129756
27.7776,51.856,141.83281,463.0,4.2256146e-05,-2.0267637,1.5834814,0.50102156
26.2344,51.856,154.30171,463.0,4.3126656e-05,-2.1322846,1.4382441,0.48571163
26.2344,51.856,152.85472,458.833,4.394069e-05,-2.5884728,1.6809741,0.47075945
26.2344,51.856,151.39948,454.66602,4.4825505e-05,-2.7583733,2.3145492,0.45160374
26.2344,51.856,151.24193,454.66602,4.591315e-05,-2.5461504,2.5461497,0.4277949
26.2344,51.856,151.07578,454.66602,4.6999867e-05,-2.7983472,2.2660568,0.39996165
28.292,51.856,134.079,454.66602,4.7878428e-05,-3.0864885,1.8545485,0.36980987
30.3496,51.856,118.93692,454.66602,4.868306e-05,-3.1493306,1.7457025,0.33827797
30.864,51.856,110.77907,433.831,4.9539914e-05,-3.0864885,1.8545485,0.30408916
31.8928,51.856,99.846,411.144,5.035898e-05,-2.5587418,1.725893,0.2699971
32.9216,57.412,104.3188,471.33398,5.105693e-05,-1.9411135,1.6873834,0.24653298
34.4648,68.524,102.42461,531.52405,5.178951e-05,-1.5478681,2.0540907,0.23327607
34.4648,57.412,100.805084,523.19,5.2632637e-05,-1.0869746,2.3310235,0.20457855
34.4648,51.856,98.94371,513.93,5.3688025e-05,-1.1060672,2.8814025,0.2033943
34.4648,51.856,97.972824,513.93,5.5034572e-05,-1.2315469,3.383645,0.20221004
34.4648,51.856,96.906166,513.93,5.6516048e-05,-0.99251556,3.4613109,0.20102578
32.9216,51.856,101.78237,480.594,5.792062e-05,-0.7466673,2.994721,0.19984153
31.8928,51.856,102.43684,446.332,5.9319285e-05,-1.0527722,3.4434621,0.19865729
31.8928,51.856,103.71782,458.37,6.0711398e-05,-1.0527722,3.4434621,0.19747303
31.8928,51.856,105.156265,472.26,6.20965e-05,-0.50113446,3.5657573,0.19628878
30.864,51.856,112.36131,475.038,6.347485e-05,5.3964334e-07,3.0864,0.19510452
30.3496,51.856,116.62501,480.59402,6.4846485e-05,0.053865105,3.08593,0.19392027
29.835201,51.856,120.11751,480.59402,6.629584e-05,0.21529637,3.0788817,0.19273601
29.3208,51.856,123.900566,480.59402,6.756802e-05,0.49076074,2.524745,0.19155176
26.7488,57.412,143.78113,463.92603,6.835597e-05,0.9019925,1.8493587,0.1903675
25.2056,68.524,153.91359,445.406,6.914198e-05,1.5117837,2.0807917,0.18918325
23.6624,68.524,173.9913,454.66602,7.0398724e-05,1.8141404,2.4969501,0.18799901
22.6336,68.524,189.83475,463.00003,7.181604e-05,2.3011906,3.4116557,0.18681476
21.0904,68.524,213.11217,467.63,7.3090276e-05,2.7212105,3.7454252,0.1856305
20.0616,68.524,230.84251,471.79703,7.4458614e-05,2.8502665,3.6481748,0.18444625
18.5184,68.524,238.75932,441.239,7.599603e-05,3.5081995,3.7620835,0.18326199
16.9752,68.524,245.30373,412.07,7.771575e-05,4.7285643,4.7285643,0.18207774
15.9464,68.524,262.50388,412.07,7.956327e-05,5.262299,5.643125,0.18089348
14.4032,68.524,289.96274,412.07,8.155382e-05,5.1803975,5.002652,0.17970923
13.3744,68.524,287.50867,386.14203,8.362936e-05,5.002652,5.1803975,0.17852497
11.8312,68.524,291.65085,360.214,8.5723776e-05,3.990177,7.19847,0.17734072
