Vmax,Rmax_IBT,Rmax_CK22,R34,fcor,u_trans,v_trans,mean_ck_cd
10.802401,103.712,127.11259,171.77301,2.8327528e-05,-0.6749536,-0.7764452,0.40228435
10.802401,103.712,122.92935,166.21701,2.870195e-05,-1.0124304,-1.1646677,0.43478736
10.802401,103.712,120.50864,162.976,2.9076216e-05,-1.0124304,-1.1646677,0.4466569
11.3168,103.712,133.03004,185.663,2.943155e-05,-1.0124304,-1.1646677,0.45400217
11.8312,103.712,146.33904,210.202,2.9824112e-05,-1.0524597,-1.1286252,0.47106105
13.3744,103.712,139.4736,220.388,3.0303534e-05,-0.7146646,-0.74005675,0.50390476
14.4032,103.712,138.52538,231.96301,3.0820032e-05,-0.7146646,-0.74005675,0.5122187
15.9464,103.712,131.43398,239.834,3.128018e-05,-0.9919498,-1.1821599,0.5129756
16.9752,103.712,129.20186,248.631,3.1814445e-05,-0.7948066,-1.3227807,0.50102156
20.576,68.524,112.477005,259.74298,3.2521893e-05,-0.9659846,-1.816753,0.48571163
23.6624,35.188,103.01295,274.55902,3.330315e-05,-1.0597421,-1.7637076,0.47075945
25.2056,35.188,96.75143,276.411,3.40833e-05,-1.2382945,-1.6432725,0.45160374
26.2344,35.188,93.23755,278.726,3.47882e-05,-1.5290946,-1.3768034,0.4277949
26.2344,24.076,93.101425,278.263,3.5319452e-05,-1.3087077,-0.8177716,0.39996165
26.2344,16.668,93.43308,279.189,3.577612e-05,-1.1646678,-1.0124303,0.36980987
28.292,27.78,87.62022,286.59702,3.625083e-05,-0.8404868,-1.2942365,0.33827797
30.3496,40.744,82.717735,295.857,3.67623e-05,-0.7481583,-1.3497131,0.30408916
32.9216,37.04,74.68382,297.70898,3.735935e-05,-0.67649424,-1.387019,0.2699971
35.4936,35.188,67.682846,300.024,3.7992504e-05,-0.5024166,-1.4591243,0.24653298
35.4936,37.04,67.272964,298.635,3.8588027e-05,-0.13449885,-1.5373278,0.23327607
35.4936,40.744,67.39671,300.02402,3.9219805e-05,0.3208492,-1.5094774,0.20457855
34.4648,40.744,70.313995,300.95,3.9881277e-05,0.8369012,-1.8797113,0.2033943
32.9216,40.744,75.558395,304.191,4.0688625e-05,1.0288001,-1.7819339,0.20221004
31.8928,31.484,81.63522,316.229,4.1750845e-05,1.324678,-2.2046344,0.20102578
30.3496,24.076,90.89409,330.11902,4.288343e-05,1.1274905,-2.3116984,0.19984153
30.3496,24.076,89.33078,324.563,4.3837088e-05,1.0049605,-2.3675385,0.19865729
30.3496,24.076,88.35642,321.322,4.4825505e-05,1.4489771,-2.7251294,0.19747303
29.3208,37.04,93.11899,323.174,4.6016816e-05,1.680974,-2.5884728,0.19628878
27.7776,51.856,101.12436,325.952,4.7240763e-05,1.6355432,-2.6174154,0.19510452
27.7776,57.412,101.588326,327.804,4.830485e-05,1.2860001,-2.2274172,0.19392027
27.7776,68.524,102.17792,330.119,4.9402213e-05,1.4489771,-2.7251294,0.19273601
26.7488,68.524,114.501884,351.88,5.0662744e-05,1.4489771,-2.7251294,0.19155176
26.2344,68.524,124.346794,372.715,5.2027382e-05,1.9611363,-3.019885,0.1903675
25.720001,68.524,130.62418,381.04898,5.343365e-05,2.5335703,-3.242822,0.18918325
25.2056,68.524,137.59334,390.309,5.4869302e-05,3.0372906,-3.4940038,0.18799901
25.2056,68.524,137.65575,390.772,5.629817e-05,3.5733232,-3.7002835,0.18681476
25.2056,68.524,138.81291,394.476,5.768715e-05,3.3858752,-3.1573794,0.1856305
23.6624,75.932,154.06445,399.569,5.900609e-05,3.152426,-2.6451998,0.18444625
22.6336,85.192,167.05493,406.977,6.0247978e-05,2.590199,-2.5013256,0.18326199
21.0904,85.192,179.98856,399.106,6.145469e-05,2.4094057,-2.6759157,0.18207774
20.0616,85.192,189.46352,394.476,6.255676e-05,2.590199,-2.5013256,0.18089348
18.5184,92.6,206.46544,391.235,6.347555e-05,2.3643196,-1.9838998,0.17970923
16.9752,103.712,226.35594,390.309,6.43901e-05,2.2201705,-2.1439934,0.17852497
15.9464,109.268,248.29729,400.495,6.551207e-05,2.0652049,-2.293642,0.17734072
14.4032,120.38,281.46393,411.607,6.666408e-05,2.0652049,-2.293642,0.17615648
13.8888,120.38,286.68542,406.51398,6.7663284e-05,2.0652049,-2.293642,0.17497222
13.3744,120.38,293.4455,403.273,6.869332e-05,1.8574421,-2.4649084,0.17378797
12.3456,120.38,328.56726,421.33,6.987427e-05,1.9611363,-3.019885,0.17260371
11.8312,120.38,358.238,441.23898,7.115043e-05,2.360382,-3.3709743,0.17141946
11.8312,120.38,364.6896,446.795,7.251212e-05,2.5335703,-3.242822,0.1702352
11.8312,120.38,373.39,454.66602,7.380098e-05,2.3145497,-2.7583728,0.16905095
11.8312,120.38,380.19113,460.68503,7.485945e-05,2.116497,-2.9131083,0.16786669
11.8312,120.38,387.8355,467.63004,7.576771e-05,1.6347293,-3.208336,0.16668244
