Vmax,Rmax_IBT,Rmax_CK22,R34,fcor,u_trans,v_trans,mean_ck_cd
10.802401,103.712,94.74097,128.714,3.1068776e-05,-2.5684752,-0.13460852,0.2
11.3168,103.712,122.60339,171.31,3.0943975e-05,-2.5579104,-0.26884687,0.2
11.8312,103.712,149.96794,214.832,3.0820032e-05,-3.0821702,-0.16153023,0.2
13.3744,85.192,141.48589,223.16602,3.080128e-05,-3.0864,3.6804952e-08,0.2
14.4032,68.524,138.22989,231.5,3.0820032e-05,-3.08593,0.053864837,0.2
14.917601,68.524,137.84204,237.51901,3.0838484e-05,-3.0864,3.6804952e-08,0.2
15.9464,68.524,134.01382,244.46402,3.0820032e-05,-3.0845199,-0.10771463,0.33218503
16.4608,68.524,140.55104,262.521,3.0732863e-05,-3.0746555,-0.26899737,0.3476863
16.9752,68.524,148.28203,283.35602,3.0571195e-05,-2.5329256,-0.446623,0.36769712
17.489601,57.412,147.40215,289.375,3.0321922e-05,-1.9964805,-0.49777856,0.40228435
18.5184,51.856,143.05746,296.32,3.0073232e-05,-2.004864,-0.46285954,0.43478736
19.0328,51.856,144.3557,306.50598,2.9911202e-05,-2.0375755,-0.2863629,0.4466569
20.0616,51.856,141.99698,317.155,2.9824112e-05,-1.5394408,-0.10764829,0.45400217
20.576,51.856,142.23068,325.489,2.9805224e-05,-1.5432,1.8402476e-08,0.47106105
21.0904,51.856,142.81941,334.74902,2.9824112e-05,-1.5432,1.8402476e-08,0.50390476
21.604801,40.744,135.13338,325.489,2.9805313e-05,-2.0576,2.4536634e-08,0.5122187
22.6336,35.188,125.09372,317.155,2.9824112e-05,-2.05478,0.10768686,0.5129756
23.6624,57.412,124.0721,329.656,2.9892644e-05,-2.042263,0.25075796,0.50102156
25.2056,85.192,120.538445,343.54602,3.0073232e-05,-1.9778922,0.5671511,0.48571163
25.2056,85.192,120.57356,343.54602,3.0427811e-05,-1.8797112,0.8369013,0.47075945
25.2056,85.192,120.611595,343.54602,3.0820032e-05,-1.9335115,0.7037405,0.45160374
25.720001,85.192,123.62538,360.214,3.1087366e-05,-1.9964805,0.49777862,0.4277949
26.2344,85.192,126.36466,376.88202,3.131743e-05,-2.0048637,0.4628596,0.39996165
28.292,85.192,114.96277,376.88202,3.1528478e-05,-1.9964805,0.49777862,0.36980987
30.3496,85.192,104.87156,376.88202,3.1814445e-05,-2.401169,0.921722,0.33827797
30.864,85.192,102.44046,376.88202,3.2329495e-05,-2.3310237,1.086974,0.30408916
31.8928,85.192,97.852776,376.88202,3.280731e-05,-2.4843612,0.66568244,0.2699971
30.864,85.192,102.31024,376.88202,3.2968368e-05,-2.5579104,0.26884696,0.24653298
30.3496,85.192,104.64769,376.88202,3.305528e-05,-2.5469694,0.3579537,0.23327607
30.864,85.192,102.23742,376.88202,3.3321496e-05,-2.5157957,0.5347483,0.20457855
31.8928,85.192,97.667984,376.88202,3.3550914e-05,-2.562213,0.22416456,0.2033943
32.4072,92.6,95.507355,376.88202,3.355056e-05,-2.572,3.0670794e-08,0.20221004
32.9216,103.712,93.409836,376.88202,3.3550914e-05,-2.562213,0.22416456,0.20102578
33.436,92.6,91.308586,376.88202,3.3761262e-05,-3.0296943,0.58891255,0.19984153
34.4648,85.192,87.30464,376.88202,3.404614e-05,-3.0189548,0.641698,0.19865729
34.4648,85.192,87.21296,376.88202,3.4311728e-05,-3.0296943,0.58891255,0.19747303
34.4648,85.192,87.13389,376.88202,3.454095e-05,-3.0633945,0.37613693,0.19628878
34.4648,85.192,87.0911,376.88202,3.466449e-05,-3.0746555,0.26899746,0.19510452
34.4648,85.192,87.04818,376.88202,3.47882e-05,-3.0633945,0.37613693,0.19392027
33.436,85.192,87.35685,360.214,3.5016248e-05,-3.0296943,0.58891255,0.19273601
32.9216,85.192,85.51039,343.54602,3.5282377e-05,-3.0395107,0.5359477,0.19155176
32.4072,85.192,87.34758,343.54602,3.5510413e-05,-3.0395107,0.5359477,0.1903675
31.8928,85.192,89.24148,343.54602,3.577612e-05,-3.0189548,0.641698,0.18918325
30.864,85.192,93.264404,343.54602,3.6145855e-05,-3.5085115,0.8100043,0.18799901
30.3496,85.192,95.35266,343.54602,3.651592e-05,-3.5346434,0.6870646,0.18681476
30.3496,85.192,95.31763,343.54602,3.6743382e-05,-3.556468,0.56328946,0.1856305
30.3496,85.192,95.276505,343.54602,3.700857e-05,-3.5085115,0.8100043,0.18444625
29.3208,75.932,99.74954,343.54602,3.746326e-05,-3.4245641,1.1127088,0.18326199
27.7776,68.524,107.09269,343.54602,3.7992504e-05,-3.4434626,1.0527711,0.18207774
26.2344,57.412,101.98541,304.191,3.8483733e-05,-3.4434626,1.0527711,0.18089348
25.2056,51.856,93.25269,265.76202,3.897458e-05,-3.4245641,1.1127088,0.17970923
23.6624,51.856,100.285446,265.76202,3.9482416e-05,-2.9182484,1.0048336,0.17852497
22.6336,51.856,105.44583,265.76202,3.995476e-05,-3.4434626,1.0527711,0.17734072
21.604801,51.856,111.011505,265.76202,4.039548e-05,-3.493841,0.8711126,0.17615648
21.0904,51.856,113.97238,265.76202,4.0688625e-05,-3.0633945,0.37613693,0.17497222
20.576,51.856,104.42043,238.90799,4.0743224e-05,-2.572,3.0670794e-08,0.17378797
20.0616,51.856,95.22422,213.906,4.0688625e-05,-1.5422599,-0.053857315,0.17260371
18.5184,40.744,103.08631,213.906,4.068822e-05,-1.5432,1.8402476e-08,0.17141946
16.9752,35.188,111.98016,213.906,4.0688625e-05,-1.5432,1.8402476e-08,0.1702352
15.9464,51.856,118.56989,213.906,4.0688734e-05,-1.5432,1.8402476e-08,0.16905095
14.4032,68.524,129.59853,213.906,4.0688625e-05,-1.0288,1.2268317e-08,0.16786669
13.3744,75.932,119.38035,187.052,4.0688476e-05,-0.5144,6.1341585e-09,0.16668244
11.8312,85.192,113.77762,162.976,4.0688625e-05,-0.5144,6.1341585e-09,0.16549818
10.802401,75.932,84.869026,114.824,4.0688632e-05,-0.5144,6.1341585e-09,0.16431394
9.2592,68.524,49.852867,60.190002,4.0688625e-05,-0.5144,6.1341585e-09,0.16312969
