Vmax,Rmax_IBT,Rmax_CK22,R34,fcor,u_trans,v_trans,mean_ck_cd
15.9464,103.712,115.45737,212.98,3.0178817e-05,-3.329266,-2.418855,0.40228435
16.9752,103.712,114.42054,222.24,3.131743e-05,-3.1981113,-2.5897794,0.43478736
17.489601,103.712,111.58428,222.24,3.2540214e-05,-2.6759155,-2.409406,0.4466569
18.5184,103.712,105.96956,222.24,3.3798577e-05,-2.4557393,-2.6334586,0.45400217
20.0616,103.712,126.406166,281.504,3.5035177e-05,-2.2660568,-2.7983472,0.47106105
21.0904,103.712,148.28328,342.62,3.626943e-05,-2.2660568,-2.7983472,0.50390476
21.604801,103.712,144.71951,342.62,3.759284e-05,-2.0248609,-2.3293355,0.5122187
22.6336,103.712,137.49002,342.62,3.872924e-05,-1.7210038,-1.9113686,0.5129756
23.148,75.932,144.80984,369.011,3.9415572e-05,-1.4293292,-1.4801135,0.50102156
23.6624,51.856,150.94362,394.01303,3.995476e-05,-1.3499072,-1.5528904,0.48571163
23.6624,51.856,151.0256,394.01303,4.0688476e-05,-1.3225998,-1.5762131,0.47075945
23.6624,51.856,151.28615,394.476,4.142137e-05,-1.4549428,-1.4549431,0.45160374
24.1768,51.856,147.25322,394.476,4.2085925e-05,-1.5990556,-1.2948897,0.4277949
25.2056,51.856,139.44649,394.476,4.2640077e-05,-1.7058278,-1.1505953,0.39996165
26.2344,51.856,140.55408,420.40402,4.3023105e-05,-1.3497132,-0.7481582,0.36980987
27.7776,51.856,136.69647,445.86902,4.3369746e-05,-1.7637072,-1.0597428,0.33827797
29.835201,51.856,124.25037,454.66602,4.3855376e-05,-1.7256485,-1.1206495,0.30408916
31.8928,51.856,112.619125,463.00003,4.4340795e-05,-1.7996175,-0.9975442,0.2699971
32.9216,68.524,96.775894,411.607,4.4722343e-05,-1.8797112,-0.8369013,0.24653298
34.4648,85.192,80.36909,360.214,4.506766e-05,-2.4318738,-0.83736134,0.23327607
34.4648,85.192,80.24136,360.214,4.5448756e-05,-2.4596157,-0.7519806,0.20457855
34.4648,85.192,80.125725,360.214,4.5793287e-05,-1.987489,-0.5325459,0.2033943
34.4648,85.192,85.31827,390.309,4.603432e-05,-1.987489,-0.5325459,0.20221004
34.4648,85.192,90.16198,419.941,4.627635e-05,-2.4596157,-0.7519806,0.20102578
33.436,85.192,91.96122,403.273,4.6656303e-05,-2.4461174,-0.79479206,0.19984153
32.9216,85.192,91.023506,386.142,4.6999867e-05,-2.5157955,-0.53474945,0.19865729
32.4072,85.192,99.32965,416.237,4.713822e-05,-2.5579104,-0.26884687,0.19747303
31.8928,85.192,108.01265,446.332,4.7240763e-05,-2.5403342,-0.40234956,0.19628878
31.8928,85.192,107.9135,446.332,4.7462927e-05,-2.50608,-0.5785744,0.19510452
31.8928,85.192,107.7976,446.332,4.7722115e-05,-2.4956007,-0.6222232,0.19392027
31.8928,92.6,107.68194,446.332,4.7980415e-05,-2.5157955,-0.53474945,0.19273601
31.8928,103.712,107.58209,446.332,4.8202877e-05,-2.5469694,-0.3579536,0.19155176
31.8928,103.712,105.83484,437.535,4.830464e-05,-2.5579104,-0.26884687,0.1903675
31.8928,103.712,104.05706,428.738,4.844305e-05,-2.5403342,-0.40234956,0.18918325
31.8928,103.712,105.6363,437.535,4.8766848e-05,-2.4843612,-0.66568244,0.18799901
31.8928,103.712,107.149925,446.332,4.916265e-05,-2.401169,-0.921722,0.18681476
31.8928,103.712,106.98754,446.332,4.9521663e-05,-2.3310237,-1.086974,0.1856305
31.8928,103.712,106.82472,446.332,4.9880902e-05,-2.3847165,-0.9634887,0.18444625
30.864,103.712,125.05891,506.059,5.0185627e-05,-2.4168894,-0.8796756,0.18326199
30.3496,103.712,140.43037,565.786,5.059779e-05,-1.781934,-1.0287998,0.18207774
30.3496,103.712,126.7059,497.26202,5.1295094e-05,-1.5290946,-1.3768034,0.18089348
30.3496,103.712,112.01105,428.738,5.2027382e-05,-1.5290946,-1.3768034,0.17970923
30.3496,103.712,111.846466,428.738,5.2484796e-05,-1.5528905,-1.349907,0.17852497
30.3496,103.712,111.66858,428.738,5.2977284e-05,-1.4032797,-1.5048335,0.17734072
30.3496,103.712,111.39315,428.738,5.373532e-05,-1.1801908,-1.6854873,0.17615648
30.3496,103.712,111.06452,428.738,5.4633376e-05,-0.83690107,-1.8797113,0.17497222
28.292,103.712,125.16022,428.738,5.5505316e-05,-0.6656827,-2.4843612,0.17378797
26.2344,103.712,141.40378,428.738,5.6516048e-05,-0.6656827,-2.4843612,0.17260371
25.2056,103.712,144.45035,411.14398,5.7751415e-05,-0.9023763,-2.951539,0.17141946
23.6624,103.712,152.10475,394.476,5.9086666e-05,-0.85072696,-2.9668381,0.1702352
22.6336,75.932,143.9799,351.88,6.0329072e-05,-0.74666744,-2.9947207,0.16905095
21.0904,51.856,137.1662,308.358,6.1635496e-05,-0.74864876,-3.5221138,0.16786669
20.0616,51.856,141.45586,300.024,6.307942e-05,-0.5011346,-3.5657573,0.16668244
18.5184,51.856,149.89452,291.227,6.461839e-05,0.12566595,-3.5986066,0.16549818
16.4608,51.856,183.84755,313.914,6.626183e-05,0.7486481,-3.522114,0.16431394
14.4032,51.856,226.82062,339.379,6.7793495e-05,1.0048335,-2.9182487,0.16312969
