Vmax,Rmax_IBT,Rmax_CK22,R34,fcor,u_trans,v_trans,mean_ck_cd
10.802401,137.048,135.69194,184.274,2.206018e-05,-0.44662377,2.5329256,0.2
10.802401,137.048,135.84282,184.274,2.3034658e-05,-0.42779925,2.0126364,0.2
10.802401,137.048,135.96425,184.274,2.3819783e-05,-0.21507816,2.0463283,0.2
10.802401,137.048,136.0757,184.274,2.4541365e-05,-0.13449918,1.5373276,0.2
10.802401,137.048,136.15807,184.274,2.5074483e-05,-0.9500887,1.2160584,0.2
10.802401,137.048,141.851,191.682,2.5419393e-05,-1.4501337,0.5278054,0.2
10.802401,137.048,149.3009,201.405,2.5575835e-05,-1.4973603,0.37333396,0.2
10.802401,137.048,149.30783,201.405,2.5613228e-05,-0.99824023,0.24888931,0.2
10.802401,137.048,149.3009,201.405,2.5575835e-05,-1.0161338,0.16093986,0.2
10.802401,137.048,138.35252,187.052,2.5594738e-05,-1.5347463,0.16130817,0.2
10.802401,137.048,129.90352,175.94,2.5575835e-05,-1.5432,1.8402476e-08,0.2
11.3168,137.048,125.17793,175.94,2.5488102e-05,-1.0211315,-0.12537943,0.2
11.8312,137.048,120.72355,175.94,2.53252e-05,-1.5036479,-0.34714466,0.2
11.8312,137.048,128.25832,186.589,2.5036823e-05,-1.4973603,-0.37333393,0.2
11.8312,137.048,135.8271,197.238,2.4823696e-05,-1.5316973,-0.18806915,0.2
13.3744,137.048,125.42657,201.405,2.4873614e-05,-1.5422599,0.053856615,0.2
14.4032,137.048,120.301704,205.572,2.5074483e-05,-1.5148472,0.29445627,0.2
15.9464,92.6,124.213684,230.57399,2.5306428e-05,-1.4834192,0.42536333,0.2
16.9752,51.856,131.77866,256.96503,2.5575835e-05,-1.9964805,0.49777862,0.2
19.0328,51.856,125.62663,271.781,2.5807358e-05,-2.5247452,0.49076045,0.2
21.0904,51.856,120.339226,287.06,2.6076874e-05,-3.0189548,0.641698,0.2
21.604801,40.744,132.36441,321.322,2.6415184e-05,-2.9947207,0.7466679,0.2
22.6336,35.188,140.31186,355.58398,2.6827835e-05,-2.4461174,0.79479206,0.2
23.148,57.412,137.0246,355.58398,2.7270922e-05,-1.8648189,0.8695792,0.33218503
23.6624,85.192,133.8537,355.58398,2.7827968e-05,-2.8195667,1.255352,0.3476863
23.6624,85.192,134.0017,355.58398,2.8577677e-05,-3.3145537,1.406945,0.36769712
23.6624,85.192,134.14523,355.58398,2.9325609e-05,-3.2634332,1.5217636,0.40228435
23.148,75.932,137.60387,355.58398,2.9860636e-05,-2.774038,1.3529882,0.43478736
22.6336,68.524,141.19524,355.58398,3.0322259e-05,-3.3145537,1.406945,0.4466569
22.6336,68.524,141.31781,355.58398,3.083878e-05,-3.890998,1.3397782,0.45400217
22.6336,68.524,141.42973,355.58398,3.131743e-05,-3.4613113,0.9925145,0.47106105
22.6336,68.524,141.51115,355.58398,3.1670792e-05,-3.5085115,0.8100043,0.50390476
22.6336,68.524,141.60048,355.58398,3.206281e-05,-3.4434626,1.0527711,0.5122187
23.148,57.412,133.66188,344.472,3.2664768e-05,-3.8418703,1.4747552,0.5129756
23.6624,51.856,126.44961,334.286,3.330315e-05,-3.4245641,1.1127088,0.50102156
24.1768,57.412,127.31915,344.472,3.3798133e-05,-3.493841,0.8711126,0.48571163
25.2056,68.524,125.23299,355.58398,3.4293596e-05,-2.9353406,0.95375043,0.47075945
25.720001,51.856,129.46039,376.419,3.487415e-05,-2.7972286,1.3043687,0.45160374
26.2344,35.188,133.72694,398.643,3.5529305e-05,-2.6455615,1.589613,0.4277949
27.7776,44.447998,115.811516,371.789,3.626912e-05,-3.019885,1.9611366,0.39996165
29.3208,57.412,100.831604,347.25,3.700857e-05,-2.7251294,1.4489772,0.36980987
30.3496,57.412,110.19866,402.347,3.7605216e-05,-2.8616605,1.156185,0.33827797
31.8928,57.412,114.556076,458.833,3.8238195e-05,-2.7500029,1.4011955,0.30408916
33.436,57.412,93.27056,394.939,3.907846e-05,-2.5282311,1.770286,0.2699971
35.4936,57.412,73.691154,334.286,3.995476e-05,-2.4321163,1.9001777,0.24653298
36.008,55.56,74.309296,348.176,4.0688334e-05,-2.36432,1.9838994,0.23327607
37.0368,51.856,73.37456,364.381,4.142137e-05,-2.36432,1.9838994,0.20457855
36.008,57.412,81.88679,397.71698,4.2274616e-05,-2.3293362,2.0248601,0.2033943
35.4936,68.524,89.21792,433.831,4.3126656e-05,-1.9411135,1.6873834,0.20221004
34.979202,57.412,86.32615,403.736,4.3837554e-05,-1.8810418,1.7540998,0.20102578
34.4648,51.856,83.61524,377.345,4.458322e-05,-1.5478681,2.0540907,0.19984153
33.436,55.56,86.57784,372.252,4.553309e-05,-1.1274909,2.3116982,0.19865729
32.9216,57.412,87.82673,369.01102,4.651767e-05,-0.60158414,1.9676926,0.19747303
32.4072,57.412,99.86596,419.478,4.736112e-05,-0.39260894,2.0197961,0.19628878
31.8928,57.412,112.31733,471.33398,4.8202877e-05,-0.35729903,2.0263405,0.19510452
30.864,48.152,103.50149,399.569,4.9162627e-05,-0.32187933,2.0322676,0.19392027
30.3496,40.744,89.678246,330.11902,5.012002e-05,-0.14353073,2.052588,0.19273601
29.835201,44.447998,103.90596,378.734,5.097359e-05,0.0,2.0576,0.19155176
29.3208,51.856,118.90523,428.738,5.178951e-05,0.14353092,2.052588,0.1903675
27.7776,51.856,140.00455,466.704,5.2603573e-05,0.21507777,2.0463283,0.18918325
26.2344,51.856,165.41714,506.05902,5.345127e-05,0.3572985,2.0263405,0.18799901
25.2056,51.856,161.63074,461.14798,5.432639e-05,0.4977785,1.9964805,0.18681476
23.6624,51.856,161.92436,419.941,5.5340646e-05,0.53254604,1.987489,0.1856305
22.6336,57.412,165.89851,404.66202,5.666828e-05,0.7089393,2.4723651,0.18444625
21.0904,68.524,175.10052,389.84598,5.7920843e-05,0.7037406,1.9335115,0.18326199
20.0616,68.524,180.87013,379.19702,5.8673584e-05,0.9019925,1.8493587,0.18207774
18.5184,68.524,192.02934,368.08502,5.9319285e-05,1.2074809,2.2709413,0.18089348
17.489601,92.6,223.64714,399.569,6.0177692e-05,1.3629524,2.1811798,0.17970923
16.9752,120.38,252.47765,432.90503,6.1173734e-05,2.1049197,2.25725,0.17852497
15.9464,120.38,259.28058,418.55197,6.2257735e-05,2.7175584,2.3623374,0.17734072
14.4032,120.38,276.4255,407.44,6.3474974e-05,2.8586583,2.960227,0.17615648
13.8888,127.788,278.32837,398.18,6.474276e-05,3.0372908,3.4940035,0.17497222
13.3744,137.048,281.2571,390.30902,6.621089e-05,3.0978072,3.4404633,0.17378797
13.3744,137.048,284.90182,393.55,6.7880916e-05,3.7620835,3.5081995,0.17260371
13.3744,137.048,290.26886,398.643,6.981338e-05,4.5145,4.2098393,0.17141946
12.3456,153.716,340.5607,432.905,7.1854985e-05,4.298449,5.1226926,0.1702352
11.8312,172.236,386.38834,467.62997,7.423962e-05,4.7504444,6.0802913,0.16905095
11.8312,172.236,389.05212,467.62997,7.705186e-05,5.383837,6.890997,0.16786669
11.8312,172.236,391.91473,467.62997,8.007058e-05,6.884016,7.645474,0.16668244
