Vmax,Rmax_IBT,Rmax_CK22,R34,fcor,u_trans,v_trans,mean_ck_cd
9.2592,103.712,85.91373,103.712,2.7328068e-05,-3.0395107,0.5359477,0.2
9.2592,103.712,85.91502,103.712,2.7577498e-05,-3.0395107,0.5359477,0.2
9.2592,103.712,85.9163,103.712,2.7827968e-05,-3.0395107,0.5359477,0.2
9.7736,103.712,82.2922,103.712,2.8077788e-05,-3.556468,0.56328946,0.2
10.802401,103.712,75.83393,103.712,2.8327528e-05,-3.556468,0.56328946,0.2
11.3168,103.712,72.955864,103.712,2.857676e-05,-3.0395107,0.5359477,0.2
11.8312,103.712,70.27927,103.712,2.882674e-05,-3.048401,0.48281956,0.2
11.8312,103.712,81.93569,120.38,2.9057088e-05,-3.0395107,0.5359477,0.2
11.8312,103.712,81.95851,120.380005,2.9325609e-05,-3.5346434,0.6870646,0.2
11.8312,103.712,81.98858,120.380005,2.9680712e-05,-3.5085115,0.8100043,0.2
11.8312,103.712,82.02178,120.380005,3.0073232e-05,-3.493841,0.8711126,0.2
11.8312,103.712,82.05175,120.380005,3.042774e-05,-2.9947207,0.7466679,0.2
11.8312,103.712,82.08482,120.380005,3.0820032e-05,-2.9515393,0.9023753,0.2
11.8312,92.6,82.12511,120.380005,3.1298605e-05,-2.9002674,1.0556108,0.2
11.8312,85.192,82.168434,120.380005,3.1814445e-05,-2.841046,1.2059529,0.2
11.8312,85.192,82.21004,120.380005,3.231086e-05,-2.3310237,1.086974,0.2
11.8312,85.192,82.25159,120.380005,3.280731e-05,-2.3116984,1.1274902,0.2
11.8312,85.192,76.072205,111.583,3.305528e-05,-2.2916691,1.167663,0.2
11.8312,85.192,76.09355,111.583,3.3350185e-05,-2.7500029,1.4011955,0.2
11.8312,85.192,76.14387,111.583,3.404614e-05,-2.2046347,1.3246775,0.2
11.8312,85.192,76.18445,111.583,3.460929e-05,-2.080792,1.5117832,0.2
11.8312,85.192,76.232895,111.583,3.5282377e-05,-3.3292673,2.418853,0.2
11.8312,85.192,76.268326,111.583,3.577612e-05,-3.1981113,2.5897794,0.2
11.8312,85.192,82.262405,119.917,3.6909e-05,-2.143994,2.2201698,0.2
11.8312,85.192,88.61121,128.71399,3.7746686e-05,-1.7540995,1.8810419,0.2
12.3456,75.932,85.66969,128.71399,3.8624843e-05,-1.9113681,1.7210042,0.2
13.3744,68.524,80.21395,128.71399,3.9464914e-05,-1.8810418,1.7540998,0.2
13.8888,68.524,80.41259,132.88101,4.0284907e-05,-1.7866617,1.8501415,0.2
14.4032,68.524,80.616615,137.048,4.1177245e-05,-1.6532501,1.970266,0.2
14.917601,68.524,78.30614,137.048,4.2250827e-05,-1.8574418,2.4649088,0.2
15.9464,68.524,73.916,137.048,4.3369746e-05,-1.8574418,2.4649088,0.2
16.9752,51.856,77.502945,150.938,4.4359578e-05,-1.8574418,2.4649088,0.2
16.9752,51.856,79.56515,154.642,4.458322e-05,-2.850266,3.648175,0.2
18.5184,51.856,73.46662,154.642,4.6034886e-05,-2.5335698,3.2428222,0.2
19.0328,51.856,71.66565,154.642,4.7167025e-05,-1.4752389,2.1068587,0.2
20.0616,51.856,68.12715,154.642,4.796257e-05,-1.4752389,2.1068587,0.2
20.0616,51.856,76.06526,171.31,4.8886846e-05,-1.4752389,2.1068587,0.2
20.0616,51.856,84.553696,188.904,4.9880902e-05,-1.6355429,2.6174157,0.2
20.0616,51.856,84.6896,188.904,5.1039155e-05,-1.496316,2.6994264,0.2
20.0616,51.856,84.83161,188.904,5.22651e-05,-1.352989,2.7740378,0.2
20.0616,51.856,88.99552,197.238,5.348652e-05,-1.3043696,2.797228,0.2
20.0616,51.856,93.18066,205.57202,5.4633376e-05,-1.2074807,2.2709413,0.33218503
20.576,40.744,90.84976,205.57202,5.5628738e-05,-1.4752389,2.1068587,0.3476863
21.0904,35.188,88.57532,205.57202,5.6516048e-05,-1.7210038,1.9113686,0.36769712
22.6336,35.188,89.002304,222.24,5.7336405e-05,-1.8501421,1.7866613,0.40228435
23.6624,35.188,91.87774,240.76001,5.8154368e-05,-1.7210038,1.9113686,0.43478736
24.1768,35.188,91.138794,244.927,5.912113e-05,-1.6186125,1.998819,0.4466569
25.2056,35.188,87.99993,249.094,6.0016075e-05,-1.8501421,1.7866613,0.45400217
25.720001,35.188,88.5984,257.428,6.0647446e-05,-2.1322846,1.4382441,0.47106105
26.2344,35.188,89.04464,265.76202,6.1173734e-05,-2.1322846,1.4382441,0.50390476
28.292,35.188,81.293236,269.92902,6.178485e-05,-2.1068592,1.4752383,0.5122187
30.3496,35.188,74.328224,274.55902,6.2326726e-05,-2.3116984,1.1274902,0.5129756
30.864,35.188,72.37449,274.55902,6.270628e-05,-2.4461174,0.79479206,0.50102156
31.8928,35.188,68.68741,274.55902,6.3016254e-05,-2.4318738,0.83736134,0.48571163
32.4072,35.188,69.43021,287.06,6.3376916e-05,-2.4168894,0.8796756,0.47075945
32.9216,35.188,70.04108,300.024,6.370404e-05,-2.4723651,0.7089389,0.45160374
33.436,35.188,68.14096,300.024,6.3950334e-05,-2.5060797,0.57857454,0.4277949
34.4648,35.188,64.56241,300.024,6.416161e-05,-1.987489,0.5325459,0.39996165
34.979202,35.188,64.10424,308.358,6.440633e-05,-1.9568938,0.6358336,0.36980987
35.4936,35.188,63.683327,317.618,6.461839e-05,-2.0126367,0.42779866,0.33827797
37.0368,35.188,59.176735,321.785,6.474955e-05,-2.042263,0.25075796,0.30408916
38.58,35.188,55.006096,326.415,6.4846485e-05,-2.042263,0.25075796,0.2699971
39.6088,24.076,52.062843,326.415,6.497992e-05,-2.042263,0.25075796,0.24653298
41.152,16.668,48.000263,326.415,6.507438e-05,-2.0525877,0.14353111,0.23327607
41.6664,16.668,46.733902,326.415,6.508126e-05,-1.5432,1.8402476e-08,0.20457855
42.1808,16.668,45.509968,326.415,6.507438e-05,-1.0286434,-0.017954921,0.2033943
42.1808,16.668,46.5692,343.083,6.507438e-05,-1.5316973,0.18806846,0.20221004
41.6664,24.076,48.347626,351.41702,6.518399e-05,-1.5148472,0.29445627,0.20102578
41.152,35.188,50.20746,359.751,6.530208e-05,-1.0161338,0.16093986,0.19984153
41.152,35.188,50.20746,359.751,6.530208e-05,-0.5143217,-0.008977461,0.19865729
40.6376,35.188,51.788223,361.603,6.529912e-05,-1.0288,1.2268317e-08,0.19747303
38.58,35.188,58.72497,368.548,6.530208e-05,-1.0187877,0.14318147,0.19628878
37.0368,40.744,64.13024,368.548,6.539457e-05,-0.9604676,0.3686888,0.19510452
35.4936,51.856,70.079094,368.548,6.552959e-05,-0.44092694,0.2649355,0.19392027
34.4648,51.856,76.1079,381.512,6.5643195e-05,-0.33065003,0.3940532,0.19273601
32.9216,51.856,85.44512,394.47598,6.575688e-05,-0.30957362,0.41081813,0.19155176
31.8928,57.412,91.69779,398.64297,6.587046e-05,-0.33065003,0.3940532,0.1903675
30.3496,68.524,101.8283,403.27298,6.5983986e-05,-0.15039603,0.49192315,0.18918325
29.3208,68.524,109.51698,407.44,6.6097455e-05,0.0,0.5144,0.18799901
27.7776,68.524,121.820465,411.607,6.621089e-05,0.0,0.5144,0.18681476
26.7488,75.932,132.6829,420.867,6.625623e-05,0.0,0.5144,0.1856305
26.2344,85.192,139.56357,429.201,6.643758e-05,-0.08966612,1.024885,0.18444625
25.720001,85.192,145.50267,433.368,6.693559e-05,-0.26797426,1.5197554,0.18326199
25.2056,85.192,151.7243,437.535,6.756802e-05,-0.34714442,1.5036479,0.18207774
24.1768,92.6,163.80391,441.702,6.809747e-05,-0.5278058,1.4501336,0.18089348
23.6624,103.712,170.97021,445.869,6.869332e-05,-0.836901,1.8797114,0.17970923
23.6624,103.712,170.89056,445.869,6.94444e-05,-0.9341309,1.833335,0.17852497
23.6624,103.712,170.80107,445.869,7.025991e-05,-0.9659845,1.816753,0.17734072
23.6624,103.712,170.7106,445.869,7.105607e-05,-0.9341309,1.833335,0.17615648
23.6624,103.712,170.6215,445.869,7.181604e-05,-0.6698888,1.9454991,0.17497222
24.1768,103.712,167.48825,454.203,7.249612e-05,-0.21477191,1.5281817,0.17378797
25.2056,103.712,158.31422,462.537,7.314133e-05,-0.10764805,1.5394409,0.17260371
25.720001,92.6,151.4125,458.833,7.3784504e-05,0.026932552,1.542965,0.17141946
26.2344,85.192,144.52504,454.20303,7.4458614e-05,0.14353092,2.052588,0.1702352
26.2344,85.192,142.05414,445.869,7.5206786e-05,0.25075838,2.042263,0.16905095
26.2344,85.192,139.57475,437.53503,7.5985095e-05,0.6358334,1.9568939,0.16786669
26.2344,85.192,139.36626,437.53503,7.676049e-05,0.9019925,1.8493587,0.16668244
26.2344,85.192,139.16563,437.53503,7.750023e-05,0.80396837,1.8940308,0.16549818
25.720001,85.192,152.63707,467.63,7.814522e-05,0.80396837,1.8940308,0.16431394
25.2056,85.192,167.02364,497.72498,7.878973e-05,1.3225998,1.576213,0.16312969
24.1768,85.192,180.25899,497.262,7.952255e-05,2.3643196,1.9838996,0.16194543
23.6624,85.192,187.23436,497.26196,8.028322e-05,2.4321165,1.9001777,0.16076118
23.6624,85.192,188.48022,501.42896,8.097703e-05,2.3643196,1.9838996,0.15957692
23.6624,85.192,189.68668,505.596,8.176471e-05,2.2936423,2.0652046,0.15839267
23.148,85.192,200.4036,514.856,8.2718136e-05,2.54615,2.54615,0.15720841
22.6336,85.192,211.42996,523.19,8.3859915e-05,2.7536063,3.0581896,0.15602416
22.6336,85.192,211.38702,523.19,8.4068044e-05,3.5464795,2.9758494,0.1548399
22.6336,85.192,219.33243,545.414,8.503237e-05,4.3141212,2.8016233,0.15365566
22.6336,85.192,229.3473,574.12,8.613512e-05,4.9003186,2.8291998,0.15247141
22.6336,92.6,236.61076,595.881,8.7300345e-05,5.2911224,3.179227,0.15128715
22.6336,103.712,243.45102,617.17896,8.858091e-05,5.1174836,3.451786,0.1501029
22.6336,127.788,254.27003,651.441,8.998293e-05,4.728639,3.9677992,0.14891864
22.6336,153.716,264.4627,685.703,9.1583395e-05,4.287987,4.4403405,0.14773439
22.6336,177.79199,267.50073,698.667,9.337541e-05,3.8846688,4.797167,0.14655013
22.6336,205.572,270.30338,711.631,9.529617e-05,4.298449,5.1226926,0.14536588
21.604801,240.76,303.07376,724.595,9.7138705e-05,4.387198,5.046894,0.14418162
21.0904,274.096,322.90134,737.096,9.909108e-05,4.130668,5.8992057,0.14299737
21.0904,274.096,326.91907,750.523,0.00010125389,3.269458,6.4166727,0.14181313
21.0904,274.096,330.3979,763.024,0.00010348522,2.287157,6.2839127,0.14062887
20.576,274.096,361.32623,797.286,0.00010569058,1.8432422,6.428149,0.13944462
20.0616,274.096,395.92447,832.011,0.00010769781,2.1112218,5.8005347,0.13826036
19.0328,274.096,443.18924,832.011,0.00010935275,2.7432468,4.9489484,0.13707611
18.5184,274.096,468.64218,832.011,0.00011073365,3.5609465,4.397403,0.13589185
16.9752,274.096,530.95557,801.916,0.00011200587,4.2704487,3.7122445,0.1347076
15.9464,274.096,564.14056,771.821,0.00011301946,4.8501954,2.9142914,0.13352334
14.4032,290.764,654.9001,771.821,0.000113746624,5.246377,2.1196742,0.13233909
13.3744,309.284,721.7316,771.821,0.00011429543,5.3501225,1.8421948,0.13115485
