Vmax,Rmax_IBT,Rmax_CK22,R34,fcor,u_trans,v_trans,mean_ck_cd
11.8312,103.712,142.2721,205.572,2.6827835e-05,-3.5346434,0.6870646,0.33218503
12.3456,92.6,155.84492,231.5,2.7165379e-05,-3.522114,0.74864763,0.3476863
13.3744,85.192,134.68797,214.36902,2.7578055e-05,-3.493841,0.8711126,0.36769712
13.8888,85.192,161.40068,261.59497,2.803992e-05,-3.4613113,0.9925145,0.40228435
14.4032,85.192,187.00458,308.358,2.857718e-05,-3.4245641,1.1127088,0.43478736
14.917601,85.192,181.76152,308.358,2.9163102e-05,-3.867023,1.407481,0.4466569
15.9464,85.192,171.69194,308.358,2.9824112e-05,-3.8155472,1.5415801,0.45400217
16.4608,85.192,167.14015,308.358,3.0533283e-05,-3.7594223,1.6738026,0.47106105
16.9752,85.192,162.79536,308.358,3.131743e-05,-3.7296379,1.7391584,0.50390476
17.489601,92.6,158.63551,308.358,3.216797e-05,-3.6987176,1.8039843,0.5122187
18.5184,103.712,150.43721,308.358,3.305528e-05,-3.6987176,1.8039843,0.5129756
20.0616,103.712,143.08255,316.69202,3.3921984e-05,-3.6987176,1.8039843,0.50102156
21.0904,103.712,140.21962,325.95203,3.47882e-05,-3.6666706,1.8682607,0.48571163
22.6336,103.712,131.67747,330.11902,3.567072e-05,-3.6666706,1.8682607,0.47075945
23.6624,103.712,126.91604,334.286,3.651592e-05,-3.6987176,1.8039843,0.45160374
25.720001,85.192,116.35407,338.453,3.7272854e-05,-3.236378,1.5784862,0.4277949
27.7776,68.524,106.95141,343.083,3.7992504e-05,-3.2083368,1.6347281,0.39996165
29.3208,75.932,102.9071,355.584,3.8728747e-05,-2.672901,1.5431998,0.36980987
30.3496,85.192,101.265816,368.548,3.9464914e-05,-2.6455615,1.589613,0.33827797
31.8928,85.192,94.03314,368.548,4.019932e-05,-2.6174154,1.6355432,0.30408916
32.9216,85.192,89.43902,368.548,4.093299e-05,-2.5282311,1.770286,0.2699971
34.4648,68.524,83.0522,368.548,4.1683426e-05,-2.0267637,1.5834814,0.24653298
35.4936,51.856,78.9703,368.548,4.239659e-05,-1.5762132,1.3225996,0.23327607
34.979202,51.856,80.63953,368.548,4.3004686e-05,-1.5528908,1.3499067,0.20457855
34.4648,51.856,82.38113,368.548,4.3612705e-05,-1.5290946,1.3768034,0.2033943
32.4072,51.856,88.87127,360.21402,4.432255e-05,-1.9113681,1.7210042,0.20221004
30.3496,51.856,95.8635,351.41702,4.506766e-05,-1.9113681,1.7210042,0.20102578
27.7776,57.412,96.0762,308.82098,4.5811354e-05,-1.9113681,1.7210042,0.19984153
25.2056,68.524,93.6239,265.76202,4.651767e-05,-1.5290946,1.3768034,0.19865729
22.6336,68.524,106.340775,265.76202,4.7138194e-05,-1.5528908,1.3499067,0.19747303
20.0616,68.524,121.55997,265.76202,4.7722115e-05,-1.5528908,1.3499067,0.19628878
17.489601,68.524,139.85185,265.76202,4.8322865e-05,-1.5528908,1.3499067,0.19510452
15.9464,68.524,152.64435,265.76202,4.892293e-05,-1.5290946,1.3768034,0.19392027
14.917601,68.524,162.0716,265.76202,4.953969e-05,-1.5290946,1.3768034,0.19273601
14.4032,68.524,167.14195,265.76202,5.012002e-05,-1.6646336,1.2094265,0.19155176
13.8888,68.524,166.1267,256.965,5.0615625e-05,-1.7637078,1.059742,0.1903675
13.3744,68.524,165.28026,248.631,5.1074945e-05,-1.781934,1.0287998,0.18918325
12.3456,85.192,175.79512,248.631,5.1533454e-05,-1.7637078,1.059742,0.18799901
11.8312,103.712,181.42393,248.631,5.2027382e-05,-1.7058278,1.1505953,0.18681476
11.8312,103.712,165.18285,227.79599,5.2603507e-05,-1.6432723,1.2382948,0.1856305
11.8312,103.712,148.38492,206.035,5.321436e-05,-1.5762132,1.3225996,0.18444625
11.3168,103.712,129.52974,175.94,5.3806194e-05,-1.5290946,1.3768034,0.18326199
10.802401,103.712,109.944214,145.845,5.439729e-05,-1.4801137,1.429329,0.18207774
9.7736,103.712,107.45123,133.344,5.49871e-05,-1.4032797,1.5048335,0.18089348
9.2592,103.712,100.777306,120.843,5.5576067e-05,-0.9919501,1.1821597,0.17970923
