Vmax,Rmax_IBT,Rmax_CK22,R34,fcor,u_trans,v_trans,mean_ck_cd
16.9752,68.524,126.47259,239.83401,3.9709896e-05,-1.4293292,-1.4801135,0.50102156
18.5184,68.524,155.69987,313.451,4.035831e-05,-1.5048333,-1.4032799,0.48571163
20.0616,68.524,179.3743,385.67902,4.093299e-05,-1.2324542,-0.9287212,0.47075945
20.576,68.524,174.54422,385.67902,4.1439635e-05,-1.2793709,-0.8629465,0.45160374
21.0904,68.524,169.834,385.67902,4.1909232e-05,-1.1992917,-0.9711672,0.4277949
22.6336,68.524,160.21532,394.93903,4.2396558e-05,-1.5048333,-1.4032799,0.39996165
23.6624,68.524,154.89444,403.27298,4.288343e-05,-1.6214108,-1.2667851,0.36980987
26.7488,68.524,140.87788,433.831,4.33696e-05,-1.7256485,-1.1206495,0.33827797
30.3496,68.524,122.72877,463.0,4.385554e-05,-1.664633,-1.2094275,0.30408916
31.8928,57.412,112.61918,463.0,4.434064e-05,-1.5528905,-1.349907,0.2699971
32.9216,51.856,106.2611,463.0,4.4825505e-05,-1.5990556,-1.2948897,0.24653298
33.436,51.856,103.077515,463.0,4.530945e-05,-1.664633,-1.2094275,0.23327607
34.4648,51.856,97.20525,463.0,4.5793287e-05,-1.7256485,-1.1206495,0.20457855
34.4648,51.856,96.956635,463.0,4.6222252e-05,-1.7449436,-1.0903622,0.2033943
34.4648,51.856,96.64524,463.0,4.675884e-05,-1.5762132,-1.3225996,0.20221004
34.4648,57.412,96.17651,463.0,4.7565434e-05,-1.3499072,-1.5528904,0.20102578
34.4648,68.524,95.6656,463.0,4.844305e-05,-1.618612,-1.9988195,0.19984153
34.4648,57.412,95.256516,463.0,4.914477e-05,-1.5117834,-2.080792,0.19865729
34.4648,51.856,94.82695,463.0,4.9880902e-05,-0.73737776,-1.9209352,0.19747303
33.436,51.856,99.85379,461.611,5.080048e-05,-0.28636262,-2.0375755,0.19628878
32.9216,51.856,102.64911,463.463,5.178951e-05,-0.73737776,-1.9209352,0.19510452
31.8928,51.856,104.501434,440.776,5.2740026e-05,-1.3629524,-2.1811798,0.19392027
30.3496,51.856,109.51564,419.94098,5.3688025e-05,-0.83690107,-1.8797113,0.19273601
29.3208,57.412,120.90564,441.23898,5.463334e-05,-0.2507581,-2.042263,0.19155176
27.7776,68.524,138.09923,462.99997,5.5576067e-05,0.25075823,-2.042263,0.1903675
26.2344,75.932,151.79152,462.99997,5.651608e-05,0.6656828,-2.4843612,0.18918325
25.2056,85.192,161.75087,462.99997,5.7453286e-05,0.6656828,-2.4843612,0.18799901
24.1768,85.192,167.49731,449.11,5.8405087e-05,0.4628594,-2.004864,0.18681476
23.6624,85.192,168.38123,437.072,5.9319285e-05,0.8039684,-1.8940308,0.1856305
21.0904,85.192,193.12877,427.34897,6.0149676e-05,0.7716001,-1.3364503,0.18444625
18.5184,85.192,222.19986,419.94098,6.0942573e-05,0.45118824,-1.4757695,0.18326199
15.9464,85.192,244.32841,397.254,6.173354e-05,0.0,1.5432,0.18207774
13.3744,85.192,269.0077,377.80798,6.255676e-05,-0.66988885,-1.9454991,0.18089348
