Vmax,Rmax_IBT,Rmax_CK22,R34,fcor,u_trans,v_trans,mean_ck_cd
9.2592,137.048,229.49698,269.92902,4.5309676e-05,-3.0072956,0.6942894,0.2
10.802401,137.048,209.53712,270.855,4.5570152e-05,-2.4843612,0.66568244,0.2
11.8312,137.048,199.86908,274.559,4.5793287e-05,-1.9568938,0.6358336,0.2
11.8312,137.048,199.96886,274.559,4.6070574e-05,-1.4591242,0.5024168,0.2
11.8312,137.048,200.04279,274.559,4.627635e-05,-1.4834192,0.42536333,0.2
12.3456,127.788,210.43726,295.857,4.6294346e-05,-1.5036478,0.3471447,0.2
13.3744,120.38,213.79417,317.15503,4.627635e-05,-1.4757696,0.45118764,0.2
13.3744,109.268,214.17679,317.618,4.636066e-05,-0.9538868,0.38539502,0.2
13.3744,103.712,213.90599,317.15503,4.651767e-05,-0.9727495,0.33494455,0.33218503
13.8888,92.6,216.75885,329.656,4.674071e-05,-0.9784469,0.3179168,0.3476863
14.4032,85.192,219.70734,342.62,4.6999867e-05,-0.8529139,0.57529765,0.36769712
14.917601,92.6,213.4189,342.62,4.725881e-05,-0.6047135,0.83231664,0.40228435
15.9464,103.712,201.2955,342.62,4.748151e-05,-0.5144002,0.8909669,0.43478736
16.4608,75.932,206.63947,360.214,4.760174e-05,-0.545181,0.87247187,0.4466569
16.9752,51.856,210.9747,376.88202,4.7722115e-05,-0.6749536,0.7764452,0.45400217
18.5184,51.856,193.25093,376.88202,4.790853e-05,-0.7645473,0.6884017,0.47106105
20.0616,51.856,177.15375,376.88202,4.8202877e-05,-1.2160581,0.95008886,0.50390476
20.576,51.856,173.08904,378.73398,4.8593025e-05,-1.1992917,0.9711672,0.5122187
21.0904,51.856,169.79036,381.975,4.916265e-05,-1.0124304,1.1646677,0.5129756
21.604801,61.116,159.59772,369.93698,4.996434e-05,-0.86294687,1.2793705,0.50102156
22.6336,75.932,146.66011,360.214,5.083645e-05,-1.29489,1.5990552,0.48571163
23.148,72.228,164.20935,413.459,5.156955e-05,-1.7540995,1.8810419,0.47075945
23.6624,68.524,180.27362,467.63,5.22651e-05,-1.687384,1.941113,0.45160374
24.1768,72.228,174.65747,467.63,5.30123e-05,-1.687384,1.941113,0.4277949
25.2056,75.932,163.88533,467.63,5.3688025e-05,-1.9988195,1.618612,0.39996165
26.2344,79.636,153.70195,467.63,5.4250002e-05,-2.2709413,1.207481,0.36980987
27.7776,85.192,139.60701,467.63,5.4633376e-05,-1.9209352,0.7373776,0.33827797
30.3496,79.636,121.90909,481.983,5.478632e-05,-1.9778922,0.5671511,0.30408916
32.9216,75.932,106.07786,497.725,5.4869302e-05,-1.5036478,0.3471447,0.2699971
32.9216,75.932,113.08793,550.50696,5.508721e-05,-1.5094774,0.320849,0.24653298
32.9216,75.932,119.4185,605.141,5.5340646e-05,-2.0197961,0.39260834,0.23327607
32.9216,81.488,120.06574,613.012,5.5575634e-05,-1.9778922,0.5671511,0.20457855
32.9216,92.6,120.78255,621.80896,5.581132e-05,-1.945499,0.6698891,0.2033943
32.9216,92.6,120.56883,621.80896,5.60286e-05,-1.9778922,0.5671511,0.20221004
32.9216,92.6,120.320404,621.80896,5.6281307e-05,-2.4956007,0.6222233,0.20102578
33.436,88.895996,106.94834,541.24695,5.6598125e-05,-2.4723651,0.7089389,0.19984153
34.4648,85.192,90.66691,463.0,5.698501e-05,-2.4596162,0.7519794,0.19865729
33.436,88.895996,93.77331,444.47998,5.7399862e-05,-2.401169,0.921722,0.19747303
32.9216,92.6,94.064285,428.738,5.7920843e-05,-2.2046347,1.3246775,0.19628878
32.4072,79.636,96.73719,428.738,5.85404e-05,-2.4969504,1.8141398,0.19510452
31.8928,68.524,99.45936,428.738,5.9319285e-05,-3.2894945,1.4645773,0.19392027
31.8928,68.524,99.05581,428.738,6.0247978e-05,-4.6183224,0.322945,0.19273601
26.2344,68.524,179.90059,565.323,5.9784e-05,-3.587098,-0.3138303,0.19155176
25.2056,75.932,172.41423,497.262,5.954413e-05,-2.5684752,0.13460858,0.1903675
23.6624,85.192,165.1979,428.738,5.9784e-05,-2.1068592,1.4752383,0.18918325
21.604801,85.192,170.16684,389.846,6.079122e-05,-2.1049194,2.2572503,0.18799901
20.0616,85.192,167.58673,351.88,6.186609e-05,-2.9851987,2.0135417,0.18681476
16.9752,85.192,201.0503,351.88,6.213182e-05,-3.4046233,1.1723058,0.1856305
14.4032,85.192,233.78445,351.88,6.2326726e-05,-3.2894945,1.4645773,0.18444625
13.3744,85.192,248.51671,351.88,6.304416e-05,-2.9131088,2.1164966,0.18326199
11.8312,85.192,272.05414,351.88,6.393293e-05,-2.4094055,2.675916,0.18207774
9.7736,85.192,144.32437,175.94,6.4761756e-05,-1.4489768,2.7251296,0.18089348
