Vmax,Rmax_IBT,Rmax_CK22,R34,fcor,u_trans,v_trans,mean_ck_cd
9.2592,103.712,92.825645,112.046005,2.6577594e-05,-2.5657346,0.1794139,0.33218503
9.2592,103.712,92.82665,112.046005,2.6721193e-05,-2.5684752,0.13460858,0.3476863
9.2592,103.712,92.82739,112.046005,2.6827835e-05,-2.5469694,0.3579537,0.36769712
9.7736,103.712,105.649,132.88101,2.7077745e-05,-2.5157957,0.5347483,0.40228435
10.802401,103.712,113.985596,154.642,2.7328068e-05,-2.5157957,0.5347483,0.43478736
13.8888,68.524,119.86266,197.70099,2.8003418e-05,-4.4502573,1.27609,0.5122187
14.4032,68.524,121.27938,205.572,2.882674e-05,-4.3773727,1.5072504,0.5129756
14.917601,68.524,121.117325,211.12799,2.9237126e-05,-3.867023,1.407481,0.50102156
15.9464,68.524,118.5132,218.536,2.9574905e-05,-3.9353857,1.203167,0.48571163
16.4608,68.524,118.14422,223.629,3.0035435e-05,-4.0097275,0.9257192,0.47075945
16.9752,68.524,119.327995,231.50002,3.0571195e-05,-3.992961,0.99555725,0.45160374
18.5184,57.412,122.388756,255.576,3.123005e-05,-3.9557843,1.1343023,0.4277949
20.0616,51.856,126.222466,282.893,3.1814445e-05,-3.974978,1.0650918,0.39996165
21.604801,51.856,127.76689,307.432,3.2099826e-05,-4.0097275,0.9257192,0.36980987
23.6624,51.856,126.29347,334.286,3.231108e-05,-3.522114,0.74864763,0.33827797
28.292,40.744,114.17932,374.567,3.268286e-05,-3.5460956,0.62527233,0.30408916
32.9216,35.188,102.10135,415.77402,3.305528e-05,-3.048401,0.48281956,0.2699971
34.4648,35.188,95.52527,417.16302,3.3358676e-05,-2.5469694,0.3579537,0.24653298
35.4936,35.188,91.744835,419.94104,3.3550914e-05,-2.5528288,0.31344745,0.23327607
34.979202,35.188,92.86998,414.84802,3.356895e-05,-2.5579104,0.26884696,0.20457855
34.4648,35.188,94.27111,411.144,3.3550914e-05,-2.0525877,0.14353111,0.2033943
34.979202,35.188,90.559395,402.81,3.3655982e-05,-2.0563467,0.07180882,0.20221004
35.4936,35.188,86.984436,394.476,3.3798577e-05,-2.5716083,0.044887364,0.20102578
34.4648,35.188,91.75577,399.10602,3.3940683e-05,-2.5716083,0.044887364,0.19984153
32.9216,35.188,99.043045,403.273,3.404614e-05,-3.0821702,0.16153029,0.19865729
31.8928,35.188,100.69363,390.30902,3.4064396e-05,-3.0788815,0.21529667,0.19747303
30.3496,35.188,104.703995,377.808,3.404614e-05,-3.0845199,0.10771323,0.19628878
28.292,40.744,115.019646,377.808,3.4045912e-05,-3.0864,3.6804952e-08,0.19510452
26.2344,51.856,126.735886,377.808,3.404614e-05,-3.0845199,0.10771323,0.19392027
25.720001,51.856,119.59882,348.176,3.402769e-05,-3.0788815,0.21529667,0.19273601
25.2056,51.856,112.731186,320.859,3.404614e-05,-2.5684752,0.13460858,0.19155176
24.1768,51.856,127.012474,343.546,3.4169465e-05,-2.0576,2.4536634e-08,0.1903675
23.6624,51.856,140.11281,368.548,3.4293596e-05,-2.0563467,-0.071809754,0.18918325
22.6336,51.856,138.59367,347.25,3.431159e-05,-2.0563467,-0.071809754,0.18799901
21.0904,51.856,140.08795,325.952,3.4293596e-05,-2.05478,-0.10768682,0.18681476
21.0904,51.856,140.08315,325.952,3.427557e-05,-2.0563467,-0.071809754,0.1856305
21.0904,51.856,140.08795,325.952,3.4293596e-05,-2.05478,0.10768686,0.18444625
20.576,51.856,141.66718,321.322,3.439825e-05,-2.0375755,0.28636295,0.18326199
20.0616,51.856,143.72084,317.61798,3.454095e-05,-2.0375755,0.28636295,0.18207774
20.0616,51.856,138.36409,306.50598,3.4645913e-05,-1.5316973,0.18806846,0.18089348
20.0616,51.856,135.26889,300.024,3.47882e-05,-2.0126367,0.42779866,0.17970923
20.0616,51.856,135.34836,300.024,3.5072328e-05,-2.0048637,0.4628596,0.17852497
20.0616,51.856,135.40688,300.024,3.5282377e-05,-2.0375755,0.28636295,0.17734072
21.604801,51.856,133.0038,317.61798,3.521429e-05,-2.5704334,0.089761026,0.17615648
23.6624,51.856,126.70843,334.286,3.5035337e-05,-2.0563467,-0.071809754,0.17497222
23.6624,51.856,122.49495,323.637,3.4911707e-05,-2.0463283,-0.21507749,0.17378797
23.6624,51.856,118.10386,312.525,3.47882e-05,-2.042263,-0.25075886,0.17260371
23.6624,57.412,122.10043,322.711,3.4701545e-05,-2.0375755,-0.2863629,0.17141946
23.6624,68.524,126.63637,334.286,3.454095e-05,-1.4834192,-0.42536333,0.1702352
23.6624,68.524,126.58959,334.286,3.42254e-05,-1.3750011,-0.7005984,0.16905095
23.6624,68.524,126.52547,334.286,3.3798577e-05,-1.3497132,-0.7481582,0.16786669
22.6336,68.524,127.16904,320.396,3.3377164e-05,-1.7996175,-0.9975442,0.16668244
21.0904,68.524,131.67117,308.358,3.280731e-05,-1.7449436,-1.0903622,0.16549818
19.0328,68.524,139.6685,295.857,3.197613e-05,-2.0540903,-1.5478686,0.16431394
16.9752,68.524,148.21007,282.893,3.1068776e-05,-2.2936418,-2.065205,0.16312969
14.917601,75.932,144.01936,247.70499,3.034051e-05,-2.182414,-2.1824145,0.16194543
13.3744,85.192,134.92726,213.906,2.9574905e-05,-2.1439936,-2.2201703,0.16076118
13.8888,75.932,134.02617,219.462,2.8539333e-05,-2.25725,-2.10492,0.15957692
14.4032,68.524,134.58743,227.33301,2.7578055e-05,-2.6174154,-1.6355432,0.15839267
15.9464,57.412,132.23291,243.538,2.7021792e-05,-3.3145537,-1.406945,0.15720841
16.9752,51.856,134.41753,261.13202,2.6577594e-05,-3.4245641,-1.1127088,0.15602416
15.9464,57.412,142.0924,261.13202,2.6007552e-05,-3.4245641,-1.1127088,0.1548399
14.4032,68.524,155.12993,261.13202,2.53252e-05,-3.7296379,-1.7391584,0.15365566
13.3744,75.932,145.41576,231.963,2.4484872e-05,-3.563868,-2.0575995,0.15247141
11.8312,85.192,141.5074,205.572,2.3568628e-05,-4.699278,-2.0922532,0.15128715
10.802401,109.268,151.91016,205.572,2.255641e-05,-5.4392037,-1.5596656,0.1501029
9.2592,137.048,170.60701,205.572,2.1808535e-05,-4.6232553,-0.24229534,0.14891864
