Vmax,Rmax_IBT,Rmax_CK22,R34,fcor,u_trans,v_trans,mean_ck_cd
11.8312,120.38,94.095116,137.048,3.305528e-05,-2.672901,-1.5431998,0.4466569
11.8312,109.268,96.81093,140.752,3.3730394e-05,-2.3675385,-1.0049607,0.45400217
11.8312,103.712,100.18946,145.382,3.4293596e-05,-1.945499,-0.6698891,0.47106105
13.8888,103.712,86.21184,143.067,3.457792e-05,-1.4757694,-0.45118836,0.50390476
15.9464,103.712,75.302635,141.215,3.47882e-05,-1.4097834,-0.627676,0.5122187
18.5184,85.192,77.51084,165.291,3.510318e-05,-1.2641156,-0.885143,0.5129756
21.0904,68.524,80.53941,193.07101,3.5529305e-05,-1.0326023,-1.1468211,0.50102156
24.1768,68.524,83.49273,228.722,3.6145808e-05,-0.9287209,-1.2324544,0.48571163
27.7776,68.524,83.11341,265.762,3.67623e-05,-1.6214108,-1.2667851,0.47075945
29.835201,57.412,87.30702,306.043,3.716896e-05,-1.8493588,-0.90199214,0.45160374
31.8928,51.856,89.75619,347.25,3.7500762e-05,-1.8333348,-0.9341312,0.4277949
32.4072,51.856,91.11187,362.529,3.7850914e-05,-1.7637072,-1.0597428,0.39996165
32.9216,51.856,92.90029,381.04898,3.8238195e-05,-1.3087077,-0.8177716,0.36980987
32.9216,51.856,92.75728,381.04898,3.8692328e-05,-1.2942364,-0.84048706,0.33827797
32.9216,51.856,92.59047,381.04898,3.9219805e-05,-1.6432723,-1.2382948,0.30408916
34.979202,51.856,87.26685,399.10602,3.9850343e-05,-1.6432723,-1.2382948,0.2699971
37.0368,51.856,81.62137,416.237,4.0444127e-05,-2.2916684,-1.167664,0.24653298
37.0368,51.856,81.43784,416.237,4.0792682e-05,-2.4168894,-0.8796756,0.23327607
37.0368,51.856,81.23515,416.237,4.1177245e-05,-2.2709413,-1.207481,0.20457855
35.4936,51.856,87.55415,419.015,4.1854182e-05,-2.0540903,-1.5478686,0.2033943
34.4648,51.856,92.57634,424.108,4.2640077e-05,-1.9988195,-1.618612,0.20221004
32.9216,51.856,97.49248,412.533,4.336918e-05,-2.0267637,-1.5834814,0.20102578
31.8928,51.856,100.48329,403.27298,4.409823e-05,-2.4969494,-1.8141412,0.19984153
30.864,51.856,98.38552,371.789,4.4771445e-05,-2.4969494,-1.8141412,0.19865729
30.3496,51.856,93.81818,343.54602,4.5551555e-05,-2.3293357,-2.0248606,0.19747303
29.835201,51.856,102.84071,370.4,4.6583515e-05,-1.687384,-1.941113,0.19628878
29.3208,51.856,112.603165,398.643,4.7722115e-05,-1.8574418,-2.4649088,0.19510452
28.292,51.856,118.78954,398.643,4.8784954e-05,-2.013542,-2.9851985,0.19392027
27.7776,51.856,121.97522,398.643,4.9880902e-05,-1.6355429,-2.6174157,0.19273601
26.7488,51.856,128.97472,398.643,5.1021256e-05,-1.4963166,-2.6994262,0.19155176
26.2344,51.856,132.61766,398.643,5.22651e-05,-1.3043691,-2.7972283,0.1903675
25.2056,51.856,140.53589,398.643,5.3652482e-05,-1.1723055,-3.4046235,0.18918325
23.6624,51.856,153.69571,398.643,5.510506e-05,-0.5889127,-3.029694,0.18799901
21.604801,51.856,173.6555,398.643,5.658632e-05,-0.10771346,-3.0845199,0.18681476
20.0616,51.856,190.6275,398.643,5.7920843e-05,0.0,2.572,0.1856305
19.0328,51.856,202.99748,398.643,5.8940994e-05,0.2241649,-2.5622127,0.18444625
18.5184,51.856,209.61003,398.643,5.9784e-05,0.96348846,-2.3847167,0.18326199
16.9752,51.856,219.30153,381.512,6.0647653e-05,1.5834814,-2.0267637,0.18207774
15.9464,51.856,221.73428,364.38098,6.14047e-05,1.4293293,-1.4801134,0.18089348
14.4032,40.744,221.62007,335.675,6.2032996e-05,1.5048333,-1.4032798,0.17970923
13.3744,35.188,214.11415,308.358,6.255676e-05,1.6854872,-1.180191,0.17852497
12.3456,75.932,227.41006,308.358,6.306831e-05,1.7058278,-1.1505952,0.17734072
11.8312,120.38,234.40585,308.358,6.3474974e-05,-0.0896659,-1.0248852,0.17615648
11.8312,127.788,226.30823,298.635,6.377289e-05,-1.5036479,-0.34714466,0.17497222
11.8312,137.048,220.52612,291.69,6.393293e-05,-2.0563467,-0.071809754,0.17378797
11.8312,137.048,220.51288,291.69,6.389835e-05,-2.0576,2.4536634e-08,0.17260371
11.8312,137.048,220.52612,291.69,6.393293e-05,-2.004864,-0.46285954,0.17141946
11.8312,137.048,220.68129,291.69,6.433855e-05,-1.8493588,-0.90199214,0.1702352
11.8312,137.048,220.87544,291.69,6.4846485e-05,-2.3847165,-0.9634887,0.16905095
11.8312,144.456,220.99283,291.69,6.515378e-05,-2.4318738,-0.83736134,0.16786669
11.8312,153.716,221.1362,291.69,6.552959e-05,-2.249522,-1.2469304,0.16668244
11.8312,153.716,221.35696,291.69,6.61085e-05,-2.36432,-1.9838994,0.16549818
11.8312,153.716,221.6547,291.69,6.689037e-05,-2.182414,-2.1824145,0.16431394
11.8312,153.716,222.00891,291.69,6.7821915e-05,-1.9838996,-2.3643198,0.16312969
11.8312,153.716,222.42488,291.69,6.8917754e-05,-1.6355429,-2.6174157,0.16194543
11.3168,153.716,168.02647,219.925,7.011452e-05,-1.2059525,-2.8410463,0.16076118
10.802401,153.716,114.95099,150.012,7.137252e-05,-0.6942889,-3.0072958,0.15957692
10.802401,153.716,236.8817,291.227,7.255681e-05,-0.21529616,-3.0788817,0.15839267
10.802401,153.716,374.532,433.368,7.380098e-05,0.31383085,-3.587098,0.15720841
10.802401,153.716,375.7263,433.368,7.51249e-05,0.6870651,-3.5346432,0.15602416
10.802401,153.716,377.09314,433.368,7.663584e-05,0.7852172,-4.0395923,0.1548399
10.802401,153.716,371.5615,426.423,7.846681e-05,0.99555683,-3.992961,0.15365566
10.802401,153.716,366.90878,420.404,8.028322e-05,1.9950883,-3.599235,0.15247141
9.7736,153.716,390.30084,420.404,8.162249e-05,3.3302557,-3.21599,0.15128715
9.2592,153.716,403.1348,420.404,8.302487e-05,4.7971673,-3.8846686,0.1501029
9.2592,153.716,405.11304,420.404,8.4984706e-05,6.162271,-4.643605,0.14891864
9.2592,153.716,407.11932,420.404,8.695463e-05,6.9797745,-4.361449,0.14773439
