Vmax,Rmax_IBT,Rmax_CK22,R34,fcor,u_trans,v_trans,mean_ck_cd
10.802401,85.192,62.754208,86.118,2.7827968e-05,-4.6296,5.520743e-08,0.2
11.3168,85.192,68.92433,98.156,2.7827218e-05,-4.6296,5.520743e-08,0.2
11.8312,85.192,75.36705,111.12,2.7827968e-05,-4.6296,5.520743e-08,0.2
11.8312,75.932,75.367,111.12,2.7827631e-05,-4.6296,5.520743e-08,0.2
11.8312,68.524,75.36705,111.12,2.7827968e-05,-4.6296,5.520743e-08,0.2
11.8312,68.524,88.31972,129.64,2.780848e-05,-4.6296,5.520743e-08,0.2
11.8312,68.524,103.02034,150.475,2.7827968e-05,-4.62678,0.16156985,0.2
11.8312,68.524,114.558464,166.68,2.79334e-05,-4.6232553,0.24229544,0.2
11.8312,68.524,127.51788,184.737,2.807779e-05,-4.6232553,0.24229544,0.2
12.3456,109.268,131.63132,196.775,2.8183602e-05,-4.6232553,0.24229544,0.2
13.3744,153.716,132.12378,210.202,2.8327528e-05,-4.6119833,0.4034962,0.2
13.8888,161.124,151.24232,245.853,2.8558272e-05,-4.595092,0.5642054,0.2
14.4032,172.236,170.54593,282.893,2.882674e-05,-4.075151,0.5727259,0.2
16.4608,172.236,151.67563,282.893,2.9056597e-05,-3.556468,0.56328946,0.2
18.5184,172.236,135.84981,282.893,2.9325609e-05,-3.0395107,0.5359477,0.2
19.0328,120.38,132.3512,282.893,2.9582876e-05,-3.5085115,0.8100043,0.33218503
20.0616,68.524,125.742256,282.893,3.0073232e-05,-3.9353857,1.203167,0.3476863
20.0616,61.116,124.9331,281.04102,3.0322259e-05,-4.4030113,1.4306257,0.36769712
20.576,51.856,120.81036,278.726,3.0753545e-05,-4.4502573,1.27609,0.40228435
22.6336,35.188,107.77265,274.55902,3.131743e-05,-4.4502573,1.27609,0.43478736
24.1768,24.076,97.812294,267.614,3.195195e-05,-4.427309,1.3535628,0.4466569
26.2344,16.668,87.31771,261.59497,3.2559245e-05,-4.4718504,1.1982284,0.45400217
27.7776,16.668,85.72835,274.096,3.307348e-05,-4.5109434,1.0414342,0.47106105
29.3208,16.668,84.25389,287.523,3.3550914e-05,-4.5109434,1.0414342,0.50390476
29.835201,16.668,83.99382,293.07898,3.4045243e-05,-4.492081,1.1200019,0.5122187
30.3496,16.668,84.0527,300.02402,3.454095e-05,-4.492081,1.1200019,0.5129756
30.3496,16.668,85.12245,304.191,3.5034616e-05,-4.492081,1.1200019,0.50102156
30.3496,16.668,86.18507,308.358,3.5529305e-05,-4.492081,1.1200019,0.48571163
27.7776,16.668,95.21186,304.654,3.6022284e-05,-4.492081,1.1200019,0.47075945
25.2056,16.668,105.41823,300.024,3.651592e-05,-3.992961,0.99555725,0.45160374
26.7488,24.076,98.20237,300.024,3.698923e-05,-3.992961,0.99555725,0.4277949
29.3208,35.188,87.56119,300.024,3.7500762e-05,-3.9557843,1.1343023,0.39996165
30.3496,35.188,84.91707,304.654,3.809643e-05,-3.9137876,1.2716672,0.36980987
31.8928,35.188,80.396286,308.82098,3.872924e-05,-3.890998,1.3397782,0.33827797
32.9216,35.188,76.84962,308.82098,3.9341554e-05,-3.890998,1.3397782,0.30408916
34.4648,35.188,71.90501,308.82098,3.995476e-05,-3.890998,1.3397782,0.2699971
34.979202,35.188,71.06287,312.98798,4.0529078e-05,-3.890998,1.3397782,0.24653298
35.4936,35.188,70.25224,317.61798,4.1177245e-05,-3.7880614,1.6079371,0.23327607
36.008,35.188,68.517914,317.61798,4.201178e-05,-3.6987176,1.8039843,0.20457855
37.0368,35.188,65.361565,317.61798,4.288343e-05,-4.261569,1.8089292,0.2033943
36.008,35.188,68.0624,317.61798,4.3630727e-05,-4.350401,1.5834161,0.20221004
35.4936,35.188,69.395325,317.61798,4.4340795e-05,-4.350401,1.5834161,0.20102578
34.979202,35.188,70.782974,317.61798,4.506685e-05,-3.8155472,1.5415801,0.19984153
34.4648,35.188,72.23199,317.61798,4.5793287e-05,-3.8155472,1.5415801,0.19865729
33.436,35.188,75.49417,317.61798,4.651672e-05,-3.7880614,1.6079371,0.19747303
32.9216,35.188,77.13589,317.61798,4.7240763e-05,-3.7880614,1.6079371,0.19628878
32.4072,35.188,80.7542,326.41498,4.7925783e-05,-3.7880614,1.6079371,0.19510452
31.8928,35.188,84.432884,334.749,4.868306e-05,-4.0491395,2.2444746,0.19392027
30.864,35.188,90.92949,344.935,4.989535e-05,-3.563868,2.0575995,0.19273601
30.3496,35.188,95.95248,356.50998,5.059779e-05,-3.3616366,1.2904108,0.19155176
30.3496,35.188,95.290565,353.732,5.059779e-05,-3.7296379,1.7391584,0.1903675
24.1768,35.188,128.37506,343.546,5.1360432e-05,-4.2137184,2.9504766,0.18918325
16.9752,35.188,184.55103,330.58197,5.2977284e-05,-3.7454257,2.7212098,0.18799901
16.9752,35.188,162.19424,293.542,5.3895597e-05,-3.6335058,1.9319696,0.18681476
16.9752,35.188,140.6016,257.42798,5.4633376e-05,-3.1793177,1.6904734,0.1856305
18.5184,51.856,138.09491,273.633,5.5357177e-05,-3.1793177,1.6904734,0.18444625
20.0616,68.524,136.25476,292.153,5.6046403e-05,-3.1793177,1.6904734,0.18326199
20.576,68.524,135.48676,298.172,5.6768e-05,-3.2083368,1.6347281,0.18207774
21.0904,68.524,134.83566,304.654,5.7453286e-05,-3.236378,1.5784862,0.18089348
21.0904,75.932,139.72084,314.84,5.80721e-05,-2.8195667,1.255352,0.17970923
21.0904,85.192,145.03888,325.952,5.862087e-05,-2.841046,1.2059529,0.17852497
21.604801,75.932,149.98589,345.86102,5.9121092e-05,-2.8616605,1.156185,0.17734072
22.6336,68.524,151.13023,369.011,5.9551734e-05,-2.4168894,0.8796756,0.17615648
25.720001,68.524,128.84595,377.345,5.9934624e-05,-2.4461174,0.79479206,0.17497222
29.3208,68.524,106.38462,386.142,6.0247978e-05,-2.4723651,0.7089389,0.17378797
29.3208,57.412,106.31952,386.142,6.049665e-05,-1.987489,0.5325459,0.17260371
29.3208,51.856,106.26322,386.142,6.0711227e-05,-1.9676929,0.6015835,0.17141946
29.3208,51.856,102.49234,370.4,6.0941682e-05,-1.9676929,0.6015835,0.1702352
29.3208,51.856,99.00008,356.047,6.1173734e-05,-1.987489,0.5325459,0.16905095
23.6624,120.38,127.907974,331.971,6.143972e-05,-2.5247452,0.49076045,0.16786669
18.5184,188.904,159.11542,308.821,6.1635496e-05,-2.5579104,0.26884696,0.16668244
14.917601,196.312,150.81883,244.00099,6.1669845e-05,-2.572,3.0670794e-08,0.16549818
11.8312,205.572,130.19113,180.56999,6.1635496e-05,-2.0572867,-0.035909843,0.16431394
9.7736,205.572,72.259346,90.284996,6.16352e-05,-2.0576,2.4536634e-08,0.16312969
