Vmax,Rmax_IBT,Rmax_CK22,R34,fcor,u_trans,v_trans,mean_ck_cd
10.802401,153.716,207.84406,274.096,3.2559245e-05,-0.890967,-0.5143999,0.2
11.3168,153.716,201.16931,274.096,3.2807304e-05,-0.7146646,-0.74005675,0.2
11.8312,153.716,194.8087,274.096,3.305528e-05,-0.19269766,-0.47694334,0.2
13.3744,153.716,177.22577,274.096,3.3303095e-05,0.15039608,-0.49192315,0.2
14.4032,153.716,166.79012,274.096,3.3550914e-05,0.7881065,-0.66129994,0.2
14.917601,120.38,170.26778,287.06,3.379865e-05,0.89096695,-0.51440006,0.2
15.9464,85.192,168.5434,300.02402,3.404614e-05,0.7274715,-0.7274715,0.33218503
15.9464,85.192,168.64972,300.02402,3.4293596e-05,0.35081995,-0.37620834,0.3476863
16.9752,85.192,159.04903,300.02402,3.3798577e-05,-0.3374768,0.3882226,0.36769712
17.489601,85.192,198.6552,377.808,3.3697328e-05,-0.9727495,0.33494455,0.40228435
18.5184,85.192,232.04964,458.833,3.3798577e-05,-1.0248852,0.08966582,0.43478736
19.0328,68.524,167.19525,348.176,3.376141e-05,-1.0131702,-0.1786492,0.4466569
20.0616,51.856,106.48094,240.297,3.3798577e-05,-0.9937445,-0.26627296,0.45400217
20.576,57.412,199.69194,443.091,3.400891e-05,-0.9727495,-0.33494455,0.47106105
21.0904,68.524,290.46576,647.274,3.4293596e-05,-0.9246794,-0.45099607,0.50390476
21.604801,75.932,281.86176,647.274,3.4559584e-05,-1.3750011,-0.7005984,0.5122187
22.6336,85.192,265.25244,647.274,3.47882e-05,-1.43083,-0.57809323,0.5129756
23.148,85.192,257.3048,647.274,3.4930123e-05,-1.002432,-0.23142977,0.50102156
23.6624,85.192,249.58054,647.274,3.5035337e-05,-1.5281817,-0.21477216,0.48571163
23.6624,85.192,249.58186,647.274,3.5177352e-05,-1.5373278,-0.13449869,0.47075945
23.6624,85.192,249.58253,647.274,3.5282377e-05,-1.5422599,0.053856615,0.45160374
24.1768,85.192,242.07008,647.274,3.5282243e-05,-1.5373278,0.13449873,0.4277949
25.2056,85.192,227.74272,647.274,3.5282377e-05,-2.05478,-0.10768682,0.39996165
26.2344,85.192,214.27809,647.274,3.5350382e-05,-2.0126364,-0.42779955,0.36980987
27.7776,85.192,195.5591,647.274,3.5529305e-05,-1.9335115,-0.7037405,0.33827797
30.3496,72.228,161.94212,619.49396,3.58805e-05,-1.8648189,-0.8695792,0.30408916
32.9216,57.412,134.7813,591.714,3.626943e-05,-1.9077733,-0.77079093,0.2699971
33.436,55.56,128.41623,577.824,3.6571433e-05,-2.4723651,-0.7089389,0.24653298
34.4648,51.856,119.47168,566.249,3.67623e-05,-2.5403342,-0.40234956,0.23327607
34.4648,51.856,121.34062,578.75,3.681793e-05,-2.0576,2.4536634e-08,0.20457855
34.4648,51.856,123.34682,591.714,3.67623e-05,-1.987489,0.5325459,0.2033943
32.4072,51.856,136.65851,581.99097,3.6546342e-05,-1.4308302,0.5780925,0.20221004
30.3496,51.856,151.68146,575.046,3.651592e-05,-0.9246794,-0.45099607,0.20102578
26.7488,75.932,185.58266,575.046,3.6965448e-05,-0.9019923,-1.8493588,0.19984153
23.6624,103.712,221.69263,575.046,3.7746686e-05,-0.73737776,-1.9209352,0.19865729
20.576,103.712,266.0696,575.046,3.871012e-05,-1.2074808,-2.2709413,0.19747303
16.9752,103.712,330.08438,575.046,3.9709896e-05,-2.4321163,-1.9001777,0.19628878
15.9464,103.712,351.4969,575.046,4.0445208e-05,-3.3145537,-1.406945,0.19510452
14.4032,103.712,385.72,575.046,4.1177245e-05,-2.6994264,-1.4963164,0.19392027
13.8888,103.712,426.0121,609.771,4.211593e-05,-1.9113681,-1.7210042,0.19273601
13.3744,103.712,471.51196,647.2739,4.3126656e-05,-2.1049194,-2.2572503,0.19155176
11.8312,103.712,413.08017,531.524,4.4043492e-05,-1.9001774,-2.4321167,0.1903675
10.802401,103.712,333.2343,415.311,4.506766e-05,-1.2553517,-2.8195667,0.18918325
9.7736,103.712,491.6575,556.063,4.630642e-05,-0.5889127,-3.029694,0.18799901
9.2592,103.712,663.81604,698.667,4.7722115e-05,-0.6252726,-3.5460956,0.18681476
9.2592,103.712,671.1301,701.90796,4.9031012e-05,-0.7145972,-4.052681,0.1856305
9.2592,103.712,684.1428,708.69867,5.083645e-05,-0.6895848,-5.6162233,0.18444625
9.2592,103.712,828.0767,817.658,5.373535e-05,-0.32305956,-6.1643405,0.18326199
9.2592,103.712,824.8929,805.62,5.6750614e-05,0.35882726,-5.1314697,0.18207774
9.7736,103.712,779.7766,783.396,5.8911857e-05,1.1200014,-4.492081,0.18089348
10.802401,103.712,517.7733,587.084,6.0711227e-05,0.99555683,-3.992961,0.17970923
11.3168,153.716,489.6229,571.6507,6.25956e-05,1.1343029,-3.955784,0.17852497
11.8312,205.572,383.50723,474.72934,6.416161e-05,2.0652049,-2.293642,0.17734072
12.3456,205.572,298.68982,391.3893,6.497416e-05,3.2083366,-1.6347286,0.17615648
13.3744,205.572,196.04367,283.356,6.5983986e-05,2.9758496,-3.5464795,0.17497222
13.8888,205.572,190.97656,283.356,6.8023e-05,2.719929,-6.1090612,0.17378797
14.4032,205.572,186.22182,283.356,7.07056e-05,2.5107036,-5.6391335,0.17260371
