Vmax,Rmax_IBT,Rmax_CK22,R34,fcor,u_trans,v_trans,mean_ck_cd
11.8312,137.048,131.62915,188.904,3.3798577e-05,1.2382947,-1.6432723,0.45400217
12.3456,137.048,188.25204,272.707,3.467697e-05,1.3629527,-2.1811795,0.47106105
13.3744,137.048,239.44673,359.751,3.577612e-05,1.2469302,-2.249522,0.50390476
13.8888,127.788,233.0776,359.751,3.6971633e-05,0.96348846,-2.3847167,0.5122187
14.4032,120.38,226.97319,359.751,3.8238195e-05,0.37613735,-3.0633945,0.5129756
15.9464,92.6,192.2824,334.286,3.948322e-05,0.0,3.0864,0.50102156
16.9752,68.524,166.60304,308.358,4.0688625e-05,0.2241649,-2.5622127,0.48571163
16.9752,68.524,167.0323,308.358,4.182377e-05,0.7037408,-1.9335115,0.47075945
16.9752,68.524,167.42723,308.358,4.288343e-05,1.1274905,-2.3116984,0.45160374
20.576,57.412,146.12604,325.489,4.385568e-05,1.0869744,-2.3310237,0.4277949
23.6624,51.856,131.15489,342.62,4.4825505e-05,0.879676,-2.4168894,0.39996165
26.7488,85.192,114.53411,350.954,4.591393e-05,0.7089393,-2.4723651,0.36980987
28.292,96.304,106.37864,352.806,4.628215e-05,1.2074809,-2.2709413,0.33827797
30.3496,120.38,97.62592,360.214,4.6999867e-05,1.3629527,-2.1811795,0.30408916
32.4072,120.38,87.8379,360.214,4.8016456e-05,1.1505955,-1.7058276,0.2699971
34.4648,120.38,79.06655,360.214,4.892293e-05,1.5117837,-2.0807917,0.24653298
34.4648,85.192,78.72352,359.751,4.969527e-05,1.6873837,-1.9411132,0.23327607
34.4648,51.856,78.57597,360.214,5.035898e-05,1.9411132,-1.6873837,0.20457855
34.4648,51.856,78.35924,360.214,5.099082e-05,2.2046344,-1.324678,0.2033943
34.4648,51.856,78.1666,360.214,5.155148e-05,2.8814027,-1.1060667,0.20221004
33.436,51.856,82.742096,362.992,5.1936935e-05,3.9137878,-1.2716664,0.20102578
32.9216,51.856,85.83014,368.548,5.250265e-05,4.22935,-1.8830277,0.19984153
29.835201,57.412,101.72483,372.25198,5.3579504e-05,4.4548345,-2.5720003,0.19865729
26.2344,68.524,125.420135,376.882,5.4869302e-05,5.548076,-2.7059772,0.19747303
25.2056,57.412,132.90868,376.882,5.5977038e-05,6.1090612,-2.719929,0.19628878
23.6624,51.856,145.2899,376.882,5.721923e-05,5.3458014,-3.0864005,0.19510452
22.6336,51.856,154.38527,376.882,5.8781046e-05,4.9298167,-3.7148843,0.19392027
21.0904,51.856,169.35962,376.882,6.0479695e-05,5.899205,-4.1306686,0.19273601
20.0616,57.412,180.37746,376.882,6.205892e-05,7.05483,-4.2389693,0.19155176
18.5184,68.524,198.29779,376.882,6.370404e-05,7.1277356,-4.1152005,0.1903675
16.9752,85.192,229.472,394.47598,6.5543434e-05,6.7485657,-3.7407908,0.18918325
15.9464,103.712,257.19492,412.07,6.734234e-05,7.2670116,-3.8639388,0.18799901
11.8312,127.788,329.18942,412.07,6.889166e-05,7.8597746,-3.833468,0.18681476
7.716,153.716,414.9732,412.07,7.025991e-05,7.518845,-3.3476048,0.1856305
