Vmax,Rmax_IBT,Rmax_CK22,R34,fcor,u_trans,v_trans,mean_ck_cd
15.9464,51.856,117.15513,213.906,3.47882e-05,1.180191,-1.6854872,0.50390476
17.489601,51.856,111.99662,221.777,3.5319325e-05,1.0124302,-1.164668,0.5122187
20.0616,51.856,102.496155,231.037,3.577612e-05,1.0719969,-1.1100851,0.5129756
21.604801,51.856,102.3749,247.70499,3.626942e-05,1.128625,-1.0524598,0.50102156
23.6624,51.856,99.988556,265.762,3.67623e-05,1.1992918,-0.97116715,0.48571163
23.6624,40.744,100.04401,265.762,3.7254656e-05,1.2484751,-0.9070702,0.47075945
23.6624,35.188,100.098656,265.762,3.7746686e-05,1.3227806,-0.7948068,0.45160374
25.2056,27.78,127.29373,360.677,3.8164435e-05,1.2942364,-0.840487,0.4277949
26.2344,24.076,153.47012,458.833,3.872924e-05,1.3499069,-1.5528907,0.39996165
28.292,24.076,138.58252,463.0,3.963642e-05,1.2860001,-2.2274172,0.36980987
30.3496,24.076,124.93808,467.167,4.0688625e-05,1.1274905,-2.3116984,0.33827797
32.9216,37.04,108.669205,467.167,4.166526e-05,1.1274905,-2.3116984,0.30408916
35.4936,51.856,94.47085,467.167,4.2640077e-05,1.1274905,-2.3116984,0.2699971
36.008,57.412,91.33584,467.167,4.3649132e-05,0.934131,-1.8333349,0.24653298
37.0368,68.524,85.92355,467.167,4.458322e-05,0.8369012,-1.8797113,0.23327607
37.0368,55.56,85.44109,467.167,4.530949e-05,0.77079076,-1.9077734,0.20457855
37.0368,40.744,84.959564,467.167,4.6034886e-05,0.90199244,-1.8493587,0.2033943
37.0368,31.484,84.307755,467.167,4.7017915e-05,1.3629527,-2.1811795,0.20221004
37.0368,24.076,83.682304,467.167,4.796257e-05,1.2948899,-1.5990553,0.20102578
36.008,24.076,88.1478,467.167,4.8652706e-05,1.5528907,-1.3499069,0.19984153
35.4936,24.076,90.41101,467.167,4.916265e-05,1.7637075,-1.0597423,0.19865729
34.4648,31.484,95.618835,467.167,4.953952e-05,2.384717,-0.96348816,0.19747303
32.9216,40.744,104.286,467.167,4.9880902e-05,2.4318738,-0.8373612,0.19628878
32.4072,40.744,107.17971,467.167,5.03763e-05,2.9668381,-0.85072714,0.19510452
31.8928,40.744,110.21501,467.167,5.083645e-05,3.0395107,-0.5359478,0.19392027
30.864,37.04,113.88463,451.888,5.1127707e-05,3.5810745,-0.37638626,0.19273601
30.3496,35.188,114.084526,437.07202,5.131329e-05,4.0995407,-0.3586634,0.19155176
28.292,40.744,126.135284,428.27502,5.145048e-05,4.0995407,-0.3586634,0.1903675
26.2344,51.856,139.59308,420.404,5.155148e-05,4.0995407,-0.3586634,0.18918325
25.2056,57.412,149.26042,423.64502,5.1631425e-05,4.0995407,-0.3586634,0.18799901
23.6624,68.524,165.30655,428.738,5.178951e-05,5.115821,-0.53769463,0.18681476
22.6336,68.524,175.66388,428.738,5.211172e-05,5.6162233,-0.6895852,0.1856305
21.0904,68.524,192.53789,428.738,5.250265e-05,5.6162233,-0.6895852,0.18444625
20.0616,68.524,196.01024,411.607,5.280342e-05,5.080669,-0.8046989,0.18326199
18.5184,68.524,205.06589,394.476,5.321436e-05,5.01216,-1.157148,0.18207774
17.489601,68.524,217.98451,394.476,5.372408e-05,5.3814583,-1.7485414,0.18089348
16.9752,68.524,225.04494,394.476,5.4633376e-05,6.200264,-2.5050693,0.17970923
16.4608,68.524,232.53366,394.476,5.5929442e-05,7.3974347,-3.6079698,0.17852497
15.9464,68.524,240.6281,394.476,5.7920843e-05,7.676225,-5.1776786,0.17734072
14.917601,75.932,261.13223,400.032,6.06293e-05,7.6454735,-6.8840165,0.17615648
14.4032,85.192,276.33157,406.977,6.393293e-05,7.6384506,-7.6384506,0.17497222
13.8888,109.268,293.26453,414.84802,6.7450965e-05,7.087012,-8.152676,0.17378797
13.3744,137.048,312.8969,424.57098,7.115043e-05,5.828583,-9.700391,0.17260371
13.3744,137.048,315.29602,424.57098,7.4795425e-05,4.222445,-11.601069,0.17141946
13.3744,137.048,317.61575,424.57098,7.8360856e-05,2.0045393,-14.263029,0.1702352
