Vmax,Rmax_IBT,Rmax_CK22,R34,fcor,u_trans,v_trans,mean_ck_cd
13.3744,68.524,133.18225,213.906,2.3317392e-05,-1.3246781,2.2046342,0.2
13.8888,57.412,148.24359,243.538,2.4359551e-05,-1.3629524,2.1811798,0.2
14.4032,51.856,163.35759,274.096,2.53252e-05,-1.209427,1.6646333,0.2
14.4032,51.856,164.89975,275.948,2.6151982e-05,-1.4032797,1.5048335,0.2
14.4032,51.856,166.67847,278.263,2.6827835e-05,-1.18216,0.9919497,0.2
14.4032,51.856,168.10551,280.115,2.7365495e-05,-1.2641156,0.885143,0.2
14.4032,51.856,169.80257,282.43,2.7827968e-05,-1.2942364,0.84048706,0.33218503
14.4032,51.856,170.02496,282.43,2.8327493e-05,-1.2484752,0.9070699,0.3476863
14.4032,51.856,170.24597,282.43,2.882674e-05,-1.5048333,1.4032799,0.36769712
14.4032,51.856,170.482,282.43,2.9363035e-05,-1.3226001,1.5762128,0.40228435
14.4032,51.856,170.68384,282.43,2.9824112e-05,-0.9070703,1.248475,0.43478736
14.917601,40.744,186.37492,314.84003,3.009185e-05,-0.5298712,0.88185364,0.4466569
15.9464,35.188,195.30867,346.787,3.0322259e-05,-0.48299226,0.9083765,0.45400217
16.4608,35.188,206.24805,374.10397,3.058365e-05,-0.3349444,0.97274953,0.47106105
16.9752,35.188,218.12993,403.736,3.1068776e-05,-0.16130862,1.5347462,0.50390476
18.5184,51.856,200.88577,403.736,3.195105e-05,0.0,2.0576,0.5122187
20.0616,68.524,185.3827,403.736,3.305528e-05,-0.3579532,2.5469694,0.5129756
21.0904,51.856,179.83058,412.07,3.4188346e-05,-0.7519801,2.4596157,0.50102156
22.6336,35.188,169.61725,420.404,3.5282377e-05,-1.2469299,2.2495222,0.48571163
24.1768,35.188,157.69228,423.182,3.6183133e-05,-1.376803,1.5290949,0.47075945
26.2344,35.188,143.698,428.738,3.700857e-05,-1.4032797,1.5048335,0.45160374
26.2344,35.188,145.02826,432.90503,3.7869642e-05,-1.29489,1.5990552,0.4277949
26.2344,35.188,146.3437,437.07202,3.872924e-05,-1.5117838,2.0807917,0.39996165
27.7776,35.188,133.67778,432.905,3.958734e-05,-1.3629524,2.1811798,0.36980987
29.3208,35.188,122.037025,428.27502,4.0444127e-05,-0.9019927,1.8493586,0.33827797
30.3496,35.188,119.59571,445.406,4.13174e-05,-0.836901,1.8797114,0.30408916
31.8928,35.188,113.64994,463.0,4.2152973e-05,-1.209427,1.6646333,0.2699971
32.4072,35.188,115.90737,493.09503,4.291986e-05,-1.8810418,1.7540998,0.24653298
32.9216,35.188,117.422844,523.19,4.3612705e-05,-1.9702666,1.6532495,0.23327607
33.436,35.188,104.669785,469.01898,4.4274035e-05,-1.6214108,1.2667851,0.20457855
34.4648,35.188,90.1484,415.774,4.4825505e-05,-1.781934,1.0287998,0.2033943
33.436,35.188,94.81634,415.774,4.524315e-05,-1.8797112,0.8369013,0.20221004
32.9216,35.188,97.23437,415.774,4.5551555e-05,-1.3986143,0.65218437,0.20102578
31.8928,35.188,108.11112,443.554,4.577499e-05,-1.3227807,0.7948065,0.19984153
30.3496,35.188,123.695526,471.33398,4.6034886e-05,-1.2641156,0.885143,0.19865729
29.3208,35.188,133.18384,480.594,4.6463265e-05,-1.1992917,0.9711672,0.19747303
27.7776,35.188,147.73,488.92798,4.6999867e-05,-1.1100852,1.0719968,0.19628878
27.7776,35.188,144.52129,477.816,4.7601832e-05,-1.0326023,1.1468211,0.19510452
27.7776,35.188,141.56555,467.63,4.8202877e-05,-0.9919501,1.1821597,0.19392027
27.7776,35.188,141.42241,467.63,4.870097e-05,-0.9287209,1.2324544,0.19273601
27.7776,35.188,141.28833,467.63,4.916265e-05,-0.7716003,1.3364503,0.19155176
27.7776,35.188,141.14784,467.63,4.9641607e-05,-0.6764945,1.3870189,0.1903675
27.7776,35.188,141.00623,467.63,5.012002e-05,-0.8404868,1.2942365,0.18918325
26.7488,35.188,147.60135,460.22202,5.06157e-05,-0.9919501,1.1821597,0.18799901
26.2344,35.188,150.37949,454.66602,5.1074945e-05,-0.6884015,0.76454747,0.18681476
26.2344,35.188,149.89308,453.277,5.1378724e-05,-0.61914724,0.82163626,0.1856305
26.2344,35.188,150.24617,454.66602,5.178951e-05,-0.6276758,1.4097835,0.18444625
26.2344,35.188,153.07706,464.38898,5.2585725e-05,-0.6698888,1.9454991,0.18326199
26.2344,35.188,156.40585,475.964,5.345127e-05,-0.70374113,1.9335114,0.18207774
25.2056,40.744,166.59439,475.964,5.406062e-05,-0.9019927,1.8493586,0.18089348
23.6624,51.856,183.35587,475.964,5.4633376e-05,-1.209427,1.6646333,0.17970923
23.148,40.744,189.32906,475.964,5.532294e-05,-1.0124304,1.1646677,0.17852497
22.6336,35.188,195.54689,475.964,5.6046403e-05,-0.6029762,1.4205232,0.17734072
22.6336,35.188,194.60237,473.649,5.6680215e-05,-0.32187933,2.0322676,0.17615648
22.6336,35.188,194.04057,472.26,5.7453286e-05,-0.35729903,2.0263405,0.17497222
22.6336,40.744,202.40776,492.63202,5.8550944e-05,-0.49076116,2.524745,0.17378797
22.6336,51.856,211.41681,514.856,5.9784e-05,-0.53474903,2.5157955,0.17260371
21.0904,51.856,236.19362,519.023,6.0942515e-05,-0.44662377,2.5329256,0.17141946
20.0616,51.856,255.15546,523.19,6.20965e-05,-0.53474903,2.5157955,0.1702352
20.0616,57.412,255.35135,523.19,6.3177e-05,-0.5359485,3.0395107,0.16905095
20.0616,68.524,255.5596,523.19,6.43901e-05,-0.37613782,3.0633945,0.16786669
20.0616,68.524,257.68195,526.894,6.588182e-05,-0.25117877,3.5920289,0.16668244
20.0616,68.524,260.27798,531.524,6.756802e-05,0.0,4.1152,0.16549818
18.5184,75.932,284.79343,523.19,6.93492e-05,0.0,4.6296,0.16431394
16.9752,85.192,310.3315,513.93,7.115043e-05,0.0,4.6296,0.16312969
16.4608,85.192,307.31992,493.09503,7.281071e-05,-0.21537295,4.10956,0.16194543
15.9464,85.192,303.16428,471.79703,7.4458614e-05,-0.35866448,4.09954,0.16076118
14.4032,92.6,310.90573,441.70197,7.623467e-05,-0.14361884,4.1126933,0.15957692
13.3744,103.712,305.74948,411.144,7.793102e-05,0.6437592,4.064535,0.15839267
11.8312,109.268,321.78592,396.328,7.922883e-05,1.0650921,3.974978,0.15720841
10.802401,120.38,327.54095,381.512,8.070772e-05,1.0414333,4.510944,0.15602416
9.7736,120.38,348.8657,381.512,8.305587e-05,1.1571481,5.01216,0.1548399
9.2592,120.38,360.79584,381.512,8.5311396e-05,2.119674,5.2463775,0.15365566
