Vmax,Rmax_IBT,Rmax_CK22,R34,fcor,u_trans,v_trans,mean_ck_cd
15.9464,68.524,104.615005,193.071,3.305528e-05,-1.5197554,0.26797384,0.2
15.9464,68.524,115.341576,211.591,3.2931002e-05,-1.4834192,0.42536333,0.2
15.9464,68.524,126.98207,231.5,3.280731e-05,-1.4757696,0.45118764,0.2
16.4608,68.524,112.00637,211.591,3.2664433e-05,-1.5094774,0.320849,0.2
16.9752,68.524,98.71937,193.071,3.2559245e-05,-2.0576,2.4536634e-08,0.2
17.489601,68.524,96.02184,193.071,3.2559306e-05,-2.5684752,-0.13460852,0.2
18.5184,68.524,90.98322,193.071,3.2559245e-05,-2.5684752,0.13460858,0.2
20.0616,44.447998,104.02448,235.66699,3.245369e-05,-2.5329256,0.4466231,0.2
21.0904,24.076,118.35587,279.189,3.231108e-05,-2.0375755,0.28636295,0.2
22.6336,37.04,137.7536,346.324,3.2186632e-05,-2.0525877,0.14353111,0.2
23.6624,51.856,158.38467,415.77402,3.206281e-05,-2.562213,0.22416456,0.2
23.6624,51.856,143.73672,378.73398,3.1920008e-05,-2.5579104,0.26884696,0.2
23.6624,51.856,129.67265,343.083,3.1814445e-05,-2.0497704,0.17933165,0.2
24.1768,51.856,126.52153,343.083,3.1814212e-05,-2.0525877,0.14353111,0.2
25.2056,51.856,120.53706,343.083,3.1814445e-05,-2.0463283,0.21507755,0.2
26.2344,44.447998,94.82734,283.819,3.1708634e-05,-2.042263,0.25075796,0.2
27.7776,40.744,70.893036,226.87001,3.156599e-05,-2.5579104,0.26884696,0.2
26.7488,37.04,73.89119,226.87001,3.1460266e-05,-2.5579104,0.26884696,0.2
26.2344,35.188,75.462616,226.87001,3.131743e-05,-2.5403342,0.40234962,0.2
26.2344,35.188,85.51015,256.50198,3.1034233e-05,-2.0263405,0.35729846,0.2
26.2344,35.188,96.03951,287.523,3.0820032e-05,-2.5657346,0.1794139,0.2
26.2344,35.188,96.03951,287.523,3.0820032e-05,-2.5684752,-0.13460852,0.33218503
25.2056,35.188,106.65058,304.654,3.1068776e-05,-2.5657346,-0.17941381,0.3476863
26.7488,35.188,101.591095,310.67297,3.1102772e-05,-2.572,3.0670794e-08,0.36769712
29.3208,35.188,93.026665,317.618,3.1068776e-05,-2.5684752,-0.13460852,0.40228435
30.864,35.188,87.27945,317.618,3.1192933e-05,-2.5579104,-0.26884687,0.43478736
32.9216,35.188,80.3755,317.618,3.131743e-05,-2.0463283,-0.21507749,0.4466569
33.436,35.188,87.44208,356.047,3.1335974e-05,-2.0525877,-0.14353105,0.45400217
34.4648,35.188,91.834366,394.476,3.131743e-05,-2.0576,2.4536634e-08,0.47106105
33.436,35.188,95.8803,394.476,3.1335843e-05,-2.0525877,0.14353111,0.50390476
32.9216,35.188,98.002754,394.476,3.131743e-05,-2.042263,0.25075796,0.5122187
32.9216,35.188,98.024315,394.476,3.1248732e-05,-2.0263405,0.35729846,0.5129756
32.9216,35.188,98.08062,394.476,3.1068776e-05,-2.5157957,0.5347483,0.50102156
33.436,35.188,96.06859,394.476,3.0770327e-05,-2.4956007,0.6222233,0.48571163
34.4648,35.188,92.203766,394.476,3.0322259e-05,-2.401169,0.921722,0.47075945
34.979202,35.188,90.51605,394.476,2.9717943e-05,-2.2709413,1.207481,0.45160374
35.4936,35.188,88.91787,394.476,2.9076216e-05,-2.249522,1.2469304,0.4277949
35.4936,37.04,89.11818,394.476,2.8577007e-05,-2.2916691,1.167663,0.39996165
35.4936,40.744,89.3175,394.476,2.807779e-05,-2.249522,1.2469304,0.36980987
35.4936,37.04,80.35945,349.102,2.7434164e-05,-2.249522,1.2469304,0.33827797
35.4936,35.188,71.061104,304.19098,2.6827835e-05,-2.3675385,1.0049607,0.30408916
37.0368,35.188,67.477936,304.19098,2.6452206e-05,-2.4461174,0.79479206,0.2699971
38.58,35.188,64.202446,304.19098,2.6076874e-05,-2.3675385,1.0049607,0.24653298
39.0944,40.744,63.320908,304.19098,2.5450716e-05,-2.7251294,1.4489772,0.23327607
39.6088,51.856,62.478756,304.19098,2.4823696e-05,-2.2709413,1.207481,0.20457855
40.1232,51.856,61.613434,304.19098,2.4390683e-05,-1.8648189,0.8695792,0.2033943
41.152,51.856,59.79908,304.19098,2.4070872e-05,-1.3986143,0.65218437,0.20221004
41.152,44.447998,59.901337,304.19098,2.3763208e-05,-1.4097834,0.627676,0.20102578
41.152,40.744,59.965847,304.19098,2.3568628e-05,-1.0024319,0.2314298,0.19984153
39.6088,40.744,62.85907,304.19098,2.356862e-05,-1.0288,1.2268317e-08,0.19865729
38.58,40.744,64.912674,304.19098,2.3568628e-05,-0.5065851,0.089324616,0.19747303
37.0368,40.744,68.26134,304.19098,2.3317332e-05,-0.23353273,0.45833376,0.19628878
35.4936,40.744,71.86444,304.19098,2.306609e-05,0.42645696,0.28764883,0.19510452
33.436,40.744,78.86485,311.599,2.3009596e-05,0.99824023,0.24888925,0.19392027
31.8928,40.744,85.694786,320.859,2.306609e-05,1.0187877,-0.14318126,0.19273601
29.835201,44.447998,93.57847,324.563,2.3153954e-05,0.9166676,-0.4670653,0.19155176
27.7776,51.856,103.20191,330.11902,2.3317392e-05,1.4501337,-0.5278054,0.1903675
26.2344,51.856,111.57462,334.749,2.354985e-05,1.514847,-0.29445648,0.18918325
25.2056,51.856,119.6187,343.083,2.3819783e-05,1.4676704,-0.47687492,0.18799901
23.6624,57.412,128.16965,343.083,2.403304e-05,1.3986142,-0.6521846,0.18681476
22.6336,68.524,134.46942,343.083,2.432189e-05,1.8797113,-0.8369012,0.1856305
23.6624,61.116,127.2517,340.30502,2.4786026e-05,2.349639,-1.0461265,0.18444625
25.2056,57.412,118.16224,338.453,2.53252e-05,2.291669,-1.1676632,0.18326199
26.2344,55.56,115.540146,345.861,2.5807545e-05,2.2046344,-1.324678,0.18207774
27.7776,51.856,111.21357,355.584,2.6327272e-05,2.1811795,-1.3629527,0.18089348
27.7776,51.856,108.7517,347.71298,2.6934036e-05,2.1811795,-1.3629527,0.17970923
27.7776,51.856,107.3022,343.083,2.7578055e-05,2.1570606,-1.4008117,0.17852497
27.7776,40.744,105.563545,337.527,2.8183875e-05,2.1322846,-1.438244,0.17734072
27.7776,35.188,104.54716,334.286,2.882674e-05,2.0807917,-1.5117837,0.17615648
26.7488,35.188,109.33657,334.286,2.9612173e-05,2.0540903,-1.5478685,0.17497222
26.2344,35.188,111.89497,334.286,3.0322259e-05,1.7637075,-1.0597423,0.17378797
24.1768,40.744,119.30443,324.563,3.073274e-05,1.8648188,-0.8695795,0.17260371
22.6336,51.856,125.54753,317.61798,3.1068776e-05,1.7996175,-0.99754417,0.17141946
21.604801,51.856,132.13007,317.61798,3.1584812e-05,1.7058278,-1.1505952,0.1702352
21.0904,51.856,135.68304,317.61798,3.206281e-05,1.3087077,-0.8177716,0.16905095
21.0904,57.412,135.76042,317.61798,3.2348064e-05,0.9166676,-0.4670653,0.16786669
21.0904,68.524,135.81737,317.61798,3.2559245e-05,0.89980876,-0.49877208,0.16668244
22.6336,51.856,129.57489,326.41498,3.284459e-05,0.89096695,-0.51440006,0.16549818
23.6624,35.188,128.05148,338.453,3.305528e-05,0.95388675,-0.38539526,0.16431394
23.6624,35.188,106.790306,284.28198,3.3111013e-05,0.5144,-2.2485139e-08,0.16312969
23.6624,35.188,86.21907,231.5,3.305528e-05,0.47694334,0.19269766,0.16194543
23.148,35.188,88.23601,231.5,3.296849e-05,0.35081995,0.37620834,0.16076118
22.6336,35.188,90.318214,231.5,3.280731e-05,0.2572,0.44548348,0.15957692
21.604801,35.188,94.736244,231.5,3.2596312e-05,0.07159065,0.5093939,0.15839267
21.0904,35.188,97.04356,231.5,3.231108e-05,-0.8107054,0.6333926,0.15720841
19.0328,35.188,107.38565,231.5,3.1957356e-05,-1.420523,0.60297644,0.15602416
16.9752,35.188,119.60056,231.5,3.156599e-05,-1.8940307,0.80396855,0.1548399
14.917601,57.412,129.91486,224.55501,3.121172e-05,-1.8493588,0.90199214,0.15365566
13.3744,85.192,138.37411,218.53601,3.0820032e-05,-1.7996175,0.9975442,0.15247141
12.3456,75.932,139.64246,207.42401,3.0340749e-05,-1.7449436,1.0903622,0.15128715
11.8312,68.524,136.90076,197.238,2.9824112e-05,-1.8333353,0.9341304,0.1501029
10.802401,68.524,146.78035,197.238,2.9344243e-05,-2.349639,1.0461266,0.14891864
9.2592,68.524,164.07217,197.238,2.882674e-05,-2.2274175,1.2859998,0.14773439
