Vmax,Rmax_IBT,Rmax_CK22,R34,fcor,u_trans,v_trans,mean_ck_cd
11.8312,103.712,184.05225,270.392,1.2964522e-05,-0.18806891,1.5316973,0.2
11.8312,103.712,195.3804,285.671,1.42314275e-05,-0.57857406,2.50608,0.2
11.8312,103.712,209.16928,304.191,1.5497764e-05,-1.1274909,2.3116982,0.2
11.8312,103.712,185.11475,269.92902,1.6263833e-05,-1.9988195,1.618612,0.2
11.8312,103.712,161.02473,235.667,1.6762664e-05,-2.1570606,1.4008118,0.2
11.8312,103.712,171.31949,250.01999,1.7160555e-05,-0.8851434,1.2641153,0.2
11.8312,103.712,182.32745,265.299,1.7520999e-05,-0.17864951,1.0131702,0.2
11.8312,103.712,180.86589,262.984,1.800731e-05,-0.23142962,1.002432,0.2
11.8312,103.712,180.07529,261.595,1.8531358e-05,-0.7005982,1.3750013,0.2
11.8312,103.712,182.9329,265.299,1.9055122e-05,-1.2382945,1.6432725,0.2
11.8312,103.712,186.45424,269.92902,1.9540814e-05,-0.9711675,1.1992915,0.2
11.8312,103.712,173.93948,252.335,1.9881298e-05,-0.5298712,0.88185364,0.2
11.8312,103.712,162.14207,235.66699,2.0297284e-05,-0.30079207,0.9838463,0.2
11.8312,103.712,166.66449,241.686,2.0958707e-05,-0.23142962,1.002432,0.2
11.8312,103.712,171.94539,248.63101,2.1808535e-05,-0.5278058,1.4501336,0.2
12.3456,103.712,166.8071,249.094,2.2758264e-05,-0.5671517,1.9778919,0.2
13.3744,103.712,159.30775,253.26102,2.3819783e-05,-0.3579532,2.5469694,0.2
14.4032,103.712,182.13554,303.728,2.496779e-05,-0.2688477,2.5579102,0.2
15.9464,103.712,198.12175,355.584,2.6076874e-05,-0.42779925,2.0126364,0.2
16.9752,103.712,183.90973,349.10202,2.6953057e-05,-0.80396825,1.8940308,0.2
18.5184,103.712,166.51398,343.083,2.7827968e-05,-0.836901,1.8797114,0.2
20.576,57.412,145.17554,332.434,2.8913859e-05,-0.6656832,2.4843612,0.2
22.6336,16.668,128.6055,325.48898,3.0073232e-05,-1.1060672,2.8814025,0.33218503
23.148,16.668,132.45798,342.15698,3.128625e-05,-1.942335,2.398583,0.3476863
23.6624,16.668,136.50214,360.21402,3.231108e-05,-2.4321163,1.9001777,0.36769712
24.1768,27.78,126.319275,342.157,3.2919204e-05,-2.6455615,1.589613,0.40228435
25.2056,40.744,114.503494,325.95203,3.330315e-05,-1.8648189,0.8695792,0.43478736
26.2344,40.744,113.28903,337.99,3.3674507e-05,-1.2942364,0.84048706,0.4466569
27.7776,40.744,109.71579,351.41702,3.404614e-05,-0.7995278,0.64744484,0.45400217
27.7776,40.744,113.95254,365.30698,3.4540906e-05,-0.9919501,1.1821597,0.47106105
27.7776,40.744,119.00578,381.975,3.5035337e-05,-0.7005982,1.3750013,0.50390476
27.7776,40.744,115.31344,369.93698,3.536877e-05,-0.16093966,1.0161338,0.5122187
27.7776,40.744,112.318054,360.214,3.577612e-05,0.451188,1.4757695,0.5129756
27.7776,27.78,112.27109,360.214,3.6497444e-05,0.4277991,2.0126367,0.50102156
27.7776,16.668,112.21878,360.214,3.7254722e-05,0.10764819,1.5394409,0.48571163
27.7776,16.668,124.8885,402.347,3.774664e-05,0.10753889,1.0231642,0.47075945
27.7776,16.668,137.71675,445.86902,3.8238195e-05,0.50241673,1.4591242,0.45160374
28.292,16.668,134.23215,446.795,3.8864273e-05,0.93413085,1.833335,0.4277949
29.3208,16.668,128.00665,450.499,3.9709896e-05,0.80396837,1.8940308,0.39996165
30.3496,16.668,122.473724,456.981,4.089635e-05,0.6656826,2.4843612,0.36980987
31.8928,16.668,114.58732,467.63,4.2152973e-05,0.35795322,2.5469694,0.33827797
35.4936,27.78,95.52447,476.89,4.3181306e-05,0.03591007,2.0572867,0.30408916
39.6088,40.744,77.42267,488.92804,4.409823e-05,0.21507777,2.0463283,0.2699971
39.0944,40.744,79.94434,500.503,4.494649e-05,0.53254604,1.987489,0.24653298
38.58,40.744,82.828575,514.856,4.5793287e-05,0.80396837,1.8940308,0.23327607
37.0368,40.744,87.756805,496.336,4.6686677e-05,1.2469304,2.249522,0.20457855
35.4936,40.744,92.99439,480.13104,4.7722115e-05,1.3043691,2.7972283,0.2033943
32.9216,37.04,101.86245,450.03598,4.8988633e-05,1.0048335,2.9182484,0.20221004
30.3496,35.188,110.75331,420.404,5.035898e-05,0.9537501,2.935341,0.20102578
25.2056,40.744,144.00873,408.366,5.1705487e-05,1.4963164,2.6994264,0.19984153
20.0616,51.856,189.45334,398.64304,5.2977284e-05,1.9423344,2.3985834,0.19865729
16.9752,51.856,202.43553,358.825,5.4025728e-05,2.1824143,2.1824143,0.19747303
14.4032,51.856,208.53319,321.785,5.510506e-05,3.0096667,2.8065596,0.19628878
12.3456,51.856,174.36584,244.92699,5.646246e-05,2.6451995,3.152426,0.19510452
10.802401,51.856,131.41678,172.236,5.7920843e-05,2.216874,2.8374693,0.19392027
9.2592,51.856,70.7739,85.192,5.933806e-05,2.5897794,3.1981113,0.19273601
