Vmax,Rmax_IBT,Rmax_CK22,R34,fcor,u_trans,v_trans,mean_ck_cd
11.8312,68.524,134.67853,193.071,3.3798577e-05,-1.4501337,-0.5278054,0.2
12.860001,68.524,121.51162,186.589,3.3625427e-05,-1.4591242,0.5024168,0.2
13.3744,68.524,113.56252,180.57,3.330315e-05,-1.0262939,-0.07176553,0.2
14.4032,68.524,109.31839,184.737,3.368693e-05,-0.23142964,-1.002432,0.2
15.9464,68.524,102.72766,189.367,3.4293596e-05,-0.70059824,-1.3750013,0.33218503
14.917601,68.524,136.16693,232.889,3.480692e-05,-1.0719968,-1.1100851,0.3476863
14.4032,68.524,170.23468,278.263,3.5282377e-05,-0.52987105,-0.8818538,0.36769712
16.4608,68.524,160.27576,293.079,3.5652647e-05,0.0,1.0288,0.40228435
18.5184,68.524,151.49516,308.35803,3.6022833e-05,-0.24888915,-0.99824023,0.43478736
19.0328,44.447998,131.85118,277.8,3.653446e-05,-0.45099616,-0.9246794,0.4466569
19.5472,20.372,114.28535,249.094,3.700857e-05,-0.19630425,-1.0098981,0.45400217
22.6336,16.668,112.21096,282.893,3.7328522e-05,0.23353276,-0.45833373,0.47106105
26.2344,16.668,106.50136,317.618,3.7500762e-05,0.44990438,-0.24938604,0.50390476
28.292,31.484,94.11021,308.358,3.7556136e-05,0.5144,-2.2485139e-08,0.5122187
30.3496,48.152,83.75326,300.024,3.7500762e-05,0.47694334,0.19269766,0.5129756
29.835201,48.152,85.63544,300.024,3.7414626e-05,0.35081995,0.37620834,0.50102156
28.8064,48.152,89.57091,300.024,3.7254722e-05,0.28764883,0.42645696,0.48571163
29.835201,48.152,84.52359,295.857,3.7045273e-05,0.7146646,0.74005675,0.47075945
30.3496,48.152,81.60289,291.69,3.67623e-05,1.3227806,0.7948068,0.45160374
29.835201,64.82,85.345406,298.635,3.6374462e-05,1.8797113,0.83690125,0.4277949
28.8064,85.192,92.20769,308.82098,3.6022833e-05,1.9568939,0.6358333,0.39996165
30.3496,64.82,96.18257,346.324,3.5843874e-05,1.5197554,0.26797393,0.36980987
31.3784,48.152,101.48614,385.679,3.577612e-05,1.5394409,0.107648246,0.33827797
31.8928,48.152,98.6128,383.36398,3.5757486e-05,1.5432,-6.745542e-08,0.30408916
32.9216,48.152,93.76362,381.512,3.577612e-05,1.5422599,-0.05385685,0.2699971
34.4648,48.152,81.0585,348.63898,3.57945e-05,1.5432,-6.745542e-08,0.24653298
36.5224,48.152,68.83939,317.61798,3.577612e-05,1.5373278,0.13449882,0.23327607
36.008,44.447998,71.06191,321.785,3.5671328e-05,1.5197554,0.26797393,0.20457855
35.4936,40.744,73.288025,325.489,3.5529305e-05,1.4757695,0.45118815,0.2033943
34.4648,27.78,70.58502,297.70898,3.5331377e-05,0.99824023,0.24888925,0.20221004
33.9504,16.668,65.86666,269.929,3.5282377e-05,1.5197554,-0.2679739,0.20102578
32.4072,24.076,67.94115,262.05798,3.5579127e-05,1.9209352,-0.7373778,0.19984153
31.3784,35.188,69.37773,256.965,3.6022833e-05,1.8333352,-0.9341306,0.19865729
30.3496,35.188,79.15243,282.43,3.635546e-05,1.2160583,-0.95008886,0.19747303
28.8064,35.188,92.29608,309.284,3.67623e-05,0.9711674,-1.1992915,0.19628878
26.7488,51.856,103.37041,315.766,3.7377762e-05,0.7716001,-1.3364503,0.19510452
24.6912,68.524,116.35459,322.248,3.7992504e-05,0.26627314,-0.9937445,0.19392027
24.6912,68.524,117.076256,324.09998,3.8434588e-05,0.0,1.0288,0.19273601
24.6912,68.524,118.12864,326.878,3.872924e-05,0.33064997,-0.39405325,0.19155176
24.1768,57.412,121.693146,328.267,3.8833627e-05,0.97274953,-0.3349445,0.1903675
23.6624,48.152,125.954094,331.04498,3.897458e-05,0.7274715,-0.7274715,0.18918325
23.6624,44.447998,121.07544,318.544,3.9446433e-05,0.2314297,-1.002432,0.18799901
23.6624,40.744,117.297195,308.821,3.995476e-05,-0.45099616,-0.9246794,0.18681476
24.1768,27.78,116.513466,314.377,4.021795e-05,-0.9166674,-0.4670656,0.1856305
24.6912,16.668,116.36772,321.785,4.0444127e-05,-1.3497132,-0.7481582,0.18444625
24.6912,16.668,129.4095,356.97302,4.0810828e-05,-1.2160581,-0.95008886,0.18326199
24.6912,16.668,143.24944,394.476,4.1177245e-05,-0.82163614,-0.6191474,0.18207774
24.1768,24.076,147.20312,394.476,4.1366075e-05,-0.8427437,-0.59009534,0.18089348
23.6624,35.188,151.31125,394.476,4.1665367e-05,-1.7256485,-1.1206495,0.17970923
22.1192,35.188,169.59807,406.05103,4.2251108e-05,-2.0267637,-1.5834814,0.17852497
21.0904,35.188,186.47226,420.40402,4.3126656e-05,-1.2469305,-2.2495217,0.17734072
21.0904,35.188,165.4673,375.03,4.4430744e-05,-0.70893914,-2.4723651,0.17615648
21.0904,35.188,145.11932,331.045,4.5551555e-05,-1.9411131,-1.6873839,0.17497222
20.0616,35.188,153.49557,331.045,4.581865e-05,-3.0746555,-0.26899737,0.17378797
18.5184,35.188,167.08113,331.045,4.5793287e-05,-2.562213,-0.22416449,0.17260371
16.9752,51.856,172.72694,315.303,4.5997807e-05,-1.4591242,-0.5024168,0.17141946
15.9464,68.524,174.02483,300.94998,4.627635e-05,-1.9077733,-0.77079093,0.1702352
14.4032,68.524,164.40802,263.447,4.6638652e-05,-1.9077733,-0.77079093,0.16905095
13.3744,68.524,148.84435,227.33301,4.6999867e-05,-1.43083,-0.57809323,0.16786669
11.3168,120.38,165.79414,223.16602,4.873694e-05,-0.8427437,-0.59009534,0.16194543
10.288,120.38,176.82297,223.16602,4.892293e-05,-0.96675575,-0.35187024,0.16076118
9.7736,153.716,167.6217,205.572,4.906066e-05,-1.5094774,-0.32084966,0.15957692
9.2592,188.904,158.79948,188.90399,4.916265e-05,-1.5347463,-0.16130812,0.15839267
