Vmax,Rmax_IBT,Rmax_CK22,R34,fcor,u_trans,v_trans,mean_ck_cd
11.8312,85.192,97.77019,145.382,1.4738254e-05,-0.49687225,0.13313648,0.2
13.3744,75.932,87.75777,145.382,1.4738255e-05,-0.5144,6.1341585e-09,0.2
14.4032,68.524,82.13056,145.382,1.4738254e-05,-0.5031591,-0.10694989,0.2
14.4032,68.524,150.62086,261.132,1.475724e-05,0.0,0.0,0.2
14.4032,68.524,221.4902,376.88202,1.4738254e-05,-0.14178783,-0.494473,0.2
14.4032,85.192,243.05191,411.607,1.4611632e-05,0.16747224,-0.48637477,0.2
14.4032,103.712,264.7606,446.332,1.4484991e-05,0.4802338,-0.18434446,0.2
14.4032,103.712,248.39688,420.404,1.4446982e-05,1.0187877,-0.14318126,0.2
14.4032,103.712,232.21603,394.476,1.4484991e-05,1.0286434,0.017955013,0.2
14.4032,103.712,231.72269,393.55,1.4573655e-05,1.0131702,0.17864929,0.2
14.4032,103.712,232.45674,394.476,1.4738254e-05,0.93985564,0.41845062,0.2
14.4032,103.712,221.13446,375.95602,1.4991466e-05,0.36373574,0.36373574,0.2
14.4032,103.712,211.55402,360.214,1.524464e-05,0.3442008,0.3822737,0.2
14.4032,92.6,206.1924,351.417,1.5371197e-05,0.3573323,0.37002838,0.2
14.4032,85.192,201.40866,343.546,1.5497764e-05,0.24938606,0.44990438,0.2
14.4032,85.192,201.56644,343.546,1.5712867e-05,0.0179523,0.51408666,0.2
14.4032,85.192,201.77905,343.546,1.600387e-05,0.11571482,0.501216,0.2
13.8888,92.6,180.70126,300.02402,1.6326389e-05,-0.1674722,0.48637477,0.2
13.3744,103.712,159.18024,257.428,1.6762664e-05,-0.9711675,1.1992915,0.33218503
12.3456,103.712,170.55864,257.428,1.7337767e-05,-1.7866617,1.8501415,0.3476863
11.8312,103.712,176.90678,257.428,1.8026287e-05,-1.9113681,1.7210042,0.36769712
13.3744,92.6,165.48436,265.762,1.8802588e-05,-2.0540903,1.5478686,0.40228435
14.4032,85.192,160.74702,274.096,1.9540814e-05,-2.2046347,1.3246775,0.43478736
14.917601,75.932,163.40512,286.134,2.0064192e-05,-2.2916691,1.167663,0.4466569
15.9464,68.524,162.19771,300.02402,2.0549318e-05,-2.249522,1.2469304,0.45400217
16.4608,57.412,157.89182,300.02402,2.1141193e-05,-1.7058278,1.1505953,0.47106105
16.9752,51.856,153.81462,300.02402,2.1808535e-05,-2.1068592,1.4752383,0.50390476
18.5184,51.856,142.04202,300.02402,2.2525503e-05,-2.1068592,1.4752383,0.5122187
20.0616,51.856,131.69742,300.02402,2.3317392e-05,-1.9411135,1.6873834,0.5129756
21.604801,51.856,127.70884,312.062,2.4196182e-05,-1.8501421,1.7866613,0.50102156
23.6624,51.856,121.72546,325.95203,2.5074483e-05,-2.2936418,2.065205,0.48571163
25.720001,51.856,126.09557,368.54803,2.584512e-05,-2.4649084,1.8574424,0.47075945
27.7776,51.856,128.4974,411.144,2.6577594e-05,-2.5587418,1.725893,0.45160374
29.835201,40.744,119.87936,420.404,2.7346614e-05,-2.2046347,1.3246775,0.4277949
31.8928,35.188,111.557846,428.738,2.807779e-05,-2.1570606,1.4008118,0.39996165
33.436,35.188,104.266525,428.738,2.8682982e-05,-2.080792,1.5117832,0.36980987
35.4936,35.188,95.405235,428.738,2.9325609e-05,-2.5587418,1.725893,0.33827797
36.008,51.856,89.944046,412.07,3.014156e-05,-3.019885,1.9611366,0.30408916
37.0368,68.524,82.77382,394.476,3.1068776e-05,-3.019885,1.9611366,0.2699971
37.0368,68.524,82.32618,394.476,3.2043976e-05,-2.9851987,2.0135417,0.24653298
37.0368,68.524,81.86001,394.476,3.305528e-05,-2.9851987,2.0135417,0.23327607
38.58,68.524,76.36217,394.476,3.4045646e-05,-3.019885,1.9611366,0.20457855
39.6088,68.524,72.70124,394.476,3.5035337e-05,-3.4116557,2.3011906,0.2033943
40.1232,68.524,73.83077,419.478,3.600433e-05,-3.3709748,2.3603814,0.20221004
41.152,68.524,72.93711,446.33203,3.700857e-05,-3.2865446,2.4765897,0.20102578
40.1232,57.412,75.50695,445.406,3.8133297e-05,-2.7983472,2.2660568,0.19984153
39.6088,51.856,76.68791,446.332,3.9219805e-05,-2.7983472,2.2660568,0.19865729
38.58,40.744,79.94357,446.332,4.0058374e-05,-2.3985834,1.9423344,0.19747303
37.0368,35.188,85.572205,446.332,4.093299e-05,-2.6759155,2.409406,0.19628878
34.979202,35.188,94.07314,446.332,4.2153133e-05,-2.5461504,2.5461497,0.19510452
32.9216,35.188,103.937035,446.332,4.3369746e-05,-2.0652046,2.2936423,0.19392027
31.8928,35.188,106.52638,432.44196,4.4201002e-05,-1.5478681,2.0540907,0.19273601
30.3496,35.188,112.26179,419.47803,4.506766e-05,-1.4011964,2.7500026,0.19155176
30.3496,35.188,110.78472,414.84802,4.6342622e-05,-0.79881984,2.9812334,0.1903675
30.3496,35.188,109.50104,411.144,4.7722115e-05,4.4970275e-07,2.572,0.18918325
29.3208,35.188,115.45823,411.144,4.88505e-05,0.6656826,2.4843612,0.18799901
27.7776,35.188,125.456894,411.144,5.012002e-05,1.2904114,3.3616364,0.18681476
26.2344,40.744,136.6389,411.144,5.1782405e-05,1.9565536,4.1958423,0.1856305
25.2056,51.856,144.81792,411.144,5.3688025e-05,3.0235674,4.1615834,0.18444625
23.6624,51.856,145.25581,376.88202,5.5622266e-05,3.9306552,4.0703125,0.18326199
22.6336,51.856,139.88057,342.62,5.768715e-05,5.2669168,4.911479,0.18207774
21.0904,75.932,157.2416,351.417,5.9864997e-05,5.734106,5.1630116,0.18089348
20.0616,103.712,171.64262,359.75098,6.20965e-05,6.304852,5.290399,0.17970923
