Vmax,Rmax_IBT,Rmax_CK22,R34,fcor,u_trans,v_trans,mean_ck_cd
22.6336,103.712,111.87499,283.35602,3.404614e-05,0.300792,0.9838463,0.2
23.148,103.712,109.243996,283.35602,3.4578006e-05,0.1431813,1.0187877,0.2
23.6624,103.712,106.67912,283.35602,3.5035337e-05,-0.16093966,1.0161338,0.2
24.1768,103.712,108.77312,295.39398,3.544284e-05,-0.4184505,0.9398557,0.33218503
25.2056,103.712,108.69711,309.284,3.577612e-05,-0.7146647,0.7400566,0.3476863
26.2344,103.712,103.64687,309.284,3.607831e-05,-0.91666764,0.4670652,0.36769712
27.7776,103.712,96.638466,309.284,3.626943e-05,-0.9889461,0.28357556,0.40228435
29.3208,103.712,90.26943,309.284,3.6306403e-05,-1.0211315,0.12537898,0.43478736
30.3496,103.712,86.35036,309.284,3.626943e-05,-1.5432,1.8402476e-08,0.4466569
30.3496,85.192,88.56579,317.618,3.6250873e-05,-1.5410851,-0.08076511,0.45400217
30.3496,68.524,90.767685,325.952,3.626943e-05,-1.542965,-0.026932383,0.47106105
31.8928,68.524,84.91047,325.952,3.6392496e-05,-1.02739,0.05384343,0.50390476
32.9216,68.524,81.27294,325.952,3.651592e-05,-1.5373278,0.13449873,0.5122187
32.9216,68.524,72.3599,287.06,3.6516092e-05,-1.5373278,0.13449873,0.5129756
32.9216,68.524,63.190228,248.16801,3.651592e-05,-1.5394408,0.107648335,0.50102156
32.9216,57.412,63.17714,248.16801,3.6638718e-05,-1.5410851,0.08076514,0.48571163
32.9216,51.856,63.163857,248.16801,3.67623e-05,-2.05478,0.10768686,0.47075945
32.9216,51.856,64.04479,251.872,3.6780748e-05,-2.05478,0.10768686,0.45160374
32.9216,51.856,65.14737,256.502,3.67623e-05,-2.5704334,0.089761026,0.4277949
32.9216,51.856,66.02541,260.206,3.676219e-05,-2.572,3.0670794e-08,0.39996165
32.9216,51.856,67.337975,265.762,3.67623e-05,-2.5704334,-0.089762196,0.36980987
33.436,51.856,72.51867,294.468,3.676219e-05,-2.5684752,-0.13460852,0.33827797
34.4648,51.856,76.17069,325.952,3.67623e-05,-2.05478,-0.10768682,0.30408916
34.979202,51.856,74.59186,325.952,3.672509e-05,-2.0576,2.4536634e-08,0.2699971
35.4936,51.856,73.03784,325.952,3.67623e-05,-2.042263,0.25075796,0.24653298
35.4936,51.856,72.97474,325.952,3.6989833e-05,-2.0048637,0.4628596,0.23327607
35.4936,51.856,72.901085,325.952,3.7254722e-05,-2.5060797,0.57857454,0.20457855
35.4936,51.856,83.00674,380.58603,3.7377744e-05,-2.5247452,0.49076045,0.2033943
35.4936,51.856,92.88136,437.998,3.7500762e-05,-2.0197961,0.39260834,0.20221004
36.008,51.856,90.985146,440.776,3.7727976e-05,-2.0197961,0.39260834,0.20102578
37.0368,51.856,87.35595,446.33203,3.7992504e-05,-2.0048637,0.4628596,0.19984153
37.0368,51.856,87.20717,446.33203,3.8238115e-05,-1.987489,0.5325459,0.19865729
37.0368,51.856,87.05834,446.33203,3.8483773e-05,-1.9778922,0.5671511,0.19747303
37.0368,51.856,86.92083,446.33203,3.8710605e-05,-1.9568938,0.6358336,0.19628878
37.0368,51.856,86.76077,446.33203,3.897458e-05,-1.9209352,0.7373776,0.19510452
37.0368,51.856,86.53775,446.33203,3.9342318e-05,-1.8940307,0.80396855,0.19392027
37.0368,51.856,86.31475,446.33203,3.9709896e-05,-1.4501337,0.5278054,0.19273601
37.0368,51.856,86.188416,446.33203,3.991799e-05,-1.4407014,0.5530332,0.19155176
37.0368,51.856,86.017586,446.33203,4.0199502e-05,-1.1992917,0.9711672,0.1903675
37.0368,51.856,85.70213,446.33203,4.071896e-05,-1.209427,1.6646333,0.18918325
37.0368,51.856,85.275505,446.33203,4.142137e-05,-1.1801912,1.685487,0.18799901
36.008,57.412,85.913345,423.64502,4.2219828e-05,-1.2667849,1.6214111,0.18681476
35.4936,68.524,84.35519,402.81003,4.3126656e-05,-1.6532501,1.970266,0.1856305
36.008,68.524,81.84861,402.81003,4.4061762e-05,-1.6532501,1.970266,0.18444625
37.0368,68.524,77.37048,402.81003,4.506766e-05,-1.8574418,2.4649088,0.18326199
37.0368,68.524,76.83232,402.81003,4.615554e-05,-2.0653346,2.9496024,0.18207774
37.0368,68.524,76.29529,402.81003,4.7240763e-05,-2.2660575,2.7983465,0.18089348
37.0368,68.524,75.81048,402.81003,4.8220427e-05,-2.2201705,2.1439936,0.17970923
37.0368,68.524,75.344246,402.81003,4.916265e-05,-2.3985834,1.9423344,0.17852497
37.5512,68.524,73.878,411.14398,5.012011e-05,-2.4321163,1.9001777,0.17734072
38.58,68.524,70.480804,420.867,5.1074945e-05,-2.3293362,2.0248601,0.17615648
37.5512,68.524,73.95417,420.867,5.2008654e-05,-2.2201705,2.1439936,0.17497222
37.0368,68.524,75.529274,420.867,5.2977284e-05,-2.7175589,2.3623366,0.17378797
37.0368,68.524,77.292046,442.628,5.3990036e-05,-2.7983472,2.2660568,0.17260371
37.0368,68.524,79.0348,467.63,5.510506e-05,-2.590199,2.5013258,0.17141946
36.008,68.524,83.28209,467.63,5.6397646e-05,-2.753606,3.0581899,0.1702352
35.4936,68.524,85.15715,467.63,5.768715e-05,-2.9098864,2.9098854,0.16905095
34.979202,75.932,91.85324,512.078,5.878962e-05,-2.7583733,2.3145492,0.16786669
34.4648,85.192,98.662445,557.452,5.9784e-05,-2.8757265,2.167016,0.16668244
34.4648,85.192,98.57871,565.786,6.0727813e-05,-2.9131088,2.1164966,0.16549818
34.4648,85.192,98.53834,575.046,6.1635496e-05,-2.9131088,2.1164966,0.16431394
32.9216,75.932,109.84624,575.046,6.255632e-05,-2.9131088,2.1164966,0.16312969
31.8928,68.524,117.98475,575.046,6.3474974e-05,-2.9851987,2.0135417,0.16194543
30.3496,92.6,129.1023,555.6,6.438894e-05,-3.4116557,2.3011906,0.16076118
29.3208,120.38,136.06407,539.85803,6.530208e-05,-3.3709748,2.3603814,0.15957692
26.7488,120.38,158.64206,518.56,6.6226945e-05,-3.4898872,2.1807244,0.15839267
25.2056,120.38,170.74017,498.188,6.711647e-05,-3.6987176,1.8039843,0.15720841
23.6624,120.38,190.04483,498.188,6.8006906e-05,-3.890998,1.3397782,0.15602416
22.6336,120.38,204.0955,498.188,6.869332e-05,-3.9557843,1.1343023,0.1548399
21.604801,120.38,215.08832,488.92798,6.901747e-05,-4.4718504,1.1982284,0.15365566
21.0904,120.38,218.92387,480.594,6.914198e-05,-4.5284324,0.962547,0.15247141
20.576,103.712,246.40385,521.338,6.925313e-05,-4.6042385,0.4839245,0.15128715
20.0616,85.192,277.82104,565.786,6.936598e-05,-4.10956,0.21537372,0.1501029
19.0328,85.192,298.82663,565.786,6.9537185e-05,-3.5920286,0.25117946,0.14891864
18.5184,85.192,309.84286,565.786,6.981338e-05,-3.5739603,0.43882644,0.14773439
17.489601,85.192,332.8151,565.786,7.022599e-05,-4.052681,0.7145969,0.14655013
16.9752,85.192,344.93442,565.786,7.07056e-05,-3.992961,0.99555725,0.14536588
16.9752,85.192,348.27216,570.416,7.111597e-05,-4.427309,1.3535628,0.14418162
16.9752,85.192,351.337,574.583,7.159438e-05,-4.322104,1.6590996,0.14299737
16.4608,85.192,356.41006,563.471,7.224137e-05,-4.292491,1.7342775,0.14181313
15.9464,85.192,361.53442,552.82196,7.2921e-05,-3.9137876,1.2716672,0.14062887
14.917601,92.6,385.51218,550.507,7.3469266e-05,-3.493841,0.8711126,0.13944462
14.4032,100.008,397.37823,548.65497,7.382972e-05,-3.5085115,0.8100043,0.13826036
14.4032,103.712,397.15442,548.192,7.402041e-05,-3.3836453,1.2315458,0.13707611
14.4032,103.712,362.87787,506.52197,7.466103e-05,-3.236378,1.5784862,0.13589185
14.4032,103.712,327.6112,463.0,7.533226e-05,-3.563868,2.0575995,0.1347076
13.8888,103.712,324.58823,446.332,7.596751e-05,-3.3709748,2.3603814,0.13352334
13.3744,103.712,320.09634,428.738,7.663584e-05,-3.019885,1.9611366,0.13233909
12.3456,103.712,324.64264,411.14398,7.739177e-05,-2.6994264,1.4963164,0.13115485
11.8312,103.712,319.30246,394.476,7.814606e-05,-2.5884728,1.6809741,0.1299706
11.8312,103.712,271.64252,342.62,7.880484e-05,-2.5884728,1.6809741,0.12878634
11.8312,103.712,226.38171,291.69,7.943125e-05,-2.5884728,1.6809741,0.12760209
