Vmax,Rmax_IBT,Rmax_CK22,R34,fcor,u_trans,v_trans,mean_ck_cd
9.2592,103.712,85.99502,103.712,3.7254722e-05,-2.6994264,1.4963164,0.2
9.7736,103.712,96.01079,120.38,3.7991893e-05,-2.6994264,1.4963164,0.2
10.802401,103.712,88.61828,119.917,3.872924e-05,-3.236378,1.5784862,0.2
11.3168,103.712,85.46487,119.917,3.9360588e-05,-3.338604,1.3488826,0.2
11.8312,103.712,82.50978,119.917,3.995476e-05,-3.338604,1.3488826,0.2
12.3456,85.192,79.74012,119.917,4.058389e-05,-3.338604,1.3488826,0.2
13.3744,68.524,74.625305,119.917,4.1177245e-05,-3.4046233,1.1723058,0.2
13.3744,68.524,80.13915,128.251,4.1701856e-05,-3.9557843,1.1343023,0.2
13.3744,68.524,86.30215,137.51099,4.2152973e-05,-3.5085115,0.8100043,0.2
13.3744,68.524,86.34182,137.51099,4.2499316e-05,-3.5085115,0.8100043,0.2
13.3744,68.524,86.38567,137.51099,4.288343e-05,-3.4434626,1.0527711,0.2
13.3744,68.524,86.45484,137.51099,4.3490654e-05,-3.3616366,1.2904108,0.2
13.3744,68.524,86.523865,137.51099,4.409823e-05,-3.4434626,1.0527711,0.2
13.3744,68.524,86.569115,137.51099,4.4497774e-05,-3.5085115,0.8100043,0.2
13.3744,68.524,86.60611,137.51099,4.4825505e-05,-3.522114,0.74864763,0.2
13.8888,68.524,92.07361,150.012,4.5206594e-05,-3.5085115,0.8100043,0.2
14.4032,68.524,97.583626,162.976,4.5551555e-05,-3.5346434,0.6870646,0.2
14.917601,68.524,92.116295,158.80899,4.5792796e-05,-3.0395107,0.5359477,0.2
15.9464,68.524,84.425865,154.642,4.6034886e-05,-3.0072956,0.6942894,0.2
16.4608,57.412,94.27556,175.94,4.6360205e-05,-2.4461174,0.79479206,0.2
16.9752,51.856,103.99947,197.701,4.675884e-05,-2.401169,0.921722,0.2
16.9752,51.856,106.46014,201.868,4.722266e-05,-2.3675385,1.0049607,0.2
16.9752,51.856,108.93868,206.035,4.7722115e-05,-2.3310237,1.086974,0.2
17.489601,51.856,110.65781,214.36899,4.818451e-05,-2.2709413,1.207481,0.2
18.5184,51.856,109.194695,222.70302,4.868306e-05,-1.7256485,1.1206495,0.2
19.0328,51.856,110.658485,231.037,4.928218e-05,-1.6432723,1.2382948,0.2
20.0616,51.856,109.44734,240.29701,4.9880902e-05,-1.7058278,1.1505953,0.2
21.0904,51.856,103.81114,240.29701,5.0322746e-05,-1.7637078,1.059742,0.2
22.6336,51.856,96.028694,240.29701,5.083645e-05,-2.080792,1.5117832,0.2
23.6624,51.856,96.22527,252.798,5.163479e-05,-2.36432,1.9838994,0.2
25.2056,51.856,93.97888,266.22498,5.250265e-05,-2.4321163,1.9001777,0.2
26.2344,40.744,89.30654,266.22498,5.321392e-05,-2.080792,1.5117832,0.2
27.7776,35.188,82.788895,266.22498,5.392461e-05,-2.5282311,1.770286,0.2
29.3208,24.076,77.93365,270.39197,5.4733893e-05,-2.4649084,1.8574424,0.2
30.3496,16.668,75.260605,275.02197,5.5576067e-05,-2.2936418,2.065205,0.2
30.3496,16.668,75.16448,275.02197,5.639812e-05,-1.7540995,1.8810419,0.2
30.3496,16.668,75.06737,275.02197,5.721923e-05,-1.7210038,1.9113686,0.2
29.3208,24.076,78.86909,275.02197,5.8055066e-05,-1.7540995,1.8810419,0.2
27.7776,35.188,85.152435,275.02197,5.8853857e-05,-1.687384,1.941113,0.2
25.720001,40.744,94.6344,275.02197,5.9603528e-05,-1.376803,1.5290949,0.2
23.6624,51.856,105.51533,275.02197,6.0247978e-05,-1.6214108,1.2667851,0.2
21.604801,51.856,113.79244,265.762,6.0780898e-05,-1.7996175,0.9975442,0.2
20.0616,51.856,119.70375,257.42798,6.1173734e-05,-1.8648189,0.8695792,0.2
17.489601,51.856,138.17232,257.42798,6.1473474e-05,-1.4501337,0.5278054,0.2
15.9464,51.856,150.84871,257.42798,6.1635496e-05,-1.5242006,0.24140978,0.2
14.917601,57.412,162.8892,261.595,6.16872e-05,-1.5432,1.8402476e-08,0.2
14.4032,68.524,170.73451,265.762,6.1635496e-05,-2.0497704,-0.17933159,0.2
14.4032,68.524,170.70512,265.762,6.1537175e-05,-2.0375755,-0.2863629,0.2
14.4032,68.524,170.66548,265.762,6.14047e-05,-2.0375755,-0.2863629,0.2
14.4032,68.524,170.6309,265.762,6.128908e-05,-2.042263,-0.25075886,0.2
14.4032,68.524,170.59628,265.762,6.1173734e-05,-2.042263,-0.25075886,0.2
14.4032,68.524,170.56166,265.762,6.105815e-05,-2.042263,-0.25075886,0.2
14.4032,68.524,170.52696,265.762,6.0942573e-05,-2.0375755,-0.2863629,0.2
14.4032,68.524,170.48698,265.762,6.0809336e-05,-1.5242006,-0.24140973,0.2
14.4032,68.524,170.45747,265.762,6.0711227e-05,-1.5373278,-0.13449869,0.33218503
14.4032,57.412,170.45216,265.762,6.0693652e-05,-1.5432,1.8402476e-08,0.3476863
14.4032,51.856,170.45747,265.762,6.0711227e-05,-1.0281733,0.03590441,0.36769712
14.917601,51.856,168.36179,269.929,6.0728373e-05,-1.0288,1.2268317e-08,0.40228435
15.9464,51.856,161.4215,274.096,6.0711227e-05,-1.0211315,-0.12537943,0.43478736
15.9464,51.856,164.10982,278.263,6.061283e-05,-1.5094774,-0.32084966,0.4466569
15.9464,51.856,167.09492,282.893,6.0479695e-05,-1.4973603,-0.37333393,0.45400217
15.9464,51.856,169.78162,287.06,6.034629e-05,-1.5094774,-0.32084966,0.47106105
15.9464,51.856,172.78659,291.69,6.0247978e-05,-1.5347463,-0.16130812,0.50390476
16.4608,40.744,167.7579,291.69,6.0230555e-05,-1.5432,1.8402476e-08,0.5122187
16.9752,35.188,162.89659,291.69,6.0247978e-05,-1.5432,1.8402476e-08,0.5129756
17.489601,35.188,165.64827,304.19098,6.023045e-05,-1.5432,1.8402476e-08,0.50102156
18.5184,35.188,163.72726,317.61798,6.0247978e-05,-1.5373278,0.13449873,0.48571163
20.0616,35.188,152.0,321.785,6.03283e-05,-1.5197554,0.26797384,0.47075945
21.0904,35.188,145.307,325.952,6.0479695e-05,-2.0126367,0.42779866,0.45160374
22.6336,24.076,134.83769,330.11902,6.0694205e-05,-2.5247452,0.49076045,0.4277949
23.6624,16.668,128.97871,334.74902,6.0942573e-05,-3.0296943,0.58891255,0.39996165
25.720001,16.668,118.872734,347.25,6.115594e-05,-2.5247452,0.49076045,0.36980987
27.7776,16.668,109.244484,360.21402,6.14047e-05,-2.4956007,0.6222233,0.33827797
29.835201,16.668,98.87165,368.548,6.171557e-05,-2.4596162,0.7519794,0.30408916
31.8928,16.668,89.21688,376.88202,6.20965e-05,-2.9182484,1.0048336,0.2699971
30.864,24.076,98.19412,394.93903,6.2538726e-05,-2.9002674,1.0556108,0.24653298
30.3496,35.188,104.60431,412.07,6.3016254e-05,-2.9182484,1.0048336,0.23327607
30.3496,40.744,105.27353,416.237,6.345724e-05,-3.4245641,1.1127088,0.20457855
30.3496,51.856,105.91631,420.404,6.393293e-05,-3.4245641,1.1127088,0.2033943
31.8928,51.856,95.18155,416.237,6.445173e-05,-3.3836453,1.2315458,0.20221004
32.9216,51.856,88.27315,411.607,6.507438e-05,-3.7880614,1.6079371,0.20102578
33.436,40.744,87.47663,429.20102,6.583583e-05,-4.1958427,1.9565531,0.19984153
34.4648,35.188,83.24997,445.869,6.666408e-05,-4.1958427,1.9565531,0.19865729
32.9216,35.188,91.886246,445.869,6.743798e-05,-4.1958427,1.9565531,0.19747303
31.8928,35.188,98.08861,445.869,6.8243826e-05,-3.599235,1.9950885,0.19628878
30.864,40.744,106.13652,454.203,6.914082e-05,-3.451297,2.241299,0.19510452
30.3496,51.856,111.0613,463.0,7.003676e-05,-3.019885,1.9611366,0.19392027
30.3496,51.856,110.01044,458.833,7.0782444e-05,-2.9851987,2.0135417,0.19273601
30.3496,51.856,108.93625,454.66602,7.159438e-05,-2.7983472,2.2660568,0.19155176
29.835201,51.856,114.684975,467.167,7.263345e-05,-2.590199,2.5013258,0.1903675
29.3208,51.856,120.82901,480.13098,7.380098e-05,-2.9098864,2.9098854,0.18918325
28.292,57.412,129.848,480.13098,7.502163e-05,-2.9098864,2.9098854,0.18799901
27.7776,68.524,134.41783,480.13098,7.620224e-05,-2.5013263,2.590198,0.18681476
26.7488,68.524,145.88782,484.761,7.7240395e-05,-2.1049194,2.2572503,0.1856305
26.2344,68.524,152.38036,488.928,7.814606e-05,-2.143994,2.2201698,0.18444625
25.720001,68.524,159.27881,493.09503,7.896047e-05,-1.8810418,1.7540998,0.18326199
25.2056,68.524,166.60994,497.26202,7.9644604e-05,-2.0540903,1.5478686,0.18207774
24.1768,68.524,180.0726,497.26202,8.022498e-05,-2.1322846,1.4382441,0.18089348
23.6624,68.524,187.1361,497.26202,8.070772e-05,-1.6214108,1.2667851,0.17970923
23.6624,68.524,182.78242,484.76105,8.1178034e-05,-1.1100852,1.0719968,0.17852497
23.6624,68.524,178.26472,471.79703,8.155382e-05,-1.2942364,0.84048706,0.17734072
23.148,68.524,185.14828,471.79703,8.182969e-05,-1.4591242,0.5024168,0.17615648
22.6336,68.524,192.29106,471.79703,8.197536e-05,-1.4676703,0.47687522,0.17497222
21.604801,75.932,206.89629,470.87103,8.221012e-05,-1.5432,1.8402476e-08,0.17378797
21.0904,85.192,215.1616,471.797,8.197536e-05,-1.6854874,-1.1801907,0.17260371
21.0904,85.192,211.15623,463.0,8.176471e-05,-1.6432723,-1.2382948,0.17141946
19.0328,92.6,227.16702,432.905,8.145131e-05,-0.99824023,-0.24888928,0.1702352
16.9752,103.712,240.75641,403.273,8.155382e-05,-1.0286434,0.017954946,0.16905095
16.4608,103.712,245.56018,398.643,8.146388e-05,-0.98384625,-0.30079225,0.16786669
15.9464,103.712,250.62494,394.476,8.134267e-05,-0.9538866,-0.38539547,0.16668244
14.917601,137.048,260.6487,386.14203,8.113148e-05,-1.387019,-0.6764941,0.16549818
14.4032,172.236,262.2408,377.808,8.0919635e-05,-0.890967,-0.5143999,0.16431394
14.4032,188.904,247.94226,359.75104,8.078169e-05,-0.4409268,-0.2649357,0.16312969
14.4032,205.572,234.894,343.08298,8.070772e-05,-0.501216,-0.115714885,0.16194543
13.8888,290.764,349.93344,472.26,8.069178e-05,-0.5144,6.1341585e-09,0.16076118
13.3744,377.808,353.09012,463.0,8.070772e-05,-1.0286434,0.017954946,0.15957692
12.3456,377.808,368.039,454.66602,8.0707556e-05,-1.0288,1.2268317e-08,0.15839267
11.8312,377.808,371.31494,446.332,8.070772e-05,-1.0288,1.2268317e-08,0.15720841
11.3168,377.808,382.77933,446.332,8.070766e-05,-1.5432,1.8402476e-08,0.15602416
10.802401,377.808,394.46658,446.332,8.070772e-05,-1.5394408,-0.10764829,0.1548399
9.7736,429.664,437.4614,463.0,8.062826e-05,-1.5432,1.8402476e-08,0.15365566
9.2592,479.668,470.56613,479.668,8.070772e-05,-1.4407014,0.5530332,0.15247141
