Vmax,Rmax_IBT,Rmax_CK22,R34,fcor,u_trans,v_trans,mean_ck_cd
12.3456,109.268,183.40831,269.466,2.8321065e-05,-1.376803,-1.5290949,0.4466569
14.4032,68.524,226.12737,368.548,2.7578055e-05,-0.8529139,-0.57529765,0.45400217
15.9464,55.56,210.57068,374.56702,2.7496932e-05,-0.9838464,0.30079174,0.47106105
16.9752,40.744,203.31671,381.975,2.7827968e-05,-0.545181,0.87247187,0.50390476
19.0328,44.447998,182.87546,383.364,2.8233824e-05,-0.19630447,1.0098981,0.5122187
21.0904,51.856,165.91083,386.142,2.882674e-05,0.18806878,1.5316973,0.5129756
23.148,51.856,152.33357,392.16098,2.9388002e-05,0.46285927,2.004864,0.50102156
25.2056,51.856,140.53941,399.106,3.0322259e-05,0.0,2.572,0.48571163
27.7776,51.856,124.481064,399.106,3.1814445e-05,-0.5359485,3.0395107,0.47075945
29.3208,40.744,116.85716,403.27298,3.330315e-05,-0.9217227,2.4011688,0.45160374
29.835201,40.744,114.78255,406.514,3.4231725e-05,-1.0597425,1.7637073,0.4277949
30.3496,40.744,113.351204,412.07,3.47882e-05,-0.9500887,1.2160584,0.39996165
31.8928,40.744,108.65194,426.42303,3.5164507e-05,-0.79480684,1.3227805,0.36980987
32.9216,40.744,106.58696,442.16504,3.577612e-05,-0.32187933,2.0322676,0.33827797
32.9216,40.744,106.0457,442.16504,3.700857e-05,-0.3579532,2.5469694,0.30408916
34.4648,40.744,97.881516,442.16504,3.8238195e-05,-1.1676636,2.291669,0.2699971
34.979202,37.04,94.96147,442.16504,3.923955e-05,-1.8501421,1.7866613,0.24653298
35.4936,35.188,92.23131,442.16504,3.995476e-05,-2.1811795,1.3629527,0.23327607
35.4936,35.188,92.009575,442.16504,4.0358278e-05,-1.8797112,0.8369013,0.20457855
35.4936,35.188,91.82794,442.16504,4.0688625e-05,-1.7996175,0.9975442,0.2033943
35.4936,35.188,93.70832,456.518,4.128096e-05,-1.6432723,1.2382948,0.20221004
35.4936,35.188,95.60472,471.797,4.1909232e-05,-1.6214108,1.2667851,0.20102578
36.008,37.04,92.7526,471.797,4.2432843e-05,-1.6854874,1.1801907,0.19984153
37.0368,40.744,87.63097,471.797,4.288343e-05,-1.8167529,0.9659848,0.19865729
37.0368,40.744,87.38351,471.797,4.3248252e-05,-1.8797112,0.8369013,0.19747303
37.0368,40.744,87.136375,471.797,4.3612705e-05,-1.8648189,0.8695792,0.19628878
36.008,40.744,91.69483,471.797,4.4061715e-05,-1.7637078,1.059742,0.19510452
35.4936,40.744,93.91079,471.797,4.458322e-05,-1.4549432,1.4549427,0.19392027
34.4648,37.04,98.90224,471.797,4.5188594e-05,-1.1801912,1.685487,0.19273601
32.9216,35.188,107.299934,471.797,4.5793287e-05,-0.9919501,1.1821597,0.19155176
31.8928,37.04,108.44924,446.33203,4.625818e-05,-1.128625,1.05246,0.1903675
30.3496,40.744,111.939,420.404,4.675884e-05,-0.8404868,1.2942365,0.18918325
29.835201,40.744,114.87709,420.404,4.7463338e-05,-0.57809293,1.4308301,0.18799901
29.3208,40.744,117.93835,420.404,4.8202877e-05,-0.79480684,1.3227805,0.18681476
27.7776,40.744,128.32689,420.404,4.8803067e-05,-1.0326023,1.1468211,0.1856305
26.2344,40.744,139.87688,420.404,4.9402213e-05,-0.9070703,1.248475,0.18444625
25.720001,40.744,138.27406,403.273,5.0102015e-05,-0.6764945,1.3870189,0.18326199
25.2056,40.744,136.19925,385.679,5.083645e-05,-0.7707906,1.9077735,0.18207774
24.1768,40.744,144.29059,385.679,5.1533534e-05,-0.7373781,1.920935,0.18089348
23.6624,40.744,148.57928,385.679,5.22651e-05,-0.836901,1.8797114,0.17970923
23.148,40.744,153.0539,385.679,5.311339e-05,-1.0597425,1.7637073,0.17852497
22.6336,40.744,157.71526,385.679,5.392461e-05,-1.3226001,1.5762128,0.17734072
21.604801,44.447998,167.4822,385.679,5.4550743e-05,-1.8810418,1.7540998,0.17615648
21.0904,51.856,172.66931,385.679,5.510506e-05,-2.0540903,1.5478686,0.17497222
21.604801,44.447998,179.42458,411.607,5.5693738e-05,-2.1322846,1.4382441,0.17378797
22.6336,40.744,179.80272,437.998,5.6281307e-05,-1.6854874,1.1801907,0.17260371
23.148,40.744,174.24008,437.998,5.6884994e-05,-1.6646336,1.2094265,0.17141946
23.6624,40.744,168.8046,437.998,5.7453286e-05,-1.7996175,0.9975442,0.1702352
23.6624,31.484,168.78786,437.998,5.793826e-05,-2.349639,1.0461266,0.16905095
23.6624,24.076,168.77113,437.998,5.83877e-05,-2.2916691,1.167663,0.16786669
22.6336,24.076,188.3294,458.37,5.8871083e-05,-2.2274175,1.2859998,0.16668244
21.0904,24.076,218.05702,480.594,5.9319285e-05,-2.3116984,1.1274902,0.16549818
20.0616,37.04,232.92047,480.594,5.9702834e-05,-1.9077736,0.77079004,0.16431394
18.5184,51.856,256.91037,480.594,6.0016075e-05,-1.4097834,0.627676,0.16312969
18.5184,75.932,259.13983,484.29797,6.0247767e-05,-1.3227807,0.7948065,0.16194543
18.5184,103.712,261.90775,488.92798,6.0479695e-05,-0.7400569,0.7146645,0.16076118
17.489601,103.712,279.59454,488.92798,6.080942e-05,-0.545181,0.87247187,0.15957692
16.9752,103.712,288.92014,488.92798,6.1173734e-05,-0.545181,0.87247187,0.15839267
16.4608,103.712,298.47345,488.92798,6.145086e-05,-0.4184505,0.9398557,0.15720841
15.9464,103.712,308.3807,488.92798,6.186609e-05,0.0,1.0288,0.15602416
15.9464,103.712,277.83908,444.943,6.260264e-05,0.3572985,2.0263405,0.1548399
15.9464,103.712,249.28752,403.273,6.3474974e-05,0.7373779,1.920935,0.15365566
15.9464,103.712,249.6586,403.273,6.4275606e-05,0.9975442,1.7996175,0.15247141
15.9464,103.712,250.02574,403.273,6.507438e-05,0.9659847,1.8167529,0.15128715
15.9464,103.712,250.38878,403.273,6.587068e-05,1.324678,2.2046344,0.1501029
15.9464,103.712,250.74754,403.273,6.666408e-05,1.721004,1.9113685,0.14891864
14.917601,103.712,267.10965,403.273,6.7420224e-05,2.4321165,1.9001777,0.14773439
14.4032,103.712,275.8755,403.273,6.8243826e-05,2.4649088,1.8574418,0.14655013
13.8888,103.712,273.8334,389.383,6.92194e-05,3.152426,2.6451995,0.14536588
13.3744,103.712,272.4988,376.882,7.025991e-05,3.6481748,2.8502665,0.14418162
13.3744,103.712,258.90067,359.751,7.115826e-05,3.8827093,2.521461,0.14299737
13.3744,103.712,245.83363,343.083,7.2258685e-05,4.9960704,2.6564584,0.14181313
11.8312,103.712,269.58035,343.083,7.396009e-05,5.9583387,3.0359256,0.14062887
10.802401,103.712,286.66196,343.083,7.5550095e-05,6.0104156,2.9314759,0.13944462
10.802401,120.38,287.14883,343.083,7.6435375e-05,6.1555996,2.6128979,0.13826036
10.802401,137.048,287.3784,343.083,7.6852295e-05,6.8491287,2.2254167,0.13707611
