Vmax,Rmax_IBT,Rmax_CK22,R34,fcor,u_trans,v_trans,mean_ck_cd
11.8312,120.38,69.5406,102.785995,2.7328068e-05,-3.4434626,1.0527711,0.2
12.3456,120.38,77.33923,118.065,2.750917e-05,-3.5739603,0.43882644,0.2
13.3744,120.38,81.601585,132.88101,2.7578055e-05,-3.5958652,0.188452,0.33218503
14.4032,85.192,85.134224,147.234,2.7633941e-05,-3.6002517,0.06284231,0.3476863
15.9464,51.856,86.489815,162.97601,2.7578055e-05,-3.5958652,-0.18845193,0.36769712
16.4608,68.524,95.10443,183.34799,2.7346518e-05,-3.0633945,-0.3761383,0.40228435
16.9752,85.192,104.30707,205.572,2.707799e-05,-3.0694926,-0.32261625,0.43478736
17.489601,75.932,101.43629,205.572,2.6952992e-05,-3.0746555,-0.26899737,0.4466569
18.5184,68.524,96.11288,205.572,2.6827835e-05,-2.5157955,-0.53474945,0.45400217
19.0328,68.524,100.74421,220.388,2.6595899e-05,-1.420523,-0.60297644,0.47106105
20.0616,68.524,102.71733,235.66699,2.6327272e-05,-1.9335115,-0.7037405,0.50390476
21.0904,68.524,105.39926,253.261,2.5945576e-05,-2.0197961,-0.39260828,0.5122187
22.6336,68.524,104.88353,269.92902,2.5826394e-05,-1.5347463,0.16130817,0.5129756
22.6336,68.524,107.426865,275.948,2.6307172e-05,-0.7995278,0.64744484,0.50102156
22.6336,68.524,110.22493,282.43,2.707799e-05,-0.79480684,1.3227805,0.48571163
23.6624,75.932,105.30247,282.43,2.7827968e-05,-0.836901,1.8797114,0.47075945
23.6624,85.192,105.41768,282.43,2.857718e-05,-0.9019927,1.8493586,0.45160374
25.2056,75.932,99.166405,284.282,2.9257615e-05,-0.99754393,1.7996176,0.4277949
26.2344,68.524,95.68352,286.59702,3.0073232e-05,-0.9634882,2.384717,0.39996165
26.2344,68.524,102.981476,307.89502,3.1224045e-05,-0.7947916,2.4461174,0.36980987
26.2344,68.524,110.58335,330.11902,3.2559245e-05,-1.1561859,2.8616602,0.33827797
29.3208,57.412,95.70437,327.80402,3.3922297e-05,-1.634729,3.2083364,0.30408916
31.8928,51.856,85.10863,325.952,3.5282377e-05,-1.7702868,2.5282307,0.2699971
32.4072,51.856,84.56341,332.434,3.6497688e-05,-1.9001774,2.4321167,0.24653298
32.9216,51.856,84.71599,342.62,3.7746686e-05,-1.690473,3.179318,0.23327607
33.436,51.856,85.963066,359.28802,3.920107e-05,-1.2315469,3.383645,0.20457855
34.4648,51.856,85.04297,377.345,4.0688625e-05,-1.5784872,3.2363775,0.2033943
34.4648,51.856,94.28135,432.44202,4.20495e-05,-1.9611359,3.019885,0.20221004
34.4648,51.856,102.6456,488.92798,4.3369746e-05,-1.4011964,2.7500026,0.20102578
34.4648,51.856,101.80548,488.92798,4.466795e-05,-0.8507276,2.966838,0.19984153
34.4648,51.856,100.91841,488.92798,4.6034886e-05,-0.8711119,3.4938412,0.19865729
33.436,51.856,106.0069,488.92798,4.7565696e-05,-0.74864864,3.5221138,0.19747303
32.9216,51.856,108.24699,488.92798,4.916265e-05,-0.37638676,3.5810742,0.19628878
32.4072,51.856,112.051315,497.262,5.07171e-05,0.1077138,3.0845199,0.19510452
31.8928,51.856,116.17699,506.059,5.22651e-05,0.5632893,3.5564682,0.19392027
30.864,51.856,123.05382,506.059,5.375298e-05,0.74864846,3.522114,0.19273601
30.3496,51.856,126.28205,506.059,5.5340646e-05,0.995557,3.992961,0.19155176
28.292,68.524,143.47227,506.059,5.7183806e-05,1.2760907,4.4502573,0.1903675
26.2344,85.192,163.69157,506.059,5.9086666e-05,1.4747558,3.84187,0.18918325
25.720001,85.192,168.9193,506.059,6.0773957e-05,2.1734657,4.087694,0.18799901
25.2056,85.192,174.42209,506.059,6.255676e-05,2.8016233,4.3141212,0.18681476
23.6624,85.192,199.28076,522.264,6.459599e-05,3.361948,5.1769457,0.1856305
22.6336,85.192,220.92532,540.321,6.689037e-05,3.7090983,6.172976,0.18444625
20.0616,85.192,282.2449,574.583,6.930529e-05,3.9740338,6.613903,0.18326199
16.9752,85.192,374.50146,608.382,7.2037474e-05,5.0671406,6.485644,0.18207774
16.4608,85.192,363.0449,570.416,7.51935e-05,6.6655784,7.1479583,0.18089348
15.9464,85.192,349.08548,531.524,7.8360856e-05,6.4120584,7.3762293,0.17970923
13.3744,85.192,415.05823,531.524,8.02252e-05,5.951699,7.092959,0.17852497
12.3456,85.192,444.076,531.524,8.111295e-05,6.314759,6.7717505,0.17734072
10.288,85.192,506.53754,531.524,8.28221e-05,6.431981,6.660511,0.17615648
9.2592,85.192,540.03955,531.524,8.365155e-05,6.7717505,6.314759,0.17497222
10.802401,85.192,495.89374,531.524,8.623526e-05,6.988007,6.0745816,0.17378797
11.8312,85.192,467.6217,531.524,8.837856e-05,6.2423754,4.535351,0.17260371
