Vmax,Rmax_IBT,Rmax_CK22,R34,fcor,u_trans,v_trans,mean_ck_cd
11.8312,103.712,109.90228,162.976,1.4991469e-05,-5.1056576,0.6268949,0.40228435
13.3744,68.524,112.62581,185.19998,1.5029319e-05,-5.1432166,0.08977473,0.43478736
14.4032,35.188,120.52012,210.665,1.4991469e-05,-5.1369505,0.26921716,0.4466569
14.917601,35.188,132.43295,237.51901,1.5225142e-05,-5.115821,0.5376939,0.45400217
15.9464,35.188,140.67102,266.225,1.5497764e-05,-4.6183224,0.322945,0.47106105
16.9752,35.188,143.8723,287.06,1.5586098e-05,-4.1126933,0.14361764,0.50390476
18.5184,35.188,143.15724,308.358,1.5750842e-05,-4.075151,0.5727259,0.5122187
20.576,35.188,135.94241,322.711,1.6104768e-05,-3.9353857,1.203167,0.5129756
22.6336,35.188,130.49158,338.91602,1.6762664e-05,-3.6987176,1.8039843,0.50102156
23.148,35.188,131.16496,347.25,1.7823426e-05,-4.0093513,2.3147995,0.48571163
23.6624,35.188,131.7815,355.584,1.9036203e-05,-4.623397,2.2549803,0.47075945
25.2056,35.188,123.51298,355.584,2.0139774e-05,-4.802338,1.843444,0.45160374
26.2344,35.188,118.39979,355.584,2.1053198e-05,-4.9192324,1.5039588,0.4277949
27.7776,35.188,111.1618,355.584,2.1613047e-05,-4.492081,1.1200019,0.39996165
29.3208,35.188,104.532104,355.584,2.206018e-05,-4.4502573,1.27609,0.36980987
31.8928,35.188,94.43818,354.65802,2.2650835e-05,-3.867023,1.407481,0.33827797
34.4648,35.188,86.04005,355.584,2.3317392e-05,-3.8418703,1.4747552,0.30408916
37.5512,40.744,77.09824,356.04703,2.4051464e-05,-3.8418703,1.4747552,0.2699971
41.152,51.856,67.899055,355.121,2.4823696e-05,-3.8155472,1.5415801,0.24653298
41.152,44.447998,70.22349,372.252,2.5575793e-05,-3.7880614,1.6079371,0.23327607
41.152,40.744,72.49133,389.846,2.6327272e-05,-3.2083368,1.6347281,0.20457855
40.1232,37.04,76.31798,400.03198,2.7115118e-05,-2.672901,1.5431998,0.2033943
39.6088,35.188,79.095634,411.14398,2.7827968e-05,-2.7251294,1.4489772,0.20221004
39.0944,35.188,87.59116,458.833,2.838357e-05,-2.349639,1.0461266,0.20102578
38.58,35.188,96.058876,506.059,2.882674e-05,-1.9077736,0.77079004,0.19984153
37.5512,40.744,96.801735,484.761,2.923792e-05,-1.9335115,0.7037405,0.19865729
37.0368,51.856,95.17889,463.00003,2.9574905e-05,-1.9335115,0.7037405,0.19747303
36.008,40.744,93.13134,428.738,2.9861698e-05,-1.9335115,0.7037405,0.19628878
35.4936,35.188,88.515434,394.476,3.0073232e-05,-1.4757696,0.45118764,0.19510452
34.979202,40.744,90.31606,394.476,3.0234873e-05,-1.5094774,0.320849,0.19392027
34.4648,51.856,92.203766,394.476,3.0322259e-05,-1.5347463,0.16130817,0.19273601
33.436,57.412,98.829994,406.514,3.034082e-05,-1.5410851,0.08076514,0.19155176
32.9216,68.524,104.10843,420.404,3.0322259e-05,-1.5422599,0.053856615,0.1903675
32.4072,61.116,104.541435,412.07,3.032217e-05,-1.5422599,0.053856615,0.18918325
31.8928,57.412,104.910706,403.73602,3.0322259e-05,-2.0525877,0.14353111,0.18799901
30.864,61.116,109.706375,403.73602,3.0322144e-05,-2.0525877,0.14353111,0.18681476
30.3496,68.524,112.21588,403.73602,3.0322259e-05,-2.0563467,-0.071809754,0.1856305
29.835201,68.524,114.800415,403.73602,3.0341069e-05,-2.0375755,-0.2863629,0.18444625
29.3208,68.524,117.4735,403.73602,3.0322259e-05,-1.5148472,-0.2944562,0.18326199
27.7776,68.524,126.01427,403.73602,3.0197465e-05,-1.5197554,-0.2679738,0.18207774
26.2344,68.524,135.39568,403.73602,3.0073232e-05,-1.5316973,-0.18806915,0.18089348
25.2056,61.116,125.026985,356.047,2.9998419e-05,-2.0576,2.4536634e-08,0.17970923
23.6624,57.412,115.94327,308.82098,3.0073232e-05,-1.4834192,0.42536333,0.17852497
23.148,57.412,127.97424,331.50803,3.039086e-05,-1.3227807,0.7948065,0.17734072
22.6336,57.412,141.5069,356.047,3.0820032e-05,-1.2793709,0.8629465,0.17615648
21.0904,57.412,152.95163,356.047,3.1174233e-05,-1.2942364,0.84048706,0.17497222
20.0616,57.412,161.39546,356.047,3.156599e-05,-1.2641156,0.885143,0.17378797
18.5184,61.116,168.65756,343.54602,3.204406e-05,-1.2484752,0.9070699,0.17260371
16.9752,68.524,178.30177,334.286,3.2559245e-05,-1.6646336,1.2094265,0.17141946
16.4608,68.524,177.63837,324.1,3.3073964e-05,-1.7058278,1.1505953,0.1702352
15.9464,68.524,178.52328,316.69202,3.3550914e-05,-1.781934,1.0287998,0.16905095
14.4032,75.932,195.26054,316.69202,3.3959408e-05,-1.8797112,0.8369013,0.16786669
13.3744,85.192,207.63576,316.69202,3.4293596e-05,-1.9209352,0.7373776,0.16668244
12.3456,85.192,221.03159,316.69202,3.459641e-05,-1.9568938,0.6358336,0.16549818
11.8312,85.192,228.16151,316.69202,3.47882e-05,-1.5036478,0.3471447,0.16431394
11.3168,85.192,235.53043,316.69202,3.4880788e-05,-1.0262939,0.07176556,0.16312969
10.802401,85.192,243.1149,316.69202,3.47882e-05,-1.0281733,-0.035904877,0.16194543
10.802401,85.192,242.97314,316.69202,3.447281e-05,-1.0211315,-0.12537943,0.16076118
10.802401,85.192,242.78133,316.69202,3.404614e-05,-1.9964805,-0.49777856,0.15957692
10.802401,103.712,242.581,316.69202,3.3600383e-05,-2.4843612,-0.66568244,0.15839267
10.802401,120.38,242.44745,316.69202,3.330315e-05,-2.5403342,-0.40234956,0.15720841
10.802401,120.38,242.4697,316.69202,3.3352713e-05,-2.5704334,-0.089762196,0.15602416
10.802401,120.38,242.55873,316.69202,3.3550914e-05,-2.5704334,0.089761026,0.1548399
11.3168,120.38,234.95012,316.69202,3.3655808e-05,-2.5684752,0.13460858,0.15365566
11.8312,120.38,227.67543,316.69202,3.3798577e-05,-2.5684752,0.13460858,0.15247141
11.8312,120.38,241.41974,334.286,3.402749e-05,-2.5684752,0.13460858,0.15128715
11.8312,120.38,255.30334,351.88,3.4293596e-05,-2.0375755,0.28636295,0.1501029
11.8312,120.38,240.27565,332.43402,3.45776e-05,-2.0197961,0.39260834,0.14891864
11.8312,120.38,228.16151,316.69202,3.47882e-05,-2.0497704,0.17933165,0.14773439
10.802401,120.38,243.165,316.69202,3.4899687e-05,-2.0563467,-0.071809754,0.14655013
9.2592,120.38,267.9387,316.69202,3.47882e-05,-2.5684752,-0.13460852,0.14536588
9.2592,137.048,267.78726,316.69202,3.433043e-05,-2.5684752,-0.13460852,0.14418162
9.2592,153.716,267.613,316.69202,3.3798577e-05,-2.5528288,-0.31344858,0.14299737
