Vmax,Rmax_IBT,Rmax_CK22,R34,fcor,u_trans,v_trans,mean_ck_cd
11.3168,120.38,204.76004,282.893,2.4453731e-05,-3.338604,1.3488826,0.2
11.8312,103.712,211.09196,300.487,2.4823696e-05,-2.9812334,0.79881895,0.2
13.3744,103.712,211.855,330.11902,2.4967907e-05,-2.5329256,0.4466231,0.33218503
14.4032,103.712,218.87878,360.21402,2.5074483e-05,-2.0048637,0.4628596,0.3476863
14.917601,92.6,223.60066,377.34503,2.5412737e-05,-1.3986143,0.65218437,0.36769712
15.9464,85.192,221.55278,394.476,2.5826394e-05,-1.2484752,0.9070699,0.40228435
16.4608,85.192,223.1658,407.44,2.6107913e-05,-1.0524597,1.1286252,0.43478736
16.9752,85.192,224.48677,419.941,2.6577594e-05,-1.1206491,1.7256486,0.4466569
17.489601,85.192,221.21916,424.10803,2.7465461e-05,-1.3629524,2.1811798,0.45400217
18.5184,85.192,212.13336,428.27502,2.857718e-05,-1.8141406,2.49695,0.47106105
21.0904,85.192,203.89308,467.63,2.9717852e-05,-2.4094055,2.675916,0.50390476
23.6624,85.192,193.62971,505.59598,3.0820032e-05,-2.7983472,2.2660568,0.5122187
24.1768,75.932,197.06766,527.82,3.1783846e-05,-3.1183844,1.8003997,0.5129756
25.2056,68.524,193.92459,548.65497,3.2559245e-05,-2.7972286,1.3043687,0.50102156
26.2344,51.856,191.82118,574.58295,3.3091863e-05,-2.8616605,1.156185,0.48571163
27.7776,35.188,183.30017,599.585,3.3550914e-05,-2.8616605,1.156185,0.47075945
28.292,35.188,179.12816,604.215,3.413228e-05,-2.7972286,1.3043687,0.45160374
29.3208,35.188,169.78598,608.382,3.47882e-05,-2.7500029,1.4011955,0.4277949
30.864,35.188,156.07574,612.549,3.5529196e-05,-3.1793177,1.6904734,0.39996165
32.9216,35.188,139.10033,616.716,3.626943e-05,-3.2634332,1.5217636,0.36980987
33.436,37.04,135.23874,621.346,3.690323e-05,-3.338604,1.3488826,0.33827797
34.4648,40.744,127.49347,625.513,3.7500762e-05,-3.338604,1.3488826,0.30408916
34.979202,40.744,123.04573,625.513,3.817007e-05,-3.3836453,1.2315458,0.2699971
35.4936,40.744,118.80701,625.513,3.872924e-05,-4.0097275,0.9257192,0.24653298
36.008,48.152,116.44172,638.477,3.8992646e-05,-4.075151,0.5727259,0.23327607
37.0368,57.412,110.48396,650.978,3.9219805e-05,-4.0252733,0.8555973,0.20457855
37.5512,61.116,106.463356,650.978,3.9746115e-05,-3.974978,1.0650918,0.2033943
38.58,68.524,99.488914,650.978,4.0199502e-05,-4.084526,0.5015159,0.20221004
37.5512,68.524,106.34265,655.60803,4.0143987e-05,-4.1126933,0.14361764,0.20102578
37.0368,68.524,110.030266,659.775,4.0199502e-05,-3.493841,0.8711126,0.19984153
36.008,57.412,116.28275,659.775,4.0944044e-05,-3.1793177,1.6904734,0.19865729
35.4936,51.856,118.88706,659.775,4.1909232e-05,-3.6666706,1.8682607,0.19747303
33.436,51.856,136.92577,677.369,4.2657623e-05,-3.8155472,1.5415801,0.19628878
31.8928,51.856,153.23616,694.037,4.3369746e-05,-3.890998,1.3397782,0.19510452
29.835201,57.412,177.0236,703.297,4.4116845e-05,-3.9353857,1.203167,0.19392027
27.7776,68.524,205.18742,711.631,4.4825505e-05,-3.8418703,1.4747552,0.19273601
26.2344,68.524,237.26953,745.893,4.5429093e-05,-3.6987176,1.8039843,0.19155176
25.2056,68.524,264.95987,779.692,4.6034886e-05,-3.2634332,1.5217636,0.1903675
23.6624,105.564,297.5662,784.322,4.6722453e-05,-3.2894945,1.4645773,0.18918325
22.6336,144.456,321.7156,788.026,4.748151e-05,-3.6666706,1.8682607,0.18799901
21.604801,148.16,309.39484,703.297,4.8232992e-05,-3.4898872,2.1807244,0.18681476
21.0904,153.716,280.56598,617.17896,4.916265e-05,-2.837469,2.216874,0.1856305
21.0904,137.048,272.97064,600.511,5.040569e-05,-2.0652046,2.2936423,0.18444625
21.0904,120.38,265.1697,583.38,5.178951e-05,-2.1164973,2.9131083,0.18326199
20.0616,103.712,252.84283,522.72705,5.3007083e-05,-2.2412982,3.4512973,0.18207774
18.5184,85.192,244.64034,463.0,5.439729e-05,-2.0576007,3.5638676,0.18089348
16.9752,85.192,269.542,463.0,5.6246037e-05,-1.5217645,3.2634327,0.17970923
15.9464,85.192,287.93805,463.0,5.8154368e-05,-1.2315469,3.383645,0.17852497
14.4032,85.192,313.6991,458.833,5.971961e-05,-0.68706566,3.5346432,0.17734072
13.3744,85.192,330.64713,454.203,6.1173734e-05,0.3763861,3.5810745,0.17615648
11.3168,92.6,365.92374,445.86902,6.265297e-05,1.4747558,3.84187,0.17497222
9.2592,103.712,402.74152,437.07202,6.416161e-05,2.1017945,4.125004,0.17378797
