Vmax,Rmax_IBT,Rmax_CK22,R34,fcor,u_trans,v_trans,mean_ck_cd
10.802401,240.76,251.28998,317.15503,5.2027382e-05,-1.0524597,-1.1286252,0.33218503
11.3168,240.76,243.62251,317.15503,5.1468e-05,-1.376803,-1.5290949,0.3476863
11.8312,240.76,236.14122,317.15503,5.083645e-05,-1.3499072,-1.5528904,0.36769712
11.8312,205.572,224.00871,302.802,4.982652e-05,-1.4549428,-1.4549431,0.40228435
11.8312,172.236,214.67854,291.69,4.892293e-05,-2.0807912,-1.5117843,0.43478736
13.8888,127.788,210.87439,320.396,4.8539536e-05,-2.774038,-1.3529882,0.4466569
15.9464,85.192,207.45856,351.417,4.844305e-05,-2.4596157,-0.7519806,0.45400217
16.4608,92.6,204.63643,356.51,4.8370286e-05,-2.5657346,-0.17941381,0.47106105
16.9752,103.712,203.86925,364.844,4.844305e-05,-2.5469694,0.3579537,0.50390476
16.9752,85.192,213.67883,380.586,4.862902e-05,-2.4723651,0.7089389,0.5122187
16.9752,68.524,225.04088,398.643,4.892293e-05,-2.4168894,0.8796756,0.5129756
18.5184,57.412,215.13255,414.84802,4.926415e-05,-2.401169,0.921722,0.50102156
20.0616,51.856,206.22516,433.368,4.9641636e-05,-2.4461174,0.79479206,0.48571163
21.604801,51.856,207.36823,475.03802,4.998262e-05,-2.4956007,0.6222233,0.47075945
23.6624,51.856,199.75157,518.56,5.035898e-05,-2.4168894,0.8796756,0.45160374
25.2056,51.856,189.8887,544.951,5.0835406e-05,-2.3116984,1.1274902,0.4277949
26.2344,51.856,184.82521,569.953,5.131329e-05,-2.3310237,1.086974,0.39996165
28.292,35.188,160.54132,567.63794,5.167116e-05,-2.384717,0.9634875,0.36980987
30.3496,16.668,139.43976,565.786,5.2027382e-05,-2.4318738,0.83736134,0.33827797
31.8928,27.78,125.61425,566.71204,5.2484305e-05,-1.9335115,0.7037405,0.30408916
32.9216,40.744,117.333565,570.416,5.2977284e-05,-1.781934,1.0287998,0.2699971
33.436,57.412,115.763565,594.955,5.3433105e-05,-1.5990556,1.2948897,0.24653298
34.4648,75.932,109.67314,621.34595,5.392461e-05,-2.080792,1.5117832,0.23327607
34.979202,61.116,106.877525,645.422,5.4497537e-05,-2.2046347,1.3246775,0.20457855
35.4936,51.856,103.82214,673.202,5.510506e-05,-2.1811795,1.3629527,0.2033943
35.4936,57.412,102.33426,658.849,5.5675708e-05,-2.1570606,1.4008118,0.20221004
35.4936,68.524,100.9715,647.274,5.6281307e-05,-2.1811795,1.3629527,0.20102578
35.4936,57.412,101.89721,678.758,5.6950114e-05,-2.1570606,1.4008118,0.19984153
35.4936,51.856,102.4356,711.631,5.768715e-05,-1.9113681,1.7210042,0.19865729
34.979202,57.412,103.49395,663.016,5.848633e-05,-1.5117838,2.0807917,0.19747303
34.4648,68.524,103.86111,617.179,5.9319285e-05,-1.5478681,2.0540907,0.19628878
33.436,68.524,111.5898,617.179,6.0132093e-05,-1.4752389,2.1068587,0.19510452
32.9216,68.524,115.33728,617.179,6.0942573e-05,-1.0597425,1.7637073,0.19392027
31.8928,61.116,122.77033,603.752,6.1698855e-05,-1.0597425,1.7637073,0.19273601
30.3496,57.412,135.83234,591.714,6.255676e-05,-0.63583326,1.9568939,0.19155176
29.835201,57.412,149.56544,654.219,6.3600804e-05,-0.3134482,2.5528288,0.1903675
29.3208,57.412,163.86377,720.428,6.4846485e-05,-0.42954382,3.0563633,0.18918325
28.292,57.412,189.08038,800.527,6.6205284e-05,-0.8711119,3.4938412,0.18799901
27.7776,57.412,206.98198,882.94104,6.7793495e-05,-0.9955565,3.9929612,0.18681476
26.7488,57.412,212.96643,790.341,6.966799e-05,-1.0414333,4.510944,0.1856305
26.2344,57.412,203.89038,698.20404,7.159438e-05,-1.2760915,4.450257,0.18444625
25.720001,57.412,234.17883,806.54596,7.316914e-05,-1.5834175,4.350401,0.18326199
25.2056,57.412,265.3661,917.666,7.4895885e-05,-1.1982298,4.47185,0.18207774
23.6624,37.04,294.03934,852.38306,7.710639e-05,-0.78749704,5.603333,0.18089348
22.6336,16.668,304.10544,788.489,7.9644604e-05,-0.21542825,6.1690397,0.17970923
21.0904,37.04,362.1043,818.121,8.230163e-05,0.23337992,6.6831264,0.17852497
20.0616,57.412,412.24017,848.67896,8.510482e-05,0.25133222,7.197213,0.17734072
16.9752,57.412,548.48254,844.04895,8.814012e-05,-0.13466433,7.714825,0.17615648
14.4032,57.412,688.5123,840.345,9.078879e-05,-0.4305922,6.1577635,0.17497222
12.3456,181.496,777.0956,805.157,9.2260314e-05,-0.43015632,4.0926566,0.17378797
10.802401,309.284,833.61835,772.284,9.374543e-05,-0.080798596,4.628895,0.17260371
