Vmax,Rmax_IBT,Rmax_CK22,R34,fcor,u_trans,v_trans,mean_ck_cd
11.8312,120.38,110.06542,162.976,1.600387e-05,-4.0926566,0.4301551,0.36769712
13.3744,103.712,103.001526,169.458,1.6168122e-05,-4.0995407,0.3586633,0.40228435
14.4032,85.192,103.02476,180.56999,1.6256854e-05,-4.10956,0.21537372,0.43478736
16.4608,68.524,91.34491,180.56999,1.6256578e-05,-3.6008,4.293911e-08,0.4466569
18.5184,51.856,81.97695,180.56999,1.6256854e-05,-3.6008,4.293911e-08,0.45400217
19.0328,51.856,79.92926,180.56999,1.6307324e-05,-3.5958652,0.188452,0.47106105
20.0616,51.856,76.135345,180.56999,1.6509784e-05,-4.075151,0.5727259,0.50390476
21.604801,51.856,80.89429,204.646,1.699592e-05,-4.0395923,0.7852167,0.5122187
23.6624,51.856,84.26031,231.5,1.7520999e-05,-4.0395923,0.7852167,0.5129756
26.2344,37.04,85.79622,260.206,1.7811491e-05,-4.052681,0.7145969,0.50102156
29.3208,24.076,85.89981,291.69,1.8026287e-05,-4.075151,0.5727259,0.48571163
31.8928,24.076,84.9125,315.766,1.825946e-05,-4.084526,0.5015159,0.47075945
34.4648,24.076,84.23299,342.62,1.8531358e-05,-4.584545,0.6443166,0.45160374
34.979202,24.076,86.73642,360.214,1.8890556e-05,-4.572602,0.72422934,0.4277949
35.4936,24.076,88.82132,376.88202,1.9288536e-05,-4.572602,0.72422934,0.39996165
37.5512,24.076,86.874985,397.25403,1.9666764e-05,-4.559266,0.8039215,0.36980987
39.6088,24.076,85.13251,420.404,2.0045187e-05,-4.572602,0.72422934,0.33827797
40.1232,31.484,80.90135,405.125,2.0385123e-05,-4.572602,0.72422934,0.30408916
41.152,40.744,75.68555,390.77197,2.0801292e-05,-4.5109434,1.0414342,0.2699971
41.152,44.447998,75.380424,390.77197,2.1354646e-05,-3.9137876,1.2716672,0.24653298
41.152,51.856,74.991005,390.77197,2.206018e-05,-4.350401,1.5834161,0.23327607
41.6664,55.56,73.2917,390.77197,2.2883078e-05,-4.350401,1.5834161,0.20457855
42.1808,57.412,71.53422,390.77197,2.3819783e-05,-4.699278,2.0922532,0.2033943
43.724,57.412,68.175224,396.791,2.487969e-05,-5.1692057,2.3014786,0.20221004
44.7528,57.412,66.57885,407.44,2.5826394e-05,-5.3814583,1.7485425,0.20102578
44.7528,57.412,67.10843,415.311,2.6401502e-05,-5.5544395,1.0796729,0.19984153
44.7528,57.412,67.86372,424.571,2.6827835e-05,-5.5724363,0.98257077,0.19865729
44.2384,55.56,68.73937,424.571,2.7327294e-05,-5.5544395,1.0796729,0.19747303
43.724,51.856,69.656334,424.571,2.7827968e-05,-5.5724363,0.98257077,0.19628878
41.152,40.744,76.23073,424.571,2.8326725e-05,-5.5724363,0.98257077,0.19510452
38.58,35.188,83.82371,424.571,2.882674e-05,-5.5544395,1.0796729,0.19392027
36.008,40.744,92.65678,424.571,2.92862e-05,-5.5133753,1.272864,0.19273601
34.4648,51.856,98.52529,424.571,2.9824112e-05,-6.0379095,1.283396,0.19155176
32.9216,40.744,105.33165,426.423,3.0609863e-05,-6.5643377,1.2759771,0.1903675
31.8928,35.188,110.50527,428.738,3.131743e-05,-5.1056576,0.6268949,0.18918325
30.864,40.744,115.687805,428.738,3.1526575e-05,-4.0995407,0.3586633,0.18799901
30.3496,51.856,118.363014,428.738,3.1814445e-05,-3.890998,1.3397782,0.18681476
29.3208,51.856,123.97239,428.738,3.2639302e-05,-4.454835,2.5719995,0.1856305
27.7776,51.856,133.28844,428.738,3.3798577e-05,-4.362359,2.7259054,0.18444625
26.7488,51.856,134.74072,412.07,3.5120916e-05,-4.362359,2.7259054,0.18326199
26.2344,51.856,132.3207,394.476,3.651592e-05,-4.4092693,2.649355,0.18207774
25.720001,40.744,135.76788,394.476,3.776499e-05,-3.9261231,2.4533148,0.18089348
25.2056,35.188,139.39369,394.476,3.897458e-05,-3.7454257,2.7212098,0.17970923
24.1768,40.744,147.10805,394.476,4.012595e-05,-3.1057816,2.6998134,0.17852497
23.6624,51.856,151.28615,394.476,4.142137e-05,-3.097807,3.4404635,0.17734072
22.6336,51.856,160.12366,394.476,4.3052376e-05,-2.850266,3.648175,0.17615648
21.0904,51.856,174.70073,394.476,4.4825505e-05,-2.7861626,3.6973631,0.17497222
21.0904,57.412,166.82794,376.88202,4.6554695e-05,-2.721211,3.745425,0.17378797
21.0904,68.524,159.34543,360.214,4.8202877e-05,-2.180724,3.4898875,0.17260371
20.0616,68.524,169.12299,360.214,4.965899e-05,-1.3043696,2.797228,0.17141946
18.5184,68.524,185.02037,360.214,5.1074945e-05,-0.9023762,2.951539,0.1702352
16.9752,85.192,202.72896,360.214,5.2585357e-05,-0.42954382,3.0563633,0.16905095
15.9464,103.712,215.83029,360.214,5.4161024e-05,0.64169866,3.0189548,0.16786669
13.8888,103.712,176.73183,269.466,5.579437e-05,1.6355429,2.6174157,0.16668244
11.8312,103.712,129.5221,180.56999,5.7453286e-05,2.2274175,1.2859999,0.16549818
