Vmax,Rmax_IBT,Rmax_CK22,R34,fcor,u_trans,v_trans,mean_ck_cd
10.802401,120.38,205.57224,274.096,2.5826394e-05,-3.4781058,0.9319554,0.2
11.3168,109.268,192.45781,265.76202,2.6308113e-05,-3.4781058,0.9319554,0.2
11.8312,103.712,180.09338,257.428,2.6827835e-05,-2.9668384,0.85072666,0.2
12.3456,103.712,174.3873,257.428,2.7365762e-05,-2.9668384,0.85072666,0.2
13.3744,103.712,163.63918,257.428,2.7827968e-05,-3.0189548,0.641698,0.2
13.8888,103.712,158.67809,257.428,2.809588e-05,-2.5528288,0.31344745,0.2
14.4032,103.712,153.94446,257.428,2.8327528e-05,-2.5528288,0.31344745,0.2
15.9464,85.192,150.72865,274.096,2.8664417e-05,-2.0263405,0.35729846,0.2
16.9752,68.524,152.38992,291.69,2.9076216e-05,-1.9568938,0.6358336,0.2
18.5184,68.524,149.62782,309.284,2.9611976e-05,-2.3675385,1.0049607,0.2
20.0616,68.524,146.3017,325.952,3.0073232e-05,-2.8616605,1.156185,0.2
21.604801,57.412,148.95448,356.51,3.023505e-05,-3.3836453,1.2315458,0.2
23.6624,51.856,147.82268,389.846,3.0322259e-05,-2.9353406,0.95375043,0.2
24.1768,51.856,148.27852,400.495,3.058953e-05,-2.5060797,0.57857454,0.2
25.2056,51.856,145.0736,411.607,3.0820032e-05,-2.562213,0.22416456,0.2
25.2056,51.856,134.92902,383.36398,3.0819905e-05,-2.5716083,0.044887364,0.33218503
25.2056,51.856,124.94107,355.584,3.0820032e-05,-2.5528288,0.31344745,0.3476863
25.2056,51.856,125.288826,356.51,3.097532e-05,-2.4843612,0.66568244,0.36769712
25.2056,51.856,126.48611,359.751,3.131743e-05,-1.945499,0.6698891,0.40228435
25.2056,51.856,126.540085,359.751,3.19196e-05,-1.9209352,0.7373776,0.43478736
25.2056,51.856,126.59485,359.751,3.2559245e-05,-2.384717,0.9634875,0.4466569
25.2056,51.856,126.62538,359.751,3.293116e-05,-2.841046,1.2059529,0.45400217
25.2056,51.856,126.65503,359.751,3.330315e-05,-2.7972286,1.3043687,0.47106105
24.1768,51.856,133.17413,359.751,3.3903747e-05,-2.774038,1.3529882,0.50390476
23.6624,51.856,136.67892,359.751,3.454095e-05,-2.8195667,1.255352,0.5122187
23.6624,51.856,141.86414,372.715,3.4979486e-05,-2.7972286,1.3043687,0.5129756
23.6624,51.856,147.06796,385.67902,3.5529305e-05,-2.5587418,1.725893,0.50102156
24.1768,51.856,145.1656,390.309,3.644168e-05,-2.2936418,2.065205,0.48571163
25.2056,51.856,139.34612,394.476,3.7500762e-05,-2.2936418,2.065205,0.47075945
26.2344,51.856,132.2759,394.476,3.8483555e-05,-2.36432,1.9838994,0.45160374
27.7776,51.856,122.33261,394.476,3.9464914e-05,-2.25725,2.10492,0.4277949
28.292,51.856,137.23335,458.833,4.0407092e-05,-2.143994,2.2201698,0.39996165
29.3208,51.856,145.45874,522.72705,4.142137e-05,-2.5013263,2.590198,0.36980987
29.835201,51.856,140.70955,522.72705,4.25669e-05,-2.5013263,2.590198,0.33827797
30.3496,51.856,135.93094,522.72705,4.385554e-05,-2.6998143,3.1057808,0.30408916
32.4072,51.856,119.79755,522.72705,4.5217854e-05,-2.6452003,3.1524255,0.2699971
34.4648,51.856,105.138306,522.72705,4.675884e-05,-3.097807,3.4404635,0.24653298
34.979202,51.856,106.96613,577.824,4.850957e-05,-3.5733235,3.700283,0.23327607
35.4936,51.856,106.67839,634.31,5.035898e-05,-3.508199,3.7620838,0.20457855
34.4648,51.856,111.99114,627.365,5.2216616e-05,-3.508199,3.7620838,0.2033943
32.9216,51.856,122.58953,621.346,5.392461e-05,-3.637358,3.6373568,0.20221004
32.9216,51.856,121.24233,621.346,5.5293578e-05,-3.3858752,3.1573796,0.20102578
32.9216,51.856,120.041626,621.346,5.6516048e-05,-2.8586588,2.9602263,0.19984153
31.8928,51.856,125.77659,600.048,5.78033e-05,-2.6998143,3.1057808,0.19865729
30.3496,51.856,136.61185,579.213,5.9086666e-05,-2.1164973,2.9131083,0.19747303
28.292,51.856,152.50003,553.748,6.034635e-05,-1.4011964,2.7500026,0.19628878
26.2344,51.856,169.91608,531.524,6.1635496e-05,-0.9023762,2.951539,0.19510452
25.2056,51.856,178.72534,520.412,6.3033134e-05,-0.32261723,3.0694923,0.19392027
23.6624,51.856,194.98572,510.226,6.43901e-05,-0.107714124,3.0845199,0.19273601
22.6336,51.856,204.91394,499.577,6.5478e-05,0.0,3.0864,0.19155176
21.0904,51.856,222.64084,488.928,6.666408e-05,0.93195564,3.4781058,0.1903675
20.576,51.856,214.61574,456.055,6.83212e-05,2.0576,3.5638678,0.18918325
20.0616,51.856,206.1643,424.57098,7.003676e-05,2.9135017,3.597875,0.18799901
18.5184,51.856,222.27022,414.84802,7.145582e-05,3.8227372,3.4420075,0.18681476
16.9752,51.856,240.5151,407.44,7.270045e-05,4.1615834,3.0235674,0.1856305
15.9464,51.856,256.74658,407.44,7.368134e-05,4.691026,3.1641371,0.18444625
14.4032,51.856,282.73468,407.44,7.4895885e-05,5.4100585,3.9306376,0.18326199
