Vmax,Rmax_IBT,Rmax_CK22,R34,fcor,u_trans,v_trans,mean_ck_cd
13.3744,137.048,165.40324,257.428,3.2559245e-05,-1.0326023,1.1468211,0.2
14.4032,137.048,155.8741,257.428,3.3550914e-05,-1.6432723,1.2382948,0.2
14.4032,120.38,167.69609,275.022,3.4293596e-05,-2.3116984,1.1274902,0.2
14.4032,103.712,184.32224,300.024,3.439483e-05,-2.4168894,0.8796756,0.2
14.4032,85.192,201.65834,325.95203,3.4293596e-05,-2.4596162,0.7519794,0.2
14.4032,85.192,201.82365,325.95203,3.4608373e-05,-1.9676929,0.6015835,0.2
14.4032,85.192,202.04701,325.95203,3.5035337e-05,-2.4168894,0.8796756,0.2
14.4032,85.192,202.2592,325.95203,3.5442816e-05,-2.401169,0.921722,0.2
14.4032,85.192,202.43204,325.95203,3.577612e-05,-2.4843612,0.66568244,0.2
14.4032,85.192,196.2279,316.69202,3.5899226e-05,-2.0322676,0.3218797,0.2
14.4032,85.192,190.66614,308.358,3.6022833e-05,-2.0126367,0.42779866,0.2
14.4032,85.192,190.8143,308.358,3.6337122e-05,-2.4461174,0.79479206,0.2
14.4032,85.192,191.01385,308.358,3.67623e-05,-2.3675385,1.0049607,0.2
14.4032,85.192,191.26964,308.358,3.7309983e-05,-2.349639,1.0461266,0.33218503
14.4032,85.192,191.47252,308.358,3.7746686e-05,-2.4168894,0.8796756,0.3476863
14.4032,92.6,191.5322,308.358,3.7875478e-05,-2.0322676,0.3218797,0.36769712
14.4032,103.712,191.47252,308.358,3.7746686e-05,-2.0322676,-0.32187966,0.40228435
14.4032,103.712,176.3566,286.13403,3.7433118e-05,-1.8648189,-0.8695792,0.43478736
14.4032,103.712,162.6113,265.762,3.700857e-05,-1.8493588,-0.90199214,0.4466569
14.4032,103.712,162.45514,265.762,3.6583504e-05,-1.9077733,-0.77079093,0.45400217
14.4032,103.712,162.33926,265.762,3.626943e-05,-1.8940307,-0.80396855,0.47106105
14.4032,92.6,167.81769,274.096,3.6158217e-05,-1.4757694,-0.45118836,0.50390476
14.4032,85.192,173.40395,282.43,3.626943e-05,-1.5197554,0.26797384,0.5122187
14.917601,103.712,172.346,288.449,3.6620666e-05,-1.8333353,0.9341304,0.5129756
15.9464,120.38,167.22572,295.857,3.700857e-05,-1.9077736,0.77079004,0.50102156
15.9464,109.268,177.8879,312.988,3.7168447e-05,-2.0263405,0.35729846,0.48571163
15.9464,103.712,188.60216,330.11902,3.7254722e-05,-2.0463283,0.21507755,0.47075945
17.489601,85.192,173.09352,330.11902,3.739608e-05,-2.0525877,0.14353111,0.45160374
20.0616,68.524,150.7224,330.11902,3.7500762e-05,-1.5347463,0.16130817,0.4277949
23.148,68.524,128.65349,330.11902,3.751908e-05,-1.5281817,0.21477221,0.39996165
26.2344,68.524,110.720406,330.11902,3.7500762e-05,-1.5410851,0.08076514,0.36980987
29.3208,68.524,106.006645,366.23303,3.7482263e-05,-2.0576,2.4536634e-08,0.33827797
31.8928,68.524,102.54903,402.81,3.7500762e-05,-2.0572867,0.03590989,0.30408916
34.4648,68.524,90.99294,402.81,3.7605125e-05,-1.5373278,0.13449873,0.2699971
37.0368,68.524,80.97721,402.81,3.7746686e-05,-1.5148472,0.29445627,0.24653298
37.0368,61.116,80.91708,402.81,3.786951e-05,-1.4757696,0.45118764,0.23327607
37.0368,57.412,80.85676,402.81,3.7992504e-05,-1.5094774,0.320849,0.20457855
37.0368,57.412,80.81487,402.81,3.8078248e-05,-1.5242006,0.24140978,0.2033943
37.0368,57.412,80.73639,402.81,3.8238195e-05,-1.9568938,0.6358336,0.20221004
36.008,57.412,81.46395,385.216,3.856971e-05,-1.8797112,0.8369013,0.20102578
35.4936,57.412,80.24257,368.548,3.897458e-05,-1.945499,0.6698891,0.19984153
34.979202,48.152,81.96093,368.548,3.9323706e-05,-1.9964805,0.49777862,0.19865729
34.4648,40.744,83.730835,368.548,3.9709896e-05,-2.4168894,0.8796756,0.19747303
33.436,37.04,87.56495,368.548,4.019969e-05,-2.2916691,1.167663,0.19628878
32.9216,35.188,89.51175,368.548,4.0688625e-05,-1.8493588,0.90199214,0.19510452
31.8928,57.412,93.81339,368.548,4.1036576e-05,-1.8493588,0.90199214,0.19392027
30.3496,85.192,100.8651,368.548,4.142137e-05,-1.1992917,0.9711672,0.19273601
29.3208,61.116,109.134254,380.586,4.199444e-05,-0.8851434,1.2641153,0.19155176
27.7776,40.744,121.923615,394.476,4.2640077e-05,-0.9287209,1.2324544,0.1903675
26.7488,55.56,128.54889,394.476,4.3193482e-05,-1.2667849,1.6214111,0.18918325
26.2344,68.524,132.02405,394.476,4.385554e-05,-0.86957973,1.8648187,0.18799901
25.720001,68.524,134.06837,389.846,4.4752825e-05,-0.39260894,2.0197961,0.18681476
25.2056,68.524,136.32661,385.67902,4.5793287e-05,-0.13460809,2.5684752,0.1856305
24.1768,68.524,144.16747,385.67902,4.6861293e-05,-0.08976177,2.5704334,0.18444625
23.6624,68.524,148.36342,385.67902,4.796257e-05,-0.17941341,2.5657349,0.18326199
23.6624,68.524,148.4278,385.67902,4.9042752e-05,-0.17941341,2.5657349,0.18207774
23.6624,68.524,148.48512,385.67902,5.012002e-05,0.31344795,2.5528288,0.18089348
23.148,68.524,150.10378,378.734,5.1230018e-05,0.75198,2.4596157,0.17970923
22.6336,68.524,152.09216,372.715,5.22651e-05,0.46285927,2.004864,0.17852497
21.604801,57.412,161.37457,372.715,5.3131276e-05,0.25075838,2.042263,0.17734072
21.0904,51.856,166.34048,372.715,5.392461e-05,0.39260858,2.0197961,0.17615648
21.0904,51.856,166.48576,372.715,5.47514e-05,0.6358334,1.9568939,0.17497222
21.0904,51.856,166.62686,372.715,5.5576067e-05,0.7037406,1.9335115,0.17378797
21.604801,44.447998,180.9927,414.848,5.6433873e-05,0.7707905,1.9077735,0.17260371
22.6336,40.744,188.48862,458.833,5.721923e-05,1.0288,1.7819339,0.17141946
22.6336,40.744,188.50246,458.833,5.782145e-05,0.95008886,1.2160583,0.1702352
22.6336,40.744,188.51314,458.833,5.83877e-05,0.81777143,1.3087078,0.16905095
23.148,37.04,182.48021,458.833,5.9023198e-05,0.9019925,1.8493587,0.16786669
23.6624,35.188,176.57175,458.833,5.9784e-05,0.9019925,1.8493587,0.16668244
23.6624,35.188,176.50455,458.833,6.0711227e-05,0.7373779,1.920935,0.16549818
22.6336,85.192,188.53046,458.833,6.186609e-05,0.3218796,2.0322676,0.16431394
21.0904,68.524,215.83034,475.038,6.265076e-05,-0.107686475,2.05478,0.16312969
20.0616,51.856,240.01642,493.095,6.324571e-05,-0.16130862,1.5347462,0.16194543
20.0616,61.116,234.4693,481.98303,6.39329e-05,0.0,1.5432,0.16076118
20.0616,75.932,229.6276,472.26,6.461839e-05,-0.2944567,1.514847,0.15957692
20.0616,57.412,229.74861,472.26,6.530215e-05,-0.37333366,1.4973605,0.15839267
20.0616,40.744,229.86606,472.26,6.5983986e-05,0.0,1.5432,0.15720841
20.0616,61.116,229.97728,472.26,6.66471e-05,0.18806878,1.5316973,0.15602416
20.0616,85.192,230.09071,472.26,6.734234e-05,0.0718092,2.0563467,0.1548399
20.0616,68.524,230.21565,472.26,6.813131e-05,0.0,2.572,0.15365566
20.0616,51.856,230.33612,472.26,6.8917754e-05,-0.107686475,2.05478,0.15247141
19.0328,75.932,248.2344,475.038,6.960654e-05,0.13449873,1.5373278,0.15128715
18.5184,103.712,260.19464,480.59402,7.025991e-05,0.39940956,1.4906167,0.1501029
18.5184,92.6,275.50082,506.52197,7.086125e-05,0.66988903,1.945499,0.14891864
18.5184,85.192,290.32568,531.52405,7.159438e-05,0.8373613,2.4318738,0.14773439
18.5184,85.192,290.62482,531.52405,7.265102e-05,1.0048335,2.9182484,0.14655013
18.5184,85.192,290.9416,531.52405,7.380098e-05,0.6656826,2.4843612,0.14536588
18.5184,85.192,291.2104,531.52405,7.480294e-05,0.62222314,2.4956007,0.14418162
18.5184,85.192,291.46298,531.52405,7.576771e-05,0.96348816,2.384717,0.14299737
17.489601,85.192,293.47845,500.50302,7.676016e-05,1.1274906,2.3116984,0.14181313
16.9752,85.192,284.97296,471.797,7.771575e-05,0.92172235,2.4011688,0.14062887
16.9752,75.932,220.04913,373.178,7.857485e-05,0.66988903,1.945499,0.13944462
16.9752,68.524,156.53807,274.096,7.943125e-05,1.286,2.2274172,0.13826036
15.9464,57.412,166.43987,274.096,8.0133126e-05,2.065334,2.9496028,0.13707611
14.4032,51.856,182.47507,274.096,8.134267e-05,2.5888395,3.8381126,0.13589185
13.8888,51.856,188.20616,274.096,8.200196e-05,3.179227,5.2911224,0.1347076
13.3744,51.856,194.3857,274.096,8.361397e-05,3.0359251,5.9583387,0.13352334
11.8312,51.856,213.32416,274.096,8.6340384e-05,2.9291546,6.578989,0.13233909
11.3168,51.856,220.54208,274.096,8.8936256e-05,2.3446116,6.8092465,0.13115485
10.802401,51.856,227.90637,274.096,9.138516e-05,1.5042926,6.5158076,0.1299706
