Vmax,Rmax_IBT,Rmax_CK22,R34,fcor,u_trans,v_trans,mean_ck_cd
11.8312,172.236,170.51091,240.297,3.67623e-05,-2.4321163,1.9001777,0.33218503
12.3456,161.124,189.68867,273.16998,3.7537353e-05,-1.9988195,1.618612,0.3476863
13.3744,153.716,203.61333,308.358,3.8238195e-05,-1.4801137,1.429329,0.36769712
13.3744,109.268,206.68073,312.062,3.9078637e-05,-1.2382945,1.6432725,0.40228435
13.3744,68.524,211.12712,317.618,3.995476e-05,-1.0597425,1.7637073,0.43478736
14.917601,40.744,204.27412,333.823,4.082912e-05,-0.9659845,1.816753,0.4466569
16.9752,16.668,192.68996,351.41702,4.1665367e-05,-0.9019927,1.8493586,0.45400217
17.489601,16.668,193.49142,361.603,4.2396463e-05,-0.6521848,1.398614,0.47106105
18.5184,16.668,189.36282,373.178,4.3126656e-05,-0.86957973,1.8648187,0.50390476
19.0328,24.076,184.32863,373.178,4.4013406e-05,-0.9659845,1.816753,0.5122187
20.0616,35.188,174.32597,373.178,4.4825505e-05,-1.209427,1.6646333,0.5129756
21.0904,40.744,161.33829,365.77002,4.5363984e-05,-1.4293294,1.4801131,0.50102156
22.6336,51.856,146.03436,360.21402,4.5793287e-05,-1.3499072,1.5528904,0.48571163
24.1768,37.04,135.70654,363.455,4.6276295e-05,-1.2667849,1.6214111,0.47075945
26.2344,24.076,123.20467,368.085,4.675884e-05,-1.0524597,1.1286252,0.45160374
29.3208,20.372,106.89892,375.956,4.7222435e-05,-1.1992917,0.9711672,0.4277949
31.8928,16.668,95.49633,385.216,4.7722115e-05,-1.5048333,1.4032799,0.39996165
34.4648,16.668,84.61817,391.698,4.8341364e-05,-1.4549432,1.4549427,0.36980987
37.0368,16.668,74.93008,398.643,4.892293e-05,-1.6432723,1.2382948,0.33827797
39.0944,16.668,61.287064,344.93503,4.9290455e-05,-1.3625647,0.7244886,0.30408916
41.152,16.668,49.732815,291.227,4.9641636e-05,-1.18216,0.9919497,0.2699971
43.724,16.668,44.615543,291.227,5.012002e-05,-0.7716003,1.3364503,0.24653298
42.1808,16.668,47.36956,291.227,5.059779e-05,-0.47687495,1.4676704,0.23327607
41.6664,16.668,50.453323,312.06198,5.1185998e-05,-0.21477191,1.5281817,0.20457855
41.152,16.668,53.7356,334.74902,5.178951e-05,0.0,1.5432,0.2033943
38.58,16.668,59.275032,325.95203,5.2265084e-05,0.08966582,1.0248852,0.20221004
35.4936,16.668,67.06552,317.618,5.2740055e-05,0.3179167,0.97844696,0.20102578
34.4648,16.668,70.45297,318.54398,5.331509e-05,0.65218455,1.3986142,0.19984153
32.9216,16.668,76.44837,321.785,5.392461e-05,0.627676,1.4097834,0.19865729
31.8928,16.668,80.63707,323.174,5.4515327e-05,0.7037406,1.9335115,0.19747303
30.3496,16.668,87.66094,325.489,5.510506e-05,0.601584,1.9676926,0.19628878
28.292,16.668,100.34051,335.67502,5.5658373e-05,0.4977785,1.9964805,0.19510452
26.2344,16.668,115.81905,347.25,5.6281307e-05,0.4277991,2.0126367,0.19392027
25.2056,16.668,120.03203,339.84198,5.7014204e-05,0.4277991,2.0126367,0.19273601
23.6624,16.668,128.70255,334.28598,5.7920843e-05,0.66988903,1.945499,0.19155176
23.6624,35.188,120.03276,312.062,5.899889e-05,1.1676636,2.291669,0.1903675
23.6624,51.856,112.080215,291.69,6.0247978e-05,1.725893,2.5587418,0.18918325
22.6336,51.856,123.75945,303.728,6.1565115e-05,2.3623374,2.7175584,0.18799901
21.0904,51.856,141.2799,316.69202,6.3016254e-05,3.0096667,2.8065596,0.18681476
20.576,51.856,136.46593,297.70898,6.4619664e-05,3.997639,3.237224,0.1856305
20.0616,51.856,130.93498,278.263,6.621089e-05,4.397403,3.5609465,0.18444625
20.0616,51.856,131.13687,278.263,6.7599474e-05,4.3345857,3.6371493,0.18326199
20.0616,51.856,131.32397,278.263,6.8917754e-05,4.5189996,3.40531,0.18207774
17.489601,51.856,153.6291,280.115,7.022674e-05,4.5777416,3.3259242,0.18089348
15.9464,51.856,170.21086,282.893,7.159438e-05,3.8822262,3.3747678,0.17970923
13.8888,51.856,193.01785,283.819,7.3255986e-05,3.2159905,3.3302555,0.17852497
11.8312,51.856,220.99524,287.523,7.467736e-05,2.5901988,2.501326,0.17734072
11.3168,103.712,215.14577,273.16998,7.543306e-05,2.6174157,1.6355429,0.17615648
10.802401,153.716,211.21175,261.595,7.576771e-05,3.3836453,1.2315462,0.17497222
9.7736,153.716,227.04996,264.836,7.595819e-05,3.992961,0.995557,0.17378797
9.2592,153.716,239.15965,270.392,7.5985095e-05,4.5284324,0.96254784,0.17260371
