Vmax,Rmax_IBT,Rmax_CK22,R34,fcor,u_trans,v_trans,mean_ck_cd
16.9752,51.856,83.2141,162.97601,3.7746686e-05,0.70059824,-1.3750012,0.50102156
18.5184,51.856,91.72653,192.608,3.8305774e-05,1.3225999,-1.576213,0.48571163
20.0616,51.856,99.34203,223.166,3.897458e-05,1.2094269,-1.6646334,0.47075945
21.604801,51.856,92.185074,223.166,3.9899674e-05,1.2469302,-2.249522,0.45160374
23.6624,51.856,83.72716,223.166,4.093299e-05,1.2469302,-2.249522,0.4277949
25.2056,57.412,78.099045,223.166,4.190916e-05,1.324678,-2.2046344,0.39996165
26.2344,68.524,74.63699,223.166,4.288343e-05,1.2860001,-2.2274172,0.36980987
29.3208,57.412,84.842834,292.15298,4.3873595e-05,1.2860001,-2.2274172,0.33827797
31.8928,51.856,91.87977,364.38098,4.4825505e-05,1.4752388,-2.106859,0.30408916
32.9216,40.744,91.56276,386.605,4.5708653e-05,1.6873837,-1.9411132,0.2699971
34.4648,35.188,88.763145,412.07,4.651767e-05,1.7210041,-1.9113684,0.24653298
34.979202,40.744,86.120995,412.07,4.722267e-05,1.6873837,-1.9411132,0.23327607
35.4936,51.856,83.51184,412.07,4.796257e-05,1.5478685,-2.0540903,0.20457855
35.4936,51.856,83.057205,412.07,4.8904785e-05,1.4382445,-2.1322844,0.2033943
35.4936,51.856,82.58557,412.07,4.9880902e-05,1.3629527,-2.1811795,0.20221004
34.979202,40.744,82.734146,400.495,5.0770734e-05,1.4008117,-2.1570606,0.20102578
34.4648,35.188,83.00751,389.846,5.155148e-05,1.2382947,-1.6432723,0.19984153
32.9216,35.188,93.886086,412.53302,5.2217307e-05,1.454943,-1.454943,0.19865729
31.8928,35.188,103.81993,437.07202,5.2740055e-05,1.2484751,-0.9070702,0.19747303
30.864,35.188,110.06358,437.07202,5.307829e-05,1.7256485,-1.1206493,0.19628878
30.3496,35.188,113.27705,437.07202,5.345127e-05,1.576213,-1.3225999,0.19510452
30.3496,35.188,116.22832,452.351,5.4089774e-05,1.3499069,-1.5528907,0.19392027
30.3496,35.188,118.91537,467.167,5.4869302e-05,1.2948899,-1.5990553,0.19273601
30.3496,40.744,118.617035,467.63,5.5729055e-05,1.6186123,-1.9988192,0.19155176
30.3496,51.856,118.165184,467.16702,5.6516048e-05,1.4293293,-1.4801134,0.1903675
30.3496,57.412,116.655266,460.68503,5.7020043e-05,1.5290947,-1.3768033,0.18918325
30.3496,68.524,115.27025,454.66602,5.7453286e-05,1.0124302,-1.164668,0.18799901
29.835201,68.524,118.798386,454.66602,5.8002322e-05,0.8851433,-1.2641153,0.18681476
29.3208,68.524,122.450554,454.66602,5.862087e-05,1.3768033,-1.5290947,0.1856305
27.7776,68.524,131.19278,440.776,5.9336664e-05,1.576213,-1.3225999,0.18444625
26.2344,68.524,140.75743,428.738,6.0016075e-05,2.0267637,-1.5834814,0.18326199
25.2056,68.524,130.0838,369.47397,6.0601407e-05,1.6854872,-1.180191,0.18207774
23.6624,68.524,120.289894,312.525,6.0942573e-05,1.9454991,-0.669889,0.18089348
23.148,68.524,124.55316,314.377,6.0896284e-05,1.0231642,0.10753884,0.17970923
22.6336,68.524,129.17204,316.69202,6.0711227e-05,-0.0,0.0,0.17852497
21.604801,68.524,136.91533,316.69202,6.0745915e-05,-1.0281733,0.03590441,0.17734072
21.0904,68.524,140.97078,316.69202,6.0711227e-05,-1.4676703,0.47687522,0.17615648
18.5184,68.524,156.24977,304.191,6.0503033e-05,-1.1468209,1.0326025,0.17497222
15.9464,68.524,172.10779,290.764,6.0016075e-05,-0.80396825,1.8940308,0.17378797
14.4032,85.192,145.3634,230.57399,5.920862e-05,-0.44662377,2.5329256,0.17260371
13.3744,103.712,111.84919,171.773,5.8154368e-05,-0.7089397,2.472365,0.17141946
13.3744,103.712,111.66274,171.773,5.6949335e-05,-1.1274909,2.3116982,0.1702352
13.3744,103.712,111.48556,171.773,5.581132e-05,-1.5117838,2.0807917,0.16905095
11.3168,85.192,126.43856,171.773,5.494607e-05,-1.8810418,1.7540998,0.16786669
9.2592,68.524,144.42738,171.773,5.439729e-05,-2.2709413,1.207481,0.16668244
