Vmax,Rmax_IBT,Rmax_CK22,R34,fcor,u_trans,v_trans,mean_ck_cd
10.802401,103.712,207.48592,275.022,2.9325609e-05,-3.0694926,-0.32261625,0.36769712
11.8312,103.712,206.58702,291.69,2.938151e-05,-3.0864,3.6804952e-08,0.40228435
13.3744,103.712,199.88077,309.284,2.9325609e-05,-3.0746555,0.26899746,0.43478736
13.8888,103.712,193.76051,309.284,2.9237965e-05,-3.0563633,0.42954442,0.4466569
14.4032,103.712,187.86667,309.284,2.9076216e-05,-3.0296943,0.58891255,0.45400217
14.917601,92.6,202.02612,340.305,2.8807775e-05,-2.5157957,0.5347483,0.47106105
15.9464,85.192,210.14938,372.715,2.857718e-05,-2.5657346,0.1794139,0.50390476
16.4608,92.6,209.66046,381.975,2.8520762e-05,-2.5657346,-0.17941381,0.5122187
16.9752,103.712,208.63466,390.309,2.857718e-05,-3.0694926,-0.32261625,0.5129756
18.5184,68.524,136.35176,284.282,2.8701717e-05,-3.0746555,-0.26899737,0.50102156
20.0616,35.188,77.747925,180.10701,2.882674e-05,-3.0788815,-0.21529658,0.48571163
23.6624,35.188,90.21325,243.075,2.8864013e-05,-2.5704334,-0.089762196,0.47075945
27.7776,35.188,96.733315,309.284,2.882674e-05,-2.5657346,0.1794139,0.45160374
29.3208,35.188,95.97328,327.341,2.8701914e-05,-2.5469694,0.3579537,0.4277949
30.3496,35.188,97.318275,346.787,2.857718e-05,-2.5579104,0.26884696,0.39996165
30.864,35.188,103.530304,378.271,2.8539409e-05,-2.0576,2.4536634e-08,0.36980987
31.8928,35.188,107.29304,411.60703,2.857718e-05,-2.0563467,-0.071809754,0.33827797
32.9216,40.744,102.727295,411.60703,2.8627239e-05,-2.0463283,-0.21507749,0.30408916
34.4648,51.856,96.301704,411.60703,2.882674e-05,-1.3986143,-0.65218437,0.2699971
33.436,68.524,100.434586,412.07,2.9231891e-05,-0.545181,-0.87247187,0.24653298
32.9216,85.192,102.32361,411.60703,2.9824112e-05,-0.578093,-1.4308301,0.23327607
32.9216,75.932,105.98564,429.20102,3.049641e-05,-0.83690107,-1.8797113,0.20457855
32.9216,68.524,109.38367,446.332,3.131743e-05,-1.2859999,-2.2274175,0.2033943
32.9216,68.524,108.97599,446.332,3.227398e-05,-1.7258931,-2.5587416,0.20221004
32.9216,68.524,108.53177,446.332,3.330315e-05,-1.4382443,-2.1322846,0.20102578
33.436,68.524,103.85097,437.99802,3.4312077e-05,-1.3629524,-2.1811798,0.19984153
34.4648,68.524,96.872665,428.738,3.5282377e-05,-1.3629524,-2.1811798,0.19865729
35.4936,68.524,92.009315,428.738,3.6164583e-05,-1.0597421,-1.7637076,0.19747303
37.0368,68.524,85.331154,428.738,3.700857e-05,-0.93413097,-1.833335,0.19628878
37.0368,68.524,83.60426,420.40402,3.786959e-05,-0.73737776,-1.9209352,0.19510452
37.0368,68.524,81.8987,412.07,3.872924e-05,-0.46285927,-2.004864,0.19392027
36.008,68.524,85.44327,412.07,3.9569008e-05,-0.1793318,-2.0497704,0.19273601
35.4936,68.524,87.10721,412.07,4.0444127e-05,0.0,2.0576,0.19155176
34.4648,68.524,91.09528,412.07,4.1311527e-05,0.10768666,-2.05478,0.1903675
32.9216,68.524,97.785515,412.07,4.239659e-05,0.2241649,-2.5622127,0.18918325
31.8928,68.524,102.40828,412.07,4.3904074e-05,0.43882692,-3.57396,0.18799901
30.3496,68.524,110.37775,412.07,4.5551555e-05,0.6870651,-3.5346432,0.18681476
30.3496,68.524,109.94275,412.07,4.6981782e-05,0.93195593,-3.4781058,0.1856305
30.3496,68.524,109.49015,412.07,4.844305e-05,1.0527725,-3.4434621,0.18444625
29.835201,68.524,112.98997,415.774,5.006607e-05,1.1127086,-3.4245641,0.18326199
29.3208,68.524,116.90056,420.404,5.178951e-05,1.4747556,-3.8418703,0.18207774
27.7776,68.524,127.14523,419.941,5.3605065e-05,1.8830277,-4.22935,0.18089348
26.2344,68.524,139.03117,420.404,5.5340646e-05,1.9319694,-3.6335058,0.17970923
26.2344,68.524,144.04541,437.535,5.676819e-05,2.0576003,-3.5638678,0.17852497
26.2344,68.524,148.92448,454.66602,5.8154368e-05,1.9950883,-3.599235,0.17734072
25.720001,68.524,160.51761,477.353,5.9748756e-05,1.868262,-3.6666698,0.17615648
25.2056,68.524,173.27591,501.429,6.14047e-05,1.868262,-3.6666698,0.17497222
24.1768,68.524,185.4094,501.429,6.306788e-05,1.868262,-3.6666698,0.17378797
23.6624,68.524,191.76654,501.429,6.461839e-05,1.7457024,-3.1493306,0.17260371
22.6336,85.192,209.6821,511.61502,6.597237e-05,1.5432003,-2.6729007,0.17141946
21.0904,103.712,238.2974,522.72705,6.711647e-05,1.6355432,-2.6174154,0.1702352
20.0616,109.268,249.53534,510.226,6.806914e-05,1.4008117,-2.1570606,0.16905095
18.5184,120.38,269.52484,497.262,6.8917754e-05,1.4008117,-2.1570606,0.16786669
16.4608,120.38,307.43332,495.41,6.984685e-05,1.4382445,-2.1322844,0.16668244
14.4032,120.38,348.50778,492.63202,7.07056e-05,1.4752388,-2.106859,0.16549818
13.3744,92.6,357.2972,475.964,7.142191e-05,1.2667851,-1.621411,0.16431394
11.8312,68.524,376.2616,459.296,7.2037474e-05,1.454943,-1.454943,0.16312969
11.3168,68.524,370.37766,441.23898,7.263955e-05,1.6646334,-1.2094269,0.16194543
10.802401,68.524,364.5743,424.108,7.314133e-05,2.291669,-1.1676632,0.16076118
10.802401,68.524,341.26672,400.49503,7.35108e-05,1.9077735,-0.7707905,0.15957692
10.802401,68.524,319.15338,377.80798,7.380098e-05,1.3364503,-0.7716001,0.15839267
