Vmax,Rmax_IBT,Rmax_CK22,R34,fcor,u_trans,v_trans,mean_ck_cd
9.2592,120.38,95.20739,114.824005,3.3550914e-05,-2.9668384,0.85072666,0.2
9.7736,109.268,91.373276,114.824005,3.3816792e-05,-2.4956007,0.6222233,0.2
10.802401,103.712,84.47015,114.824005,3.404614e-05,-2.5157957,0.5347483,0.2
11.3168,85.192,81.36734,114.824005,3.4293353e-05,-2.5157957,0.5347483,0.2
11.8312,68.524,70.31694,103.249,3.454095e-05,-2.5247452,0.49076045,0.2
12.3456,68.524,76.38322,115.75,3.478783e-05,-2.5329256,0.4466231,0.2
13.3744,68.524,79.75064,128.714,3.5035337e-05,-2.5247452,0.49076045,0.2
14.4032,51.856,77.37203,132.88101,3.5300713e-05,-3.0296943,0.58891255,0.2
15.9464,35.188,73.30504,137.511,3.5529305e-05,-3.0563633,0.42954442,0.2
17.489601,35.188,73.87069,150.012,3.5689303e-05,-3.0746555,0.26899746,0.2
20.0616,35.188,70.99969,163.439,3.577612e-05,-3.0845199,0.10771323,0.2
21.604801,35.188,66.01133,163.439,3.581303e-05,-3.08593,-0.053864766,0.2
23.6624,35.188,60.231953,163.439,3.577612e-05,-3.0821702,-0.16153023,0.2
23.6624,35.188,61.81783,167.606,3.5652287e-05,-3.0788815,-0.21529658,0.2
23.6624,35.188,63.405308,171.77298,3.5529305e-05,-3.0821702,-0.16153023,0.2
23.148,35.188,64.84403,171.77298,3.5510602e-05,-2.5716083,-0.044887304,0.2
22.6336,35.188,66.34232,171.77298,3.5529305e-05,-2.572,3.0670794e-08,0.2
21.604801,35.188,69.51939,171.77298,3.552893e-05,-2.5716083,0.044887364,0.2
21.0904,35.188,71.20665,171.77298,3.5529305e-05,-2.5716083,0.044887364,0.2
22.6336,35.188,66.34077,171.77298,3.5510533e-05,-2.572,3.0670794e-08,0.33218503
23.6624,35.188,63.405308,171.77298,3.5529305e-05,-2.5684752,0.13460858,0.3476863
25.2056,35.188,62.36712,180.10701,3.5652472e-05,-2.5579104,0.26884696,0.36769712
26.2344,35.188,62.77021,188.90399,3.577612e-05,-2.5684752,0.13460858,0.40228435
26.7488,35.188,64.22891,197.238,3.579448e-05,-2.572,3.0670794e-08,0.43478736
27.7776,35.188,64.39465,206.035,3.577612e-05,-2.572,3.0670794e-08,0.4466569
27.7776,35.188,67.01472,214.36899,3.5775804e-05,-2.572,3.0670794e-08,0.45400217
27.7776,35.188,69.77835,223.16602,3.577612e-05,-2.572,3.0670794e-08,0.47106105
28.292,35.188,70.88573,231.5,3.57573e-05,-2.572,3.0670794e-08,0.50390476
29.3208,35.188,70.55952,240.29701,3.577612e-05,-2.5657346,0.1794139,0.5122187
29.3208,35.188,72.96374,248.63101,3.5899222e-05,-2.5579104,0.26884696,0.5129756
29.3208,35.188,75.494354,257.428,3.6022833e-05,-2.5684752,0.13460858,0.50102156
29.3208,35.188,75.49362,257.428,3.6041143e-05,-2.572,3.0670794e-08,0.48571163
29.3208,35.188,75.494354,257.428,3.6022833e-05,-3.0864,3.6804952e-08,0.47075945
29.3208,35.188,75.49432,257.428,3.6022524e-05,-3.0864,3.6804952e-08,0.45160374
29.3208,35.188,75.494354,257.428,3.6022833e-05,-3.08593,-0.053864766,0.4277949
29.835201,35.188,73.92656,257.428,3.598539e-05,-3.0864,3.6804952e-08,0.39996165
30.3496,35.188,72.40321,257.428,3.6022833e-05,-3.0746555,0.26899746,0.36980987
30.864,35.188,70.91244,257.428,3.6232068e-05,-3.0395107,0.5359477,0.33827797
31.8928,35.188,68.06162,257.428,3.651592e-05,-3.0296943,0.58891255,0.30408916
32.4072,35.188,65.552704,252.798,3.676185e-05,-3.5460956,0.62527233,0.2699971
32.9216,35.188,63.247887,248.63101,3.700857e-05,-3.556468,0.56328946,0.24653298
33.436,40.744,61.350056,245.85301,3.725468e-05,-3.5739603,0.43882644,0.23327607
34.4648,51.856,58.593597,244.001,3.7500762e-05,-3.0563633,0.42954442,0.20457855
34.979202,51.856,58.2562,247.70502,3.7708647e-05,-3.0395107,0.5359477,0.2033943
35.4936,51.856,58.17443,252.798,3.7992504e-05,-3.493841,0.8711126,0.20221004
35.4936,51.856,58.096867,252.798,3.8483482e-05,-3.974978,1.0650918,0.20102578
35.4936,51.856,58.019016,252.798,3.897458e-05,-4.0395923,0.7852167,0.19984153
34.979202,51.856,59.111553,252.798,3.9238057e-05,-4.084526,0.5015159,0.19865729
34.4648,51.856,60.24589,252.798,3.9464914e-05,-4.064535,0.6437594,0.19747303
32.9216,51.856,62.82865,248.168,3.9831426e-05,-3.522114,0.74864763,0.19628878
31.8928,51.856,64.47944,244.464,4.0199502e-05,-3.522114,0.74864763,0.19510452
31.8928,51.856,64.455956,244.464,4.046153e-05,-3.556468,0.56328946,0.19392027
31.8928,51.856,64.435394,244.464,4.0688625e-05,-3.556468,0.56328946,0.19273601
30.864,51.856,67.14555,244.464,4.0969295e-05,-4.075151,0.5727259,0.19155176
30.3496,51.856,68.56412,244.464,4.1177245e-05,-4.1051755,0.28706223,0.1903675
30.3496,51.856,68.56191,244.464,4.121313e-05,-4.1152,4.9073268e-08,0.18918325
30.3496,51.856,68.56412,244.464,4.1177245e-05,-4.1145735,-0.071819685,0.18799901
29.835201,51.856,70.04253,244.464,4.1176903e-05,-4.1145735,-0.071819685,0.18681476
29.3208,51.856,71.56769,244.464,4.1177245e-05,-3.6008,4.293911e-08,0.1856305
27.7776,51.856,75.57937,241.686,4.1157797e-05,-3.6002517,0.06284231,0.18444625
26.2344,51.856,80.2495,239.834,4.1177245e-05,-3.5958652,0.188452,0.18326199
26.2344,57.412,80.252396,239.834,4.1280353e-05,-3.5920286,0.25117946,0.18207774
26.2344,68.524,80.256355,239.834,4.142137e-05,-4.1051755,0.28706223,0.18089348
26.2344,68.524,80.26027,239.834,4.1561147e-05,-4.10956,0.21537372,0.17970923
26.2344,68.524,80.26314,239.834,4.1665367e-05,-4.1145735,0.07181978,0.17852497
26.7488,68.524,78.449905,239.834,4.1664825e-05,-4.1152,4.9073268e-08,0.17734072
27.7776,68.524,74.998886,239.834,4.1665367e-05,-4.1126933,0.14361764,0.17615648
27.7776,68.524,74.998314,239.834,4.1749885e-05,-3.587098,0.31383038,0.17497222
27.7776,68.524,74.997116,239.834,4.1909232e-05,-4.084526,0.5015159,0.17378797
28.292,75.932,74.467545,243.538,4.2115957e-05,-4.075151,0.5727259,0.17260371
29.3208,85.192,72.70232,248.63101,4.239659e-05,-3.5460956,0.62527233,0.17141946
29.835201,85.192,71.49388,250.01999,4.2742548e-05,-3.522114,0.74864763,0.1702352
30.3496,85.192,70.6716,252.798,4.3126656e-05,-3.522114,0.74864763,0.16905095
30.3496,85.192,71.13766,254.65,4.3509186e-05,-4.0252733,0.8555973,0.16786669
30.3496,85.192,71.72766,256.965,4.385554e-05,-3.5460956,0.62527233,0.16668244
30.864,85.192,70.62754,258.81702,4.4079603e-05,-3.5460956,0.62527233,0.16549818
31.8928,85.192,68.2613,261.595,4.4340795e-05,-3.5085115,0.8100043,0.16431394
30.864,85.192,71.2758,261.595,4.478868e-05,-2.9353406,0.95375043,0.16312969
30.3496,85.192,72.8363,261.595,4.5309676e-05,-2.8814027,1.1060663,0.16194543
29.3208,75.932,76.699104,263.44702,4.577468e-05,-2.3675385,1.0049607,0.16076118
27.7776,68.524,82.938065,265.76202,4.627635e-05,-2.3116984,1.1274902,0.15957692
26.7488,68.524,85.333275,260.669,4.6843063e-05,-2.2274175,1.2859998,0.15839267
26.2344,68.524,86.17764,256.965,4.748151e-05,-2.1068592,1.4752383,0.15720841
25.720001,68.524,88.31809,256.965,4.8094174e-05,-1.8810418,1.7540998,0.15602416
25.2056,68.524,90.55381,256.965,4.892293e-05,-1.942335,2.398583,0.1548399
24.1768,68.524,93.70145,252.798,5.018546e-05,-2.2168736,2.8374693,0.15365566
23.6624,68.524,94.574,248.63101,5.155148e-05,-2.4094055,2.675916,0.15247141
23.148,68.524,93.92764,240.76,5.2674484e-05,-2.6759155,2.409406,0.15128715
22.6336,68.524,94.54058,236.13,5.3688025e-05,-2.7983472,2.2660568,0.1501029
21.0904,68.524,102.4513,236.13,5.4650107e-05,-2.9131088,2.1164966,0.14891864
20.0616,68.524,108.28524,236.13,5.5576067e-05,-3.451297,2.241299,0.14773439
18.5184,68.524,113.56846,228.25899,5.6481196e-05,-3.5274155,2.119484,0.14655013
16.9752,68.524,120.544846,222.703,5.7453286e-05,-3.3709748,2.3603814,0.14536588
16.4608,68.524,122.614655,219.925,5.8671507e-05,-3.2428217,2.5335703,0.14418162
15.9464,68.524,125.57826,218.536,5.9784e-05,-3.599235,1.9950885,0.14299737
14.917601,75.932,131.46037,215.758,6.0468148e-05,-3.890998,1.3397782,0.14181313
14.4032,85.192,134.56569,214.36899,6.0942573e-05,-3.9353857,1.203167,0.14062887
13.3744,92.6,144.34312,216.22101,6.143737e-05,-3.4434626,1.0527711,0.13944462
11.8312,103.712,160.06847,218.53601,6.186609e-05,-3.9557843,1.1343023,0.13826036
11.3168,109.268,166.64679,220.388,6.221216e-05,-3.9557843,1.1343023,0.13707611
10.802401,120.38,173.87471,222.703,6.255676e-05,-3.9353857,1.203167,0.13589185
9.7736,109.268,154.11995,187.51501,6.298059e-05,-3.9353857,1.203167,0.1347076
9.2592,103.712,130.24306,154.642,6.3474974e-05,-3.4434626,1.0527711,0.13352334
10.802401,188.904,182.68912,231.5,6.8243826e-05,-4.0491395,2.2444746,0.12641783
10.802401,177.79199,188.5178,237.982,6.9174566e-05,-4.087694,2.173466,0.12523358
10.802401,172.236,151.55118,194.46,7.003676e-05,-4.261569,1.8089292,0.12404932
9.7736,172.236,166.27002,200.016,7.0757145e-05,-4.350401,1.5834161,0.122865066
9.2592,172.236,176.65498,205.572,7.137252e-05,-3.2894945,1.4645773,0.12168082
