Vmax,Rmax_IBT,Rmax_CK22,R34,fcor,u_trans,v_trans,mean_ck_cd
11.8312,103.712,131.3909,188.904,3.2559245e-05,0.9166676,-0.4670653,0.50102156
13.3744,103.712,123.945145,196.312,3.273286e-05,1.3364503,-0.7716001,0.48571163
14.4032,103.712,122.343,205.572,3.305528e-05,1.1821598,-0.9919499,0.47075945
15.9464,103.712,104.46551,192.608,3.3619122e-05,1.3499069,-1.5528907,0.45160374
16.9752,103.712,92.236755,180.57,3.4293596e-05,1.180191,-1.6854872,0.4277949
20.576,68.524,111.07165,255.57599,3.4948745e-05,0.7716001,-1.3364503,0.39996165
23.6624,35.188,126.779015,334.286,3.5529305e-05,0.7948068,-1.3227806,0.36980987
26.7488,37.04,121.81706,372.25198,3.5936468e-05,0.64744496,-0.79952765,0.33827797
30.3496,40.744,112.9773,412.07,3.626943e-05,0.76454735,-0.68840164,0.30408916
32.4072,40.744,102.42073,412.07,3.6620582e-05,1.2160583,-0.95008886,0.2699971
34.4648,40.744,92.977585,412.07,3.700857e-05,1.164668,-1.0124302,0.24653298
34.4648,40.744,90.85453,401.884,3.7519156e-05,1.146821,-1.0326024,0.23327607
34.4648,40.744,89.270874,394.47598,3.7992504e-05,1.3087077,-0.8177716,0.20457855
33.436,44.447998,91.6764,385.679,3.829362e-05,1.4308301,-0.5780929,0.2033943
32.9216,51.856,91.93871,376.882,3.8483773e-05,0.93985564,-0.4184506,0.20221004
29.835201,51.856,106.104965,376.882,3.86064e-05,0.35081995,-0.37620834,0.20102578
26.2344,51.856,126.41082,376.882,3.872924e-05,0.26493558,-0.44092688,0.19984153
23.148,51.856,147.95522,376.882,3.8956186e-05,0.23353276,-0.45833373,0.19865729
20.0616,51.856,174.4045,376.882,3.9219805e-05,0.30079216,-0.9838463,0.19747303
17.489601,57.412,201.10759,376.882,3.9519928e-05,0.0,1.0288,0.19628878
15.9464,68.524,219.51906,376.882,3.9709896e-05,-1.0131702,-0.1786492,0.19510452
13.3744,85.192,254.52515,376.882,3.9661154e-05,-1.4407014,0.5530332,0.19392027
10.802401,103.712,295.84677,376.882,3.9464914e-05,-1.3087077,0.8177716,0.19273601
9.2592,103.712,157.03911,187.978,3.907257e-05,-0.90837646,0.4829924,0.19155176
