Vmax,Rmax_IBT,Rmax_CK22,R34,fcor,u_trans,v_trans,mean_ck_cd
11.8312,68.524,215.33238,309.284,2.0297284e-05,0.44092688,-0.26493558,0.2
12.3456,68.524,208.28465,309.284,2.0473704e-05,0.35733232,-0.37002835,0.33218503
13.3744,68.524,195.2861,309.284,2.0801292e-05,0.27259055,-0.4362359,0.3476863
13.8888,85.192,251.89807,403.73602,2.122949e-05,0.30079216,-0.9838463,0.36769712
14.4032,103.712,306.8176,497.26202,2.1808535e-05,0.13449894,-1.5373276,0.40228435
14.917601,103.712,298.66794,497.26202,2.252555e-05,0.0,2.0576,0.43478736
15.9464,103.712,282.5345,497.26202,2.3317392e-05,0.053856835,-1.5422599,0.4466569
16.4608,103.712,275.26514,497.26202,2.405205e-05,-0.05385673,-1.5422599,0.45400217
16.9752,103.712,268.26035,497.26202,2.4823696e-05,-0.3218794,-2.0322676,0.47106105
16.9752,103.712,269.2211,497.26202,2.5794954e-05,-0.6358333,-1.9568939,0.50390476
16.9752,103.712,269.9808,497.26202,2.6577594e-05,-1.0719968,-1.1100851,0.5122187
18.5184,85.192,257.62073,514.85596,2.6721771e-05,-1.5094774,-0.32084966,0.5129756
20.0616,68.524,245.29254,531.524,2.6827835e-05,-0.93240947,-0.4347896,0.50102156
20.0616,68.524,245.7582,531.524,2.7502942e-05,-0.45099616,-0.9246794,0.48571163
20.0616,68.524,246.31311,531.524,2.8327528e-05,0.21477206,-1.5281817,0.47075945
21.0904,68.524,233.31198,531.524,2.8951556e-05,0.90199244,-1.8493587,0.45160374
22.6336,68.524,215.0259,531.524,2.9574905e-05,0.8369012,-1.8797113,0.4277949
25.2056,51.856,209.14207,591.714,3.0247538e-05,0.5325463,-1.987489,0.39996165
27.7776,35.188,198.93033,650.978,3.1068776e-05,0.3926086,-2.0197961,0.36980987
30.3496,35.188,175.71945,668.572,3.2149717e-05,0.4023494,-2.5403345,0.33827797
32.9216,35.188,153.7878,685.24,3.330315e-05,0.35795343,-2.5469694,0.30408916
34.979202,35.188,135.4428,685.24,3.4349134e-05,0.3926086,-2.0197961,0.2699971
37.0368,35.188,119.08074,685.24,3.5282377e-05,0.90199244,-1.8493587,0.24653298
37.0368,35.188,118.08806,685.24,3.5985908e-05,1.5478685,-2.0540903,0.23327607
37.0368,35.188,116.99581,685.24,3.67623e-05,1.3629527,-2.1811795,0.20457855
37.0368,51.856,115.427216,685.24,3.788146e-05,1.4011965,-2.7500024,0.2033943
37.0368,68.524,113.56174,685.24,3.9219805e-05,1.6355432,-2.6174154,0.20221004
35.4936,51.856,121.4118,668.572,4.061543e-05,2.1670158,-2.8757265,0.20102578
34.4648,35.188,125.706726,651.904,4.2152973e-05,2.5335703,-3.242822,0.19984153
34.4648,57.412,123.81654,651.904,4.3782526e-05,2.7861633,-3.6973627,0.19865729
34.4648,85.192,121.76962,651.904,4.5551555e-05,2.9504776,-4.213718,0.19747303
32.9216,57.412,134.99226,669.03503,4.746275e-05,2.8016233,-4.3141212,0.19628878
31.8928,35.188,145.14679,686.166,4.9402213e-05,2.9504776,-4.213718,0.19510452
30.864,40.744,154.44218,686.166,5.119393e-05,3.1669629,-4.0535274,0.19392027
30.3496,51.856,158.5469,686.166,5.2977284e-05,3.3064997,-3.9405327,0.19273601
29.3208,57.412,166.65015,669.498,5.486777e-05,3.3747673,-3.8822265,0.19155176
27.7776,68.524,181.8202,650.978,5.6750614e-05,3.5081995,-3.7620835,0.1903675
26.2344,68.524,203.03151,650.978,5.8470127e-05,3.8590193,-4.138292,0.18918325
25.2056,68.524,218.44746,650.978,6.0247978e-05,3.3747673,-3.8822265,0.18799901
23.148,85.192,254.48459,650.978,6.2324405e-05,3.1669629,-4.0535274,0.18681476
21.0904,103.712,296.658,650.978,6.43901e-05,3.2372246,-3.9976385,0.1856305
19.0328,109.268,345.43213,650.978,6.619974e-05,3.4420083,-3.8227367,0.18444625
16.9752,120.38,401.01562,650.978,6.7793495e-05,3.6373572,-3.6373572,0.18326199
14.917601,120.38,463.4992,650.978,6.915821e-05,3.7002842,-3.5733223,0.18207774
13.3744,120.38,515.5385,650.978,7.048288e-05,3.4420083,-3.8227367,0.18089348
