Vmax,Rmax_IBT,Rmax_CK22,R34,fcor,u_trans,v_trans,mean_ck_cd
13.3744,103.712,156.0241,239.834,4.1177245e-05,-3.974978,1.0650918,0.4466569
13.8888,103.712,163.25085,256.965,4.175018e-05,-4.427309,1.3535628,0.45400217
14.4032,103.712,170.17273,274.096,4.239659e-05,-4.3773727,1.5072504,0.47106105
15.9464,92.6,167.00537,291.69,4.3126453e-05,-4.322104,1.6590996,0.50390476
16.9752,85.192,167.7847,308.358,4.385554e-05,-3.9137876,1.2716672,0.5122187
16.9752,85.192,172.98943,316.69202,4.446023e-05,-3.9557843,1.1343023,0.5129756
16.9752,85.192,178.78412,325.952,4.506766e-05,-4.322104,1.6590996,0.50102156
18.5184,85.192,183.19882,360.214,4.5810863e-05,-4.1958427,1.9565531,0.48571163
20.0616,85.192,185.56274,394.476,4.651767e-05,-4.892235,1.5895841,0.47075945
21.604801,85.192,170.21916,394.476,4.70359e-05,-5.0315914,1.0694966,0.45160374
23.6624,85.192,151.78505,394.476,4.748151e-05,-5.0315914,1.0694966,0.4277949
25.720001,75.932,141.06743,411.14398,4.796074e-05,-4.492081,1.1200019,0.39996165
27.7776,68.524,130.6129,428.275,4.844305e-05,-3.992961,0.99555725,0.36980987
29.835201,68.524,116.39282,428.738,4.8923346e-05,-3.992961,0.99555725,0.33827797
31.8928,68.524,103.753,429.20102,4.9402213e-05,-3.4245641,1.1127088,0.30408916
32.9216,68.524,97.84346,429.20102,4.9826038e-05,-3.3145537,1.406945,0.2699971
34.4648,68.524,89.63113,429.20102,5.035898e-05,-2.6994264,1.4963164,0.24653298
34.979202,68.524,86.72796,429.20102,5.11579e-05,-2.1068592,1.4752383,0.23327607
35.4936,68.524,83.8445,429.20102,5.2027382e-05,-2.0540903,1.5478686,0.20457855
34.979202,68.524,88.795456,450.49902,5.268663e-05,-1.8810418,1.7540998,0.2033943
34.4648,68.524,93.893814,471.79703,5.345127e-05,-1.1676636,2.291669,0.20221004
34.4648,68.524,92.70618,467.63,5.45269e-05,-0.40234917,2.5403345,0.20102578
34.4648,68.524,91.35497,463.00003,5.581132e-05,-0.2152961,3.0788817,0.19984153
32.9216,68.524,99.68652,463.00003,5.7131372e-05,-0.05386573,3.08593,0.19865729
31.8928,68.524,105.5274,463.00003,5.862087e-05,0.31383038,3.587098,0.19747303
30.3496,68.524,115.64958,463.00003,6.0242208e-05,0.714597,4.052681,0.19628878
29.3208,68.524,122.82396,463.00003,6.20965e-05,0.962548,4.5284324,0.19510452
29.3208,68.524,115.78061,433.368,6.410428e-05,1.1571481,5.01216,0.19392027
29.3208,68.524,108.40176,402.81,6.643758e-05,1.5976382,5.9624667,0.19273601
29.3208,57.412,111.29349,420.404,6.905312e-05,1.955148,6.395001,0.19155176
29.3208,51.856,113.560326,437.07202,7.2037474e-05,1.9970478,7.4530835,0.1903675
26.7488,51.856,138.21393,450.96198,7.5357995e-05,1.967152,8.520672,0.18918325
25.2056,51.856,157.14014,463.463,7.878973e-05,2.5567322,8.362694,0.18799901
23.148,51.856,182.12485,463.463,8.1692444e-05,3.3476052,7.5188446,0.18681476
21.604801,51.856,203.62564,463.463,8.38483e-05,3.766056,8.4587,0.1856305
21.0904,51.856,211.34236,463.463,8.510482e-05,3.8150003,11.741364,0.18444625
19.0328,51.856,245.28745,463.0,9.004806e-05,3.1111157,12.4780035,0.18326199
16.9752,51.856,285.40393,463.463,9.491022e-05,1.5749942,11.206666,0.18207774
15.9464,68.524,314.3388,471.79703,9.842222e-05,-0.30519003,8.739473,0.18089348
14.4032,85.192,359.00616,480.59402,0.000101127116,-0.7527735,7.1621485,0.17970923
