Vmax,Rmax_IBT,Rmax_CK22,R34,fcor,u_trans,v_trans,mean_ck_cd
14.4032,120.38,108.44477,180.56999,4.288343e-05,-0.28764895,0.42645687,0.2
14.4032,85.192,127.0459,209.276,4.265831e-05,0.0,0.5144,0.2
14.4032,51.856,147.7752,240.76,4.239659e-05,-0.2725905,0.43623593,0.2
14.4032,51.856,147.69734,240.76,4.2134696e-05,-0.35081992,0.37620836,0.2
14.4032,51.856,147.63017,240.76,4.1909232e-05,0.124444626,0.49912012,0.33218503
16.9752,51.856,137.15028,257.428,4.173247e-05,0.3997639,0.32372242,0.3476863
20.0616,51.856,124.394,274.096,4.1665367e-05,0.5080669,0.08046991,0.36769712
20.576,44.447998,124.64592,281.504,4.175073e-05,0.4213718,-0.29504776,0.40228435
21.0904,40.744,125.67735,290.764,4.1909232e-05,0.44092688,-0.26493558,0.43478736
22.6336,40.744,116.19912,290.764,4.2031115e-05,0.9470154,-0.4019842,0.4466569
23.6624,40.744,110.409904,290.764,4.2152973e-05,0.44092688,-0.26493558,0.45400217
23.6624,40.744,108.59387,286.134,4.225644e-05,0.39976394,-0.3237224,0.47106105
23.6624,40.744,107.14708,282.43,4.239659e-05,0.92467934,-0.45099622,0.50390476
23.6624,40.744,105.52265,278.263,4.258535e-05,0.95388675,-0.38539526,0.5122187
23.6624,40.744,103.908875,274.096,4.288343e-05,1.3087077,-0.8177716,0.5129756
23.6624,31.484,103.95197,274.096,4.3333297e-05,1.128625,-1.0524598,0.50102156
23.6624,24.076,104.00132,274.096,4.385554e-05,0.9711674,-1.1992915,0.48571163
25.2056,27.78,103.009865,292.153,4.434075e-05,0.7948068,-1.3227806,0.47075945
26.2344,35.188,104.841286,312.52502,4.4825505e-05,0.49877208,-0.89980876,0.45160374
27.7776,37.04,100.856224,324.563,4.5291486e-05,0.48299235,-0.90837646,0.4277949
29.3208,40.744,97.384964,338.91602,4.5793287e-05,0.6029763,-1.4205232,0.39996165
29.835201,40.744,94.63836,337.99,4.6342673e-05,0.50241673,-1.4591243,0.36980987
30.3496,40.744,92.4042,338.91602,4.6999867e-05,0.7037408,-1.9335115,0.33827797
30.864,40.744,88.530174,332.897,4.7752026e-05,0.77079076,-1.9077734,0.30408916
31.8928,40.744,83.41452,330.11902,4.868306e-05,1.1676638,-2.2916687,0.2699971
32.9216,48.152,82.9089,349.102,4.980954e-05,1.4963163,-2.6994264,0.24653298
34.4648,57.412,79.80351,369.011,5.1074945e-05,1.0556113,-2.9002674,0.23327607
34.4648,57.412,79.31594,369.011,5.241921e-05,0.6416984,-3.0189548,0.20457855
34.4648,57.412,78.8539,369.011,5.3688025e-05,0.6656828,-2.4843612,0.2033943
34.4648,55.56,78.5086,369.011,5.4633412e-05,0.96348846,-2.3847167,0.20221004
34.4648,51.856,78.16352,369.011,5.5576067e-05,0.96348846,-2.3847167,0.20102578
33.436,44.447998,82.16487,369.011,5.6814897e-05,1.1060667,-2.8814027,0.19984153
32.9216,40.744,84.05514,369.011,5.8154368e-05,1.2553518,-2.8195667,0.19865729
31.8928,37.04,88.6017,369.011,5.941833e-05,1.5784868,-3.2363777,0.19747303
30.3496,35.188,96.336945,369.011,6.0711227e-05,1.2904112,-3.3616366,0.19628878
27.7776,35.188,107.08995,352.806,6.211354e-05,1.0527725,-3.4434621,0.19510452
25.2056,35.188,119.30324,338.453,6.3474974e-05,1.0048335,-2.9182487,0.19392027
23.148,51.856,134.47876,338.453,6.463558e-05,0.879676,-2.4168894,0.19273601
21.0904,68.524,151.90251,338.453,6.575688e-05,0.85072714,-2.9668381,0.19155176
20.0616,68.524,161.653,338.453,6.7036905e-05,0.79881936,-2.9812334,0.1903675
18.5184,68.524,177.46494,338.453,6.8243826e-05,1.0556113,-2.9002674,0.18918325
16.9752,68.524,194.7962,338.453,6.917591e-05,1.2860001,-2.2274172,0.18799901
15.9464,68.524,207.3371,338.453,7.003676e-05,1.4382445,-2.1322844,0.18681476
14.917601,68.524,220.68852,338.453,7.102215e-05,1.5117837,-2.0807917,0.1856305
14.4032,68.524,227.86954,338.453,7.2037474e-05,1.8574421,-2.4649084,0.18444625
13.8888,68.524,235.2577,338.453,7.3031166e-05,1.8574421,-2.4649084,0.18326199
13.3744,68.524,242.85933,338.453,7.402041e-05,1.5834814,-2.0267637,0.18207774
12.3456,68.524,258.22742,338.453,7.5003714e-05,2.0248604,-2.329336,0.18089348
11.8312,68.524,266.44855,338.453,7.5985095e-05,2.2201705,-2.1439934,0.17970923
9.7736,68.524,140.11328,169.458,7.705544e-05,3.3292668,-2.4188538,0.17852497
