Vmax,Rmax_IBT,Rmax_CK22,R34,fcor,u_trans,v_trans,mean_ck_cd
10.802401,103.712,101.35168,137.048,3.475097e-05,-1.0288,1.2268317e-08,0.2
10.802401,103.712,101.35485,137.048,3.47882e-05,-1.0286434,0.017954946,0.2
10.802401,103.712,101.35322,137.048,3.4769448e-05,-1.0288,1.2268317e-08,0.2
10.802401,103.712,101.35485,137.048,3.47882e-05,-1.5394408,0.107648335,0.2
9.7736,103.712,109.38032,137.048,3.4856253e-05,-2.0375755,0.28636295,0.2
9.2592,103.712,113.79995,137.048,3.5035337e-05,-1.9778922,0.5671511,0.2
9.7736,109.268,96.142746,120.38,4.1316805e-05,-5.093939,0.7159074,0.36769712
10.802401,120.38,101.94013,137.048,4.1665367e-05,-5.603333,0.7874981,0.40228435
11.8312,120.38,95.03407,137.048,4.2048745e-05,-5.603333,0.7874981,0.43478736
13.3744,120.38,86.02312,137.048,4.239659e-05,-5.627403,0.59146327,0.4466569
14.4032,92.6,80.78652,137.048,4.2657935e-05,-5.6368685,0.49316204,0.45400217
15.9464,68.524,73.86324,137.048,4.288343e-05,-5.115821,0.5376939,0.47106105
15.9464,75.932,114.678665,206.49799,4.3142754e-05,-4.084526,0.5015159,0.50390476
15.9464,85.192,156.09625,274.096,4.3369746e-05,-4.0995407,0.3586633,0.5122187
15.9464,85.192,156.13681,274.096,4.34906e-05,-4.1051755,0.28706223,0.5129756
15.9464,85.192,156.17766,274.096,4.3612705e-05,-4.0995407,0.3586633,0.50102156
16.4608,57.412,151.7997,274.096,4.3854747e-05,-4.084526,0.5015159,0.48571163
16.9752,35.188,147.58182,274.096,4.409823e-05,-4.0926566,0.4301551,0.47075945
17.489601,35.188,143.49063,274.096,4.4255215e-05,-3.5920286,0.25117946,0.45160374
18.5184,35.188,135.68442,274.096,4.4340795e-05,-3.5986066,0.12566544,0.4277949
21.0904,35.188,134.73726,309.284,4.4358545e-05,-3.6008,4.293911e-08,0.39996165
23.6624,35.188,131.1096,342.62,4.4340795e-05,-3.0864,3.6804952e-08,0.36980987
26.7488,35.188,121.70728,373.17798,4.4340002e-05,-3.0864,3.6804952e-08,0.33827797
30.3496,35.188,108.647736,403.273,4.4340795e-05,-3.0864,3.6804952e-08,0.30408916
32.4072,51.856,97.81121,403.273,4.4358847e-05,-3.0864,3.6804952e-08,0.2699971
34.4648,68.524,88.24367,403.273,4.4340795e-05,-3.0821702,-0.16153023,0.24653298
34.4648,68.524,91.28281,420.867,4.421893e-05,-2.5579104,-0.26884687,0.23327607
34.4648,68.524,94.10157,437.53503,4.409823e-05,-2.5684752,-0.13460852,0.20457855
34.4648,68.524,94.79061,441.70203,4.407986e-05,-2.572,3.0670794e-08,0.2033943
34.4648,68.524,95.45613,445.86902,4.409823e-05,-2.572,3.0670794e-08,0.20221004
33.436,57.412,104.45995,467.167,4.4079883e-05,-2.572,3.0670794e-08,0.20102578
32.9216,51.856,111.16822,488.465,4.409823e-05,-2.05478,0.10768686,0.19984153
32.9216,57.412,111.118614,488.465,4.4182867e-05,-2.0322676,0.3218797,0.19865729
32.9216,68.524,111.02625,488.465,4.4340795e-05,-1.4973603,0.37333396,0.19747303
31.8928,68.524,117.467575,488.465,4.4546665e-05,-1.4591242,0.5024168,0.19628878
30.3496,68.524,128.00479,488.465,4.4825505e-05,-1.4097834,0.627676,0.19510452
30.3496,68.524,127.853745,488.465,4.515219e-05,-1.3625647,0.7244886,0.19392027
30.3496,68.524,127.66828,488.465,4.5551555e-05,-1.7637078,1.059742,0.19273601
31.8928,68.524,123.02361,523.19,4.603483e-05,-1.7637078,1.059742,0.19155176
32.9216,68.524,120.757904,557.452,4.651767e-05,-1.8167529,0.9659848,0.1903675
34.4648,75.932,109.53034,557.452,4.689739e-05,-1.8797112,0.8369013,0.18918325
35.4936,85.192,102.52989,557.452,4.7240763e-05,-1.8648189,0.8695792,0.18799901
34.4648,85.192,108.93192,557.452,4.760162e-05,-1.3625647,0.7244886,0.18681476
32.9216,85.192,119.619286,557.452,4.796257e-05,-1.3625647,0.7244886,0.1856305
31.8928,85.192,127.32641,557.452,4.8322865e-05,-1.3625647,0.7244886,0.18444625
30.3496,85.192,140.13652,557.452,4.868306e-05,-1.3625647,0.7244886,0.18326199
30.3496,85.192,143.7783,577.824,4.90426e-05,-1.3625647,0.7244886,0.18207774
30.3496,85.192,147.61311,600.048,4.9402213e-05,-1.8493588,0.90199214,0.18089348
30.864,92.6,152.00935,659.775,4.9761413e-05,-1.8648189,0.8695792,0.17970923
31.8928,103.712,148.45012,719.965,5.012002e-05,-1.3750014,0.70059776,0.17852497
32.4072,109.268,142.34293,719.965,5.0460156e-05,-1.2942364,0.84048706,0.17734072
32.9216,120.38,136.38469,719.965,5.083645e-05,-1.2793709,0.8629465,0.17615648
32.4072,120.38,141.3123,719.965,5.1259547e-05,-1.6854874,1.1801907,0.17497222
31.8928,120.38,146.3388,719.965,5.178951e-05,-1.5762132,1.3225996,0.17378797
30.864,120.38,158.94923,730.614,5.2502695e-05,-1.8810418,1.7540998,0.17260371
30.3496,120.38,166.13412,741.726,5.321436e-05,-1.5762132,1.3225996,0.17141946
30.3496,120.38,165.49739,741.726,5.3723186e-05,-1.6646336,1.2094265,0.1702352
30.3496,120.38,164.94948,741.726,5.4161024e-05,-1.7449436,1.0903622,0.16905095
29.835201,120.38,172.24626,747.745,5.4597785e-05,-1.7449436,1.0903622,0.16786669
29.3208,120.38,179.9539,754.22705,5.510506e-05,-2.1068592,1.4752383,0.16668244
27.7776,120.38,203.3608,754.22705,5.5758297e-05,-1.9988195,1.618612,0.16549818
26.2344,120.38,229.72249,754.22705,5.6516048e-05,-1.9113681,1.7210042,0.16431394
25.2056,127.788,256.87152,784.322,5.7318346e-05,-1.8501421,1.7866613,0.16312969
23.6624,137.048,300.3231,814.417,5.8154368e-05,-2.2936418,2.065205,0.16194543
23.6624,120.38,299.7008,814.417,5.8970123e-05,-2.36432,1.9838994,0.16076118
23.6624,103.712,299.07202,814.417,5.9784e-05,-2.36432,1.9838994,0.15957692
23.148,127.788,311.71103,814.417,6.0577957e-05,-2.3293362,2.0248601,0.15839267
22.6336,153.716,324.92682,814.417,6.14047e-05,-2.2201705,2.1439936,0.15720841
22.6336,153.716,324.38193,814.417,6.229195e-05,-2.0652046,2.2936423,0.15602416
22.6336,153.716,323.78552,814.417,6.324571e-05,-1.9001774,2.4321167,0.1548399
21.604801,153.716,355.12177,820.43604,6.425854e-05,-1.7702868,2.5282307,0.15365566
21.0904,153.716,373.40265,827.38104,6.530208e-05,-1.6355429,2.6174157,0.15247141
21.0904,153.716,373.02692,827.38104,6.6324e-05,-1.5896137,2.645561,0.15128715
21.0904,153.716,372.63956,827.38104,6.734234e-05,-1.3629524,2.1811798,0.1501029
20.576,161.124,393.0882,836.17804,6.830573e-05,-1.3246781,2.2046342,0.14891864
20.0616,172.236,414.81717,844.97504,6.936598e-05,-1.2059524,2.8410463,0.14773439
20.0616,172.236,427.4573,872.292,7.065535e-05,-0.99251556,3.4613109,0.14655013
20.0616,172.236,440.279,900.53503,7.2037474e-05,-0.93195647,3.4781055,0.14536588
19.0328,196.312,483.1004,900.53503,7.337793e-05,-0.64169884,3.0189548,0.14418162
18.5184,222.24,506.02322,900.53503,7.467736e-05,-0.16152972,3.0821702,0.14299737
17.489601,229.648,554.77484,900.53503,7.5859934e-05,0.48281938,3.0484014,0.14181313
16.9752,240.76,581.13763,900.53503,7.70685e-05,0.7988191,2.9812334,0.14062887
16.9752,240.76,628.0057,964.89197,7.833894e-05,1.1127084,3.4245644,0.13944462
16.9752,240.76,675.4992,1029.249,7.9857724e-05,1.6591003,4.322104,0.13826036
16.9752,240.76,677.066,1029.249,8.174279e-05,2.3014786,5.1692057,0.13707611
16.9752,240.76,678.7866,1029.249,8.3859915e-05,2.8023925,5.5000052,0.13589185
16.9752,205.572,680.52277,1029.249,8.604629e-05,3.5436761,5.671067,0.1347076
16.9752,172.236,682.1761,1029.249,8.8175955e-05,3.8003554,4.864233,0.13352334
16.9752,172.236,745.9579,1114.4409,8.992425e-05,4.6453195,4.810369,0.13233909
16.9752,172.236,811.2651,1200.5591,9.1781345e-05,6.0193334,5.613119,0.13115485
16.9752,172.236,813.23596,1200.5591,9.4020754e-05,7.030539,6.789313,0.1299706
16.9752,172.236,815.49426,1200.5591,9.6637836e-05,6.1507254,7.595514,0.12878634
16.9752,172.236,833.98096,1221.8569,9.957932e-05,5.144,8.909669,0.12760209
16.9752,172.236,852.7687,1243.155,0.00010276526,4.5099626,9.246794,0.12641783
20.0616,188.904,553.1766,1243.155,0.000105965104,4.2208343,9.943663,0.12523358
20.0616,205.572,590.61523,1371.8689,0.00010922921,3.6868894,9.604675,0.12404932
