Vmax,Rmax_IBT,Rmax_CK22,R34,fcor,u_trans,v_trans,mean_ck_cd
11.3168,137.048,283.18146,386.14203,2.2977938e-05,-2.080792,1.5117832,0.2
11.8312,120.38,280.8382,394.476,2.3568628e-05,-2.672901,1.5431998,0.2
12.3456,120.38,272.4347,394.476,2.4127174e-05,-2.8195667,1.255352,0.33218503
13.3744,120.38,256.24817,394.476,2.4572832e-05,-2.9002674,1.0556108,0.3476863
13.8888,120.38,245.2641,389.383,2.486131e-05,-1.9778922,0.5671511,0.36769712
14.4032,120.38,235.96007,386.14203,2.5074483e-05,-1.4591242,0.5024168,0.40228435
14.4032,120.38,236.14017,386.14203,2.5306204e-05,-1.4097834,0.627676,0.43478736
14.4032,120.38,236.349,386.14203,2.5575835e-05,-1.3986143,0.65218437,0.4466569
15.9464,92.6,216.58963,386.14203,2.5989091e-05,-1.9335115,0.7037405,0.45400217
16.9752,68.524,204.7462,386.14203,2.6327272e-05,-2.0197961,0.39260834,0.47106105
16.9752,68.524,216.53407,406.51404,2.636477e-05,-2.5704334,0.089761026,0.50390476
16.9752,68.524,229.14969,428.27502,2.6327272e-05,-2.0563467,-0.071809754,0.5122187
18.5184,68.524,210.72943,428.27502,2.6414737e-05,-2.0563467,-0.071809754,0.5129756
20.0616,68.524,194.31808,428.27502,2.6577594e-05,-2.05478,0.10768686,0.50102156
21.0904,68.524,184.37146,428.27502,2.6771444e-05,-1.5094774,0.320849,0.48571163
22.6336,68.524,170.69624,428.27502,2.707799e-05,-1.945499,0.6698891,0.47075945
23.148,68.524,173.87924,446.33203,2.7521653e-05,-1.8648189,0.8695792,0.45160374
23.6624,68.524,176.39256,463.463,2.807779e-05,-2.1068592,1.4752383,0.4277949
25.2056,68.524,160.3286,454.66602,2.8683118e-05,-1.9113681,1.7210042,0.39996165
26.2344,68.524,149.72932,446.332,2.9325609e-05,-2.1068592,1.4752383,0.36980987
27.7776,51.856,139.06026,446.332,2.99485e-05,-2.7251294,1.4489772,0.33827797
29.3208,35.188,129.2315,446.332,3.0571195e-05,-2.774038,1.3529882,0.30408916
31.8928,35.188,121.41102,475.96402,3.1192878e-05,-2.3116984,1.1274902,0.2699971
34.4648,35.188,113.08409,506.05902,3.1814445e-05,-2.6455615,1.589613,0.24653298
34.4648,40.744,112.68639,506.05902,3.2416272e-05,-3.0536513,1.9081337,0.23327607
34.4648,51.856,112.26214,506.05902,3.305528e-05,-3.2894945,1.4645773,0.20457855
34.4648,40.744,116.91685,535.691,3.3779786e-05,-3.4434626,1.0527711,0.2033943
34.4648,35.188,121.30959,565.786,3.454095e-05,-3.4046233,1.1723058,0.20221004
33.436,35.188,129.67812,578.75,3.526349e-05,-2.774038,1.3529882,0.20102578
32.9216,35.188,134.91103,591.251,3.6022833e-05,-3.019885,1.9611366,0.19984153
32.9216,35.188,134.18828,591.251,3.6866306e-05,-2.949603,2.0653336,0.19865729
32.9216,35.188,133.43004,591.251,3.7746686e-05,-3.451297,2.241299,0.19747303
32.4072,24.076,136.734,591.714,3.8606315e-05,-3.599235,1.9950885,0.19628878
31.8928,16.668,140.05789,591.25104,3.9464914e-05,-3.6666706,1.8682607,0.19510452
30.864,16.668,143.01631,566.24896,4.033904e-05,-3.7594223,1.6738026,0.19392027
30.3496,16.668,141.22318,540.321,4.1177245e-05,-3.8155472,1.5415801,0.19273601
26.7488,24.076,167.39784,519.48596,4.192773e-05,-4.350401,1.5834161,0.19155176
23.6624,35.188,191.67197,497.26202,4.2640077e-05,-4.292491,1.7342775,0.1903675
22.6336,35.188,203.55753,497.26202,4.3386863e-05,-4.22935,1.883028,0.18918325
21.0904,35.188,223.00328,497.26202,4.409823e-05,-3.8418703,1.4747552,0.18799901
22.6336,35.188,205.46725,501.42902,4.4740023e-05,-3.4613113,0.9925145,0.18681476
23.6624,35.188,194.95319,505.596,4.5309676e-05,-3.5085115,0.8100043,0.1856305
23.6624,35.188,194.95262,505.596,4.581091e-05,-3.992961,0.99555725,0.18444625
23.6624,35.188,194.94972,505.596,4.627635e-05,-3.974978,1.0650918,0.18326199
23.6624,35.188,193.34229,501.42902,4.6740308e-05,-3.4245641,1.1127088,0.18207774
23.6624,35.188,191.7345,497.26202,4.7240763e-05,-3.3145537,1.406945,0.18089348
23.6624,35.188,191.7265,497.26202,4.7841517e-05,-3.236378,1.5784862,0.17970923
23.6624,35.188,191.71498,497.26202,4.844305e-05,-3.2894945,1.4645773,0.17852497
23.148,35.188,201.49513,506.52197,4.8760754e-05,-3.2894945,1.4645773,0.17734072
22.6336,35.188,211.43958,514.856,4.9402213e-05,-2.7583733,2.3145492,0.17615648
22.6336,51.856,211.50314,514.85596,5.1001683e-05,-2.58978,3.1981103,0.17497222
22.6336,68.524,211.16106,513.93,5.2740055e-05,-3.4404626,3.0978076,0.17378797
