Vmax,Rmax_IBT,Rmax_CK22,R34,fcor,u_trans,v_trans,mean_ck_cd
11.8312,188.904,206.12753,291.69,2.8327528e-05,-1.2641156,-0.885143,0.47106105
13.3744,144.456,187.361,291.69,2.8614617e-05,-0.9166674,-0.4670656,0.50390476
14.4032,103.712,176.25648,291.69,2.882674e-05,-0.9166674,-0.4670656,0.5122187
15.9464,85.192,161.36223,291.69,2.9094872e-05,-0.8724718,-0.5451811,0.5129756
16.9752,68.524,152.49179,291.69,2.9325609e-05,-0.8529139,-0.57529765,0.50102156
18.5184,57.412,140.43501,291.69,2.9450177e-05,-0.8818536,-0.5298714,0.48571163
20.0616,51.856,129.77356,291.69,2.9574905e-05,-1.4097834,-0.627676,0.47075945
23.148,68.524,116.29693,302.802,2.9805457e-05,-1.4591242,-0.5024168,0.45160374
26.2344,85.192,105.908455,316.69202,3.0073232e-05,-1.4501337,-0.5278054,0.4277949
27.7776,85.192,99.04547,316.69202,3.03222e-05,-1.43083,-0.57809323,0.39996165
29.3208,85.192,92.79421,316.69202,3.0571195e-05,-1.420523,-0.60297644,0.36980987
30.864,68.524,85.61633,311.136,3.0801264e-05,-1.4097834,-0.627676,0.33827797
32.9216,51.856,78.45464,309.284,3.1068776e-05,-1.420523,-0.60297644,0.30408916
34.979202,51.856,72.47421,309.284,3.1385774e-05,-1.3986143,-0.65218437,0.2699971
37.0368,51.856,67.06092,309.284,3.1814445e-05,-1.7058278,-1.1505953,0.24653298
37.0368,75.932,79.28594,377.808,3.241648e-05,-1.5762132,-1.3225996,0.23327607
37.0368,103.712,90.333305,446.332,3.305528e-05,-1.5990556,-1.2948897,0.20457855
37.0368,103.712,90.02486,446.332,3.3569464e-05,-1.6854874,-1.1801907,0.2033943
37.0368,103.712,89.738464,446.332,3.404614e-05,-1.6432723,-1.2382948,0.20221004
37.0368,103.712,83.96856,411.607,3.4540826e-05,-1.1992917,-0.9711672,0.20102578
37.0368,103.712,78.102394,377.345,3.5035337e-05,-1.18216,-0.9919497,0.19984153
35.4936,92.6,83.11802,377.345,3.556632e-05,-1.1992917,-0.9711672,0.19865729
34.4648,85.192,86.70894,377.345,3.6022833e-05,-1.3227804,-0.79480714,0.19747303
33.436,57.412,89.734406,373.178,3.6306392e-05,-0.94701535,-0.40198427,0.19628878
32.9216,35.188,90.82632,369.011,3.651592e-05,-0.890967,-0.5143999,0.19510452
32.9216,35.188,94.35446,385.67902,3.6762223e-05,-0.7146646,-0.74005675,0.19392027
32.9216,35.188,98.00837,403.273,3.700857e-05,-0.64744484,-0.7995278,0.19273601
31.8928,57.412,102.730896,403.273,3.7254733e-05,-0.6612999,-0.78810656,0.19155176
30.3496,85.192,110.45679,403.273,3.7500762e-05,-0.2950477,-0.42137182,0.1903675
29.3208,85.192,116.03041,403.273,3.7728238e-05,-0.23353274,-0.45833376,0.18918325
27.7776,85.192,125.13595,403.273,3.7992504e-05,-0.26627305,-0.9937445,0.18799901
26.7488,68.524,127.414665,389.846,3.8324153e-05,-0.0896659,-1.0248852,0.18681476
26.2344,51.856,126.4109,376.88202,3.872924e-05,0.12537912,-1.0211315,0.1856305
25.2056,51.856,136.26558,385.67902,3.916463e-05,0.3518704,-0.96675575,0.18444625
23.6624,51.856,151.09805,394.476,3.9709896e-05,0.57809305,-1.4308301,0.18326199
22.6336,51.856,159.6834,394.476,4.040742e-05,0.6029763,-1.4205232,0.18207774
21.0904,51.856,173.76292,394.476,4.1177245e-05,0.6029763,-1.4205232,0.18089348
20.0616,68.524,179.00017,384.29,4.1909087e-05,0.90199244,-1.8493587,0.17970923
18.5184,85.192,191.47313,377.345,4.2640077e-05,1.0597423,-1.7637075,0.17852497
17.489601,92.6,192.54774,359.28802,4.3351323e-05,1.5117837,-2.0807917,0.17734072
16.9752,103.712,188.72728,343.083,4.409823e-05,1.7540997,-1.8810418,0.17615648
15.9464,103.712,200.43912,343.083,4.4929104e-05,1.8186786,-1.8186786,0.17497222
14.4032,103.712,219.4277,343.083,4.5793287e-05,1.5478685,-2.0540903,0.17378797
14.4032,103.712,213.28299,333.823,4.6601577e-05,0.8695795,-1.8648188,0.17260371
14.4032,103.712,208.46799,326.41498,4.748151e-05,0.96348846,-2.3847167,0.17141946
13.8888,92.6,201.1296,306.969,4.8508857e-05,1.0049605,-2.3675385,0.1702352
13.3744,85.192,196.36292,291.69,4.9641636e-05,1.3529886,-2.774038,0.16905095
11.8312,85.192,215.42992,291.69,5.0817456e-05,1.7258934,-2.5587413,0.16786669
10.802401,85.192,229.36948,291.69,5.2027382e-05,3.152426,-2.6451998,0.16668244
