Vmax,Rmax_IBT,Rmax_CK22,R34,fcor,u_trans,v_trans,mean_ck_cd
11.8312,103.712,63.799442,94.451996,2.7827968e-05,-4.064535,0.6437594,0.2
14.4032,75.932,69.05139,120.38,2.8077717e-05,-4.075151,0.5727259,0.2
16.9752,51.856,72.80208,145.845,2.8327528e-05,-3.5460956,0.62527233,0.2
17.489601,51.856,127.437225,253.724,2.864554e-05,-2.9947207,0.7466679,0.2
18.5184,51.856,178.32526,364.381,2.9076216e-05,-2.384717,0.9634875,0.2
19.0328,51.856,171.16306,359.28802,2.9624256e-05,-2.1322846,1.4382441,0.2
20.0616,51.856,160.69673,355.584,3.0322259e-05,-1.9702666,1.6532495,0.2
23.148,51.856,148.96686,382.901,3.1136857e-05,-2.2936418,2.065205,0.2
26.2344,51.856,138.0824,411.607,3.206281e-05,-2.36432,1.9838994,0.2
28.292,51.856,126.46037,416.237,3.299976e-05,-2.7983472,2.2660568,0.2
30.3496,51.856,115.53953,419.94104,3.404614e-05,-2.1049194,2.2572503,0.2
30.3496,51.856,115.21214,419.94104,3.5300414e-05,-1.7702868,2.5282307,0.2
30.3496,51.856,114.885956,419.94104,3.651592e-05,-1.942335,2.398583,0.2
30.3496,51.856,114.62912,419.94104,3.7451464e-05,-2.25725,2.10492,0.2
30.3496,51.856,114.409294,419.94104,3.8238195e-05,-2.4321163,1.9001777,0.2
26.7488,51.856,136.995,419.94104,3.8993054e-05,-2.080792,1.5117832,0.33218503
23.6624,51.856,161.1434,419.94104,3.9709896e-05,-1.9113681,1.7210042,0.3476863
23.6624,51.856,161.22406,419.94104,4.046222e-05,-1.209427,1.6646333,0.36769712
23.6624,51.856,161.29613,419.94104,4.1177245e-05,-1.1801912,1.685487,0.40228435
23.6624,51.856,161.35764,419.94104,4.1823834e-05,-1.2667849,1.6214111,0.43478736
23.6624,51.856,161.4093,419.94104,4.239659e-05,-0.9070703,1.248475,0.4466569
23.6624,51.856,154.89775,403.273,4.2919804e-05,-0.9070703,1.248475,0.45400217
23.6624,51.856,148.19083,386.142,4.3369746e-05,-0.7400569,0.7146645,0.47106105
23.6624,51.856,144.5724,376.88202,4.3715863e-05,-1.2641156,0.885143,0.50390476
23.6624,51.856,141.5035,369.01102,4.409823e-05,-1.128625,1.05246,0.5122187
23.6624,51.856,141.55638,369.01102,4.4686123e-05,-1.376803,1.5290949,0.5129756
23.6624,51.856,141.61028,369.01102,4.5309676e-05,-1.5290946,1.3768034,0.50102156
25.2056,51.856,145.26192,411.14398,4.586583e-05,-1.7256485,1.1206495,0.48571163
26.2344,51.856,151.04051,454.203,4.627635e-05,-1.4097834,0.627676,0.47075945
28.292,57.412,134.36913,454.203,4.6433124e-05,-1.4757696,0.45118764,0.45160374
30.3496,68.524,119.69433,454.203,4.651767e-05,-0.96675575,0.35187024,0.4277949
31.8928,68.524,109.04977,450.49902,4.6740577e-05,-1.387019,0.6764941,0.39996165
32.9216,68.524,102.110756,445.869,4.6999867e-05,-1.3750014,0.70059776,0.36980987
32.9216,68.524,106.41808,471.33398,4.725854e-05,-1.420523,0.60297644,0.33827797
32.9216,68.524,110.54635,496.799,4.748151e-05,-1.4973603,0.37333396,0.30408916
34.979202,68.524,104.529594,549.11804,4.762028e-05,-2.0375755,0.28636295,0.2699971
37.0368,68.524,96.33772,600.048,4.7722115e-05,-1.5242006,0.24140978,0.24653298
37.0368,68.524,92.09418,550.507,4.7860118e-05,-1.5094774,0.320849,0.23327607
37.0368,68.524,87.32984,501.429,4.796257e-05,-1.0231642,0.107538775,0.20457855
37.0368,68.524,87.751785,505.59598,4.7962236e-05,-1.0288,1.2268317e-08,0.2033943
37.0368,68.524,88.16854,509.763,4.796257e-05,-1.5316973,0.18806846,0.20221004
35.4936,68.524,96.38032,509.763,4.8118894e-05,-1.5242006,0.24140978,0.20102578
34.4648,68.524,102.34976,509.763,4.8202877e-05,-1.5410851,-0.08076511,0.19984153
34.4648,68.524,102.46948,509.763,4.8034293e-05,-1.9676925,-0.6015845,0.19865729
34.4648,68.524,102.691086,509.763,4.7722115e-05,-1.9568938,-0.6358336,0.19747303
35.4936,68.524,100.99828,544.951,4.741564e-05,-2.4318738,-0.83736134,0.19628878
37.0368,68.524,95.31655,578.287,4.6999867e-05,-1.7449436,-1.0903622,0.19510452
37.0368,68.524,95.89531,578.287,4.6414407e-05,-1.5048333,-1.4032799,0.19392027
37.0368,68.524,96.51087,578.287,4.5793287e-05,-1.7058278,-1.1505953,0.19273601
37.0368,68.524,97.02725,578.287,4.527346e-05,-2.3675385,-1.0049607,0.19155176
37.0368,68.524,97.47298,578.287,4.4825505e-05,-2.4168894,-0.8796756,0.1903675
37.0368,51.856,93.432106,533.376,4.446177e-05,-2.4168894,-0.8796756,0.18918325
37.0368,35.188,88.835495,488.92798,4.409823e-05,-2.349639,-1.0461266,0.18799901
37.0368,35.188,89.60885,492.63202,4.3630684e-05,-2.2916684,-1.167664,0.18681476
37.0368,35.188,90.52457,497.26202,4.3126656e-05,-2.3310237,-1.086974,0.1856305
37.0368,35.188,89.418236,484.761,4.2603442e-05,-2.3847165,-0.9634887,0.18444625
37.0368,35.188,88.06815,471.334,4.2152973e-05,-2.4318738,-0.83736134,0.18326199
36.008,35.188,93.68456,475.964,4.1890544e-05,-2.4723651,-0.7089389,0.18207774
35.4936,35.188,96.9768,480.131,4.1665367e-05,-2.4461174,-0.79479206,0.18089348
34.979202,35.188,96.76814,460.22202,4.1280888e-05,-2.4318738,-0.83736134,0.17970923
34.4648,35.188,96.342224,441.23898,4.093299e-05,-2.4843612,-0.66568244,0.17852497
34.4648,35.188,97.52792,447.72098,4.0774044e-05,-2.0263405,-0.3572984,0.17734072
34.4648,35.188,98.66891,454.203,4.0688625e-05,-2.0497704,-0.17933159,0.17615648
34.4648,35.188,100.44105,464.38898,4.0566105e-05,-2.0563467,-0.071809754,0.17497222
34.4648,35.188,102.34729,475.50098,4.0444127e-05,-2.0525877,-0.14353105,0.17378797
34.4648,51.856,102.7584,477.353,4.0266605e-05,-2.0463283,-0.21507749,0.17260371
34.4648,68.524,103.178696,479.668,4.0199502e-05,-2.0563467,0.07180882,0.17141946
34.979202,68.524,100.33876,479.668,4.0425606e-05,-2.0263405,0.35729846,0.1702352
35.4936,68.524,97.54775,479.668,4.0688625e-05,-2.0463283,0.21507755,0.16905095
34.979202,68.524,97.186424,460.685,4.0688537e-05,-2.0572867,0.03590989,0.16786669
34.4648,68.524,96.54702,441.702,4.0688625e-05,-2.0322676,0.3218797,0.16668244
35.4936,68.524,91.65134,441.702,4.087769e-05,-1.9568938,0.6358336,0.16549818
37.0368,68.524,84.7944,441.702,4.1177245e-05,-1.9676929,0.6015835,0.16431394
37.0368,68.524,84.59844,441.702,4.15068e-05,-1.9676929,0.6015835,0.16312969
37.0368,68.524,84.358986,441.702,4.1909232e-05,-1.8333353,0.9341304,0.16194543
37.0368,68.524,84.32645,443.55402,4.2378088e-05,-1.7058278,1.1505953,0.16076118
37.0368,68.524,84.26614,445.406,4.288343e-05,-1.7637078,1.059742,0.15957692
36.008,57.412,92.156166,471.797,4.3351465e-05,-1.8167529,0.9659848,0.15839267
35.4936,51.856,97.882256,497.26202,4.385554e-05,-1.6432723,1.2382948,0.15720841
35.4936,40.744,97.47999,497.26202,4.4425175e-05,-1.8501421,1.7866613,0.15602416
35.4936,35.188,97.026245,497.26202,4.506766e-05,-1.9702666,1.6532495,0.1548399
35.4936,40.744,96.53916,497.26202,4.575713e-05,-2.1068592,1.4752383,0.15365566
35.4936,51.856,96.001816,497.26202,4.651767e-05,-2.0267637,1.5834814,0.15247141
35.4936,51.856,98.02623,519.023,4.739672e-05,-1.9988195,1.618612,0.15128715
35.4936,51.856,99.82377,540.321,4.8202877e-05,-2.6994264,1.4963164,0.1501029
35.4936,51.856,99.395035,540.321,4.8719252e-05,-2.8814027,1.1060663,0.14891864
35.4936,51.856,99.02729,540.321,4.916265e-05,-2.8195667,1.255352,0.14773439
35.4936,40.744,98.10186,536.154,4.9742783e-05,-2.249522,1.2469304,0.14655013
35.4936,35.188,97.10808,531.524,5.035898e-05,-2.2274175,1.2859998,0.14536588
34.979202,40.744,98.04662,516.245,5.0955437e-05,-2.2046347,1.3246775,0.14418162
34.4648,51.856,98.98399,501.89203,5.155148e-05,-2.1811795,1.3629527,0.14299737
34.4648,51.856,98.58724,501.89203,5.2127503e-05,-2.6174154,1.6355432,0.14181313
34.4648,51.856,98.16528,501.89203,5.2740055e-05,-2.6994264,1.4963164,0.14062887
32.4072,40.744,114.357605,523.19,5.3450978e-05,-2.774038,1.3529882,0.13944462
30.3496,35.188,134.12732,544.488,5.4161024e-05,-3.2894945,1.4645773,0.13826036
30.3496,35.188,133.75772,544.488,5.473356e-05,-3.3145537,1.406945,0.13707611
30.3496,35.188,133.3647,544.488,5.5340646e-05,-3.7880614,1.6079371,0.13589185
30.3496,35.188,132.83072,544.488,5.6162695e-05,-3.7594223,1.6738026,0.1347076
30.3496,35.188,132.29471,544.488,5.698501e-05,-3.7880614,1.6079371,0.13352334
29.835201,40.744,143.06154,580.13904,5.760446e-05,-3.8418703,1.4747552,0.13233909
29.3208,51.856,154.8055,617.64197,5.8154368e-05,-3.890998,1.3397782,0.13115485
29.3208,103.712,154.33662,617.64197,5.87372e-05,-3.4245641,1.1127088,0.1299706
29.3208,153.716,153.70837,616.716,5.9319285e-05,-3.4046233,1.1723058,0.12878634
29.3208,103.712,151.02498,603.752,5.9881637e-05,-3.338604,1.3488826,0.12760209
29.3208,51.856,148.47128,591.714,6.0479695e-05,-3.2894945,1.4645773,0.12641783
27.7776,51.856,158.58838,557.45197,6.115614e-05,-3.236378,1.5784862,0.12523358
26.2344,51.856,167.53435,523.19,6.186609e-05,-2.7500029,1.4011955,0.12404932
26.2344,68.524,167.28801,523.19,6.252161e-05,-2.6174154,1.6355432,0.122865066
26.2344,85.192,167.01329,523.19,6.324571e-05,-2.25725,2.10492,0.12168082
25.720001,85.192,172.86603,523.19,6.409233e-05,-1.942335,2.398583,0.12049656
25.2056,85.192,178.94426,523.19,6.507438e-05,-1.9839002,2.3643193,0.11931231
25.2056,68.524,178.59216,523.19,6.6176704e-05,-2.4094055,2.675916,0.118128054
25.2056,51.856,178.21266,523.19,6.734234e-05,-2.2168736,2.8374693,0.11694381
23.6624,51.856,192.6103,505.59598,6.845132e-05,-2.0135427,2.985198,0.11575955
22.6336,51.856,200.33711,488.928,6.958979e-05,-2.1670153,2.875727,0.1145753
20.576,68.524,234.8873,497.262,7.0766786e-05,-2.3145502,2.7583723,0.2
18.5184,85.192,275.56406,506.05902,7.2037474e-05,-2.2660575,2.7983465,0.2
17.489601,85.192,295.77872,506.05902,7.338901e-05,-2.0135427,2.985198,0.2
16.9752,85.192,306.75253,506.05902,7.4895885e-05,-1.6079365,3.7880616,0.2
16.9752,109.268,318.4031,522.264,7.660267e-05,-1.1982298,4.47185,0.2
16.9752,137.048,331.08264,539.85803,7.8360856e-05,-1.1200011,4.4920816,0.2
16.4608,127.788,343.8515,539.85803,7.994861e-05,-0.8555985,4.025273,0.2
15.9464,120.38,357.15073,539.85803,8.155382e-05,-0.21537295,4.10956,0.2
15.9464,103.712,352.24033,531.987,8.3290164e-05,0.8833693,4.5445414,0.2
15.9464,85.192,346.2919,522.727,8.510482e-05,2.029483,4.161057,0.2
15.9464,85.192,347.23987,522.727,8.687733e-05,3.2455251,4.63509,0.2
15.9464,85.192,348.2453,522.727,8.8782996e-05,3.7394347,5.5439405,0.2
