Vmax,Rmax_IBT,Rmax_CK22,R34,fcor,u_trans,v_trans,mean_ck_cd
11.8312,68.524,71.03909,103.712,4.093299e-05,-3.0845199,0.10771323,0.2
12.3456,57.412,68.578735,103.712,4.0950763e-05,-3.0864,3.6804952e-08,0.2
13.3744,51.856,64.08335,103.712,4.093299e-05,-2.5716083,-0.044887304,0.2
13.8888,51.856,72.52418,120.38,4.0914296e-05,-2.572,3.0670794e-08,0.2
14.4032,51.856,75.41584,128.714,4.093299e-05,-2.05478,0.10768686,0.2
15.9464,51.856,73.65723,137.048,4.0999777e-05,-2.042263,0.25075796,0.2
16.9752,51.856,74.603165,146.308,4.1177245e-05,-1.9964805,0.49777862,0.2
19.0328,40.744,75.15518,162.976,4.1488478e-05,-2.4318738,0.83736134,0.2
21.0904,35.188,75.53944,180.107,4.1909232e-05,-2.349639,1.0461266,0.2
23.148,24.076,70.307945,184.27402,4.2377917e-05,-2.2709413,1.207481,0.2
25.2056,16.668,65.84665,188.90399,4.288343e-05,-2.2916691,1.167663,0.2
25.720001,16.668,65.8681,193.07101,4.3369495e-05,-2.3310237,1.086974,0.2
26.2344,16.668,65.85425,197.238,4.385554e-05,-2.349639,1.0461266,0.2
26.2344,16.668,67.28252,201.405,4.4322136e-05,-2.3675385,1.0049607,0.2
26.2344,16.668,68.71119,205.57202,4.4825505e-05,-2.841046,1.2059529,0.2
26.2344,24.076,68.72618,205.57202,4.5430497e-05,-2.8195667,1.255352,0.2
26.2344,35.188,68.74067,205.57202,4.6034886e-05,-2.8616605,1.156185,0.2
26.2344,40.744,70.16783,209.73901,4.6553385e-05,-2.9182484,1.0048336,0.2
26.2344,51.856,71.74932,214.36902,4.6999867e-05,-2.9353406,0.95375043,0.2
26.2344,51.856,71.75846,214.36902,4.743253e-05,-2.9812334,0.79881895,0.2
26.2344,51.856,71.76439,214.36902,4.7722115e-05,-3.0633945,0.37613693,0.2
26.2344,51.856,71.76623,214.36902,4.7811838e-05,-3.6008,4.293911e-08,0.2
26.2344,51.856,71.76439,214.36902,4.7722115e-05,-3.587098,-0.3138303,0.2
25.720001,51.856,73.44496,214.36902,4.7517093e-05,-3.5657573,-0.50113505,0.2
25.2056,51.856,75.1768,214.36902,4.7240763e-05,-4.064535,-0.6437593,0.2
25.2056,51.856,76.66548,218.53601,4.6999365e-05,-3.5657573,-0.50113505,0.2
25.2056,51.856,78.3207,223.16602,4.675884e-05,-3.5657573,-0.50113505,0.2
25.2056,51.856,81.30873,231.5,4.6535308e-05,-3.556468,-0.5632894,0.33218503
25.2056,51.856,84.29504,239.834,4.627635e-05,-3.5221138,-0.7486492,0.3476863
25.2056,51.856,87.277176,248.168,4.593141e-05,-2.9812334,-0.79881895,0.36769712
25.2056,51.856,90.589966,257.42798,4.5551555e-05,-2.9812334,-0.79881895,0.40228435
25.720001,51.856,92.75818,269.92902,4.5188062e-05,-2.9812334,-0.79881895,0.43478736
26.2344,51.856,95.047676,283.35602,4.4825505e-05,-2.9947207,-0.74666786,0.4466569
26.2344,51.856,97.84992,291.69,4.446185e-05,-3.493841,-0.8711125,0.45400217
26.2344,51.856,100.64993,300.024,4.409823e-05,-2.9947207,-0.74666786,0.47106105
26.2344,51.856,100.64844,300.024,4.373369e-05,-2.9812334,-0.79881895,0.50390476
26.2344,51.856,100.646545,300.024,4.3369746e-05,-2.9668384,-0.85072666,0.5122187
26.7488,51.856,98.20173,300.024,4.2986303e-05,-2.9668384,-0.85072666,0.5129756
27.7776,51.856,93.56389,300.024,4.2640077e-05,-2.9947207,-0.74666786,0.50102156
28.292,51.856,93.83481,308.358,4.235939e-05,-3.0296943,-0.5889124,0.48571163
29.3208,51.856,91.92329,317.155,4.2152973e-05,-3.0633945,-0.3761383,0.47075945
29.835201,51.856,93.10858,329.656,4.201284e-05,-3.587098,-0.3138303,0.45160374
30.3496,51.856,94.35281,343.083,4.1909232e-05,-3.0746555,-0.26899737,0.4277949
31.8928,51.856,88.8056,347.25,4.1768282e-05,-3.0746555,-0.26899737,0.39996165
32.9216,51.856,85.621735,351.41702,4.1665367e-05,-3.0821702,-0.16153023,0.36980987
34.4648,51.856,81.51008,360.214,4.162827e-05,-3.0864,3.6804952e-08,0.33827797
35.4936,51.856,79.24383,368.54803,4.1665367e-05,-3.5986066,0.12566544,0.30408916
37.5512,51.856,74.10981,381.51202,4.1750343e-05,-3.5920286,0.25117946,0.2699971
39.6088,51.856,69.07224,394.476,4.1909232e-05,-3.5810745,0.37638572,0.24653298
40.1232,51.856,68.83704,407.44,4.2097578e-05,-3.5657573,0.5011352,0.23327607
41.152,51.856,66.7664,420.404,4.239659e-05,-3.5085115,0.8100043,0.20457855
41.152,51.856,66.927666,425.034,4.284359e-05,-3.4434626,1.0527711,0.2033943
41.152,51.856,66.979324,429.201,4.3369746e-05,-2.8195667,1.255352,0.20221004
41.152,51.856,66.56022,429.201,4.40252e-05,-3.4046233,1.1723058,0.20102578
41.152,51.856,66.358864,429.201,4.4340795e-05,-4.064535,0.6437594,0.19984153
41.152,51.856,66.358864,429.201,4.4340795e-05,-3.9557843,1.1343023,0.19865729
41.152,51.856,66.0001,429.201,4.4904114e-05,-3.4046233,1.1723058,0.19747303
41.152,51.856,65.742386,429.201,4.5309676e-05,-3.4781058,0.9319554,0.19628878
41.152,51.856,66.4508,437.53497,4.5309676e-05,-3.974978,1.0650918,0.19510452
41.152,51.856,66.06166,437.53497,4.5902936e-05,-3.8418703,1.4747552,0.19392027
41.152,51.856,65.81727,437.53497,4.627635e-05,-3.3145537,1.406945,0.19273601
39.6088,51.856,71.80343,445.86902,4.651767e-05,-3.338604,1.3488826,0.19155176
39.6088,51.856,71.36029,445.86902,4.719587e-05,-3.7880614,1.6079371,0.1903675
39.6088,51.856,70.86065,445.86902,4.796257e-05,-3.8155472,1.5415801,0.18918325
39.0944,51.856,72.41581,445.86902,4.858021e-05,-3.3616366,1.2904108,0.18799901
38.58,51.856,74.06519,445.86902,4.916265e-05,-3.3616366,1.2904108,0.18681476
38.58,51.856,73.68754,445.86902,4.9760634e-05,-3.3616366,1.2904108,0.1856305
38.58,51.856,73.31029,445.86902,5.035898e-05,-3.3616366,1.2904108,0.18444625
38.58,51.856,72.924065,445.86902,5.0972936e-05,-3.3616366,1.2904108,0.18326199
38.58,51.856,72.56075,445.86902,5.155148e-05,-3.4046233,1.1723058,0.18207774
37.5512,51.856,76.55021,445.86902,5.2028394e-05,-3.4434626,1.0527711,0.18089348
37.0368,51.856,78.514465,445.86902,5.250265e-05,-3.3836453,1.2315458,0.17970923
36.008,51.856,82.84055,445.86902,5.319945e-05,-3.3836453,1.2315458,0.17852497
35.4936,51.856,85.18724,445.86902,5.345127e-05,-3.0395107,0.5359477,0.17734072
35.4936,103.712,85.18724,445.86902,5.345127e-05,-3.5657573,0.5011352,0.17615648
35.4936,103.712,85.53865,450.036,5.372519e-05,-3.522114,0.74864763,0.17497222
35.4936,103.712,85.78372,454.203,5.4161024e-05,-3.5085115,0.8100043,0.17378797
36.008,103.712,83.062904,454.203,5.4431865e-05,-3.048401,0.48281956,0.17260371
37.0368,103.712,78.0612,454.203,5.4633376e-05,-3.0694926,0.32261634,0.17141946
37.5512,85.192,76.857185,467.167,5.4694097e-05,-3.0746555,0.26899746,0.1702352
38.58,68.524,73.12025,480.131,5.4869302e-05,-3.0072956,0.6942894,0.16905095
38.58,68.524,73.365005,488.465,5.5340646e-05,-2.9668384,0.85072666,0.16786669
34.4648,51.856,98.55664,522.72705,5.5576067e-05,-2.4723651,0.7089389,0.16668244
31.8928,51.856,116.533875,522.72705,5.5888948e-05,-2.4461174,0.79479206,0.16549818
29.3208,51.856,137.97975,522.72705,5.6281307e-05,-2.384717,0.9634875,0.16431394
26.7488,51.856,167.03952,535.69104,5.6750436e-05,-2.3116984,1.1274902,0.16312969
25.2056,51.856,189.11057,548.192,5.721923e-05,-1.8648189,0.8695792,0.16194543
25.720001,51.856,187.61577,565.786,5.7587626e-05,-1.8648189,0.8695792,0.16076118
26.2344,51.856,185.52776,582.917,5.7920843e-05,-1.3750014,0.70059776,0.15957692
28.292,40.744,165.44952,609.30804,5.818333e-05,-1.1992917,0.9711672,0.15839267
30.3496,35.188,145.369,634.31,5.862087e-05,-0.748158,1.3497132,0.15720841
30.3496,35.188,148.24142,659.77496,5.935646e-05,-0.46285924,2.004864,0.15602416
30.3496,35.188,150.46506,685.703,6.0479695e-05,-0.2241653,2.5622127,0.1548399
30.3496,35.188,149.96999,685.703,6.0942573e-05,-0.37613782,3.0633945,0.15365566
28.8064,37.04,171.73737,700.05597,6.178451e-05,-0.5889134,3.029694,0.15247141
26.2344,51.856,217.93471,728.76196,6.3016254e-05,-0.42954382,3.0563633,0.15128715
26.2344,51.856,222.79918,754.227,6.370404e-05,0.1077138,3.0845199,0.1501029
24.6912,51.856,259.07648,773.67303,6.437748e-05,0.0,3.0864,0.14891864
21.0904,51.856,367.7544,814.41705,6.575688e-05,-0.56328887,3.5564682,0.14773439
19.0328,57.412,438.43793,819.04706,6.730349e-05,-1.2716665,3.9137878,0.14655013
16.9752,68.524,520.51074,823.21405,6.8917754e-05,-1.2716665,3.9137878,0.14536588
14.917601,103.712,619.04895,831.54803,7.049913e-05,-1.2031683,3.9353852,0.14418162
13.3744,137.048,706.9106,840.34503,7.2037474e-05,-1.5415812,3.815547,0.14299737
12.3456,172.236,776.2375,848.679,7.3537296e-05,-1.931969,3.633506,0.14181313
11.8312,205.572,821.4048,857.476,7.4895885e-05,-1.9611359,3.019885,0.14062887
10.802401,205.572,1203.2389,1063.974,7.603319e-05,-2.2168736,2.8374693,0.13944462
9.2592,205.572,1406.3162,1080.6421,7.70685e-05,-2.4094055,2.675916,0.13826036
