Vmax,Rmax_IBT,Rmax_CK22,R34,fcor,u_trans,v_trans,mean_ck_cd
10.802401,137.048,107.23286,145.382,2.9824112e-05,-0.9604676,-0.3686888,0.2
10.802401,137.048,107.25503,145.382,3.005446e-05,-0.9604676,-0.3686888,0.2
10.802401,137.048,107.280785,145.382,3.0322259e-05,-1.4407014,-0.5530332,0.2
10.802401,127.788,116.81217,157.883,3.062727e-05,-1.9676925,-0.6015845,0.2
10.802401,120.38,127.09146,171.31,3.0820032e-05,-2.0463283,-0.21507749,0.2
10.802401,120.38,147.74011,198.164,3.0732954e-05,-2.0525877,0.14353111,0.2
10.802401,120.38,170.36784,227.33301,3.0571195e-05,-1.0231642,0.107538775,0.2
11.3168,120.38,153.01901,212.054,3.0533756e-05,-0.5144,6.1341585e-09,0.2
11.8312,120.38,137.05861,197.238,3.0571195e-05,-0.5031591,-0.10694989,0.2
11.8312,120.38,137.0809,197.238,3.0676947e-05,-0.49912012,-0.12444464,0.2
11.8312,120.38,137.11108,197.238,3.0820032e-05,-0.46620473,-0.2173948,0.2
11.8312,120.38,161.5926,230.57399,3.0969848e-05,-0.4583337,-0.2335328,0.2
11.8312,120.38,187.79698,265.762,3.1068776e-05,-0.5093939,-0.07159072,0.2
11.8312,120.38,187.79698,265.762,3.1068776e-05,-0.42645696,0.28764883,0.2
11.8312,120.38,187.70659,265.762,3.0820032e-05,-0.11571481,0.501216,0.2
11.8312,120.38,187.52538,265.762,3.0322259e-05,0.23353271,0.45833376,0.2
13.3744,120.38,170.18434,265.762,3.0073232e-05,0.42137182,0.29504773,0.2
14.4032,120.38,160.0763,265.762,3.0322259e-05,-0.2725905,0.43623593,0.2
14.4032,103.712,159.88042,265.762,2.9824112e-05,-0.8107054,0.6333926,0.2
14.917601,103.712,162.61238,277.8,2.9623012e-05,-0.9727495,0.33494455,0.2
15.9464,103.712,161.57173,291.69,2.9574905e-05,-0.99824023,0.24888931,0.2
16.4608,103.712,156.93312,291.69,2.9450248e-05,-0.9727495,0.33494455,0.33218503
16.9752,103.712,152.49179,291.69,2.9325609e-05,-0.9246794,0.45099607,0.3476863
16.9752,103.712,159.50287,304.19098,2.9200908e-05,-0.8724718,0.5451811,0.36769712
16.9752,103.712,166.80426,317.15503,2.9076216e-05,-0.90837646,0.4829924,0.40228435
16.9752,103.712,166.73715,317.15503,2.8932729e-05,-0.9727495,0.33494455,0.43478736
16.9752,103.712,166.6874,317.15503,2.882674e-05,-1.0187877,0.14318147,0.4466569
17.489601,85.192,168.98584,329.656,2.880788e-05,-1.0288,1.2268317e-08,0.45400217
18.5184,68.524,167.21959,343.54602,2.882674e-05,-1.5422599,0.053856615,0.47106105
19.0328,68.524,165.59239,349.102,2.884537e-05,-2.05478,0.10768686,0.50390476
20.0616,68.524,162.34612,360.21402,2.882674e-05,-2.0497704,0.17933165,0.5122187
20.576,68.524,158.07066,360.21402,2.8664526e-05,-2.0525877,0.14353111,0.5129756
21.0904,68.524,153.98622,360.21402,2.857718e-05,-2.05478,-0.10768682,0.50102156
22.6336,68.524,151.24284,380.586,2.8770512e-05,-2.5329256,-0.446623,0.48571163
23.6624,68.524,152.86462,403.273,2.9076216e-05,-2.5247452,-0.49076036,0.47075945
24.1768,68.524,149.1251,403.273,2.9288058e-05,-1.9964805,-0.49777856,0.45160374
25.2056,68.524,141.96426,403.273,2.9574905e-05,-1.8797112,-0.8369013,0.4277949
26.2344,68.524,135.23837,403.273,3.0035622e-05,-2.1811795,-1.3629527,0.39996165
27.7776,68.524,125.846886,403.273,3.0571195e-05,-2.1811795,-1.3629527,0.36980987
29.835201,51.856,118.894875,419.478,3.108751e-05,-2.2274175,-1.2859998,0.33827797
31.8928,35.188,112.46387,437.535,3.156599e-05,-1.8648189,-0.8695792,0.30408916
34.4648,35.188,103.42588,454.66602,3.1938525e-05,-1.9077733,-0.77079093,0.2699971
37.0368,35.188,94.78946,471.797,3.231108e-05,-1.2942364,-0.84048706,0.24653298
37.0368,37.04,94.49347,471.797,3.2751366e-05,-1.0124304,-1.1646677,0.23327607
37.0368,40.744,94.12195,471.797,3.330315e-05,-0.90707004,-1.2484752,0.20457855
36.008,40.744,98.178894,471.797,3.400902e-05,-0.86294657,-1.2793708,0.2033943
35.4936,40.744,100.0649,471.797,3.47882e-05,-0.9975444,-1.7996174,0.20221004
34.4648,37.04,99.49573,443.55402,3.554778e-05,-0.83690107,-1.8797113,0.20102578
32.9216,35.188,101.00217,416.237,3.626943e-05,-0.6358333,-1.9568939,0.19984153
28.292,35.188,125.89533,416.237,3.68854e-05,-0.42536348,-1.4834191,0.19865729
25.2056,35.188,147.09334,416.237,3.7288122e-05,-0.62767583,-1.4097834,0.19747303
23.6624,35.188,159.41599,416.237,3.7500762e-05,-0.70059824,-1.3750013,0.19628878
21.604801,51.856,178.05855,416.237,3.820137e-05,-0.55303335,-1.4407014,0.19510452
20.0616,68.524,193.98814,416.237,3.897458e-05,-0.32084948,-1.5094774,0.19392027
18.5184,68.524,211.79059,416.237,3.9850667e-05,0.0,1.5432,0.19273601
16.9752,68.524,231.57498,416.237,4.0688625e-05,0.34714454,-1.5036479,0.19155176
14.917601,68.524,217.67357,353.269,4.131758e-05,0.6276759,-1.4097834,0.1903675
13.3744,68.524,193.23045,291.69,4.1909232e-05,1.0597423,-1.7637075,0.18918325
12.3456,68.524,192.2834,274.096,4.2603544e-05,1.1206493,-1.7256485,0.18799901
11.8312,68.524,185.64987,257.428,4.3369746e-05,0.9659847,-1.8167529,0.18681476
11.8312,75.932,185.90028,257.428,4.4146396e-05,1.1274905,-2.3116984,0.1856305
11.8312,85.192,186.19638,257.428,4.506766e-05,1.6355432,-2.6174154,0.18444625
11.8312,85.192,186.5657,257.428,4.6221452e-05,2.3145497,-2.7583728,0.18326199
11.8312,85.192,186.96729,257.428,4.748151e-05,3.0096667,-2.8065596,0.18207774
11.8312,75.932,187.35408,257.428,4.8700877e-05,3.6973627,-2.7861633,0.18089348
11.8312,68.524,187.7269,257.428,4.9880902e-05,4.0093513,-2.3148003,0.17970923
11.8312,68.524,188.07645,257.428,5.0991548e-05,4.1250043,-2.1017938,0.17852497
11.8312,68.524,188.40128,257.428,5.2027382e-05,4.0093513,-2.3148003,0.17734072
11.8312,68.524,188.7033,257.428,5.2993455e-05,3.3292668,-2.4188538,0.17615648
11.8312,68.524,188.99353,257.428,5.392461e-05,3.451297,-2.2412987,0.17497222
11.8312,75.932,181.13733,247.242,5.4832086e-05,4.0491395,-2.2444744,0.17378797
11.8312,85.192,175.51604,239.834,5.581132e-05,4.5418825,-2.4149618,0.17260371
11.8312,103.712,173.98062,237.51901,5.695146e-05,4.5418825,-2.4149618,0.17141946
11.8312,120.38,172.8217,235.667,5.8154368e-05,4.4548345,-2.5720003,0.1702352
11.8312,127.788,173.139,235.667,5.937026e-05,3.8827093,-2.521461,0.16905095
11.8312,137.048,173.42761,235.667,6.0479695e-05,3.4116557,-2.3011904,0.16786669
11.3168,144.456,179.01442,235.667,6.1357096e-05,2.5282307,-1.7702866,0.16668244
10.802401,153.716,184.74098,235.667,6.20965e-05,2.4969501,-1.8141404,0.16549818
9.7736,153.716,196.54373,235.667,6.282065e-05,2.106859,-1.4752388,0.16431394
9.2592,153.716,202.78296,235.667,6.3474974e-05,2.2274172,-1.2860001,0.16312969
