Vmax,Rmax_IBT,Rmax_CK22,R34,fcor,u_trans,v_trans,mean_ck_cd
13.3744,137.048,118.852905,188.904,3.206281e-05,-2.7500029,1.4011955,0.3476863
13.3744,120.38,124.26779,196.77501,3.278834e-05,-3.2083368,1.6347281,0.36769712
13.3744,103.712,130.35924,205.572,3.3550914e-05,-3.1493306,1.7457025,0.40228435
13.8888,85.192,134.77577,218.073,3.447259e-05,-3.1493306,1.7457025,0.43478736
14.4032,68.524,139.57957,231.5,3.5282377e-05,-3.6335058,1.9319696,0.4466569
15.9464,68.524,127.80698,231.5,3.572711e-05,-4.1958427,1.9565531,0.45400217
16.9752,68.524,120.785805,231.5,3.6022833e-05,-3.9557843,1.1343023,0.47106105
17.489601,57.412,132.32771,258.354,3.639185e-05,-3.0633945,0.37613693,0.50390476
18.5184,51.856,140.43974,287.06,3.67623e-05,-3.0395107,0.5359477,0.5122187
20.0616,51.856,132.95428,294.005,3.7002374e-05,-2.3675385,1.0049607,0.5129756
21.0904,51.856,130.90979,304.191,3.7500762e-05,-1.7210038,1.9113686,0.50102156
22.6336,57.412,146.05836,362.992,3.8618295e-05,-1.0869746,2.3310235,0.48571163
23.6624,68.524,162.9945,424.57098,3.995476e-05,-1.7702868,2.5282307,0.47075945
24.1768,68.524,164.24046,439.387,4.107334e-05,-2.590199,2.5013258,0.45160374
25.2056,68.524,160.6099,454.66602,4.2152973e-05,-2.6334584,2.4557397,0.4277949
26.2344,57.412,165.61945,498.651,4.3230084e-05,-2.1824148,2.182414,0.39996165
27.7776,51.856,163.77487,544.951,4.4340795e-05,-2.0652046,2.2936423,0.36980987
29.835201,57.412,143.2456,541.247,4.5551078e-05,-1.942335,2.398583,0.33827797
31.8928,68.524,125.47811,539.85803,4.675884e-05,-1.8574418,2.4649088,0.30408916
33.436,68.524,111.239365,524.579,4.7842143e-05,-1.8141406,2.49695,0.2699971
35.4936,68.524,95.83814,510.226,4.892293e-05,-2.0653346,2.9496024,0.24653298
36.008,75.932,92.02375,510.226,5.015527e-05,-2.2168736,2.8374693,0.23327607
37.0368,85.192,85.607254,510.226,5.131329e-05,-2.7175589,2.3623366,0.20457855
37.0368,85.192,84.894005,510.226,5.2236188e-05,-3.1183844,1.8003997,0.2033943
37.0368,85.192,84.32298,510.226,5.2977284e-05,-2.7500029,1.4011955,0.20221004
36.008,68.524,87.55926,490.77997,5.351571e-05,-1.7449436,1.0903622,0.20102578
35.4936,51.856,87.772316,471.33398,5.4161024e-05,-1.209427,1.6646333,0.19984153
34.979202,57.412,85.00373,431.979,5.5216336e-05,-1.2059524,2.8410463,0.19865729
34.4648,68.524,81.65166,394.47598,5.6516048e-05,-1.634729,3.2083364,0.19747303
32.4072,75.932,91.16356,394.47598,5.7889072e-05,-2.0135427,2.985198,0.19628878
30.3496,85.192,102.207344,394.47598,5.9319285e-05,-2.6759155,2.409406,0.19510452
26.2344,103.712,130.2091,394.47598,6.0711227e-05,-2.4461174,0.79479206,0.19392027
22.6336,120.38,161.81528,394.47598,5.9784e-05,-0.8818539,0.529871,0.19273601
22.6336,120.38,161.83875,394.47598,6.0247978e-05,-0.2414095,1.5242007,0.19155176
20.0616,120.38,189.14203,394.47598,6.0942573e-05,-0.60158414,1.9676926,0.1903675
17.489601,120.38,193.29045,349.102,6.189488e-05,-0.6656832,2.4843612,0.18918325
15.9464,120.38,181.90779,304.191,6.3016254e-05,0.0897615,2.5704334,0.18799901
14.917601,120.38,193.46909,304.191,6.419569e-05,0.92172235,2.4011688,0.18681476
14.4032,120.38,199.71355,304.191,6.530208e-05,1.2074809,2.2709413,0.1856305
13.8888,120.38,219.81853,322.248,6.614837e-05,1.4382441,2.1322846,0.18444625
13.3744,120.38,242.98175,342.62,6.689037e-05,1.7866614,1.850142,0.18326199
12.3456,144.456,253.88797,337.527,6.768048e-05,1.9988195,1.618612,0.18207774
11.8312,172.236,259.43286,334.74902,6.8468675e-05,2.2936423,2.0652046,0.18089348
11.8312,172.236,272.07144,348.63904,6.9253336e-05,2.5901988,2.501326,0.17970923
11.8312,172.236,286.54688,364.381,7.003676e-05,2.7175584,2.3623374,0.17852497
11.3168,172.236,302.44543,371.789,7.0849455e-05,2.9851987,2.0135417,0.17734072
10.802401,172.236,321.2623,381.51202,7.159438e-05,3.3145537,1.406945,0.17615648
10.802401,172.236,300.25494,359.288,7.22305e-05,3.493841,0.8711124,0.17497222
10.802401,172.236,280.7217,338.453,7.270045e-05,3.57396,0.43882707,0.17378797
