Vmax,Rmax_IBT,Rmax_CK22,R34,fcor,u_trans,v_trans,mean_ck_cd
11.8312,103.712,145.21877,205.572,3.995476e-05,-1.9702666,1.6532495,0.33218503
12.3456,103.712,143.42159,209.276,4.063937e-05,-2.2046347,1.3246775,0.3476863
13.3744,103.712,137.93808,213.906,4.1177245e-05,-2.4461174,0.79479206,0.36769712
13.8888,103.712,156.82944,247.70499,4.1598232e-05,-2.5329256,0.4466231,0.40228435
14.4032,103.712,175.95758,282.893,4.1909232e-05,-2.5157957,0.5347483,0.43478736
14.917601,85.192,178.87431,294.931,4.2170766e-05,-2.4596162,0.7519794,0.4466569
15.9464,68.524,177.49602,308.821,4.239659e-05,-2.4723651,0.7089389,0.45400217
16.9752,68.524,169.81422,312.525,4.2639767e-05,-3.0072956,0.6942894,0.47106105
18.5184,68.524,158.53603,317.155,4.288343e-05,-2.5469694,0.3579537,0.50390476
20.0616,68.524,136.30293,297.70898,4.3144813e-05,-2.5684752,0.13460858,0.5122187
21.0904,68.524,120.410225,278.726,4.3369746e-05,-2.0563467,0.07180882,0.5129756
22.6336,55.56,112.703125,281.967,4.3490654e-05,-2.562213,0.22416456,0.50102156
23.6624,40.744,109.09331,287.06,4.3612705e-05,-3.048401,0.48281956,0.48571163
25.2056,40.744,104.98295,297.70898,4.3855318e-05,-3.5460956,0.62527233,0.47075945
26.2344,40.744,103.60277,308.82098,4.409823e-05,-3.048401,0.48281956,0.45160374
27.7776,27.78,103.579155,333.36002,4.4237033e-05,-2.5579104,0.26884696,0.4277949
29.3208,16.668,103.297295,360.214,4.4340795e-05,-3.0746555,0.26899746,0.39996165
30.864,27.78,109.97509,421.793,4.447984e-05,-3.0746555,0.26899746,0.36980987
32.9216,40.744,110.15908,484.29797,4.458322e-05,-3.5986066,0.12566544,0.33827797
34.979202,40.744,98.288124,483.835,4.4582986e-05,-3.6008,4.293911e-08,0.30408916
37.0368,40.744,88.00271,484.76102,4.458322e-05,-3.6002517,0.06284231,0.2699971
38.58,40.744,79.799164,473.18597,4.4648972e-05,-3.0746555,0.26899746,0.24653298
39.6088,40.744,74.584694,463.463,4.4825505e-05,-3.5460956,0.62527233,0.23327607
40.1232,40.744,70.78486,445.406,4.5152334e-05,-3.992961,0.99555725,0.20457855
41.152,40.744,65.54935,428.738,4.5551555e-05,-3.5085115,0.8100043,0.2033943
40.1232,40.744,72.49696,470.87097,4.587706e-05,-3.0189548,0.641698,0.20221004
39.6088,40.744,77.758995,514.85596,4.627635e-05,-2.9002674,1.0556108,0.20102578
39.0944,44.447998,79.66832,515.782,4.6824855e-05,-3.2083368,1.6347281,0.19984153
38.58,51.856,81.767525,519.02295,4.748151e-05,-2.7500029,1.4011955,0.19865729
37.5512,55.56,86.68609,523.65295,4.814843e-05,-2.7500029,1.4011955,0.19747303
37.0368,57.412,89.46159,531.52405,4.892293e-05,-2.5282311,1.770286,0.19628878
37.0368,55.56,89.26319,538.469,4.9880688e-05,-2.3293362,2.0248601,0.19510452
37.0368,51.856,89.319016,549.118,5.083645e-05,-2.3985834,1.9423344,0.19392027
36.008,51.856,93.82263,539.395,5.156871e-05,-2.4649084,1.8574424,0.19273601
35.4936,51.856,95.58241,531.52405,5.22651e-05,-2.3985834,1.9423344,0.19155176
34.4648,51.856,101.47183,531.52405,5.302472e-05,-2.25725,2.10492,0.1903675
32.9216,51.856,111.44865,531.52405,5.392461e-05,-1.9839002,2.3643193,0.18918325
32.4072,68.524,113.20265,522.72705,5.5051678e-05,-1.7702868,2.5282307,0.18799901
31.8928,85.192,115.00406,514.393,5.6281307e-05,-1.8141406,2.49695,0.18681476
32.4072,85.192,112.30882,528.28296,5.7488465e-05,-1.9001774,2.4321167,0.1856305
32.9216,85.192,109.633675,544.48804,5.862087e-05,-1.8141406,2.49695,0.18444625
32.4072,85.192,114.286995,555.137,5.955123e-05,-1.4008113,2.1570609,0.18326199
31.8928,85.192,119.29829,566.249,6.0479695e-05,-1.5896137,2.645561,0.18207774
30.864,68.524,127.03422,561.156,6.160075e-05,-1.5432006,2.6729007,0.18089348
30.3496,51.856,130.50566,557.45197,6.278661e-05,-1.4489768,2.7251296,0.17970923
29.835201,51.856,134.15936,553.748,6.395022e-05,-1.4011964,2.7500026,0.17852497
29.3208,51.856,138.57475,553.285,6.507438e-05,-1.5432006,2.6729007,0.17734072
28.292,57.412,149.72536,556.526,6.602933e-05,-1.496316,2.6994264,0.17615648
27.7776,68.524,156.0794,561.61896,6.711647e-05,-0.9023762,2.951539,0.17497222
27.7776,75.932,149.12906,532.44995,6.8592075e-05,-0.107714124,3.0845199,0.17378797
27.7776,85.192,142.73285,506.522,7.025991e-05,0.31383038,3.587098,0.17260371
26.7488,85.192,153.32216,506.522,7.180994e-05,0.8833693,4.5445414,0.17141946
26.2344,85.192,158.59442,506.522,7.3581316e-05,1.50396,4.9192314,0.1702352
26.2344,85.192,161.01814,519.486,7.564681e-05,2.027789,5.2825713,0.16905095
26.2344,85.192,163.94243,536.154,7.814606e-05,2.8138893,6.629108,0.16786669
24.6912,85.192,183.85373,533.376,7.9964324e-05,3.4783175,7.4592752,0.16668244
23.6624,85.192,199.12064,533.376,8.0953636e-05,4.058966,8.322114,0.16549818
22.6336,85.192,214.9131,531.52405,8.2000086e-05,4.5099626,9.246794,0.16431394
21.0904,85.192,241.67819,531.06104,8.427592e-05,4.3478966,9.324095,0.16312969
18.5184,120.38,278.76837,505.13303,8.8109366e-05,4.2208343,9.943663,0.16194543
15.9464,153.716,317.8555,480.13098,9.217642e-05,4.622818,10.8906765,0.16076118
14.4032,153.716,366.69635,493.095,9.609515e-05,3.5169175,10.21387,0.15957692
13.3744,153.716,408.25806,505.596,9.983573e-05,1.7667387,9.089083,0.15839267
