Vmax,Rmax_IBT,Rmax_CK22,R34,fcor,u_trans,v_trans,mean_ck_cd
11.8312,137.048,112.42177,162.976,3.131743e-05,-0.40198416,-0.9470154,0.4466569
12.3456,120.38,108.52329,162.976,3.0820003e-05,-0.26627305,-0.9937445,0.45400217
13.3744,103.712,101.4253,162.976,3.0322259e-05,-0.12537906,-1.0211315,0.47106105
13.3744,103.712,101.34216,162.976,2.9824112e-05,-0.071590655,-0.5093939,0.50390476
13.3744,103.712,135.12958,213.906,3.0322259e-05,-0.46620473,-0.2173948,0.5122187
13.8888,92.6,133.32979,217.61,3.0325084e-05,-0.51056576,-0.062689714,0.5129756
14.4032,85.192,132.11723,222.24,3.0073232e-05,-0.51056576,-0.062689714,0.50102156
14.917601,85.192,128.11206,222.24,2.9911247e-05,-0.51056576,-0.062689714,0.48571163
15.9464,85.192,120.727585,222.24,2.9824112e-05,-1.0286434,-0.017954921,0.47075945
16.4608,85.192,117.33201,222.24,2.9930075e-05,-1.0262939,0.07176556,0.45160374
16.9752,85.192,114.10077,222.24,3.0073232e-05,-1.0211315,0.12537898,0.4277949
18.5184,75.932,127.965935,267.151,2.9988305e-05,-0.9937445,0.26627296,0.39996165
20.0616,68.524,140.305,313.451,3.0073232e-05,-0.7524167,0.70163995,0.36980987
26.2344,57.412,104.83458,313.451,3.0571195e-05,-0.16093966,1.0161338,0.33827797
27.7776,51.856,96.73005,309.284,3.0820032e-05,-0.17864951,1.0131702,0.30408916
34.4648,51.856,73.907425,309.284,3.131743e-05,-0.4253638,1.483419,0.2699971
34.4648,51.856,80.86626,342.62,3.206281e-05,-0.32084942,1.5094774,0.24653298
34.4648,51.856,80.726746,342.62,3.257617e-05,-0.2662733,0.99374443,0.23327607
34.4648,51.856,80.59589,342.62,3.305528e-05,-0.26797426,1.5197554,0.20457855
34.4648,51.856,80.39677,342.62,3.3779972e-05,-0.2414095,1.5242007,0.2033943
34.4648,51.856,80.186226,342.62,3.454095e-05,-0.6698888,1.9454991,0.20221004
34.4648,40.744,92.69772,406.514,3.5177454e-05,-0.9019927,1.8493586,0.20102578
34.4648,35.188,104.39402,471.33398,3.577612e-05,-0.6521848,1.398614,0.19984153
34.4648,40.744,104.04762,471.33398,3.6374164e-05,-0.47687495,1.4676704,0.19865729
34.4648,51.856,103.67903,471.33398,3.700857e-05,-0.47687495,1.4676704,0.19747303
35.4936,51.856,99.17151,477.81598,3.7746708e-05,-0.47687495,1.4676704,0.19628878
37.0368,51.856,92.36975,484.761,3.8483773e-05,-0.32084942,1.5094774,0.19510452
37.0368,40.744,92.173965,486.61298,3.9097158e-05,-0.18806891,1.5316973,0.19392027
37.0368,35.188,92.03075,488.92798,3.9709896e-05,-0.4511881,1.4757695,0.19273601
37.0368,35.188,91.48211,488.92798,4.046252e-05,-0.9019927,1.8493586,0.19155176
37.0368,35.188,90.96121,488.92798,4.1177245e-05,-1.0288004,1.7819338,0.1903675
37.0368,35.188,90.5657,488.92798,4.1720166e-05,-0.9070703,1.248475,0.18918325
37.0368,35.188,90.250534,488.92798,4.2152973e-05,-1.0912074,1.091207,0.18799901
37.0368,35.188,91.36519,500.503,4.2518397e-05,-0.7995278,0.64744484,0.18681476
37.0368,35.188,92.73659,514.856,4.288343e-05,-0.7645473,0.6884017,0.1856305
36.008,35.188,98.392914,519.949,4.3351447e-05,-0.6749536,0.7764452,0.18444625
35.4936,35.188,101.87671,527.82,4.385554e-05,-0.9070703,1.248475,0.18326199
34.979202,35.188,104.538605,527.82,4.4322576e-05,-1.1206491,1.7256486,0.18207774
34.4648,35.188,107.289894,527.82,4.4825505e-05,-0.7716003,1.3364503,0.18089348
34.4648,35.188,106.87135,527.82,4.5376073e-05,-0.748158,1.3497132,0.17970923
34.4648,35.188,106.37022,527.82,4.6034886e-05,-1.0597425,1.7637073,0.17852497
34.4648,51.856,105.727455,527.82,4.6879344e-05,-1.1505958,1.7058275,0.17734072
34.4648,68.524,105.08566,527.82,4.7722115e-05,-1.3226001,1.5762128,0.17615648
34.4648,85.192,104.61412,527.82,4.8341106e-05,-1.4801137,1.429329,0.17497222
34.4648,103.712,104.17089,527.82,4.892293e-05,-1.4032797,1.5048335,0.17378797
34.4648,85.192,104.90769,538.006,4.96056e-05,-1.1801912,1.685487,0.17260371
34.4648,68.524,105.62646,549.118,5.035898e-05,-0.9341309,1.833335,0.17141946
34.4648,68.524,104.96841,549.118,5.1158346e-05,-0.6698888,1.9454991,0.1702352
34.4648,68.524,104.25366,549.118,5.2027382e-05,-0.6698888,1.9454991,0.16905095
34.4648,68.524,103.48781,549.118,5.2959484e-05,-0.60158414,1.9676926,0.16786669
34.4648,68.524,102.69595,549.118,5.392461e-05,-0.07180942,2.0563467,0.16668244
33.436,68.524,109.24098,549.118,5.4851538e-05,0.53254604,1.987489,0.16549818
32.9216,68.524,112.351585,549.118,5.581132e-05,0.79479176,2.4461174,0.16431394
31.8928,68.524,119.73553,549.118,5.6867728e-05,0.87967575,2.4168894,0.16312969
30.3496,68.524,132.47636,549.118,5.7920843e-05,1.2074809,2.2709413,0.16194543
29.835201,68.524,136.69846,549.118,5.8870857e-05,1.5117837,2.0807917,0.16076118
29.3208,68.524,141.16548,549.118,5.9784e-05,2.1049197,2.25725,0.15957692
29.3208,68.524,140.62161,549.118,6.0659e-05,2.25725,2.1049197,0.15839267
29.3208,68.524,140.01198,549.118,6.1635496e-05,2.6334584,2.4557395,0.15720841
25.2056,68.524,185.85934,549.118,6.7352725e-05,4.3623595,2.7259047,0.15128715
23.6624,68.524,207.8977,549.118,6.8468675e-05,4.7455335,3.0817857,0.1501029
22.6336,68.524,217.04575,531.524,7.006104e-05,4.864233,3.8003554,0.14891864
21.0904,68.524,234.79819,514.85596,7.2037474e-05,4.6453195,4.810369,0.14773439
20.0616,68.524,247.48886,504.66998,7.432834e-05,4.0270834,5.9703975,0.14655013
18.5184,68.524,271.63852,497.262,7.663584e-05,3.5436761,5.671067,0.14536588
16.9752,75.932,276.9231,459.29602,7.849965e-05,3.8003554,4.864233,0.14418162
15.9464,85.192,272.11884,425.034,8.028322e-05,4.560659,4.8907084,0.14299737
15.432,85.192,281.6481,425.034,8.141564e-05,5.1803975,5.002652,0.14181313
14.917601,85.192,291.21844,425.034,8.2018865e-05,5.3599844,5.550426,0.14062887
14.917601,85.192,291.55283,425.034,8.268036e-05,5.399628,6.211562,0.13944462
14.4032,85.192,301.96118,425.034,8.427592e-05,5.7447777,7.907008,0.13826036
13.8888,85.192,313.80048,425.034,8.770372e-05,5.883409,9.059655,0.13707611
13.3744,85.192,326.19992,425.034,9.1186645e-05,6.6506224,8.512408,0.13589185
