Vmax,Rmax_IBT,Rmax_CK22,R34,fcor,u_trans,v_trans,mean_ck_cd
10.802401,85.192,101.05836,137.048,3.131743e-05,-3.5958652,0.188452,0.47106105
11.8312,75.932,99.84256,145.382,3.137289e-05,-3.0864,3.6804952e-08,0.50390476
13.3744,68.524,74.00877,120.38,3.131743e-05,-3.0821702,-0.16153023,0.5122187
14.4032,57.412,79.4321,137.048,3.1211373e-05,-3.0746555,-0.26899737,0.5129756
15.9464,51.856,82.361084,154.642,3.1068776e-05,-3.0694926,-0.32261625,0.50102156
16.9752,51.856,91.386284,180.10701,3.090694e-05,-3.0746555,-0.26899737,0.48571163
18.5184,51.856,97.15411,206.035,3.0820032e-05,-2.572,3.0670794e-08,0.47075945
20.0616,51.856,95.942795,218.999,3.0925326e-05,-2.5579104,0.26884696,0.45160374
21.0904,51.856,96.82638,231.5,3.1068776e-05,-2.5657346,0.1794139,0.4277949
23.148,40.744,99.80694,261.132,3.1087377e-05,-3.0864,3.6804952e-08,0.39996165
25.2056,35.188,101.99261,291.69,3.1068776e-05,-2.572,3.0670794e-08,0.36980987
27.7776,35.188,91.23118,291.69,3.1087286e-05,-2.572,3.0670794e-08,0.33827797
30.3496,35.188,82.09702,291.69,3.1068776e-05,-2.562213,-0.22416449,0.30408916
32.9216,24.076,77.27472,304.191,3.090686e-05,-2.042263,-0.25075886,0.2699971
35.4936,16.668,72.850815,317.155,3.0820032e-05,-2.05478,0.10768686,0.24653298
34.979202,24.076,74.22709,317.155,3.0993906e-05,-1.9778922,0.5671511,0.23327607
34.4648,35.188,75.61447,317.155,3.131743e-05,-1.9209352,0.7373776,0.20457855
33.436,40.744,81.4403,329.656,3.167135e-05,-1.9209352,0.7373776,0.2033943
32.9216,51.856,86.14659,343.08298,3.206281e-05,-2.4318738,0.83736134,0.20221004
32.4072,51.856,87.90356,343.08298,3.241663e-05,-2.4596162,0.7519794,0.20102578
31.8928,51.856,89.72034,343.08298,3.280731e-05,-2.4168894,0.8796756,0.19984153
31.8928,51.856,89.635056,343.08298,3.324677e-05,-2.3310237,1.086974,0.19865729
31.8928,51.856,89.527016,343.08298,3.3798577e-05,-2.7500029,1.4011955,0.19747303
31.8928,51.856,89.38367,343.08298,3.452228e-05,-3.2083368,1.6347281,0.19628878
31.8928,51.856,89.231186,343.08298,3.5282377e-05,-3.2634332,1.5217636,0.19510452
32.4072,51.856,90.01948,355.58398,3.5935886e-05,-3.338604,1.3488826,0.19392027
32.9216,51.856,90.7254,368.548,3.651592e-05,-3.4245641,1.1127088,0.19273601
33.436,51.856,91.23839,381.51202,3.704524e-05,-3.974978,1.0650918,0.19155176
34.4648,51.856,89.46431,394.476,3.7500762e-05,-4.0097275,0.9257192,0.1903675
34.4648,51.856,90.86888,402.81,3.7906048e-05,-4.0252733,0.8555973,0.18918325
34.4648,51.856,92.27415,411.144,3.8238195e-05,-3.556468,0.56328946,0.18799901
34.4648,51.856,93.02397,415.77402,3.8464474e-05,-3.5657573,0.5011352,0.18681476
34.4648,51.856,93.66251,419.941,3.872924e-05,-3.522114,0.74864763,0.1856305
33.436,51.856,98.15824,419.941,3.920134e-05,-3.974978,1.0650918,0.18444625
32.9216,51.856,100.41861,419.941,3.9709896e-05,-3.4781058,0.9319554,0.18326199
32.4072,57.412,108.98959,450.036,4.0113187e-05,-3.5085115,0.8100043,0.18207774
31.8928,68.524,117.9577,480.131,4.0444127e-05,-3.0296943,0.58891255,0.18089348
30.864,68.524,124.47064,480.131,4.0688465e-05,-3.0395107,0.5359477,0.17970923
30.3496,68.524,127.84605,480.131,4.093299e-05,-2.4956007,0.6222233,0.17852497
29.3208,68.524,136.29639,485.22397,4.1298805e-05,-2.4318738,0.83736134,0.17734072
27.7776,68.524,149.32692,488.92798,4.1665367e-05,-1.9676929,0.6015835,0.17615648
27.7776,68.524,147.95511,484.29797,4.1908937e-05,-1.987489,0.5325459,0.17497222
27.7776,68.524,146.71404,480.13098,4.2152973e-05,-1.9568938,0.6358336,0.17378797
26.7488,68.524,151.90169,469.01898,4.2499996e-05,-1.9209352,0.7373776,0.17260371
26.2344,68.524,152.99797,458.833,4.288343e-05,-1.8940307,0.80396855,0.17141946
26.2344,75.932,152.94711,458.833,4.3266373e-05,-1.8797112,0.8369013,0.1702352
26.2344,85.192,152.9001,458.833,4.3612705e-05,-1.420523,0.60297644,0.16905095
25.720001,85.192,160.73016,469.01904,4.3855303e-05,-1.420523,0.60297644,0.16786669
25.2056,85.192,169.30539,480.13104,4.409823e-05,-1.3750014,0.70059776,0.16668244
24.1768,85.192,179.64107,480.13104,4.4443826e-05,-1.3087077,0.8177716,0.16549818
23.6624,85.192,185.0904,480.13104,4.4825505e-05,-1.2641156,0.885143,0.16431394
23.6624,85.192,185.10081,480.13104,4.5206813e-05,-1.2160581,0.95008886,0.16312969
23.6624,85.192,185.10898,480.13104,4.5551555e-05,-0.7645473,0.6884017,0.16194543
23.6624,85.192,185.1144,480.13104,4.5811325e-05,-0.7146647,0.7400566,0.16076118
23.6624,85.192,185.11848,480.13104,4.6034886e-05,-0.6884015,0.76454747,0.15957692
23.6624,85.192,188.52348,488.92798,4.6258196e-05,-0.7146647,0.7400566,0.15839267
23.6624,85.192,191.73936,497.26202,4.651767e-05,-0.70163983,0.75241673,0.15720841
23.6624,85.192,194.94284,505.596,4.6861256e-05,-0.70163983,0.75241673,0.15602416
23.6624,85.192,198.13171,513.93005,4.7240763e-05,-1.1468209,1.0326025,0.1548399
23.148,85.192,194.42267,488.92798,4.7619975e-05,-1.1992917,0.9711672,0.15365566
22.6336,85.192,189.47934,462.537,4.796257e-05,-0.7764454,0.67495334,0.15247141
21.604801,85.192,198.23471,455.59198,4.822077e-05,-0.7146647,0.7400566,0.15128715
21.0904,85.192,201.76135,450.036,4.844305e-05,-0.7881066,0.6612998,0.1501029
20.576,85.192,213.02069,460.222,4.8665075e-05,-0.8427437,0.59009534,0.14891864
20.0616,85.192,225.36743,471.33398,4.892293e-05,-0.7764454,0.67495334,0.14773439
19.0328,85.192,239.77959,471.33398,4.9264458e-05,-0.70163983,0.75241673,0.14655013
18.5184,85.192,247.42554,471.33398,4.9641636e-05,-0.70163983,0.75241673,0.14536588
17.489601,85.192,282.70404,502.81802,4.998252e-05,-0.70163983,0.75241673,0.14418162
16.9752,85.192,313.04782,535.691,5.035898e-05,-0.9711675,1.1992915,0.14299737
17.489601,75.932,301.9002,532.91296,5.0818533e-05,-0.8851434,1.2641153,0.14181313
18.5184,68.524,282.79327,531.524,5.131329e-05,-0.86294687,1.2793705,0.14062887
17.489601,57.412,288.32034,510.226,5.1771578e-05,-0.8851434,1.2641153,0.13944462
16.9752,51.856,283.75934,488.46503,5.22651e-05,-0.9070703,1.248475,0.13826036
16.4608,51.856,276.39304,463.463,5.2823107e-05,-0.9287209,1.2324544,0.13707611
15.9464,51.856,267.29895,437.07202,5.345127e-05,-1.1801912,1.685487,0.13589185
14.917601,57.412,303.46823,463.00003,5.4107797e-05,-1.090362,1.7449437,0.1347076
14.4032,68.524,332.96783,488.46503,5.4869302e-05,-0.9659845,1.816753,0.13352334
13.8888,85.192,344.02365,488.46503,5.5775985e-05,-1.0869746,2.3310235,0.13233909
13.3744,103.712,355.47034,488.46503,5.6750614e-05,-1.0461262,2.3496392,0.13115485
13.3744,103.712,342.0606,471.334,5.7687015e-05,-1.0869746,2.3310235,0.1299706
13.3744,103.712,328.65698,454.203,5.862087e-05,-1.1676636,2.291669,0.12878634
12.3456,103.712,350.10965,454.66602,5.955162e-05,-1.2860005,2.2274172,0.12760209
11.8312,103.712,361.461,454.66602,6.0479695e-05,-1.3629524,2.1811798,0.12641783
11.8312,127.788,369.99268,463.0,6.143929e-05,-1.4382447,2.1322844,0.12523358
11.8312,153.716,378.9846,471.797,6.2326726e-05,-1.5834811,2.026764,0.12404932
11.8312,161.124,379.74927,471.797,6.3119565e-05,-1.376803,1.5290949,0.122865066
11.8312,172.236,380.31284,471.797,6.370404e-05,-1.1646681,1.0124301,0.12168082
11.8312,188.904,372.8215,463.463,6.4018466e-05,-0.89980876,0.4987721,0.12049656
11.8312,205.572,364.33368,454.203,6.416161e-05,-0.9727495,0.33494455,0.11931231
11.8312,205.572,364.45108,454.203,6.4292944e-05,-0.9889461,0.28357556,0.118128054
11.8312,205.572,364.53802,454.203,6.43901e-05,-0.9889461,0.28357556,0.11694381
11.8312,205.572,364.65518,454.203,6.452116e-05,-0.9889461,0.28357556,0.11575955
11.8312,205.572,364.74216,454.203,6.461839e-05,-1.0211315,0.12537898,0.1145753
11.8312,205.572,364.75714,454.203,6.463517e-05,-1.5432,1.8402476e-08,0.2
11.8312,205.572,364.74216,454.203,6.461839e-05,-2.0576,2.4536634e-08,0.2
12.3456,205.572,354.04846,454.203,6.4635904e-05,-2.0576,2.4536634e-08,0.2
13.3744,205.572,333.29678,454.203,6.461839e-05,-2.05478,-0.10768682,0.2
13.3744,205.572,266.37003,373.178,6.453791e-05,-1.5242006,-0.24140973,0.2
13.3744,205.572,201.55756,291.22702,6.43901e-05,-1.9964805,-0.49777856,0.2
12.3456,205.572,315.41327,411.144,6.417849e-05,-1.9778922,-0.5671511,0.2
11.8312,205.572,324.69284,411.144,6.393293e-05,-1.9964805,-0.49777856,0.2
11.3168,205.572,318.75436,394.476,6.372135e-05,-1.9964805,-0.49777856,0.2
10.802401,205.572,312.26953,377.808,6.3474974e-05,-1.9568938,-0.6358336,0.2
9.2592,205.572,160.4128,188.904,6.318203e-05,-1.8648189,-0.8695792,0.2
