Vmax,Rmax_IBT,Rmax_CK22,R34,fcor,u_trans,v_trans,mean_ck_cd
10.802401,153.716,226.83156,300.024,2.807779e-05,-0.890967,-0.5143999,0.43478736
11.3168,153.716,220.85176,301.87598,2.8183873e-05,-0.9166674,-0.4670656,0.4466569
11.8312,153.716,215.8616,304.654,2.8327528e-05,-1.3750011,-0.7005984,0.45400217
13.3744,137.048,196.33255,304.654,2.8664455e-05,-1.3750011,-0.7005984,0.47106105
14.4032,120.38,184.83408,304.654,2.9076216e-05,-1.3986143,-0.65218437,0.50390476
14.4032,120.38,194.45454,319.00702,2.9450286e-05,-1.8940307,-0.80396855,0.5122187
14.4032,120.38,204.77151,334.286,2.9824112e-05,-1.8648189,-0.8695792,0.5129756
15.9464,120.38,187.5884,334.286,3.0178971e-05,-1.8167529,-0.9659848,0.50102156
16.9752,120.38,177.32974,334.286,3.0571195e-05,-1.7637072,-1.0597428,0.48571163
18.5184,92.6,179.53035,364.844,3.103129e-05,-2.1811795,-1.3629527,0.47075945
20.0616,68.524,179.95737,394.01303,3.156599e-05,-2.2274175,-1.2859998,0.45160374
23.148,68.524,153.71634,394.01303,3.2186887e-05,-2.2709413,-1.207481,0.4277949
26.2344,68.524,132.17393,394.01303,3.280731e-05,-2.2709413,-1.207481,0.39996165
26.7488,75.932,126.390236,386.14203,3.3340162e-05,-2.2916684,-1.167664,0.36980987
27.7776,85.192,117.54222,376.88202,3.3798577e-05,-1.8648189,-0.8695792,0.33827797
30.864,85.192,108.64708,403.273,3.418828e-05,-1.9077733,-0.77079093,0.30408916
34.4648,85.192,97.21746,428.738,3.454095e-05,-1.9335115,-0.7037405,0.2699971
35.4936,85.192,91.83768,424.108,3.489317e-05,-1.9335115,-0.7037405,0.24653298
37.0368,85.192,84.98555,420.40402,3.5282377e-05,-1.8648189,-0.8695792,0.23327607
35.4936,85.192,91.41213,424.108,3.5757545e-05,-1.7637072,-1.0597428,0.20457855
34.4648,85.192,96.4107,428.738,3.626943e-05,-1.7058278,-1.1505953,0.2033943
34.4648,85.192,96.187675,428.738,3.6743673e-05,-1.1992917,-0.9711672,0.20221004
34.4648,85.192,95.94665,428.738,3.7254722e-05,-1.4032797,-1.5048335,0.20102578
32.9216,85.192,102.94911,428.738,3.7869457e-05,-1.3225998,-1.5762131,0.19984153
31.8928,85.192,107.963684,428.738,3.8483773e-05,-1.4549428,-1.4549431,0.19865729
31.8928,75.932,107.773445,428.738,3.8993017e-05,-1.1992917,-0.9711672,0.19747303
31.8928,68.524,107.5961,428.738,3.9464914e-05,-1.091207,-1.0912073,0.19628878
30.864,68.524,111.13105,420.40402,3.9973016e-05,-0.9711672,-1.1992917,0.19510452
30.3496,68.524,111.8596,412.07,4.0444127e-05,-1.0719968,-1.1100851,0.19392027
30.3496,68.524,109.60355,403.273,4.0829105e-05,-1.2160581,-0.95008886,0.19273601
30.3496,68.524,107.46807,394.939,4.1177245e-05,-1.2324542,-0.9287212,0.19155176
30.3496,51.856,104.29538,382.43802,4.1543342e-05,-1.2160581,-0.95008886,0.1903675
30.3496,35.188,101.68554,372.25198,4.1909232e-05,-1.2160581,-0.95008886,0.18918325
30.3496,35.188,101.610115,372.25198,4.2256524e-05,-1.1992917,-0.9711672,0.18799901
30.3496,35.188,101.52628,372.25198,4.2640077e-05,-1.1100852,-1.0719968,0.18681476
28.292,51.856,112.3437,372.25198,4.3126536e-05,-1.0124304,-1.1646677,0.1856305
26.2344,68.524,124.727135,372.25198,4.3612705e-05,-1.0524597,-1.1286252,0.18444625
26.2344,68.524,124.70988,372.25198,4.4013304e-05,-1.1646678,-1.0124303,0.18326199
26.2344,68.524,124.69527,372.25198,4.4340795e-05,-1.2793709,-0.8629465,0.18207774
26.2344,68.524,125.14047,373.641,4.4601344e-05,-1.3497132,-0.7481582,0.18089348
26.2344,68.524,126.1951,376.882,4.4825505e-05,-0.90837646,-0.4829924,0.17970923
26.2344,68.524,126.18326,376.882,4.5049503e-05,-0.890967,-0.5143999,0.17852497
26.2344,68.524,126.16914,376.882,4.5309676e-05,-0.82163614,-0.6191474,0.17734072
26.2344,68.524,126.14887,376.882,4.5672365e-05,-0.7524167,-0.70163995,0.17615648
26.2344,68.524,126.12795,376.882,4.6034886e-05,-0.7524167,-0.70163995,0.17497222
26.2344,68.524,126.11255,376.882,4.629442e-05,-0.7995278,-0.64744484,0.17378797
26.2344,68.524,126.09898,376.882,4.651767e-05,-0.8818536,-0.5298714,0.17260371
26.7488,68.524,124.14297,381.512,4.6740774e-05,-0.90837646,-0.4829924,0.17141946
27.7776,68.524,118.73048,385.679,4.6999867e-05,-0.77644527,-0.6749535,0.1702352
27.7776,68.524,118.682014,385.679,4.7324993e-05,-0.545181,-0.87247187,0.16905095
27.7776,68.524,118.62226,385.679,4.7722115e-05,-0.41845053,-0.93985564,0.16786669
27.7776,68.524,118.554436,385.679,4.8166872e-05,-0.5278055,-1.4501337,0.16668244
27.7776,68.524,118.474594,385.679,4.868306e-05,-0.34714445,-1.5036479,0.16549818
25.720001,68.524,128.70499,374.567,4.9264436e-05,-0.13449885,-1.5373278,0.16431394
23.6624,68.524,140.11874,364.381,4.9880902e-05,0.18806867,-1.5316973,0.16312969
23.6624,68.524,140.15309,364.381,5.0460516e-05,0.39940968,-1.4906167,0.16194543
23.6624,68.524,140.18753,364.381,5.1074945e-05,0.42536357,-1.4834191,0.16076118
23.6624,68.524,140.2234,364.381,5.1753803e-05,0.39940968,-1.4906167,0.15957692
23.6624,68.524,140.26031,364.381,5.250265e-05,0.5325463,-1.987489,0.15839267
23.148,68.524,144.42117,364.381,5.3332788e-05,0.6015843,-1.9676926,0.15720841
22.6336,68.524,148.75735,364.381,5.4161024e-05,0.7037408,-1.9335115,0.15602416
21.604801,68.524,165.42009,381.04898,5.4851695e-05,0.7373778,-1.9209352,0.1548399
21.0904,68.524,179.09267,399.106,5.5576067e-05,0.49777842,-1.9964805,0.15365566
19.0328,68.524,202.53722,399.106,5.648078e-05,0.21507783,-2.0463283,0.15247141
16.9752,68.524,229.19391,399.106,5.7453286e-05,0.3218795,-2.0322676,0.15128715
16.9752,68.524,244.37907,422.25598,5.838775e-05,0.4628594,-2.004864,0.1501029
16.9752,68.524,260.30182,446.332,5.9319285e-05,0.4628594,-2.004864,0.14891864
15.9464,85.192,238.56537,389.846,6.024795e-05,0.3926086,-2.0197961,0.14773439
14.4032,103.712,220.56798,334.74896,6.1173734e-05,0.3218795,-2.0322676,0.14655013
13.8888,103.712,227.64006,334.74896,6.207916e-05,0.3218795,-2.0322676,0.14536588
13.3744,103.712,234.94127,334.74896,6.3016254e-05,0.5325463,-1.987489,0.14418162
11.8312,103.712,257.22995,334.74896,6.401291e-05,0.96348846,-2.3847167,0.14299737
10.802401,103.712,273.2855,334.74896,6.507438e-05,1.0869744,-2.3310237,0.14181313
9.7736,103.712,290.15268,334.74896,6.616017e-05,1.2059526,-2.8410463,0.14062887
9.2592,103.712,299.22305,334.74896,6.734234e-05,0.6416984,-3.0189548,0.13944462
