Vmax,Rmax_IBT,Rmax_CK22,R34,fcor,u_trans,v_trans,mean_ck_cd
9.2592,103.712,128.3586,154.642,2.9574905e-05,-2.9668384,0.85072666,0.40228435
9.2592,103.712,135.35197,162.976,3.001703e-05,-2.9002674,1.0556108,0.43478736
9.2592,103.712,143.14595,172.236,3.0571195e-05,-2.841046,1.2059529,0.4466569
9.7736,103.712,137.75104,172.236,3.1174302e-05,-2.7972286,1.3043687,0.45400217
10.802401,103.712,127.934296,172.236,3.1814445e-05,-2.7500029,1.4011955,0.47106105
11.8312,103.712,131.3669,188.904,3.243472e-05,-2.7500029,1.4011955,0.50390476
13.3744,103.712,130.23738,205.572,3.305528e-05,-2.774038,1.3529882,0.5122187
14.4032,103.712,122.49096,205.572,3.3655884e-05,-2.7972286,1.3043687,0.5129756
15.9464,103.712,112.15302,205.572,3.4293596e-05,-3.236378,1.5784862,0.50102156
17.489601,103.712,116.19379,229.648,3.4998182e-05,-3.2083368,1.6347281,0.48571163
20.0616,103.712,115.04249,257.428,3.577612e-05,-3.1183844,1.8003997,0.47075945
21.604801,75.932,106.69796,257.428,3.6639296e-05,-3.019885,1.9611366,0.45160374
23.6624,51.856,96.80472,257.428,3.7500762e-05,-1.9988195,1.618612,0.4277949
25.720001,51.856,102.36104,298.172,3.820085e-05,-1.29489,1.5990552,0.39996165
27.7776,51.856,106.75,342.62,3.897458e-05,-0.9019927,1.8493586,0.36980987
30.3496,40.744,91.69147,331.508,4.0022045e-05,-0.7947916,2.4461174,0.33827797
32.9216,35.188,79.25169,321.322,4.1177245e-05,-0.44662377,2.5329256,0.30408916
34.979202,24.076,72.22192,321.322,4.2256357e-05,0.0,2.572,0.2699971
37.0368,16.668,65.82126,321.322,4.3369746e-05,0.62222314,2.4956007,0.24653298
37.5512,16.668,64.01955,321.322,4.4564928e-05,1.3043691,2.7972283,0.23327607
38.58,16.668,60.860466,321.322,4.5793287e-05,1.680974,2.5884728,0.20457855
38.58,16.668,60.461193,321.322,4.6981648e-05,2.1670153,2.875727,0.2033943
38.58,16.668,60.050858,321.322,4.8202877e-05,2.3145494,2.7583728,0.20221004
36.008,51.856,67.03181,321.322,4.9372662e-05,2.699814,3.105781,0.20102578
34.4648,85.192,71.608,321.322,5.083645e-05,3.3064992,3.9405327,0.19984153
32.4072,85.192,69.27519,277.8,5.2886942e-05,3.483659,4.4588804,0.19865729
31.8928,85.192,65.9214,256.50198,5.392461e-05,3.3259242,4.5777416,0.19747303
26.2344,85.192,79.211655,236.13,5.4869302e-05,3.5609465,4.397403,0.19628878
17.489601,127.788,111.459435,212.98,5.6747132e-05,3.8590193,4.138292,0.19510452
9.2592,172.236,145.21063,172.236,5.862087e-05,4.3648286,4.3648286,0.19392027
