Vmax,Rmax_IBT,Rmax_CK22,R34,fcor,u_trans,v_trans,mean_ck_cd
9.2592,103.712,185.92032,223.166,2.8327528e-05,-4.5777426,3.325923,0.2
10.802401,103.712,167.00534,223.166,3.0073232e-05,-5.548076,2.7059765,0.2
10.802401,103.712,194.06067,257.428,3.0820032e-05,-5.411155,1.6543547,0.2
11.3168,103.712,187.76538,257.428,3.128524e-05,-4.5284324,0.962547,0.33218503
11.8312,103.712,181.73439,257.428,3.156599e-05,-4.0395923,0.7852167,0.3476863
12.3456,103.712,179.00267,261.595,3.1757718e-05,-3.522114,0.74864763,0.36769712
13.3744,103.712,171.28108,266.225,3.206281e-05,-4.0097275,0.9257192,0.40228435
14.917601,103.712,172.7901,291.69,3.2751006e-05,-3.9557843,1.1343023,0.43478736
16.9752,103.712,169.09796,317.618,3.3550914e-05,-2.8616605,1.156185,0.4466569
19.0328,103.712,162.544,338.91602,3.4150773e-05,-2.1811795,1.3629527,0.45400217
21.0904,103.712,155.77072,359.75104,3.47882e-05,-2.3293362,2.0248601,0.47106105
21.0904,103.712,166.32321,381.97504,3.565281e-05,-2.2201705,2.1439936,0.50390476
21.0904,103.712,176.5065,403.273,3.651592e-05,-1.9411135,1.6873834,0.5122187
21.604801,103.712,177.57289,415.77402,3.720518e-05,-2.1068592,1.4752383,0.5129756
22.6336,103.712,173.66951,428.738,3.7746686e-05,-2.1811795,1.3629527,0.50102156
23.148,103.712,179.60051,454.66602,3.815216e-05,-2.2274175,1.2859998,0.48571163
23.6624,103.712,184.51128,479.668,3.8483773e-05,-1.8797112,0.8369013,0.47075945
25.2056,57.412,177.4163,502.35498,3.8814866e-05,-1.4591242,0.5024168,0.45160374
26.2344,16.668,174.16753,523.19,3.9219805e-05,-1.7996175,0.9975442,0.4277949
28.292,27.78,157.21242,531.524,3.9758743e-05,-1.5990556,1.2948897,0.39996165
30.3496,40.744,141.53694,539.85803,4.0444127e-05,-1.9113681,1.7210042,0.36980987
32.9216,40.744,124.90634,557.915,4.1299234e-05,-1.9113681,1.7210042,0.33827797
35.4936,40.744,109.14225,574.583,4.2152973e-05,-2.0267637,1.5834814,0.30408916
37.5512,40.744,97.71518,591.714,4.2834457e-05,-2.2274175,1.2859998,0.2699971
39.6088,40.744,86.97922,608.382,4.3369746e-05,-2.3310237,1.086974,0.24653298
39.0944,40.744,90.47359,626.439,4.3716023e-05,-2.349639,1.0461266,0.23327607
38.58,40.744,94.01448,643.107,4.409823e-05,-2.2046347,1.3246775,0.20457855
37.5512,44.447998,99.929306,647.737,4.4752378e-05,-1.5528908,1.3499067,0.2033943
37.0368,51.856,102.6555,651.904,4.5551555e-05,-1.8810418,1.7540998,0.20221004
35.4936,51.856,113.46144,660.238,4.637872e-05,-1.8810418,1.7540998,0.20102578
34.4648,51.856,121.46199,668.57196,4.7240763e-05,-2.3293362,2.0248601,0.19984153
32.9216,35.188,135.75528,681.99896,4.8118996e-05,-1.9988195,1.618612,0.19865729
31.8928,16.668,146.77592,694.5,4.892293e-05,-1.9702666,1.6532495,0.19747303
29.835201,16.668,171.98283,707.46405,4.952159e-05,-1.5048333,1.4032799,0.19628878
27.7776,16.668,202.22635,719.965,5.012002e-05,-1.687384,1.941113,0.19510452
26.2344,20.372,230.62555,737.559,5.0901897e-05,-1.4752389,2.1068587,0.19392027
25.2056,24.076,253.25404,754.227,5.178951e-05,-1.2860005,2.2274172,0.19273601
23.6624,24.076,288.49075,767.191,5.2722084e-05,-1.1676636,2.291669,0.19155176
22.6336,24.076,316.39255,780.155,5.3688025e-05,-1.3246781,2.2046342,0.1903675
21.0904,24.076,359.35583,788.952,5.4633427e-05,-1.7702868,2.5282307,0.18918325
20.0616,24.076,392.39716,797.286,5.5576067e-05,-1.4008113,2.1570609,0.18799901
19.0328,37.04,431.0933,810.25,5.644548e-05,-1.2469299,2.2495222,0.18681476
18.5184,51.856,455.65088,822.75104,5.7453286e-05,-1.3043696,2.797228,0.1856305
17.489601,57.412,498.77835,832.011,5.8801386e-05,-1.4645767,3.2894948,0.18444625
16.9752,68.524,525.14966,840.345,6.0247978e-05,-1.1561859,2.8616602,0.18326199
16.9752,68.524,543.89276,865.81,6.150272e-05,-1.1060672,2.8814025,0.18207774
16.9752,68.524,563.0755,891.73804,6.278661e-05,-1.3488835,3.3386037,0.18089348
16.9752,75.932,564.42773,891.73804,6.427587e-05,-1.3488835,3.3386037,0.17970923
16.9752,85.192,565.74164,891.73804,6.575688e-05,-1.1723053,3.4046235,0.17852497
16.4608,85.192,594.05975,896.36804,6.696957e-05,-0.68706566,3.5346432,0.17734072
15.9464,85.192,623.728,900.53503,6.8243826e-05,-0.25117877,3.5920289,0.17615648
15.9464,92.6,622.04865,895.905,6.9774316e-05,0.0,4.1152,0.17497222
15.9464,103.712,621.0555,891.73804,7.159438e-05,0.24229456,4.6232553,0.17378797
16.4608,109.268,572.0009,857.476,7.381692e-05,0.3588273,5.1314697,0.17260371
16.9752,120.38,525.7075,823.214,7.5985095e-05,0.56420636,4.595092,0.17141946
16.9752,137.048,520.8662,814.88,7.746613e-05,1.3397781,3.890998,0.1702352
16.9752,153.716,515.37573,805.62,7.900381e-05,2.7259047,4.3623595,0.16905095
16.4608,153.716,511.14188,767.654,8.1233775e-05,3.6282809,4.9939003,0.16786669
15.9464,153.716,504.1692,728.762,8.365155e-05,4.130668,5.8992057,0.16668244
14.917601,153.716,526.04474,702.834,8.5912434e-05,4.6436043,6.162272,0.16549818
14.4032,153.716,525.87573,677.369,8.7973065e-05,5.0923,5.0923,0.16431394
13.8888,153.716,410.11948,531.987,8.960293e-05,6.320577,4.425716,0.16312969
13.3744,153.716,291.1345,385.67902,9.1186645e-05,6.741949,4.7207637,0.16194543
12.3456,188.904,282.6931,355.58398,9.320131e-05,7.0746922,5.1400647,0.16076118
11.8312,222.24,264.51724,326.415,9.5103336e-05,6.979775,4.361448,0.15957692
11.8312,222.24,236.1357,295.394,9.65122e-05,7.9887733,3.5568306,0.15839267
11.8312,222.24,209.47437,265.76202,9.758735e-05,10.4815235,2.6133373,0.15720841
