Vmax,Rmax_IBT,Rmax_CK22,R34,fcor,u_trans,v_trans,mean_ck_cd
10.802401,137.048,227.9942,295.857,3.9464914e-05,-3.5958652,-0.18845193,0.2
10.802401,127.788,228.00107,295.857,3.948233e-05,-3.0821702,-0.16153023,0.2
10.802401,120.38,227.9942,295.857,3.9464914e-05,-3.0746555,-0.26899737,0.2
10.802401,120.38,227.84988,295.857,3.909713e-05,-3.0694926,-0.32261625,0.2
10.802401,120.38,227.70549,295.857,3.872924e-05,-2.5579104,-0.26884687,0.2
10.802401,120.38,227.68353,295.857,3.8673184e-05,-2.562213,-0.22416449,0.2
10.802401,120.38,227.70549,295.857,3.872924e-05,-2.5684752,-0.13460852,0.2
11.3168,120.38,220.60834,295.857,3.8729002e-05,-3.08593,-0.053864766,0.33218503
11.8312,120.38,213.78633,295.857,3.872924e-05,-3.6008,4.293911e-08,0.3476863
11.8312,120.38,213.78633,295.857,3.872924e-05,-4.1051755,0.28706223,0.36769712
13.3744,120.38,188.88773,287.06,3.9464914e-05,-3.5920286,0.25117946,0.40228435
14.4032,120.38,181.95721,293.07898,3.964787e-05,-2.5716083,-0.044887304,0.43478736
15.9464,120.38,170.79901,300.024,3.9464914e-05,-2.5684752,-0.13460852,0.4466569
16.9752,75.932,197.38171,361.13998,3.921969e-05,-2.5704334,-0.089762196,0.45400217
18.5184,35.188,215.98395,424.57098,3.897458e-05,-2.0525877,0.14353111,0.47106105
19.0328,35.188,209.83109,424.57098,3.893751e-05,-2.0322676,0.3218797,0.50390476
20.0616,35.188,198.17053,424.57098,3.897458e-05,-2.05478,0.10768686,0.5122187
20.576,40.744,177.58833,393.55005,3.8974402e-05,-2.5684752,-0.13460852,0.5129756
21.0904,51.856,159.10321,364.38104,3.897458e-05,-2.0576,2.4536634e-08,0.50102156
21.604801,51.856,159.41806,374.56702,3.895601e-05,-1.5316973,0.18806846,0.48571163
22.6336,51.856,155.89984,386.14203,3.897458e-05,-1.5197554,0.26797384,0.47075945
23.6624,51.856,147.73207,386.14203,3.9078826e-05,-1.5242006,0.24140978,0.45160374
25.2056,51.856,136.43219,386.14203,3.9219805e-05,-1.5347463,0.16130817,0.4277949
26.2344,44.447998,133.93657,399.569,3.9342027e-05,-1.5422599,0.053856615,0.39996165
27.7776,40.744,128.65477,415.774,3.9464914e-05,-1.542965,0.026932418,0.36980987
29.3208,37.04,118.96409,415.774,3.9587365e-05,-2.0563467,0.07180882,0.33827797
30.3496,35.188,112.97067,415.774,3.9709896e-05,-1.5316973,0.18806846,0.30408916
32.4072,40.744,102.04993,415.774,3.98319e-05,-2.0197961,0.39260834,0.2699971
34.4648,51.856,92.358604,415.774,3.995476e-05,-2.0263405,0.35729846,0.24653298
32.9216,44.447998,95.93556,398.643,4.0132512e-05,-2.5528288,0.31344745,0.23327607
31.8928,40.744,96.955215,381.51202,4.0199502e-05,-2.572,3.0670794e-08,0.20457855
29.835201,27.78,107.06078,381.51202,3.9899278e-05,-2.0463283,-0.21507749,0.2033943
27.7776,16.668,118.43165,381.51202,3.9709896e-05,-1.5373278,0.13449873,0.20221004
25.720001,40.744,127.16175,369.474,4.010783e-05,-1.387019,0.6764941,0.20102578
23.6624,68.524,137.6801,360.214,4.0688625e-05,-0.86282426,0.5603247,0.19984153
21.604801,75.932,153.42856,360.214,4.1036652e-05,-0.82163614,0.6191474,0.19865729
20.0616,85.192,166.81073,360.214,4.142137e-05,-1.0912074,1.091207,0.19747303
18.5184,85.192,167.05444,333.36002,4.1976164e-05,-0.9711675,1.1992915,0.19628878
16.9752,85.192,167.61205,308.821,4.2640077e-05,-0.79480684,1.3227805,0.19510452
15.9464,85.192,164.49532,287.523,4.3406242e-05,-0.5278058,1.4501336,0.19392027
14.4032,85.192,165.12659,265.76202,4.409823e-05,-0.13449918,1.5373276,0.19273601
13.8888,85.192,170.31117,265.76202,4.4534718e-05,0.1609398,1.0161338,0.19155176
13.3744,85.192,175.64693,265.76202,4.4825505e-05,0.2835757,0.988946,0.1903675
12.3456,85.192,186.83476,265.76202,4.5085817e-05,0.2835757,0.988946,0.18918325
11.8312,85.192,192.78847,265.76202,4.5309676e-05,0.3518703,0.96675575,0.18799901
10.802401,85.192,205.29736,265.76202,4.5497116e-05,0.20099209,0.4735077,0.18681476
9.2592,85.192,225.89761,265.76202,4.5793287e-05,0.46706542,0.9166675,0.1856305
