Vmax,Rmax_IBT,Rmax_CK22,R34,fcor,u_trans,v_trans,mean_ck_cd
15.9464,153.716,155.51901,274.096,4.1665367e-05,0.44990438,0.24938604,0.45400217
16.4608,153.716,201.50758,356.51,4.1628722e-05,-0.7645473,0.6884017,0.47106105
16.9752,153.716,247.84781,441.70203,4.1665367e-05,-0.93240947,0.4347896,0.50390476
18.5184,137.048,239.41122,463.926,4.175072e-05,-1.0024319,0.2314298,0.5122187
20.0616,120.38,231.86046,488.928,4.1909232e-05,-1.5148472,0.29445627,0.5129756
20.576,109.268,226.9296,492.632,4.20982e-05,-1.4906167,0.39940947,0.50102156
21.0904,103.712,222.52612,497.26196,4.239659e-05,-1.420523,0.60297644,0.48571163
22.6336,120.38,202.31842,494.48398,4.2846772e-05,-1.2793709,0.8629465,0.47075945
23.6624,137.048,189.89917,492.632,4.3369746e-05,-1.18216,0.9919497,0.45160374
25.2056,103.712,203.49,581.06494,4.3837317e-05,-1.4801137,1.429329,0.4277949
26.2344,68.524,216.47409,668.572,4.4340795e-05,-1.3499072,1.5528904,0.39996165
28.292,68.524,184.40787,651.90405,4.494627e-05,-1.3499072,1.5528904,0.36980987
30.3496,68.524,156.98798,633.84705,4.5551555e-05,-1.7449436,1.0903622,0.33827797
30.864,57.412,152.29634,639.403,4.601698e-05,-1.9209352,0.7373776,0.30408916
31.8928,51.856,142.96483,647.73706,4.651767e-05,-2.1811795,1.3629527,0.2699971
31.8928,85.192,142.26518,647.73706,4.7204387e-05,-1.7540995,1.8810419,0.24653298
31.8928,120.38,141.49161,647.73706,4.796257e-05,-1.6532501,1.970266,0.23327607
31.8928,120.38,140.71924,647.73706,4.871866e-05,-1.7540995,1.8810419,0.20457855
31.8928,120.38,140.02022,647.73706,4.9402213e-05,-2.1068592,1.4752383,0.2033943
32.4072,103.712,135.47852,655.60803,4.9952992e-05,-2.3675385,1.0049607,0.20221004
32.9216,85.192,131.21657,664.86804,5.035898e-05,-1.9778922,0.5671511,0.20102578
33.436,85.192,126.2056,664.86804,5.0561797e-05,-1.4676703,0.47687522,0.19984153
34.4648,85.192,116.83346,664.86804,5.083645e-05,-1.1100852,1.0719968,0.19865729
34.4648,109.268,116.11714,664.86804,5.144412e-05,-0.5530336,1.4407012,0.19747303
34.4648,137.048,115.15214,664.86804,5.22651e-05,-0.46285924,2.004864,0.19628878
34.4648,137.048,114.12385,664.86804,5.3142863e-05,-0.39260894,2.0197961,0.19510452
34.4648,137.048,112.935936,664.86804,5.4161024e-05,-1.2059524,2.8410463,0.19392027
34.4648,92.6,111.40693,662.09,5.530597e-05,-1.8141406,2.49695,0.19273601
34.4648,51.856,109.89232,660.23804,5.6516048e-05,-1.7258937,2.558741,0.19155176
33.436,51.856,117.22007,654.682,5.77384e-05,-1.2469299,2.2495222,0.1903675
32.9216,51.856,120.54853,651.44104,5.8853857e-05,-2.4094055,2.675916,0.18918325
32.9216,51.856,121.11501,670.424,5.9809463e-05,-2.949603,2.0653336,0.18799901
32.9216,51.856,121.850174,689.87,6.0479695e-05,-2.05478,0.10768686,0.18681476
31.8928,57.412,132.55983,689.87,6.069209e-05,-0.7995278,-0.64744484,0.1856305
30.3496,68.524,150.48291,689.87,6.0942573e-05,-0.9341309,1.833335,0.18444625
16.4608,85.192,335.77283,540.321,6.481214e-05,-0.17941341,2.5657349,0.17852497
13.3744,85.192,385.83353,514.39294,6.575688e-05,-0.42779925,2.0126364,0.17734072
12.3456,92.6,369.69342,469.482,6.66529e-05,-0.7244884,1.3625648,0.17615648
11.8312,103.712,339.1231,424.10803,6.734234e-05,-0.79480684,1.3227805,0.17497222
11.8312,109.268,282.28156,361.14,6.765253e-05,-0.3853953,0.95388675,0.17378797
11.8312,120.38,229.0967,300.024,6.7793495e-05,-0.017952355,0.51408666,0.17260371
11.3168,120.38,196.75902,254.65,6.799064e-05,0.24149618,0.45418823,0.17141946
10.802401,120.38,164.50533,210.202,6.8243826e-05,0.76454747,0.6884015,0.1702352
