Vmax,Rmax_IBT,Rmax_CK22,R34,fcor,u_trans,v_trans,mean_ck_cd
10.802401,172.236,254.76732,342.62,1.6509784e-05,-0.9634882,2.384717,0.2
10.802401,172.236,255.4879,342.62,1.7868473e-05,-1.5432006,2.6729007,0.2
10.802401,172.236,256.1062,342.62,1.9036203e-05,-1.7210038,1.9113686,0.2
10.802401,172.236,256.5564,342.62,1.9887504e-05,-1.7058278,1.1505953,0.2
10.802401,172.236,256.90616,342.62,2.0549318e-05,-2.1811795,1.3629527,0.2
10.802401,153.716,245.6613,327.80402,2.1197937e-05,-2.1068592,1.4752383,0.2
10.802401,137.048,234.0237,312.525,2.1808535e-05,-2.080792,1.5117832,0.2
10.802401,137.048,234.30023,312.525,2.243739e-05,-2.080792,1.5117832,0.2
10.802401,137.048,234.57652,312.525,2.306609e-05,-2.1811795,1.3629527,0.2
10.802401,137.048,234.86072,312.525,2.3713e-05,-2.6994264,1.4963164,0.2
10.802401,137.048,235.12807,312.525,2.432189e-05,-2.3310237,1.086974,0.2
10.802401,137.048,235.37302,312.525,2.4880008e-05,-1.9209352,0.7373776,0.2
10.802401,137.048,235.56834,312.525,2.53252e-05,-1.987489,0.5325459,0.2
11.8312,144.456,220.45424,312.525,2.5650812e-05,-2.0322676,0.3218797,0.2
13.3744,153.716,200.26744,312.525,2.5826394e-05,-2.0525877,0.14353111,0.2
13.8888,144.456,189.21727,305.11697,2.5863888e-05,-2.5684752,0.13460858,0.2
14.4032,137.048,180.1938,300.024,2.5826394e-05,-2.5657346,0.1794139,0.2
14.4032,120.38,180.19376,300.024,2.5826239e-05,-2.5657346,0.1794139,0.2
14.4032,103.712,180.1938,300.024,2.5826394e-05,-2.5657346,0.1794139,0.2
14.4032,103.712,180.20319,300.024,2.5845029e-05,-2.05478,0.10768686,0.33218503
14.4032,103.712,180.1938,300.024,2.5826394e-05,-2.0572867,0.03590989,0.3476863
15.9464,103.712,189.8175,342.157,2.570097e-05,-2.0563467,-0.071809754,0.36769712
16.9752,103.712,204.2441,386.14203,2.5575835e-05,-2.0563467,-0.071809754,0.40228435
16.9752,103.712,204.2187,386.14203,2.5538091e-05,-2.0576,2.4536634e-08,0.43478736
16.9752,103.712,204.2441,386.14203,2.5575835e-05,-2.0563467,0.07180882,0.4466569
16.9752,103.712,204.3282,386.14203,2.5701047e-05,-2.5684752,0.13460858,0.45400217
16.9752,103.712,204.41223,386.14203,2.5826394e-05,-2.0572867,0.03590989,0.47106105
18.5184,103.712,188.05702,386.14203,2.58262e-05,-2.0576,2.4536634e-08,0.50390476
20.0616,103.712,173.52934,386.14203,2.5826394e-05,-2.0375755,0.28636295,0.5122187
20.0616,103.712,173.58006,386.14203,2.5932664e-05,-1.987489,0.5325459,0.5129756
20.0616,103.712,173.64856,386.14203,2.6076874e-05,-2.5403342,0.40234962,0.50102156
21.604801,109.268,160.71153,386.14203,2.6183145e-05,-2.5684752,0.13460858,0.48571163
23.6624,120.38,145.52008,386.14203,2.6327272e-05,-2.5579104,0.26884696,0.47075945
25.2056,120.38,135.46124,386.14203,2.657739e-05,-3.0296943,0.58891255,0.45160374
26.2344,120.38,129.29053,386.14203,2.6827835e-05,-2.5329256,0.4466231,0.4277949
27.7776,120.38,120.72761,386.14203,2.6915046e-05,-2.5329256,0.4466231,0.39996165
29.3208,120.38,112.936516,386.14203,2.707799e-05,-3.0072956,0.6942894,0.36980987
30.3496,120.38,108.80913,388.91998,2.754033e-05,-3.4781058,0.9319554,0.33827797
31.8928,120.38,103.275826,394.476,2.807779e-05,-3.992961,0.99555725,0.30408916
32.4072,92.6,109.01513,428.738,2.8433358e-05,-3.992961,0.99555725,0.2699971
32.9216,68.524,114.08407,463.0,2.882674e-05,-3.9557843,1.1343023,0.24653298
32.9216,57.412,112.90664,458.833,2.9431012e-05,-3.4245641,1.1127088,0.23327607
32.9216,51.856,111.71933,454.666,3.0073232e-05,-3.9557843,1.1343023,0.20457855
32.9216,51.856,111.48533,454.666,3.0608455e-05,-3.974978,1.0650918,0.2033943
32.9216,51.856,111.2828,454.666,3.1068776e-05,-3.4613113,0.9925145,0.20221004
33.436,57.412,108.56624,454.666,3.1441057e-05,-3.4245641,1.1127088,0.20102578
34.4648,68.524,103.490265,454.666,3.1814445e-05,-3.4245641,1.1127088,0.19984153
34.979202,57.412,100.886665,454.666,3.2292555e-05,-3.4245641,1.1127088,0.19865729
35.4936,51.856,98.308334,454.666,3.280731e-05,-2.9002674,1.0556108,0.19747303
35.4936,51.856,98.028,454.666,3.3302502e-05,-2.3675385,1.0049607,0.19628878
35.4936,51.856,97.74633,454.666,3.3798577e-05,-2.384717,0.9634875,0.19510452
34.979202,51.856,99.77344,454.666,3.4330602e-05,-2.4461174,0.79479206,0.19392027
34.4648,51.856,101.93045,454.666,3.47882e-05,-2.4843612,0.66568244,0.19273601
32.4072,68.524,109.40181,441.702,3.5109202e-05,-2.0126367,0.42779866,0.19155176
30.3496,85.192,117.429054,428.738,3.5282377e-05,-2.0263405,0.35729846,0.1903675
30.3496,85.192,117.40314,428.738,3.537482e-05,-1.5373278,0.13449873,0.18918325
30.3496,85.192,117.429054,428.738,3.5282377e-05,-2.0497704,-0.17933159,0.18799901
29.835201,85.192,120.45844,428.738,3.4930155e-05,-2.0197961,-0.39260828,0.18681476
29.3208,85.192,123.568115,428.738,3.454095e-05,-2.0126364,-0.42779955,0.1856305
28.292,85.192,129.90996,428.738,3.4380028e-05,-2.0197961,-0.39260828,0.18444625
27.7776,85.192,133.22717,428.738,3.4293596e-05,-2.0197961,-0.39260828,0.18326199
27.7776,85.192,133.24492,428.738,3.4151326e-05,-2.0322676,-0.32187966,0.18207774
27.7776,85.192,133.2581,428.738,3.404614e-05,-2.042263,-0.25075886,0.18089348
29.3208,85.192,123.679726,428.738,3.4027336e-05,-2.0525877,-0.14353105,0.17970923
30.3496,85.192,117.77102,428.738,3.404614e-05,-1.5410851,-0.08076511,0.17852497
31.8928,85.192,109.57607,428.738,3.4027555e-05,-1.5432,1.8402476e-08,0.17734072
32.9216,85.192,104.502556,428.738,3.404614e-05,-1.5347463,0.16130817,0.17615648
32.9216,85.192,107.597015,443.55402,3.411413e-05,-1.4906167,0.39940947,0.17497222
32.9216,85.192,111.54837,463.0,3.4293596e-05,-1.4097834,0.627676,0.17378797
32.4072,68.524,114.16464,463.0,3.462741e-05,-1.3227807,0.7948065,0.17260371
31.8928,51.856,116.85139,463.0,3.5035337e-05,-0.8529139,0.57529765,0.17141946
30.864,51.856,122.7431,463.0,3.5368772e-05,-0.8107054,0.6333926,0.1702352
30.3496,51.856,125.76172,463.0,3.577612e-05,-1.071997,1.1100849,0.16905095
29.3208,40.744,132.24396,463.0,3.635563e-05,-1.3499072,1.5528904,0.16786669
27.7776,35.188,142.97192,463.0,3.700857e-05,-1.3226001,1.5762128,0.16668244
26.2344,35.188,152.81119,456.518,3.762373e-05,-1.0124304,1.1646677,0.16549818
25.2056,35.188,159.24892,450.49902,3.8238195e-05,-1.4032797,1.5048335,0.16431394
24.1768,35.188,169.0228,452.35098,3.8851715e-05,-1.4549432,1.4549427,0.16312969
23.6624,35.188,174.78726,454.66602,3.9464914e-05,-1.4549432,1.4549427,0.16194543
23.148,40.744,179.8807,454.66602,4.007733e-05,-1.4549432,1.4549427,0.16076118
22.6336,51.856,185.18765,454.66602,4.0688625e-05,-1.5528908,1.3499067,0.15957692
23.6624,40.744,174.95314,454.66602,4.1299103e-05,-1.5990556,1.2948897,0.15839267
25.2056,35.188,160.62068,454.66602,4.1909232e-05,-1.5528908,1.3499067,0.15720841
25.720001,40.744,156.07997,454.66602,4.2481755e-05,-1.0326023,1.1468211,0.15602416
26.2344,51.856,151.62767,454.66602,4.3126656e-05,-1.209427,1.6646333,0.1548399
26.2344,40.744,144.36743,432.44202,4.3976826e-05,-1.4752389,2.1068587,0.15365566
26.2344,35.188,137.68854,412.07,4.4825505e-05,-1.3499072,1.5528904,0.15247141
26.2344,40.744,137.62746,412.07,4.5503224e-05,-1.5762132,1.3225996,0.15128715
26.2344,51.856,137.57753,412.07,4.6034886e-05,-1.071997,1.1100849,0.1501029
25.720001,51.856,141.49033,412.07,4.6396974e-05,-0.79480684,1.3227805,0.14891864
25.2056,51.856,145.5534,412.07,4.675884e-05,-0.47687495,1.4676704,0.14773439
23.6624,51.856,151.77525,394.476,4.7324982e-05,-0.21477191,1.5281817,0.14655013
22.6336,51.856,153.36969,376.88202,4.796257e-05,-0.32084942,1.5094774,0.14536588
21.0904,57.412,167.27621,376.88202,4.861712e-05,-0.5530336,1.4407012,0.14418162
20.0616,68.524,177.41415,376.88202,4.916265e-05,-0.6276758,1.4097835,0.14299737
16.9752,68.524,211.7389,376.88202,4.942029e-05,-0.7716003,1.3364503,0.14181313
14.4032,68.524,245.72502,376.88202,4.9641636e-05,-1.1646681,1.0124301,0.14062887
13.8888,68.524,240.94188,360.214,5.008411e-05,-1.3364505,0.7715999,0.13944462
13.3744,68.524,235.04036,342.62,5.059779e-05,-0.7764454,0.67495334,0.13826036
12.3456,68.524,246.00325,337.99,5.1128514e-05,-0.48299226,0.9083765,0.13707611
11.8312,68.524,250.59055,334.286,5.155148e-05,-0.49877197,0.8998088,0.13589185
11.8312,68.524,250.6873,334.286,5.174203e-05,-0.7524167,0.70163995,0.1347076
11.8312,68.524,250.71141,334.286,5.178951e-05,-1.0024319,0.2314298,0.13352334
10.802401,68.524,266.09116,334.286,5.1789593e-05,-1.0288,1.2268317e-08,0.13233909
9.2592,68.524,290.87793,334.286,5.178951e-05,-1.0288,1.2268317e-08,0.13115485
9.2592,137.048,261.88834,303.265,5.1872696e-05,-0.4769434,0.19269751,0.1299706
9.2592,205.572,235.5236,274.55902,5.2027382e-05,-0.20922525,0.46992785,0.12878634
9.2592,205.572,255.14488,295.857,5.2193795e-05,0.0,0.5144,0.12760209
9.2592,205.572,275.52057,317.618,5.250265e-05,-0.12537926,1.0211315,0.12641783
