Vmax,Rmax_IBT,Rmax_CK22,R34,fcor,u_trans,v_trans,mean_ck_cd
11.8312,103.712,220.1404,303.72803,3.9219805e-05,0.7016399,0.7524167,0.4466569
12.3456,109.268,224.90666,318.544,3.9569022e-05,0.7146646,0.74005675,0.45400217
13.3744,120.38,223.27513,334.286,3.995476e-05,0.48299235,0.90837646,0.47106105
13.8888,92.6,219.49817,337.99002,4.0321716e-05,0.0359046,1.0281733,0.50390476
14.4032,68.524,216.77406,343.083,4.0688625e-05,-0.20922525,0.46992785,0.5122187
15.9464,68.524,193.62535,335.212,4.1091764e-05,-0.8818539,0.529871,0.5129756
16.9752,68.524,179.81602,330.119,4.142137e-05,-1.4501337,0.5278054,0.50102156
17.489601,68.524,163.58003,310.673,4.1598298e-05,-2.0375755,0.28636295,0.48571163
18.5184,68.524,144.14488,291.227,4.1665367e-05,-2.0497704,0.17933165,0.47075945
20.0616,68.524,135.71779,297.246,4.1665306e-05,-2.0525877,0.14353111,0.45160374
21.0904,68.524,131.82379,304.191,4.1665367e-05,-2.0563467,0.07180882,0.4277949
23.148,68.524,126.04704,322.248,4.176891e-05,-1.5197554,0.26797384,0.39996165
25.2056,68.524,120.822945,342.15698,4.1909232e-05,-1.5197554,0.26797384,0.36980987
28.292,51.856,111.16009,367.622,4.2012547e-05,-1.5094774,0.320849,0.33827797
31.8928,35.188,99.23271,394.476,4.2152973e-05,-1.4757696,0.45118764,0.30408916
33.436,35.188,87.896515,373.641,4.2360083e-05,-1.9676929,0.6015835,0.2699971
35.4936,35.188,76.564735,355.121,4.2640077e-05,-1.945499,0.6698891,0.24653298
35.4936,37.04,80.999504,381.97504,4.3005002e-05,-1.9568938,0.6358336,0.23327607
35.4936,40.744,85.7166,412.07,4.3369746e-05,-1.9209352,0.7373776,0.20457855
34.979202,44.447998,90.13976,426.423,4.3594202e-05,-1.4097834,0.627676,0.2033943
34.4648,51.856,94.83198,441.23898,4.385554e-05,-1.4501337,0.5278054,0.20221004
33.436,51.856,98.56893,434.29398,4.4322544e-05,-1.2793709,0.8629465,0.20102578
32.9216,51.856,99.98187,428.73798,4.4825505e-05,-1.7637078,1.059742,0.19984153
33.436,51.856,94.395226,413.45898,4.5242974e-05,-1.9077736,0.77079004,0.19865729
34.4648,51.856,87.017746,399.10602,4.5551555e-05,-1.9778922,0.5671511,0.19747303
34.4648,55.56,86.328835,395.40198,4.5690664e-05,-2.0048637,0.4628596,0.19628878
34.4648,57.412,86.2075,394.939,4.5793287e-05,-1.4676703,0.47687522,0.19510452
33.436,57.412,94.41013,415.31097,4.5998386e-05,-0.90837646,0.4829924,0.19392027
32.9216,57.412,100.95363,437.53497,4.627635e-05,-1.2324542,0.9287212,0.19273601
32.4072,57.412,103.62832,437.53497,4.6620135e-05,-1.2160581,0.95008886,0.19155176
31.8928,57.412,106.3918,437.53497,4.6999867e-05,-0.82163614,0.6191474,0.1903675
30.864,55.56,109.3891,423.645,4.736116e-05,-1.1992917,0.9711672,0.18918325
30.3496,51.856,109.60779,411.607,4.7722115e-05,-1.1646681,1.0124301,0.18799901
29.835201,51.856,110.68779,403.736,4.810069e-05,-0.70163983,0.75241673,0.18681476
29.3208,51.856,112.545204,399.10602,4.844305e-05,-0.7881066,0.6612998,0.1856305
27.7776,51.856,122.309845,399.10602,4.873701e-05,-0.3997639,0.32372242,0.18444625
26.2344,51.856,133.11911,399.10602,4.892293e-05,-0.4699278,0.20922533,0.18326199
25.720001,75.932,122.13097,355.12103,4.8976737e-05,-1.0131702,0.17864923,0.18207774
25.2056,103.712,110.59532,312.98798,4.892293e-05,-1.0262939,0.07176556,0.18089348
23.6624,57.412,133.12865,346.78702,4.88571e-05,-1.5347463,-0.16130812,0.17970923
22.6336,16.668,155.2191,381.04898,4.868306e-05,-1.5036479,-0.34714466,0.17852497
20.576,92.6,176.42256,385.679,4.8358823e-05,-1.3364505,-0.7715999,0.17734072
18.5184,172.236,200.5361,389.846,4.796257e-05,-1.1992917,-0.9711672,0.17615648
16.9752,161.124,202.92635,363.918,4.7583606e-05,-1.128625,-1.05246,0.17497222
15.9464,153.716,198.78664,338.91602,4.7240763e-05,-1.3364505,-0.7715999,0.17378797
14.4032,153.716,202.39919,318.081,4.7036305e-05,-1.4097834,-0.627676,0.17260371
13.3744,153.716,201.34311,300.02402,4.675884e-05,-1.2484747,-0.9070706,0.17141946
11.8312,196.312,211.3848,288.912,4.6209745e-05,-1.128625,-1.05246,0.1702352
10.802401,240.76,216.06828,278.726,4.5551555e-05,-1.2667849,-1.6214111,0.16905095
9.7736,246.316,227.83727,276.411,4.491027e-05,-0.9975444,-1.7996174,0.16786669
9.2592,257.428,237.51772,279.189,4.4340795e-05,-0.578093,-1.4308301,0.16668244
9.2592,212.98,238.65378,280.578,4.3958622e-05,-0.4347897,-0.9324094,0.16549818
9.2592,172.236,241.04102,283.356,4.3612705e-05,-0.64744484,-0.7995278,0.16431394
