Vmax,Rmax_IBT,Rmax_CK22,R34,fcor,u_trans,v_trans,mean_ck_cd
9.2592,68.524,178.30592,214.36899,2.6327272e-05,-1.9676929,0.6015835,0.2
9.7736,68.524,171.65306,214.36899,2.6577964e-05,-2.0322676,0.3218797,0.2
10.802401,68.524,159.49324,214.36899,2.6827835e-05,-2.0563467,-0.071809754,0.2
11.3168,85.192,184.27914,254.65,2.7046231e-05,-2.0126364,-0.42779955,0.2
11.8312,103.712,208.68852,295.857,2.707799e-05,-2.4843612,-0.66568244,0.2
11.8312,92.6,219.69212,310.673,2.6899135e-05,-2.4596157,-0.7519806,0.2
11.8312,85.192,230.5231,325.489,2.6327272e-05,-1.3497132,-0.7481582,0.2
11.8312,85.192,730.83954,938.50104,2.53252e-05,-0.41081807,-0.3095737,0.2
13.3744,85.192,188.74806,295.857,2.5575835e-05,-0.20922525,0.46992785,0.2
13.8888,85.192,273.49182,429.20102,2.5874684e-05,-0.16093966,1.0161338,0.2
14.4032,85.192,359.85333,565.786,2.6327272e-05,0.08966582,1.0248852,0.2
14.917601,85.192,350.14328,565.786,2.690918e-05,0.39940956,1.4906167,0.2
15.9464,85.192,331.27527,565.786,2.7827968e-05,0.35795322,2.5469694,0.2
16.4608,85.192,340.09122,592.177,2.9269486e-05,0.1615297,3.0821702,0.2
16.9752,85.192,350.38046,621.809,3.0820032e-05,-0.32261723,3.0694923,0.2
16.9752,75.932,354.35947,625.976,3.199446e-05,-0.7947916,2.4461174,0.33218503
16.9752,68.524,358.19632,630.143,3.305528e-05,-1.4489768,2.7251296,0.3476863
16.9752,68.524,370.93216,648.2,3.422552e-05,-1.7258937,2.558741,0.36769712
16.9752,68.524,385.39966,669.03503,3.5282377e-05,-1.8574418,2.4649088,0.40228435
17.489601,68.524,369.7282,661.164,3.604114e-05,-1.6532501,1.970266,0.43478736
18.5184,68.524,345.33374,656.0709,3.67623e-05,-1.7866617,1.8501415,0.4466569
19.0328,68.524,342.13422,668.109,3.7691814e-05,-1.7540995,1.8810419,0.45400217
20.0616,68.524,328.7153,681.5361,3.872924e-05,-1.1676636,2.291669,0.47106105
21.604801,68.524,305.09695,695.426,3.985039e-05,-0.40234917,2.5403345,0.50390476
23.6624,68.524,273.39087,711.63104,4.093299e-05,-0.17933224,2.04977,0.5122187
23.148,68.524,298.35242,752.375,4.1768995e-05,-0.21507816,2.0463283,0.5129756
22.6336,68.524,325.03647,793.119,4.2640077e-05,-0.21507816,2.0463283,0.50102156
21.604801,68.524,356.2013,809.787,4.381914e-05,-0.2688477,2.5579102,0.48571163
21.0904,68.524,377.32938,827.381,4.506766e-05,0.0,2.572,0.47075945
21.604801,103.712,362.4292,824.603,4.619184e-05,0.17941365,2.5657349,0.45160374
22.6336,137.048,335.41794,823.214,4.7240763e-05,0.13460809,2.5684752,0.4277949
23.6624,124.084,313.07605,832.011,4.829292e-05,0.0897615,2.5704334,0.39996165
25.2056,109.268,279.5997,840.345,4.916265e-05,0.2863626,2.0375755,0.36980987
27.7776,109.268,229.26256,851.92,4.9677452e-05,0.5780929,1.4308301,0.33827797
30.3496,109.268,186.25478,866.273,5.012002e-05,0.81777143,1.3087078,0.30408916
32.4072,105.564,155.5152,873.681,5.078267e-05,1.2094269,1.6646334,0.2699971
34.4648,103.712,128.71786,883.40405,5.155148e-05,1.3225998,1.576213,0.24653298
34.4648,103.712,127.79036,899.609,5.231257e-05,1.349907,1.5528905,0.23327607
34.4648,103.712,126.513275,917.666,5.321436e-05,1.618612,1.9988195,0.20457855
34.4648,103.712,124.50347,920.907,5.427335e-05,1.725893,2.5587418,0.2033943
34.4648,103.712,122.04875,926.0,5.5576067e-05,1.5784868,3.2363777,0.20221004
34.979202,96.304,113.091835,930.167,5.7096022e-05,1.4074812,3.867023,0.20102578
35.4936,92.6,104.00482,934.797,5.8853857e-05,1.4747558,3.84187,0.19984153
34.979202,88.895996,106.38854,934.797,6.0671016e-05,1.5834163,4.350401,0.19865729
34.4648,85.192,108.53805,934.797,6.278661e-05,1.4645017,5.465595,0.19747303
33.436,75.932,116.8368,934.797,6.534709e-05,1.2833973,6.0379095,0.19628878
32.9216,68.524,119.03117,934.797,6.801876e-05,1.2833973,6.0379095,0.19510452
30.864,85.192,147.14157,1158.889,7.040333e-05,1.7485418,5.3814583,0.19392027
29.3208,103.712,173.54178,1384.833,7.270045e-05,2.8023925,5.5000052,0.19273601
26.2344,103.712,274.8752,1389.0,7.492149e-05,3.9222727,6.03977,0.19155176
23.6624,103.712,395.67184,1393.167,7.728449e-05,4.202435,6.471182,0.1903675
21.0904,109.268,554.6385,1376.036,7.994129e-05,4.088857,6.543539,0.18918325
18.5184,120.38,762.0637,1359.3679,8.2815466e-05,5.621049,6.698906,0.18799901
16.4608,120.38,691.99854,998.228,8.579866e-05,7.030539,6.789313,0.18681476
14.4032,120.38,491.6578,639.403,8.8782996e-05,7.8613105,8.140625,0.1856305
