Vmax,Rmax_IBT,Rmax_CK22,R34,fcor,u_trans,v_trans,mean_ck_cd
15.9464,85.192,129.8032,235.667,3.404614e-05,-1.1992917,-0.9711672,0.48571163
16.4608,85.192,126.21984,235.667,3.439848e-05,-1.0719968,-1.1100851,0.47075945
16.9752,85.192,122.79865,235.667,3.47882e-05,-1.5290946,-1.3768034,0.45160374
18.5184,75.932,100.6337,211.12799,3.538749e-05,-2.0267637,-1.5834814,0.4277949
20.0616,68.524,82.78189,188.904,3.6022833e-05,-1.6854874,-1.1801907,0.39996165
21.604801,57.412,88.70807,216.22101,3.6534355e-05,-1.2793709,-0.8629465,0.36980987
23.6624,51.856,91.680885,244.464,3.700857e-05,-1.1646678,-1.0124303,0.33827797
27.7776,40.744,85.55752,273.633,3.7519058e-05,-1.0124304,-1.1646677,0.30408916
31.8928,35.188,79.39791,304.19098,3.7992504e-05,-1.0719968,-1.1100851,0.2699971
30.864,35.188,80.40496,294.468,3.83242e-05,-0.7881066,-0.6612998,0.24653298
30.3496,35.188,80.17901,287.06003,3.872924e-05,-0.8851431,-1.2641155,0.23327607
26.7488,35.188,93.965454,287.06003,3.9428112e-05,-0.5024166,-1.4591243,0.20457855
23.6624,35.188,108.74331,287.06003,4.0199502e-05,-0.29445636,-1.514847,0.2033943
23.148,40.744,111.59794,287.06003,4.0865736e-05,0.0,1.0288,0.20221004
22.6336,51.856,114.55891,287.06003,4.142137e-05,0.3686889,-0.9604676,0.20102578
20.0616,40.744,130.7624,287.06003,4.182394e-05,0.5451811,-0.8724718,0.19984153
16.9752,35.188,154.57767,287.06003,4.2152973e-05,0.56032467,-0.86282426,0.19865729
16.9752,35.188,131.20226,246.779,4.25001e-05,0.51440006,-0.89096695,0.19747303
16.9752,35.188,110.61246,210.66501,4.288343e-05,0.51440006,-0.89096695,0.19628878
15.9464,51.856,117.25003,210.66501,4.3442615e-05,0.23353276,-0.45833373,0.19510452
14.4032,68.524,128.23943,210.66501,4.385554e-05,-0.30957362,-0.41081813,0.19392027
13.3744,68.524,129.88907,201.405,4.3788896e-05,-0.48637474,0.16747227,0.19273601
11.8312,68.524,136.59286,193.07101,4.3612705e-05,-0.513695,0.026921716,0.19155176
11.8312,68.524,136.61952,193.07101,4.3752305e-05,-0.2493861,-0.44990435,0.1903675
11.8312,68.524,136.63922,193.07101,4.385554e-05,0.0,0.0,0.18918325
9.7736,68.524,76.7136,96.304,4.361263e-05,-0.0,0.0,0.18799901
16.4608,75.932,50.79104,98.619,4.4564873e-05,-0.9711672,-1.1992917,0.16905095
16.9752,51.856,58.753227,116.213,4.506766e-05,-0.8851431,-1.2641155,0.16786669
17.489601,51.856,106.0117,206.961,4.5466913e-05,-0.8851431,-1.2641155,0.16668244
18.5184,51.856,150.10626,300.02402,4.5793287e-05,-0.70163983,-0.75241673,0.16549818
20.0616,51.856,122.14347,267.61398,4.6053054e-05,-0.7881066,-0.6612998,0.16431394
21.0904,51.856,101.33373,236.13,4.627635e-05,-0.28764886,-0.42645693,0.16312969
22.6336,51.856,100.82676,252.798,4.649952e-05,-0.071590655,-0.5093939,0.16194543
23.6624,51.856,102.43219,269.466,4.675884e-05,0.06268956,-0.51056576,0.16076118
25.720001,51.856,94.25252,274.096,4.706611e-05,0.089665964,-1.024885,0.15957692
27.7776,51.856,86.86028,278.726,4.748151e-05,0.24888921,-0.99824023,0.15839267
30.864,51.856,89.02423,335.212,4.8046688e-05,0.45118824,-1.4757695,0.15720841
34.4648,51.856,84.9357,394.476,4.868306e-05,0.57809305,-1.4308301,0.15602416
32.9216,40.744,91.78281,394.476,4.928252e-05,0.6029763,-1.4205232,0.1548399
31.8928,35.188,96.692116,394.476,4.9880902e-05,0.5278056,-1.4501337,0.15365566
27.7776,40.744,120.694084,394.476,5.0442475e-05,0.42536357,-1.4834191,0.15247141
23.6624,51.856,151.96727,394.476,5.1074945e-05,0.45118824,-1.4757695,0.15128715
