Vmax,Rmax_IBT,Rmax_CK22,R34,fcor,u_trans,v_trans,mean_ck_cd
13.3744,153.716,167.61807,261.595,3.0820032e-05,-1.2074807,2.2709413,0.5122187
14.4032,120.38,169.15376,278.726,3.1901243e-05,-1.5896137,2.645561,0.5129756
15.9464,85.192,165.58163,295.857,3.305528e-05,-2.1049194,2.2572503,0.50102156
16.9752,85.192,156.72896,295.857,3.399042e-05,-2.4321163,1.9001777,0.48571163
18.5184,85.192,144.53357,295.857,3.5035337e-05,-2.4557393,2.6334586,0.47075945
21.0904,85.192,126.85415,295.857,3.6441335e-05,-2.418854,3.3292665,0.45160374
23.6624,85.192,111.95693,295.857,3.7992504e-05,-3.097807,3.4404635,0.4277949
25.720001,61.116,106.60732,310.21,3.9520106e-05,-3.54648,2.9758492,0.39996165
27.7776,40.744,101.55872,325.952,4.093299e-05,-3.7454257,2.7212098,0.36980987
30.3496,40.744,95.14369,346.32397,4.208517e-05,-3.4116557,2.3011906,0.33827797
32.9216,40.744,88.77902,368.548,4.3126656e-05,-3.4116557,2.3011906,0.30408916
34.979202,37.04,80.17191,368.548,4.4291577e-05,-3.8827093,2.5214612,0.2699971
37.0368,35.188,72.42172,368.548,4.5309676e-05,-4.1610575,2.0294824,0.24653298
37.0368,40.744,74.36888,384.29,4.6004727e-05,-4.3773727,1.5072504,0.23327607
37.0368,51.856,76.776245,403.73602,4.651767e-05,-3.9353857,1.203167,0.20457855
36.008,44.447998,80.591576,403.73602,4.7017136e-05,-3.4245641,1.1127088,0.2033943
35.4936,40.744,82.50298,403.73602,4.748151e-05,-2.9002674,1.0556108,0.20221004
36.008,44.447998,80.15213,403.73602,4.794381e-05,-2.8616605,1.156185,0.20102578
37.0368,51.856,75.81908,403.73602,4.844305e-05,-2.8616605,1.156185,0.19984153
37.0368,51.856,75.54806,403.73602,4.898847e-05,-2.841046,1.2059529,0.19865729
37.0368,51.856,75.22346,403.73602,4.9641636e-05,-2.6994264,1.4963164,0.19747303
36.008,51.856,78.97372,403.73602,5.0424278e-05,-2.5282311,1.770286,0.19628878
35.4936,51.856,80.7283,403.73602,5.131329e-05,-2.8757265,2.167016,0.19510452
34.979202,55.56,82.56794,403.73602,5.2211537e-05,-2.7583733,2.3145492,0.19392027
34.4648,57.412,84.4548,403.73602,5.321436e-05,-2.5461504,2.5461497,0.19273601
33.436,57.412,88.90443,403.73602,5.4325847e-05,-2.2660575,2.7983465,0.19155176
32.9216,57.412,90.9927,403.73602,5.5576067e-05,-2.2660575,2.7983465,0.1903675
32.4072,57.412,93.16569,403.73602,5.691503e-05,-2.1670153,2.875727,0.18918325
31.8928,57.412,95.41491,403.73602,5.83877e-05,-1.634729,3.2083364,0.18799901
30.864,55.56,100.82906,403.73602,5.9893933e-05,-0.9955565,3.9929612,0.18681476
30.3496,51.856,103.393,403.73602,6.1635496e-05,-0.24229458,4.6232553,0.1856305
30.3496,40.744,97.39317,377.808,6.366393e-05,0.3588273,5.1314697,0.18444625
30.3496,35.188,92.08596,355.584,6.5983986e-05,0.7874971,5.603333,0.18326199
28.292,27.78,103.50671,355.584,6.846137e-05,1.2833973,6.0379095,0.18207774
26.2344,24.076,116.899506,355.584,7.115043e-05,2.5050693,6.200264,0.18089348
25.720001,44.447998,120.354515,355.584,7.395515e-05,3.7090983,6.172976,0.17970923
25.2056,68.524,124.01581,355.584,7.6852295e-05,4.602381,6.8233113,0.17852497
22.6336,68.524,146.10675,355.584,7.972588e-05,5.1400647,7.0746922,0.17734072
20.0616,68.524,172.55348,355.584,8.2605824e-05,6.539815,7.2632,0.17615648
18.5184,92.6,267.13406,486.15002,8.5466956e-05,7.1479583,6.6655784,0.17497222
16.9752,120.38,388.574,617.179,8.8175955e-05,7.030539,6.789313,0.17378797
14.4032,137.048,473.2326,617.179,9.065314e-05,5.819772,5.819772,0.17260371
11.8312,153.716,571.7464,617.179,9.296319e-05,5.2695856,4.1170516,0.17141946
