Vmax,Rmax_IBT,Rmax_CK22,R34,fcor,u_trans,v_trans,mean_ck_cd
10.802401,205.572,229.1134,294.468,4.5279307e-05,-0.8851434,1.2641153,0.2
10.802401,205.572,256.06064,325.952,4.6034886e-05,-0.9070703,1.248475,0.2
11.3168,205.572,233.67146,307.895,4.6487483e-05,-0.8851434,1.2641153,0.2
11.8312,205.572,213.81445,291.69,4.675884e-05,-0.70163983,0.75241673,0.2
11.8312,205.572,218.0272,296.783,4.711456e-05,-0.8818539,0.529871,0.2
11.8312,205.572,224.39313,304.654,4.7240763e-05,-1.0063183,0.21389933,0.2
11.8312,205.572,414.25784,528.746,4.6999867e-05,-0.49447304,-0.14178778,0.33218503
11.8312,205.572,341.04523,445.869,4.627635e-05,-0.5143217,0.008977473,0.3476863
11.8312,177.79199,333.07846,436.60898,4.6215973e-05,-0.890967,0.5143999,0.36769712
11.8312,153.716,326.62582,428.738,4.651767e-05,-0.31669623,0.40535277,0.40228435
13.3744,153.716,253.01404,369.011,4.675884e-05,-0.13313664,0.49687222,0.43478736
13.3744,103.712,243.09622,355.58398,4.7240763e-05,-0.46706545,0.9166675,0.4466569
13.8888,85.192,236.1969,355.58398,4.7659192e-05,-0.8851434,1.2641153,0.45400217
14.4032,68.524,229.44455,355.58398,4.796257e-05,-1.0912074,1.091207,0.47106105
15.9464,75.932,217.91148,367.62198,4.810099e-05,-1.2324542,0.9287212,0.50390476
16.9752,85.192,213.77084,381.049,4.8202877e-05,-0.8427437,0.59009534,0.5122187
17.489601,75.932,207.60258,381.049,4.8316833e-05,-0.70163983,0.75241673,0.5129756
18.5184,68.524,195.86961,381.049,4.868306e-05,-0.57809293,1.4308301,0.50102156
20.0616,57.412,185.02205,391.698,4.9551734e-05,-0.60158414,1.9676926,0.48571163
21.0904,51.856,179.91592,402.81,5.059779e-05,-0.86957973,1.8648187,0.47075945
22.6336,35.188,199.61076,486.15,5.1468047e-05,-0.9711675,1.1992915,0.45160374
23.6624,16.668,218.79,569.953,5.22651e-05,-1.4032797,1.5048335,0.4277949
26.7488,16.668,171.45297,546.34,5.301298e-05,-1.7866617,1.8501415,0.39996165
30.3496,16.668,130.46349,523.19,5.3688025e-05,-1.4801137,1.429329,0.36980987
30.864,16.668,128.65324,539.39496,5.4279113e-05,-1.5048333,1.4032799,0.33827797
31.8928,16.668,122.353325,556.989,5.4869302e-05,-1.376803,1.5290949,0.30408916
32.4072,16.668,128.48654,645.885,5.5487457e-05,-1.1801912,1.685487,0.2699971
32.9216,16.668,130.65973,737.559,5.6281307e-05,-1.2469299,2.2495222,0.24653298
33.436,16.668,121.4394,705.149,5.743588e-05,-1.4489768,2.7251296,0.23327607
34.4648,16.668,108.305046,673.202,5.862087e-05,-1.2860005,2.2274172,0.20457855
34.979202,16.668,103.59115,686.629,5.9435406e-05,-1.0288004,1.7819338,0.2033943
35.4936,16.668,98.88958,703.297,6.0247978e-05,-0.9634882,2.384717,0.20221004
34.979202,16.668,102.89501,730.151,6.135186e-05,-1.0556116,2.9002671,0.20102578
34.4648,16.668,107.04127,758.394,6.255676e-05,-1.9611359,3.019885,0.19984153
32.9216,16.668,122.36077,770.432,6.3773674e-05,-2.590199,2.5013258,0.19865729
31.8928,16.668,134.1379,784.32196,6.4846485e-05,-2.4321163,1.9001777,0.19747303
29.835201,16.668,161.2842,774.136,6.5597626e-05,-2.0267637,1.5834814,0.19628878
27.7776,16.668,193.67,767.191,6.621089e-05,-1.5528908,1.3499067,0.19510452
26.7488,16.668,212.85468,771.35803,6.685578e-05,-1.4032797,1.5048335,0.19392027
26.2344,16.668,223.26076,775.988,6.756802e-05,-1.2667849,1.6214111,0.19273601
25.2056,20.372,230.9903,719.50195,6.843502e-05,-1.4752389,2.1068587,0.19155176
23.6624,24.076,245.96,664.405,6.936598e-05,-1.4752389,2.1068587,0.1903675
21.604801,37.04,267.55243,610.697,7.024308e-05,-1.4008113,2.1570609,0.18918325
20.0616,51.856,273.56973,556.989,7.115043e-05,-1.1676636,2.291669,0.18799901
17.489601,37.04,306.86728,524.116,7.216475e-05,-1.0049603,2.3675385,0.18681476
15.9464,24.076,318.24194,493.55798,7.314133e-05,-0.49777824,1.9964806,0.1856305
14.917601,20.372,300.5699,442.628,7.391057e-05,0.0,2.0576,0.18444625
14.4032,16.668,272.3877,394.476,7.467736e-05,0.22416456,2.562213,0.18326199
13.8888,51.856,362.00766,490.77997,7.552853e-05,0.21529637,3.0788817,0.18207774
13.3744,85.192,463.59464,587.547,7.663584e-05,0.12566611,3.5986066,0.18089348
11.8312,103.712,485.50232,560.693,7.815634e-05,-0.35866448,4.09954,0.17970923
10.802401,120.38,491.9613,536.154,7.9857724e-05,-0.9955565,3.9929612,0.17852497
10.802401,120.38,389.27963,440.776,8.143381e-05,-0.8711119,3.4938412,0.17734072
10.802401,120.38,294.43628,346.787,8.302487e-05,-0.2152961,3.0788817,0.17615648
10.802401,92.6,546.2159,575.972,8.473721e-05,0.32261667,3.0694926,0.17497222
10.802401,68.524,865.2511,811.7933,8.6340384e-05,0.053865105,3.08593,0.17378797
9.7736,68.524,940.15485,811.7933,8.765296e-05,-0.482819,3.0484014,0.17260371
9.2592,68.524,982.3314,811.7933,8.8782996e-05,-0.70374113,1.9335114,0.17141946
