Vmax,Rmax_IBT,Rmax_CK22,R34,fcor,u_trans,v_trans,mean_ck_cd
10.802401,68.524,49.78339,68.524,2.807779e-05,-3.5920286,0.25117946,0.2
11.3168,68.524,59.66784,85.192,2.8183467e-05,-3.5920286,0.25117946,0.2
11.8312,68.524,62.11884,91.982666,2.8327528e-05,-3.5810745,0.37638572,0.2
12.3456,68.524,106.453995,160.50667,2.852066e-05,-3.556468,0.56328946,0.2
13.3744,68.524,144.42636,228.41333,2.882674e-05,-3.493841,0.8711126,0.2
13.8888,57.412,159.13046,257.428,2.9287581e-05,-3.4434626,1.0527711,0.2
14.4032,51.856,172.89392,285.82535,2.9824112e-05,-3.4434626,1.0527711,0.2
14.4032,51.856,226.34247,366.07864,3.0322046e-05,-3.974978,1.0650918,0.2
14.4032,51.856,281.59805,446.332,3.0820032e-05,-3.974978,1.0650918,0.2
14.4032,51.856,301.44656,474.11197,3.1317068e-05,-3.974978,1.0650918,0.2
14.4032,51.856,322.42636,503.1267,3.1814445e-05,-3.9557843,1.1343023,0.2
14.917601,51.856,333.2068,531.524,3.231047e-05,-3.4613113,0.9925145,0.2
15.9464,51.856,253.77159,437.53503,3.280731e-05,-3.4613113,0.9925145,0.2
16.9752,57.412,242.29176,441.70203,3.328394e-05,-3.4613113,0.9925145,0.2
18.5184,68.524,225.16827,446.33203,3.3798577e-05,-3.9137876,1.2716672,0.2
19.0328,68.524,214.50104,437.535,3.4398345e-05,-3.890998,1.3397782,0.2
20.0616,68.524,198.87604,429.20102,3.5035337e-05,-3.867023,1.407481,0.2
20.576,68.524,199.7185,441.702,3.5726185e-05,-3.890998,1.3397782,0.2
21.0904,68.524,200.47026,454.666,3.626943e-05,-4.0395923,0.7852167,0.2
21.604801,68.524,200.63426,467.167,3.6447887e-05,-4.1051755,0.28706223,0.2
22.6336,68.524,195.14893,480.131,3.651592e-05,-3.5920286,0.25117946,0.2
23.6624,68.524,184.49783,480.131,3.668805e-05,-3.556468,0.56328946,0.2
25.2056,68.524,169.70862,480.131,3.700857e-05,-2.9515393,0.9023753,0.2
26.2344,68.524,175.81215,527.357,3.7512622e-05,-2.7500029,1.4011955,0.2
27.7776,68.524,174.23846,574.12,3.8238195e-05,-2.4649084,1.8574424,0.33218503
29.3208,68.524,158.98083,574.12,3.9109276e-05,-2.143994,2.2201698,0.3476863
30.3496,68.524,149.11906,574.12,4.0199502e-05,-1.7258937,2.558741,0.36769712
31.8928,68.524,139.94394,600.048,4.1506435e-05,-1.4489768,2.7251296,0.40228435
32.9216,68.524,134.08524,625.513,4.288343e-05,-1.496316,2.6994264,0.43478736
32.9216,68.524,134.0619,634.31,4.4152643e-05,-1.7258937,2.558741,0.4466569
32.9216,68.524,133.9999,642.64404,4.5309676e-05,-1.942335,2.398583,0.45400217
32.4072,68.524,140.06325,660.701,4.6330544e-05,-2.1049194,2.2572503,0.47106105
31.8928,68.524,146.42604,677.369,4.7240763e-05,-2.2201705,2.1439936,0.50390476
30.3496,68.524,162.94313,681.536,4.810066e-05,-1.8810418,1.7540998,0.5122187
29.3208,68.524,175.26216,685.703,4.892293e-05,-1.8810418,1.7540998,0.5129756
28.292,68.524,187.07092,681.536,4.9743336e-05,-1.7540995,1.8810419,0.50102156
27.7776,68.524,192.38011,676.906,5.059779e-05,-1.4752389,2.1068587,0.48571163
26.7488,68.524,204.43123,668.572,5.1515526e-05,-1.0869746,2.3310235,0.47075945
26.2344,68.524,209.16104,659.775,5.250265e-05,-0.8796764,2.4168892,0.45160374
26.7488,68.524,197.69469,647.27405,5.35519e-05,-0.7519801,2.4596157,0.4277949
27.7776,68.524,179.81392,634.31,5.4633376e-05,-0.53474903,2.5157955,0.39996165
29.3208,68.524,159.02907,630.143,5.5693657e-05,-0.2241653,2.5622127,0.36980987
30.3496,68.524,145.73772,625.513,5.6750614e-05,-0.13460809,2.5684752,0.33827797
32.4072,68.524,123.960754,625.513,5.7780097e-05,0.0,2.572,0.30408916
34.4648,68.524,104.93042,625.513,5.8853857e-05,0.0,2.572,0.2699971
37.0368,68.524,84.85683,625.513,6.0016075e-05,0.0,2.572,0.24653298
34.4648,68.524,102.80052,625.513,6.0942573e-05,0.17941365,2.5657349,0.23327607
31.8928,68.524,124.88964,625.513,6.197342e-05,0.49076074,2.524745,0.20457855
29.3208,68.524,152.12566,625.513,6.3016254e-05,0.8373613,2.4318738,0.2033943
26.2344,68.524,196.4494,638.94,6.395013e-05,1.0461266,2.349639,0.20221004
23.6624,68.524,243.81898,651.441,6.4846485e-05,1.1274906,2.3116984,0.20102578
23.6624,75.932,253.26895,681.536,6.5722736e-05,1.0461266,2.349639,0.19984153
23.6624,85.192,262.35617,711.63104,6.666408e-05,0.96348816,2.384717,0.19865729
23.6624,85.192,261.7164,711.63104,6.775964e-05,1.0556109,2.9002674,0.19747303
23.6624,85.192,261.0298,711.63104,6.8917754e-05,1.0048335,2.9182484,0.19628878
23.6624,85.192,266.96515,733.392,7.003661e-05,1.0048335,2.9182484,0.19510452
23.6624,85.192,272.3899,754.227,7.115043e-05,1.1060668,2.8814025,0.19392027
23.6624,85.192,279.037,780.155,7.225833e-05,1.255352,2.8195667,0.19273601
23.6624,85.192,285.2367,805.62,7.336144e-05,1.4963164,2.6994264,0.19155176
23.6624,92.6,294.6083,844.04895,7.439238e-05,1.7702863,2.528231,0.1903675
23.6624,103.712,303.36108,882.941,7.5550095e-05,2.4188538,3.3292668,0.18918325
23.148,103.712,318.19724,882.941,7.695402e-05,2.7212105,3.7454252,0.18799901
22.6336,103.712,333.72147,882.941,7.85754e-05,3.0957363,4.1081815,0.18681476
22.6336,103.712,338.155,904.23895,8.0356105e-05,3.6371493,4.3345857,0.1856305
22.6336,103.712,342.33408,925.99994,8.2185776e-05,4.3648286,4.3648286,0.18444625
22.6336,103.712,349.79065,960.725,8.38278e-05,4.5872846,4.1304092,0.18326199
22.6336,103.712,356.45227,994.987,8.551773e-05,4.9695582,4.47461,0.18207774
22.6336,120.38,359.2485,1016.28503,8.733827e-05,5.0923,5.0923,0.18089348
22.6336,137.048,361.49158,1038.046,8.938759e-05,5.456036,5.456036,0.17970923
21.604801,137.048,407.46875,1038.046,9.164546e-05,6.0746493,6.290483,0.17852497
21.0904,137.048,431.18597,1038.046,9.413484e-05,6.6655784,7.1479583,0.17734072
20.0616,205.572,486.39948,1038.046,9.675389e-05,6.884016,7.645474,0.17615648
18.5184,274.096,583.50165,1038.046,9.9464e-05,7.016399,7.524167,0.17497222
17.489601,274.096,658.4178,1038.046,0.000102063495,6.884016,7.645474,0.17378797
16.9752,274.096,700.50226,1038.046,0.00010473298,6.047135,8.323167,0.17260371
16.4608,274.096,767.45667,1063.511,0.000107618136,5.298712,8.818538,0.17141946
15.9464,274.096,843.29987,1088.9761,0.00011040168,4.8868,8.464186,0.1702352
15.9464,274.096,846.8935,1088.9761,0.00011278945,4.6340384,7.4160113,0.16905095
15.9464,274.096,850.09705,1088.9761,0.00011492507,4.602381,6.8233113,0.16786669
15.9464,274.096,845.38336,1080.642,0.000117027295,4.8377075,6.6585336,0.16668244
15.9464,274.096,839.57983,1071.845,0.000118732234,4.1170516,5.2695856,0.16549818
15.9464,274.096,801.3298,1029.249,0.000119994955,3.700284,3.5733228,0.16431394
15.9464,274.096,762.54004,986.6531,0.00012062309,3.974978,1.0650922,0.16312969
14.917601,274.096,780.39374,912.57294,0.00012057345,3.992961,-0.9955569,0.16194543
14.4032,274.096,741.04254,840.34503,0.00012004786,4.0491395,-2.2444744,0.16076118
13.8888,274.096,697.8031,772.284,0.00011940596,3.4116557,-2.3011904,0.15957692
13.3744,274.096,624.59216,685.24,0.000118732234,3.3292668,-2.4188538,0.15839267
