Vmax,Rmax_IBT,Rmax_CK22,R34,fcor,u_trans,v_trans,mean_ck_cd
9.2592,51.856,42.967022,51.856,2.2814716e-05,-2.5684752,0.13460858,0.2
9.2592,51.856,42.966682,51.856,2.2977998e-05,-3.0746555,0.26899746,0.2
9.2592,51.856,42.966484,51.856,2.306609e-05,-4.10956,0.21537372,0.2
13.8888,109.268,223.65164,360.214,2.2273653e-05,-3.6002517,0.06284231,0.2
15.9464,68.524,208.33922,376.88202,2.231176e-05,-3.5920286,0.25117946,0.2
16.4608,68.524,202.42648,376.88202,2.2311455e-05,-4.0995407,0.3586633,0.2
16.9752,68.524,196.76608,376.88202,2.231176e-05,-4.1051755,0.28706223,0.2
17.489601,68.524,191.34363,376.88202,2.2311337e-05,-4.1145735,0.07181978,0.2
18.5184,68.524,181.16449,376.88202,2.231176e-05,-4.1126933,-0.14361951,0.2
19.0328,68.524,176.44807,376.88202,2.2424856e-05,-3.5657573,-0.50113505,0.2
20.0616,68.524,167.38878,376.88202,2.231176e-05,-3.443462,-1.0527729,0.2
20.576,57.412,167.08305,386.14203,2.161298e-05,-3.3386033,-1.3488841,0.2
21.0904,51.856,166.26514,394.476,2.0801292e-05,-3.4781058,-0.9319554,0.2
21.604801,51.856,161.97632,394.476,2.0328573e-05,-3.0788815,-0.21529658,0.2
22.6336,51.856,154.20363,394.476,2.0045187e-05,-3.0845199,-0.10771463,0.2
23.148,51.856,150.53102,394.476,1.9862198e-05,-3.0746555,-0.26899737,0.2
23.6624,51.856,146.85864,394.013,1.9793031e-05,-3.0633945,-0.3761383,0.2
24.1768,51.856,143.49956,394.013,1.9717332e-05,-3.0563633,-0.42954433,0.33218503
25.2056,51.856,137.1941,394.013,1.9793031e-05,-2.0463283,-0.21507749,0.3476863
25.2056,51.856,137.25319,394.013,2.0095376e-05,-1.5281817,0.21477221,0.36769712
25.2056,51.856,137.33997,394.013,2.0549318e-05,-1.6646336,1.2094265,0.40228435
25.2056,51.856,140.57843,402.81,2.0996342e-05,-1.8501421,1.7866613,0.43478736
25.2056,51.856,143.67348,411.14398,2.1556822e-05,-1.9988195,1.618612,0.4466569
25.720001,51.856,142.16255,415.774,2.2236149e-05,-2.1811795,1.3629527,0.45400217
26.2344,51.856,140.47357,419.94098,2.306609e-05,-2.4649084,1.8574424,0.47106105
26.7488,51.856,137.37418,419.94098,2.4033085e-05,-2.7175589,2.3623366,0.50390476
27.7776,51.856,131.28407,419.94098,2.5074483e-05,-2.949603,2.0653336,0.5122187
27.7776,51.856,151.20752,484.761,2.6095477e-05,-3.1793177,1.6904734,0.5129756
27.7776,51.856,170.2932,548.192,2.707799e-05,-3.563868,2.0575995,0.50102156
29.3208,51.856,157.63933,548.192,2.7990263e-05,-3.9683423,2.3844194,0.48571163
30.3496,51.856,149.57219,548.192,2.882674e-05,-3.6335058,1.9319696,0.47075945
30.3496,51.856,157.7407,583.38,2.9668261e-05,-2.8616605,1.156185,0.45160374
30.3496,51.856,165.27129,616.716,3.0322259e-05,-2.349639,1.0461266,0.4277949
30.864,51.856,160.66232,616.716,3.060824e-05,-1.781934,1.0287998,0.39996165
31.8928,51.856,152.06238,616.716,3.0820032e-05,-1.2324542,0.9287212,0.36980987
32.9216,51.856,143.72868,616.716,3.1261363e-05,-1.071997,1.1100849,0.33827797
34.4648,51.856,132.10129,616.716,3.1814445e-05,-0.9070703,1.248475,0.30408916
35.4936,51.856,127.24332,635.23596,3.2416563e-05,-0.81777143,1.3087078,0.2699971
37.0368,51.856,118.47115,651.90405,3.305528e-05,-0.8851434,1.2641153,0.24653298
37.0368,68.524,119.873886,672.276,3.373029e-05,-1.0124304,1.1646677,0.23327607
37.0368,85.192,121.44276,694.5,3.4293596e-05,-1.5762132,1.3225996,0.20457855
37.0368,68.524,119.30238,677.83203,3.4578185e-05,-1.7449436,1.0903622,0.2033943
37.0368,51.856,117.142944,660.238,3.47882e-05,-1.4097834,0.627676,0.20221004
37.0368,40.744,115.70701,650.978,3.512163e-05,-1.4501337,0.5278054,0.20102578
37.0368,35.188,114.2854,642.644,3.5529305e-05,-1.3227807,0.7948065,0.19984153
37.0368,35.188,116.84311,672.739,3.598587e-05,-1.1646681,1.0124301,0.19865729
37.0368,35.188,118.96225,702.371,3.651592e-05,-1.5528908,1.3499067,0.19747303
37.5512,35.188,115.13878,711.16797,3.714993e-05,-1.6432723,1.2382948,0.19628878
38.58,35.188,107.78848,719.50195,3.7746686e-05,-1.7058278,1.1505953,0.19510452
37.0368,35.188,118.016754,719.50195,3.8152313e-05,-1.3087077,0.8177716,0.19392027
35.4936,35.188,129.57106,719.50195,3.8483773e-05,-1.3087077,0.8177716,0.19273601
35.4936,51.856,128.32071,711.16797,3.8759707e-05,-1.18216,0.9919497,0.19155176
35.4936,68.524,126.76884,702.371,3.9219805e-05,-0.9711675,1.1992915,0.1903675
35.4936,68.524,126.369,711.16797,4.0126157e-05,-1.1505958,1.7058275,0.18918325
35.4936,68.524,125.644356,719.502,4.1177245e-05,-1.4752389,2.1068587,0.18799901
35.4936,68.524,125.875946,737.096,4.2067448e-05,-1.5478681,2.0540907,0.18681476
35.4936,68.524,125.976265,753.764,4.288343e-05,-1.5117838,2.0807917,0.1856305
34.4648,68.524,134.32227,753.764,4.3612818e-05,-1.4382447,2.1322844,0.18444625
32.9216,68.524,148.87555,753.764,4.4340795e-05,-1.3246781,2.2046342,0.18326199
31.8928,68.524,159.19542,753.764,4.5152345e-05,-1.1274909,2.3116982,0.18207774
30.3496,68.524,176.97534,753.764,4.6034886e-05,-0.70374113,1.9335114,0.18089348
29.3208,68.524,189.7459,753.764,4.696364e-05,-0.42779925,2.0126364,0.17970923
27.7776,68.524,211.62633,753.764,4.796257e-05,-0.07180942,2.0563467,0.17852497
27.7776,57.412,203.37921,720.42804,4.900662e-05,0.4277991,2.0126367,0.17734072
27.7776,51.856,194.63304,685.24,5.012002e-05,1.2469304,2.249522,0.17615648
26.7488,57.412,204.585,668.572,5.129549e-05,1.9001777,2.4321165,0.17497222
26.2344,68.524,207.05377,651.904,5.250265e-05,1.9423344,2.3985834,0.17378797
26.2344,68.524,206.34793,651.904,5.3651533e-05,2.216874,2.8374693,0.17260371
26.2344,68.524,205.58696,651.904,5.4869302e-05,2.699814,3.105781,0.17141946
26.2344,68.524,204.72252,651.90405,5.6228797e-05,3.2159905,3.3302555,0.1702352
26.2344,68.524,203.7789,651.904,5.768715e-05,3.6373572,3.6373572,0.16905095
25.720001,68.524,203.87462,625.976,5.9200338e-05,4.0703125,3.9306552,0.16786669
25.2056,68.524,203.51477,600.048,6.0711227e-05,4.728639,3.9677992,0.16668244
23.148,68.524,226.80525,575.046,6.199603e-05,4.864233,3.8003554,0.16549818
21.0904,68.524,249.88347,548.192,6.3474974e-05,4.1081815,3.0957363,0.16431394
20.0616,75.932,250.08902,512.078,6.552126e-05,3.4404635,3.097807,0.16312969
18.5184,85.192,259.4706,480.594,6.7793495e-05,3.1641371,4.691026,0.16194543
17.489601,85.192,278.22278,480.594,7.002253e-05,2.7059774,5.548076,0.16076118
16.9752,85.192,288.5057,480.594,7.2037474e-05,2.9926329,5.398853,0.15957692
