Vmax,Rmax_IBT,Rmax_CK22,R34,fcor,u_trans,v_trans,mean_ck_cd
11.8312,103.712,97.830536,141.215,3.995476e-05,-3.3836453,1.2315458,0.2
12.3456,103.712,154.02107,223.629,4.0932642e-05,-3.3145537,1.406945,0.2
13.3744,103.712,205.3181,308.358,4.1909232e-05,-2.6994264,1.4963164,0.2
14.4032,92.6,193.7318,308.358,4.2743548e-05,-2.4321163,1.9001777,0.2
15.9464,85.192,177.6937,308.358,4.3612705e-05,-2.2936418,2.065205,0.2
15.9464,85.192,178.12717,308.358,4.4703906e-05,-2.6759155,2.409406,0.2
15.9464,85.192,178.55447,308.358,4.5793287e-05,-2.3293362,2.0248601,0.2
15.9464,85.192,181.28455,312.062,4.672816e-05,-2.4649084,1.8574424,0.33218503
15.9464,85.192,184.55014,316.69202,4.748151e-05,-2.1811795,1.3629527,0.3476863
16.4608,85.192,176.5481,312.062,4.7998703e-05,-2.2916691,1.167663,0.36769712
16.9752,85.192,169.41222,308.358,4.844305e-05,-2.3116984,1.1274902,0.40228435
17.489601,85.192,175.13013,325.952,4.9060058e-05,-2.8195667,1.255352,0.43478736
18.5184,85.192,174.72954,342.62,4.9641636e-05,-2.9002674,1.0556108,0.4466569
18.5184,85.192,174.8496,342.62,5.001836e-05,-2.9515393,0.9023753,0.45400217
18.5184,85.192,174.95749,342.62,5.035898e-05,-2.4168894,0.8796756,0.47106105
19.0328,85.192,171.08157,344.472,5.080047e-05,-2.3116984,1.1274902,0.50390476
20.0616,85.192,162.75519,346.787,5.131329e-05,-2.2274175,1.2859998,0.5122187
20.0616,85.192,170.60672,362.06598,5.1854662e-05,-2.080792,1.5117832,0.5129756
20.0616,85.192,178.2747,376.88202,5.250265e-05,-1.818679,1.8186784,0.50102156
32.4072,75.932,103.423645,463.0,5.6198736e-05,-1.7449436,1.0903622,0.39996165
34.4648,68.524,96.83814,514.856,5.6750614e-05,-2.249522,1.2469304,0.36980987
34.4648,68.524,96.47465,514.856,5.725458e-05,-2.2916691,1.167663,0.33827797
34.4648,68.524,96.16281,514.856,5.768715e-05,-1.8167529,0.9659848,0.30408916
37.0368,68.524,80.798386,514.856,5.803723e-05,-1.3227807,0.7948065,0.2699971
39.6088,68.524,67.87552,514.856,5.83877e-05,-1.3227807,0.7948065,0.24653298
39.6088,57.412,67.85168,523.19,5.8853584e-05,-1.2641156,0.885143,0.23327607
39.6088,51.856,67.79253,531.52405,5.9319285e-05,-1.2942364,0.84048706,0.20457855
39.6088,51.856,67.508286,531.52405,5.9667942e-05,-1.3625647,0.7244886,0.2033943
39.6088,51.856,67.22519,531.52405,6.0016075e-05,-1.7256485,1.1206495,0.20221004
37.5512,51.856,76.24,514.856,6.04449e-05,-1.5990556,1.2948897,0.20102578
35.4936,51.856,85.89316,497.262,6.0942573e-05,-1.1100852,1.0719968,0.19984153
34.979202,51.856,88.80825,497.262,6.1109844e-05,-0.79480684,1.3227805,0.19865729
34.4648,51.856,91.70891,497.262,6.1468134e-05,-0.7005982,1.3750013,0.19747303
32.9216,51.856,101.447525,497.262,6.20965e-05,-0.37333366,1.4973605,0.19628878
34.4648,51.856,92.0654,510.226,6.279801e-05,0.0538569,1.5422599,0.19510452
35.4936,51.856,85.96249,522.72705,6.370404e-05,0.2863626,2.0375755,0.19392027
35.4936,51.856,84.67592,516.245,6.480663e-05,0.5889129,3.029694,0.19273601
35.4936,51.856,83.23413,510.226,6.621089e-05,0.68706506,3.5346432,0.19155176
33.436,40.744,96.36119,519.02295,6.786654e-05,0.78521717,4.0395923,0.1903675
31.8928,35.188,107.741005,526.894,6.981338e-05,1.1571481,5.01216,0.18918325
31.8928,35.188,106.29205,526.894,7.1954906e-05,1.4645017,5.465595,0.18799901
31.8928,35.188,104.74993,526.894,7.423962e-05,1.3688909,5.4903216,0.18681476
29.835201,35.188,120.165535,514.393,7.6510114e-05,1.3688909,5.4903216,0.1856305
27.7776,35.188,137.73502,501.892,7.878973e-05,1.9075001,5.870682,0.18444625
26.2344,35.188,149.57951,481.983,8.1025544e-05,2.6087382,5.5944567,0.18326199
25.2056,35.188,155.91817,463.463,8.3234e-05,2.9926329,5.398853,0.18207774
23.148,51.856,181.53581,463.463,8.5428575e-05,3.0864,5.3458014,0.18089348
21.0904,68.524,211.29338,463.463,8.756649e-05,3.5436761,5.671067,0.17970923
20.576,85.192,215.02887,454.203,8.96427e-05,3.9306376,5.4100585,0.17852497
20.0616,103.712,219.3778,446.332,9.1583395e-05,4.8907084,4.560659,0.17734072
17.489601,103.712,252.66127,429.20102,9.3318755e-05,5.9703975,4.0270834,0.17615648
15.9464,103.712,268.43292,412.07,9.491022e-05,7.05483,4.2389693,0.17497222
