Vmax,Rmax_IBT,Rmax_CK22,R34,fcor,u_trans,v_trans,mean_ck_cd
10.802401,103.712,148.00975,197.70099,3.4293596e-05,-3.7296379,1.7391584,0.2
11.3168,103.712,152.6014,210.202,3.4997716e-05,-3.7296379,1.7391584,0.2
11.8312,103.712,157.38312,223.166,3.577612e-05,-3.9137876,1.2716672,0.2
12.3456,103.712,158.56949,231.5,3.6447367e-05,-4.572602,0.72422934,0.2
13.3744,103.712,155.38824,240.76,3.700857e-05,-4.6042385,0.4839245,0.2
13.8888,92.6,162.08824,257.428,3.7432666e-05,-5.124426,0.44832912,0.2
14.4032,85.192,168.43079,274.096,3.7746686e-05,-5.1314692,0.3588278,0.33218503
15.9464,85.192,164.49263,290.764,3.8028928e-05,-5.124426,0.44832912,0.3476863
16.9752,85.192,166.1967,309.284,3.8238195e-05,-5.0806684,0.80469924,0.36769712
17.489601,92.6,161.60992,309.284,3.8413622e-05,-5.0494905,0.9815209,0.40228435
18.5184,103.712,152.83183,309.284,3.8483773e-05,-4.6119833,0.4034962,0.43478736
18.5184,103.712,161.78062,325.95203,3.845331e-05,-4.6119833,-0.40349606,0.4466569
18.5184,103.712,170.70592,342.62,3.8238195e-05,-5.031591,-1.0694989,0.45400217
19.0328,85.192,175.09096,360.214,3.778293e-05,-5.4903216,-1.3688911,0.47106105
20.0616,68.524,174.1812,377.80798,3.7254722e-05,-5.065851,-0.893246,0.50390476
21.0904,68.524,174.45108,398.643,3.684691e-05,-4.1051755,-0.2870621,0.5122187
22.6336,68.524,169.69318,419.94098,3.651592e-05,-4.6183224,-0.32294488,0.5129756
23.148,68.524,172.28627,437.53497,3.6251084e-05,-4.6042385,-0.48392436,0.50102156
23.6624,68.524,174.38138,454.66602,3.6022833e-05,-4.084526,-0.5015177,0.48571163
25.2056,40.744,168.25247,475.96402,3.5774745e-05,-3.5657573,-0.50113505,0.47075945
26.2344,16.668,166.34682,497.26202,3.5529305e-05,-3.5657573,-0.50113505,0.45160374
27.7776,16.668,158.48749,514.85596,3.5244928e-05,-4.084526,-0.5015177,0.4277949
29.3208,16.668,150.45879,531.524,3.5035337e-05,-4.10956,-0.21537364,0.39996165
30.864,16.668,140.62204,539.858,3.4997873e-05,-3.6008,4.293911e-08,0.36980987
32.9216,16.668,127.854645,548.192,3.5035337e-05,-3.6008,4.293911e-08,0.33827797
34.979202,35.188,115.660416,552.822,3.5053654e-05,-3.5986066,-0.12566707,0.30408916
37.0368,51.856,104.6737,556.989,3.5035337e-05,-3.0563633,-0.42954433,0.2699971
37.0368,55.56,105.99374,566.249,3.4892135e-05,-3.0395107,-0.5359476,0.24653298
37.0368,57.412,107.14892,574.583,3.47882e-05,-3.0845199,0.10771323,0.23327607
37.0368,57.412,108.13589,583.38,3.4893637e-05,-3.5346434,0.6870646,0.20457855
37.0368,57.412,109.005356,591.714,3.5035337e-05,-3.0746555,0.26899746,0.2033943
37.5512,57.412,107.51792,604.21497,3.5034744e-05,-3.0788815,-0.21529658,0.20221004
38.58,57.412,103.06034,616.716,3.5035337e-05,-2.5704334,-0.089762196,0.20102578
39.6088,61.116,97.45908,616.716,3.512107e-05,-2.5657346,0.1794139,0.19984153
41.152,68.524,89.61505,616.716,3.5282377e-05,-3.0395107,0.5359477,0.19865729
41.152,75.932,90.588974,635.23596,3.5529123e-05,-3.0072956,0.6942894,0.19747303
41.152,85.192,91.34423,651.904,3.577612e-05,-3.556468,0.56328946,0.19628878
41.152,72.228,92.7141,677.369,3.589945e-05,-3.587098,0.31383038,0.19510452
41.152,57.412,93.91226,702.371,3.6022833e-05,-3.587098,0.31383038,0.19392027
40.1232,57.412,100.71937,725.058,3.6250272e-05,-3.0694926,0.32261634,0.19273601
39.6088,57.412,104.67883,745.89307,3.651592e-05,-3.048401,0.48281956,0.19155176
39.0944,57.412,108.173386,754.69006,3.676206e-05,-3.5460956,0.62527233,0.1903675
38.58,57.412,111.82259,763.02405,3.700857e-05,-3.0395107,0.5359477,0.18918325
38.58,57.412,112.92681,788.026,3.721735e-05,-3.0395107,0.5359477,0.18799901
38.58,57.412,113.80418,814.417,3.7500762e-05,-3.0189548,0.641698,0.18681476
39.6088,64.82,105.40663,814.417,3.791858e-05,-2.9668384,0.85072666,0.1856305
41.152,75.932,93.91661,814.417,3.8483773e-05,-2.7251294,1.4489772,0.18444625
40.1232,75.932,100.116936,836.178,3.9127062e-05,-2.4649084,1.8574424,0.18326199
39.6088,75.932,102.75072,857.93896,3.995476e-05,-2.9131088,2.1164966,0.18207774
39.0944,75.932,104.64114,865.81,4.1054765e-05,-3.4898872,2.1807244,0.18089348
38.58,75.932,106.74952,875.07,4.2152973e-05,-3.599235,1.9950885,0.17970923
37.5512,75.932,114.51916,895.905,4.2955453e-05,-3.6987176,1.8039843,0.17852497
37.0368,75.932,118.52326,917.203,4.3612705e-05,-4.292491,1.7342775,0.17734072
37.0368,57.412,117.19421,921.37,4.4274726e-05,-4.3773727,1.5072504,0.17615648
37.0368,40.744,116.105354,926.0,4.4825505e-05,-4.559266,0.8039215,0.17497222
33.436,40.744,154.58592,900.072,4.520554e-05,-4.0995407,0.3586633,0.17378797
30.3496,40.744,195.2241,875.07,4.5551555e-05,-3.0189548,0.641698,0.17260371
29.3208,55.56,208.59636,857.93896,4.597964e-05,-2.8195667,1.255352,0.17141946
27.7776,68.524,231.3375,840.345,4.651767e-05,-3.1183844,1.8003997,0.1702352
26.2344,68.524,253.64023,814.88,4.720442e-05,-3.6335058,1.9319696,0.16905095
25.2056,68.524,266.1744,788.952,4.796257e-05,-3.7880614,1.6079371,0.16786669
23.6624,68.524,298.1867,788.952,4.8609712e-05,-3.2894945,1.4645773,0.16668244
22.6336,68.524,321.4183,788.952,4.9402213e-05,-3.563868,2.0575995,0.16549818
21.604801,68.524,331.68695,754.68994,5.059737e-05,-4.0491395,2.2444746,0.16431394
21.0904,68.524,328.34204,719.96497,5.178951e-05,-4.1250043,2.1017933,0.16312969
21.0904,64.82,322.20483,706.538,5.2074425e-05,-4.1250043,2.1017933,0.16194543
21.0904,61.116,317.12018,695.426,5.2325464e-05,-4.0093513,2.3147995,0.16076118
21.0904,57.412,312.8798,686.16595,5.2553853e-05,-4.4092693,2.649355,0.15957692
21.0904,55.56,306.2932,671.813,5.2770767e-05,-4.499044,2.4938607,0.15839267
21.0904,51.856,301.1892,660.701,5.298728e-05,-4.699278,2.0922532,0.15720841
21.0904,51.856,296.9345,651.441,5.321436e-05,-4.699278,2.0922532,0.15602416
21.0904,51.856,288.1871,632.458,5.3502998e-05,-4.699278,2.0922532,0.1548399
20.576,55.56,290.3912,615.79004,5.3801363e-05,-4.8637476,1.6747227,0.15365566
20.576,57.412,282.78336,600.048,5.4098127e-05,-4.9912014,1.2444466,0.15247141
20.0616,61.116,283.01578,581.065,5.43822e-05,-5.065851,0.8932462,0.15128715
20.0616,64.82,274.33597,563.934,5.4642773e-05,-4.5445414,0.8833688,0.1501029
20.0616,68.524,266.5882,548.655,5.4869302e-05,-4.5284324,0.962547,0.14891864
17.489601,68.524,303.28033,531.06104,5.5237953e-05,-3.992961,0.99555725,0.14773439
15.9464,68.524,322.21722,514.393,5.5576067e-05,-3.4434626,1.0527711,0.14655013
13.3744,68.524,319.9937,445.869,5.6262277e-05,-3.338604,1.3488826,0.14536588
10.802401,68.524,307.1512,376.88202,5.698501e-05,-3.2083368,1.6347281,0.14418162
9.2592,68.524,159.3191,188.44101,5.750547e-05,-3.5274155,2.119484,0.14299737
