Vmax,Rmax_IBT,Rmax_CK22,R34,fcor,u_trans,v_trans,mean_ck_cd
11.3168,120.38,97.33814,137.048,3.099288e-05,-3.5657573,0.5011352,0.40228435
11.8312,103.712,86.04394,125.936005,3.131743e-05,-3.493841,0.8711126,0.43478736
13.3744,85.192,88.3744,142.604,3.1758027e-05,-3.4245641,1.1127088,0.4466569
14.4032,68.524,93.960976,160.50667,3.231108e-05,-3.3616366,1.2904108,0.45400217
14.917601,68.524,94.56247,166.06267,3.2949505e-05,-3.338604,1.3488826,0.47106105
15.9464,68.524,82.7192,154.642,3.3550914e-05,-3.4434626,1.0527711,0.50390476
16.4608,57.412,92.227974,175.94,3.3940916e-05,-3.5085115,0.8100043,0.5122187
16.9752,51.856,101.347435,197.238,3.4293596e-05,-2.9515393,0.9023753,0.5129756
18.5184,40.744,99.80864,209.73901,3.4787576e-05,-2.8616605,1.156185,0.50102156
20.0616,35.188,98.69049,223.16602,3.5282377e-05,-2.401169,0.921722,0.48571163
20.576,35.188,96.28046,223.16602,3.5689798e-05,-2.4596162,0.7519794,0.47075945
21.0904,35.188,93.94571,223.16602,3.6022833e-05,-2.4843612,0.66568244,0.45160374
23.6624,35.188,99.93017,265.762,3.6250534e-05,-1.9778922,0.5671511,0.4277949
26.2344,35.188,103.65945,309.284,3.651592e-05,-1.8797112,0.8369013,0.39996165
27.7776,35.188,97.90442,313.451,3.697151e-05,-1.7637078,1.059742,0.36980987
29.3208,35.188,92.51343,317.618,3.7500762e-05,-1.7449436,1.0903622,0.33827797
33.436,35.188,79.21517,325.952,3.7966707e-05,-1.7637078,1.059742,0.30408916
38.58,35.188,65.39432,334.74902,3.8483773e-05,-2.249522,1.2469304,0.2699971
38.58,35.188,65.30522,334.74902,3.872924e-05,-2.2916691,1.167663,0.24653298
37.5512,35.188,68.36506,337.06403,3.9024882e-05,-1.8333353,0.9341304,0.23327607
35.4936,35.188,75.46171,343.083,3.9464914e-05,-1.8333353,0.9341304,0.20457855
36.008,24.076,74.403725,347.25003,3.9932504e-05,-2.2916691,1.167663,0.2033943
37.0368,16.668,71.69444,351.41702,4.0444127e-05,-2.2046347,1.3246775,0.20221004
37.5512,16.668,69.8988,351.41702,4.1054955e-05,-2.1570606,1.4008118,0.20102578
38.58,16.668,66.64352,351.41702,4.1665367e-05,-2.2274175,1.2859998,0.19984153
39.0944,16.668,67.35282,369.01102,4.2119602e-05,-2.2709413,1.207481,0.19865729
39.6088,16.668,67.70055,386.142,4.2640077e-05,-2.1322846,1.4382441,0.19747303
39.6088,16.668,67.33299,386.142,4.3369746e-05,-2.0267637,1.5834814,0.19628878
37.0368,51.856,75.492355,386.142,4.409823e-05,-2.6174154,1.6355432,0.19510452
36.008,51.856,78.97892,386.142,4.4763085e-05,-2.7251294,1.4489772,0.19392027
35.4936,51.856,80.831406,386.142,4.506766e-05,-2.6174154,1.6355432,0.19273601
30.3496,51.856,104.22537,386.142,4.5551555e-05,-2.1811795,1.3629527,0.19155176
27.7776,57.412,118.99399,386.142,4.6117857e-05,-2.2709413,1.207481,0.1903675
25.2056,68.524,136.47984,386.142,4.651767e-05,-1.781934,1.0287998,0.18918325
25.2056,68.524,137.93427,390.309,4.6999565e-05,-1.6854874,1.1801907,0.18799901
25.2056,68.524,139.5443,394.939,4.748151e-05,-1.6854874,1.1801907,0.18681476
25.720001,68.524,135.63647,394.939,4.794442e-05,-1.6854874,1.1801907,0.1856305
26.2344,68.524,131.82147,394.939,4.844305e-05,-1.6214108,1.2667851,0.18444625
26.2344,75.932,131.76993,394.939,4.9006638e-05,-1.5528908,1.3499067,0.18326199
26.2344,85.192,131.70982,394.939,4.9641636e-05,-1.8810418,1.7540998,0.18207774
26.7488,85.192,131.75352,407.44,5.0394934e-05,-1.9113681,1.7210042,0.18089348
27.7776,85.192,127.841576,420.404,5.1074945e-05,-1.6214108,1.2667851,0.17970923
28.292,85.192,122.824135,415.774,5.1467858e-05,-1.2942364,0.84048706,0.17852497
29.3208,85.192,114.65412,411.144,5.178951e-05,-1.2793709,0.8629465,0.17734072
29.3208,75.932,115.6631,415.774,5.2193795e-05,-1.1646681,1.0124301,0.17615648
29.3208,68.524,116.50577,419.941,5.2740055e-05,-1.2667849,1.6214111,0.17497222
29.3208,75.932,116.2829,419.941,5.3480817e-05,-0.9659845,1.816753,0.17378797
29.3208,85.192,116.004326,419.941,5.439729e-05,-0.9217227,2.4011688,0.17260371
29.3208,85.192,115.79768,420.404,5.542293e-05,-0.7519801,2.4596157,0.17141946
29.3208,85.192,115.34891,419.941,5.6516048e-05,-0.837361,2.4318738,0.1702352
28.292,85.192,124.56502,428.738,5.7605368e-05,-0.9634882,2.384717,0.16905095
27.7776,85.192,130.43694,437.07202,5.862087e-05,-1.0049603,2.3675385,0.16786669
26.7488,75.932,145.0078,458.833,5.9470338e-05,-0.7373781,1.920935,0.16668244
26.2344,68.524,155.88553,480.131,6.0247978e-05,-0.63583326,1.9568939,0.16549818
26.2344,68.524,159.3746,493.095,6.104078e-05,-0.5325466,1.9874889,0.16431394
26.2344,68.524,162.77023,506.05902,6.186609e-05,-0.49777824,1.9964806,0.16312969
26.2344,68.524,170.71994,536.154,6.278662e-05,-0.46285924,2.004864,0.16194543
26.2344,68.524,178.19849,565.786,6.370404e-05,-0.35729903,2.0263405,0.16076118
26.2344,68.524,177.82304,565.786,6.448708e-05,-0.25075853,2.042263,0.15957692
26.2344,68.524,177.42885,565.786,6.530208e-05,-0.32187933,2.0322676,0.15839267
25.720001,68.524,187.4224,578.75,6.6290275e-05,-0.49076116,2.524745,0.15720841
25.2056,68.524,197.93274,591.251,6.734234e-05,-0.53474903,2.5157955,0.15602416
25.2056,68.524,197.4358,591.251,6.839001e-05,-0.49076116,2.524745,0.1548399
25.2056,68.524,196.9674,591.251,6.936598e-05,-0.35729903,2.0263405,0.15365566
24.1768,68.524,214.50533,595.881,7.019854e-05,-0.25075853,2.042263,0.15247141
23.6624,68.524,224.23831,599.58496,7.092813e-05,-0.10764805,1.5394409,0.15128715
23.148,68.524,233.20074,599.58496,7.161101e-05,0.026932552,1.542965,0.1501029
22.6336,68.524,242.54756,599.58496,7.2258685e-05,0.0,1.5432,0.14891864
21.0904,68.524,278.9801,613.01196,7.2937524e-05,0.026932552,1.542965,0.14773439
20.0616,68.524,307.95905,625.513,7.3581316e-05,-0.10764805,1.5394409,0.14655013
19.0328,153.716,330.68466,621.346,7.413005e-05,-0.26797426,1.5197554,0.14536588
18.5184,240.76,341.03848,616.716,7.467736e-05,-0.26797426,1.5197554,0.14418162
18.5184,240.76,331.4533,600.048,7.531592e-05,-0.21477191,1.5281817,0.14299737
18.5184,240.76,321.33,582.454,7.5985095e-05,-0.10764805,1.5394409,0.14181313
18.5184,240.76,321.4962,582.454,7.6635835e-05,0.026932552,1.542965,0.14062887
18.5184,240.76,321.65884,582.454,7.728449e-05,0.0,1.5432,0.13944462
17.489601,240.76,360.98874,604.215,7.7914876e-05,0.0,1.5432,0.13826036
16.9752,240.76,389.69504,625.513,7.85754e-05,0.0,2.0576,0.13707611
16.9752,257.428,390.07956,625.513,7.9324476e-05,0.0,2.0576,0.13589185
16.9752,274.096,390.45892,625.513,8.007058e-05,0.0,2.0576,0.1347076
16.9752,274.096,387.92355,621.346,8.073952e-05,0.0,1.5432,0.13352334
16.9752,274.096,385.0315,616.716,8.134267e-05,0.10764819,1.5394409,0.13233909
16.9752,274.096,385.29736,616.716,8.1885875e-05,0.24140969,1.5242007,0.13115485
16.9752,274.096,385.54547,616.716,8.239592e-05,0.26797387,1.5197554,0.1299706
16.9752,257.428,382.92307,612.549,8.29202e-05,0.24140969,1.5242007,0.12878634
16.9752,240.76,380.29675,608.382,8.34429e-05,0.24140969,1.5242007,0.12760209
16.9752,240.76,380.53476,608.382,8.394837e-05,0.24140969,1.5242007,0.12641783
16.9752,240.76,380.7852,608.382,8.448353e-05,0.29445645,1.514847,0.12523358
16.9752,240.76,381.0666,608.382,8.508923e-05,0.39940956,1.4906167,0.12404932
16.9752,240.76,381.35928,608.382,8.5723776e-05,0.66988903,1.945499,0.122865066
16.9752,240.76,381.67648,608.382,8.6416796e-05,0.9659847,1.8167529,0.12168082
16.9752,240.76,381.92084,608.382,8.695463e-05,1.2793709,0.8629465,0.12049656
16.4608,240.76,394.43857,604.67804,8.713285e-05,2.0375755,0.2863626,0.11931231
15.9464,240.76,406.28156,600.04803,8.7158856e-05,2.5657349,0.17941374,0.118128054
15.9464,240.76,406.35666,600.04803,8.727606e-05,2.562213,0.22416471,0.11694381
15.9464,240.76,406.41223,600.04803,8.7362794e-05,3.0845199,0.107713796,0.11575955
14.917601,240.76,438.04565,600.04803,8.736103e-05,3.0864,-1.3491083e-07,0.1145753
14.4032,240.76,454.45337,600.04803,8.7362794e-05,3.5986066,0.1256661,0.2
14.4032,240.76,450.79547,595.88104,8.744781e-05,3.5920289,0.25117925,0.2
14.4032,240.76,446.76013,591.25104,8.756649e-05,4.105176,0.287062,0.2
13.8888,274.096,472.03748,600.511,8.768119e-05,4.6232553,0.24229462,0.2
13.3744,309.284,497.23007,608.382,8.776991e-05,5.1432166,0.08977506,0.2
13.3744,309.284,497.16946,608.382,8.7721106e-05,5.6584,-2.4733652e-07,0.2
13.3744,309.284,497.23007,608.382,8.776991e-05,5.6446166,0.39471024,0.2
13.3744,309.284,501.75992,612.549,8.806557e-05,6.0968027,0.9656388,0.2
13.3744,309.284,506.5898,616.716,8.858091e-05,6.541069,1.3903469,0.2
13.3744,309.284,507.3718,616.716,8.9194175e-05,6.9562116,1.8639115,0.2
13.3744,309.284,508.3861,616.716,8.998974e-05,6.8491287,2.2254167,0.2
13.3744,309.284,496.9814,604.21497,9.095321e-05,6.723273,2.580823,0.2
13.3744,309.284,485.18307,591.251,9.197902e-05,6.7672906,2.4630923,0.2
13.3744,309.284,486.1831,591.251,9.2832095e-05,6.8092465,2.3446116,0.2
13.3744,309.284,487.25333,591.251,9.374543e-05,6.6291075,2.81389,0.2
12.3456,309.284,511.37427,578.75,9.4891395e-05,6.4727554,3.1569738,0.2
11.8312,309.284,516.386,565.786,9.606459e-05,6.0104156,2.9314759,0.2
11.8312,309.284,517.7557,565.786,9.701256e-05,5.6391335,2.5107038,0.2
11.8312,309.284,519.1343,565.786,9.796507e-05,6.0606613,2.826133,0.2
11.8312,309.284,520.65515,565.786,9.901394e-05,5.9583387,3.0359256,0.2
11.8312,309.284,522.38745,565.786,0.00010020622,6.8128233,3.6224432,0.2
11.8312,309.284,524.3072,565.786,0.00010152449,7.2670116,3.8639393,0.2
11.8312,309.284,526.38226,565.786,0.000102945734,7.7212005,4.105436,0.2
11.8312,309.284,528.57196,565.786,0.00010444133,8.250008,4.2035894,0.2
11.8312,309.284,530.552,565.786,0.000105790044,8.049631,3.4168665,0.2
11.3168,309.284,596.3499,600.048,0.00010679703,7.8275757,2.5433333,0.2
10.802401,309.284,620.3256,600.048,0.00010752601,7.985922,1.991114,0.2
10.802401,309.284,621.43976,600.048,0.00010807131,8.12907,1.2875185,0.2
10.802401,309.284,622.07495,600.048,0.00010838173,8.210352,0.574124,0.2
9.2592,309.284,283.72534,300.024,0.0001084678,8.744801,-3.8224738e-07,0.2
