Vmax,Rmax_IBT,Rmax_CK22,R34,fcor,u_trans,v_trans,mean_ck_cd
10.802401,205.572,160.73302,214.832,3.1068776e-05,-1.2382945,1.6432725,0.45400217
11.3168,205.572,168.03522,231.5,3.1671727e-05,-1.4032797,1.5048335,0.47106105
11.8312,205.572,175.40544,248.63101,3.231108e-05,-1.6532501,1.970266,0.50390476
13.3744,144.456,168.50742,261.595,3.3178836e-05,-1.9839002,2.3643193,0.5122187
14.4032,85.192,167.29227,274.559,3.404614e-05,-2.25725,2.10492,0.5129756
14.917601,92.6,176.33403,295.857,3.4701996e-05,-2.1322846,1.4382441,0.50102156
15.9464,103.712,179.61629,317.15503,3.5282377e-05,-2.1570606,1.4008118,0.48571163
16.9752,85.192,175.00078,325.95203,3.5936264e-05,-2.1322846,1.4382441,0.47075945
18.5184,68.524,165.54152,334.286,3.651592e-05,-1.8167529,0.9659848,0.45160374
20.576,68.524,154.6901,347.25,3.6866975e-05,-1.387019,0.6764941,0.4277949
22.6336,68.524,144.82611,360.677,3.7254722e-05,-1.1100852,1.0719968,0.39996165
26.2344,51.856,125.1845,373.17798,3.795543e-05,-1.0288004,1.7819338,0.36980987
30.3496,35.188,105.746666,385.67902,3.872924e-05,-0.9659845,1.816753,0.33827797
32.9216,24.076,96.21595,398.643,3.9342376e-05,-0.81777143,1.3087078,0.30408916
35.4936,16.668,87.184586,411.144,3.995476e-05,-1.1206491,1.7256486,0.2699971
34.979202,20.372,92.01779,429.201,4.0743616e-05,-1.209427,1.6646333,0.24653298
34.4648,24.076,96.95113,446.332,4.142137e-05,-1.071997,1.1100849,0.23327607
34.4648,24.076,98.857765,458.833,4.1738418e-05,-0.86282426,0.5603247,0.20457855
34.4648,24.076,100.79274,471.334,4.1909232e-05,-0.90837646,0.4829924,0.2033943
32.9216,44.447998,109.95708,475.501,4.2134823e-05,-0.86282426,0.5603247,0.20221004
31.8928,68.524,116.87893,479.668,4.239659e-05,-0.7524167,0.70163995,0.20102578
30.864,61.116,125.44339,488.928,4.2725165e-05,-0.5298712,0.88185364,0.19984153
30.3496,57.412,130.74117,497.26202,4.3126656e-05,-0.3349444,0.97274953,0.19865729
30.864,61.116,126.78778,497.26202,4.3594475e-05,-0.4511881,1.4757695,0.19747303
31.8928,68.524,119.392944,497.26202,4.409823e-05,-0.48299226,0.9083765,0.19628878
31.8928,68.524,120.7206,505.596,4.452836e-05,-1.0524597,1.1286252,0.19510452
31.8928,68.524,121.94574,513.93005,4.506766e-05,-1.128625,1.05246,0.19392027
32.4072,68.524,118.62652,518.56006,4.5914465e-05,-1.5290946,1.3768034,0.19273601
32.9216,68.524,115.198875,522.72705,4.675884e-05,-2.0267637,1.5834814,0.19155176
34.4648,51.856,107.07786,540.321,4.724015e-05,-2.080792,1.5117832,0.1903675
35.4936,35.188,102.055084,556.989,4.7722115e-05,-2.4321163,1.9001777,0.18918325
36.008,40.744,98.15921,556.989,4.8508653e-05,-2.837469,2.216874,0.18799901
37.0368,51.856,91.252464,556.989,4.9402213e-05,-2.949603,2.0653336,0.18681476
37.5512,51.856,88.24045,566.249,5.0257207e-05,-3.1493306,1.7457025,0.1856305
38.58,51.856,82.308075,574.583,5.1074945e-05,-3.236378,1.5784862,0.18444625
38.58,51.856,82.29593,587.547,5.1788593e-05,-3.7594223,1.6738026,0.18326199
38.58,51.856,82.17309,600.048,5.250265e-05,-3.7296379,1.7391584,0.18207774
37.5512,57.412,87.34292,600.048,5.333242e-05,-3.6987176,1.8039843,0.18089348
37.0368,68.524,89.68594,600.048,5.4161024e-05,-3.7594223,1.6738026,0.17970923
35.4936,68.524,99.26141,600.048,5.4903743e-05,-3.8155472,1.5415801,0.17852497
34.4648,68.524,106.16675,600.048,5.5576067e-05,-3.8418703,1.4747552,0.17734072
33.436,68.524,112.91058,591.714,5.6162946e-05,-3.867023,1.407481,0.17615648
32.9216,68.524,115.63982,582.917,5.6750614e-05,-3.9137876,1.2716672,0.17497222
31.8928,61.116,122.23108,570.416,5.745259e-05,-3.890998,1.3397782,0.17378797
30.3496,57.412,133.72864,557.452,5.8154368e-05,-3.8418703,1.4747552,0.17260371
29.3208,61.116,143.41797,557.452,5.8718e-05,-3.8155472,1.5415801,0.17141946
27.7776,68.524,159.59906,557.452,5.9319285e-05,-4.1958427,1.9565531,0.1702352
26.7488,68.524,170.18983,553.28503,6.0115446e-05,-4.22935,1.883028,0.16905095
26.2344,68.524,175.00172,549.11804,6.0942573e-05,-3.7594223,1.6738026,0.16786669
25.720001,68.524,181.22743,549.11804,6.159802e-05,-3.7880614,1.6079371,0.16668244
25.2056,68.524,187.69872,549.11804,6.2326726e-05,-3.7296379,1.7391584,0.16549818
25.2056,68.524,184.80217,540.784,6.3427666e-05,-4.0491395,2.2444746,0.16431394
25.2056,68.524,181.68465,531.52405,6.43901e-05,-5.3501225,1.8421949,0.16312969
25.2056,68.524,177.63753,518.56,6.475723e-05,-5.1056576,0.6268949,0.16194543
25.2056,68.524,173.78886,506.05902,6.4846485e-05,-4.628895,0.080797255,0.16076118
22.6336,68.524,193.55893,471.33398,6.495559e-05,-4.62678,0.16156985,0.15957692
20.0616,68.524,211.96136,437.535,6.507438e-05,-4.0395923,0.7852167,0.15839267
16.9752,68.524,232.02193,398.643,6.518602e-05,-3.4245641,1.1127088,0.15720841
14.4032,68.524,241.17288,359.751,6.552959e-05,-3.2083368,1.6347281,0.15602416
11.3168,257.428,135.07901,180.56998,6.630489e-05,-2.6334584,2.4557397,0.1548399
