Vmax,Rmax_IBT,Rmax_CK22,R34,fcor,u_trans,v_trans,mean_ck_cd
11.8312,153.716,179.38477,257.42798,2.4823696e-05,0.9711674,-1.1992915,0.2
12.3456,153.716,173.67372,257.42798,2.5431671e-05,0.6764943,-1.387019,0.2
13.3744,153.716,162.9663,257.42798,2.6076874e-05,0.0,1.5432,0.2
13.3744,153.716,163.26343,257.42798,2.6846594e-05,-0.77079064,-1.9077734,0.2
13.3744,153.716,163.54385,257.42798,2.7578055e-05,-0.8851431,-1.2641155,0.2
13.3744,153.716,163.74849,257.42798,2.8115257e-05,-0.7146646,-0.74005675,0.2
13.3744,153.716,163.92361,257.42798,2.857718e-05,-0.6749536,-0.7764452,0.2
13.8888,144.456,170.07625,274.096,2.901991e-05,-0.7948066,-1.3227807,0.2
14.4032,137.048,176.6037,291.69,2.9574905e-05,-1.0287999,-1.781934,0.2
14.917601,137.048,171.74742,291.69,3.040936e-05,-2.0248609,-2.3293355,0.2
15.9464,137.048,162.32164,291.69,3.131743e-05,-2.36432,-1.9838994,0.2
14.4032,137.048,180.50246,295.857,3.210021e-05,-2.4649084,-1.8574424,0.2
13.3744,137.048,195.45432,300.487,3.280731e-05,-2.1811795,-1.3629527,0.2
13.8888,109.268,189.86023,300.487,3.3463915e-05,-1.7996175,-0.9975442,0.2
14.4032,85.192,184.47021,300.487,3.404614e-05,-1.7637072,-1.0597428,0.2
15.9464,85.192,169.04669,300.487,3.45592e-05,-1.7449436,-1.0903622,0.2
16.9752,85.192,159.8087,300.487,3.5035337e-05,-1.8493588,-0.90199214,0.2
17.489601,85.192,155.556,300.487,3.5547455e-05,-2.401169,-0.921722,0.2
18.5184,85.192,147.31386,300.487,3.6022833e-05,-2.9002674,-1.0556108,0.2
16.9752,85.192,160.35495,300.487,3.6429672e-05,-3.4245641,-1.1127088,0.2
15.9464,85.192,169.97812,300.487,3.67623e-05,-3.493841,-0.8711125,0.2
14.917601,92.6,183.10805,304.654,3.7045116e-05,-3.048401,-0.48281947,0.2
14.4032,103.712,191.55705,308.82098,3.7254722e-05,-3.0633945,-0.3761383,0.2
15.9464,103.712,177.99664,312.98798,3.7414888e-05,-3.0746555,-0.26899737,0.2
16.9752,103.712,170.51405,317.155,3.7500762e-05,-2.0563467,0.07180882,0.2
17.489601,85.192,168.08296,321.32202,3.7426125e-05,-1.5373278,0.13449873,0.2
18.5184,68.524,161.43326,325.952,3.7500762e-05,-1.8797112,-0.8369013,0.33218503
20.576,57.412,152.83813,342.62,3.809626e-05,-2.1068592,-1.4752383,0.3476863
22.6336,51.856,144.90665,360.214,3.872924e-05,-2.9353406,-0.95375043,0.36769712
23.6624,35.188,144.06686,376.88202,3.901771e-05,-4.1126933,-0.14361951,0.40228435
25.2056,16.668,139.39369,394.476,3.897458e-05,-4.064535,0.6437594,0.43478736
25.720001,16.668,143.08463,415.774,3.8501657e-05,-3.4434626,1.0527711,0.4466569
26.2344,16.668,146.39375,437.072,3.7992504e-05,-3.5460956,0.62527233,0.45400217
26.2344,16.668,152.17188,454.666,3.801023e-05,-3.5986066,0.12566544,0.47106105
26.2344,16.668,157.77275,471.79703,3.7992504e-05,-3.556468,0.56328946,0.50390476
26.7488,16.668,154.88742,475.96402,3.7395603e-05,-3.9557843,1.1343023,0.5122187
27.7776,16.668,148.0305,480.131,3.67623e-05,-3.5346434,0.6870646,0.5129756
29.3208,16.668,137.74225,484.29803,3.6546244e-05,-4.1051755,0.28706223,0.50102156
30.3496,16.668,131.63731,488.46503,3.651592e-05,-4.1145735,0.07181978,0.48571163
30.864,16.668,128.20612,488.46503,3.6515612e-05,-4.6296,5.520743e-08,0.47075945
31.8928,16.668,121.65613,488.46503,3.651592e-05,-4.1051755,0.28706223,0.45160374
32.4072,16.668,122.27031,506.52197,3.633638e-05,-3.5810745,0.37638572,0.4277949
32.9216,16.668,122.3096,523.19,3.626943e-05,-3.57396,-0.43882802,0.39996165
33.436,16.668,119.646675,527.357,3.6564863e-05,-3.4046233,-1.1723058,0.36980987
34.4648,16.668,113.78122,531.524,3.700857e-05,-3.4781058,-0.9319554,0.33827797
35.4936,35.188,109.53631,544.95105,3.7340244e-05,-3.556468,-0.5632894,0.30408916
37.0368,51.856,102.16573,557.452,3.7746686e-05,-3.493841,-0.8711125,0.2699971
38.58,44.447998,93.983475,561.619,3.834269e-05,-3.3836453,-1.2315458,0.24653298
39.6088,40.744,88.68868,565.786,3.897458e-05,-2.8814027,-1.1060663,0.23327607
38.58,27.78,94.490135,578.75,3.942751e-05,-2.349639,-1.0461266,0.20457855
37.0368,16.668,103.73337,591.251,3.995476e-05,-2.1322846,-1.4382441,0.2033943
36.008,16.668,109.25864,591.251,4.0700965e-05,-1.7866614,-1.850142,0.20221004
35.4936,16.668,111.6091,591.251,4.1665367e-05,-1.3246776,-2.2046344,0.20102578
34.4648,35.188,117.5158,591.251,4.2810105e-05,-0.79479164,-2.4461174,0.19984153
32.9216,51.856,127.86741,591.251,4.409823e-05,-0.7988192,-2.9812334,0.19865729
31.8928,51.856,136.62389,600.048,4.539436e-05,-0.93195575,-3.4781058,0.19747303
30.3496,51.856,151.2391,608.382,4.675884e-05,-0.6870649,-3.5346432,0.19628878
29.3208,51.856,162.54846,617.179,4.814882e-05,-0.37613717,-3.0633945,0.19510452
27.7776,51.856,181.26303,625.51306,4.9641636e-05,-0.25117886,-3.5920289,0.19392027
26.2344,57.412,200.50186,625.51306,5.136683e-05,-0.062842585,-3.6002517,0.19273601
25.2056,68.524,214.58743,625.51306,5.2977284e-05,0.21529634,-3.0788817,0.19155176
23.148,68.524,242.63005,613.012,5.402496e-05,0.622223,-2.4956007,0.1903675
21.0904,68.524,273.31473,600.04803,5.510506e-05,1.0527725,-3.4434621,0.18918325
20.0616,85.192,284.74692,583.38,5.674485e-05,1.3535647,-4.4273086,0.18799901
18.5184,103.712,305.8924,565.786,5.862087e-05,1.4306253,-4.4030113,0.18681476
16.9752,103.712,330.93042,553.285,6.0479997e-05,1.4306253,-4.4030113,0.1856305
15.9464,103.712,345.35825,540.321,6.2326726e-05,1.1343029,-3.955784,0.18444625
14.4032,103.712,371.90027,527.82,6.423553e-05,0.7486481,-3.522114,0.18326199
13.3744,103.712,385.83365,514.393,6.575688e-05,0.35795343,-2.5469694,0.18207774
12.3456,103.712,367.37164,467.16702,6.6426015e-05,0.28636274,-2.0375755,0.18089348
11.8312,103.712,334.9339,419.941,6.689037e-05,0.6015843,-1.9676926,0.17970923
10.802401,103.712,306.39398,368.548,6.788943e-05,1.0869744,-2.3310237,0.17852497
9.2592,103.712,282.92273,317.618,6.8917754e-05,0.9659847,-1.8167529,0.17734072
