Vmax,Rmax_IBT,Rmax_CK22,R34,fcor,u_trans,v_trans,mean_ck_cd
14.4032,68.524,98.17703,171.31,1.9288536e-05,-2.0126364,-0.42779955,0.2
14.917601,68.524,95.106926,171.31,1.9035988e-05,-1.987489,-0.5325459,0.2
15.9464,68.524,89.51794,171.31,1.8783807e-05,-2.0322676,-0.32187966,0.2
16.9752,68.524,93.619774,188.90399,1.872692e-05,-2.0576,2.4536634e-08,0.2
18.5184,68.524,94.37169,205.572,1.8783807e-05,-2.0497704,0.17933165,0.2
18.5184,57.412,109.5891,237.056,1.8871968e-05,-2.5469694,0.3579537,0.33218503
18.5184,51.856,125.69907,269.92902,1.9036203e-05,-2.5329256,0.4466231,0.3476863
19.0328,51.856,119.23287,262.984,1.9250496e-05,-3.0296943,0.58891255,0.36769712
20.0616,51.856,110.94788,257.428,1.9540814e-05,-3.522114,0.74864763,0.40228435
20.576,51.856,108.37016,257.428,1.9919029e-05,-3.522114,0.74864763,0.43478736
21.0904,51.856,105.89237,257.428,2.0297284e-05,-4.075151,0.5727259,0.4466569
21.604801,51.856,110.505615,274.096,2.056796e-05,-3.587098,0.31383038,0.45400217
22.6336,51.856,112.62796,291.69,2.0801292e-05,-3.556468,0.56328946,0.47106105
23.148,51.856,110.13891,291.69,2.1034215e-05,-2.9812334,0.79881895,0.50390476
23.6624,51.856,107.74357,291.69,2.130504e-05,-2.9668384,0.85072666,0.5122187
24.1768,44.447998,105.44322,291.69,2.1663518e-05,-3.4613113,0.9925145,0.5129756
25.2056,40.744,101.011894,291.69,2.206018e-05,-2.9812334,0.79881895,0.50102156
26.2344,40.744,112.56822,337.99,2.2418257e-05,-2.4956007,0.6222233,0.48571163
27.7776,40.744,120.625275,385.67902,2.2814716e-05,-2.9515393,0.9023753,0.47075945
30.3496,37.04,107.30658,381.049,2.333616e-05,-3.4046233,1.1723058,0.45160374
32.9216,35.188,96.13021,377.34503,2.3819783e-05,-2.9947207,0.7466679,0.4277949
33.436,40.744,94.2168,377.34503,2.407052e-05,-3.0395107,0.5359477,0.39996165
34.4648,51.856,90.591835,377.34503,2.432189e-05,-2.9947207,0.7466679,0.36980987
34.979202,44.447998,87.83195,373.17804,2.4823492e-05,-3.4046233,1.1723058,0.33827797
35.4936,40.744,85.152626,369.01102,2.53252e-05,-3.4781058,0.9319554,0.30408916
37.5512,40.744,78.944435,369.01102,2.5632004e-05,-3.556468,0.56328946,0.2699971
39.6088,40.744,73.36754,369.01102,2.5826394e-05,-3.587098,0.31383038,0.24653298
39.0944,40.744,75.35366,373.17804,2.5932668e-05,-3.0788815,0.21529667,0.23327607
38.58,40.744,77.39381,377.34503,2.6076874e-05,-3.0296943,0.58891255,0.20457855
37.5512,44.447998,80.17775,377.34503,2.6376967e-05,-2.9002674,1.0556108,0.2033943
37.0368,51.856,81.51371,377.34503,2.6827835e-05,-2.8195667,1.255352,0.20221004
36.008,51.856,84.47278,377.34503,2.7415375e-05,-2.774038,1.3529882,0.20102578
35.4936,51.856,85.90096,377.34503,2.807779e-05,-2.7251294,1.4489772,0.19984153
34.979202,44.447998,80.95841,346.32397,2.8720478e-05,-2.2709413,1.207481,0.19865729
34.4648,40.744,75.955055,316.69202,2.9325609e-05,-2.349639,1.0461266,0.19747303
32.9216,44.447998,80.419464,316.69202,2.9861363e-05,-2.4168894,0.8796756,0.19628878
31.8928,51.856,83.636215,316.69202,3.0322259e-05,-2.4318738,0.83736134,0.19510452
30.864,55.56,86.85262,315.766,3.0676987e-05,-1.9077736,0.77079004,0.19392027
30.3496,57.412,88.8956,316.69202,3.1068776e-05,-1.7256485,1.1206495,0.19273601
30.3496,48.152,88.83368,316.69202,3.1671163e-05,-1.5762132,1.3225996,0.19155176
30.3496,40.744,88.76635,316.69202,3.231108e-05,-1.6646336,1.2094265,0.1903675
29.835201,40.744,90.645805,316.69202,3.280733e-05,-2.2046347,1.3246775,0.18918325
29.3208,40.744,92.60273,316.69202,3.330315e-05,-1.6854874,1.1801907,0.18799901
27.7776,40.744,98.99121,316.69202,3.394065e-05,-1.6214108,1.2667851,0.18681476
26.2344,40.744,106.10685,316.69202,3.454095e-05,-1.8167529,0.9659848,0.1856305
25.720001,44.447998,108.50868,316.229,3.500421e-05,-2.4723651,0.7089389,0.18444625
25.2056,51.856,111.658745,317.618,3.5282377e-05,-2.5329256,0.4466231,0.18326199
24.1768,51.856,118.83319,321.785,3.5300945e-05,-3.0633945,0.37613693,0.18207774
23.6624,51.856,123.45932,325.95203,3.5282377e-05,-2.562213,0.22416456,0.18089348
23.148,51.856,126.636925,325.95203,3.5491652e-05,-2.562213,0.22416456,0.17970923
22.6336,51.856,129.95058,325.95203,3.577612e-05,-3.0694926,0.32261634,0.17852497
21.604801,51.856,134.83305,321.32202,3.6004076e-05,-3.0563633,0.42954442,0.17734072
21.0904,51.856,136.56381,317.155,3.626943e-05,-3.5085115,0.8100043,0.17615648
20.576,51.856,128.9523,293.07898,3.6620357e-05,-2.9353406,0.95375043,0.17497222
20.0616,51.856,121.3188,269.92902,3.700857e-05,-3.4434626,1.0527711,0.17378797
16.9752,51.856,134.26253,254.65,3.73221e-05,-3.4434626,1.0527711,0.17260371
14.4032,51.856,145.75827,239.83401,3.7746686e-05,-3.3836453,1.2315458,0.17141946
13.3744,57.412,149.40489,231.5,3.8465096e-05,-2.841046,1.2059529,0.1702352
11.8312,68.524,157.91386,222.703,3.9219805e-05,-2.349639,1.0461266,0.16905095
11.3168,68.524,161.85391,220.851,3.9709852e-05,-1.8797112,0.8369013,0.16786669
10.802401,68.524,165.57697,218.53601,4.0199502e-05,-1.8797112,0.8369013,0.16668244
9.2592,68.524,90.68144,109.268,4.0932486e-05,-1.8333353,0.9341304,0.16549818
