Vmax,Rmax_IBT,Rmax_CK22,R34,fcor,u_trans,v_trans,mean_ck_cd
13.3744,103.712,107.14023,171.77301,3.0073232e-05,-1.4906167,0.39940947,0.2
13.8888,92.6,109.689445,181.033,3.0247455e-05,-1.4834192,0.42536333,0.2
14.4032,85.192,113.876755,193.07101,3.0571195e-05,-1.7996175,0.9975442,0.2
14.917601,68.524,104.98012,183.81099,3.128006e-05,-1.6432723,1.2382948,0.2
15.9464,51.856,94.582794,175.94,3.206281e-05,-1.7449436,1.0903622,0.2
16.9752,51.856,89.43205,175.94,3.257788e-05,-1.8333353,0.9341304,0.2
18.5184,51.856,82.51603,175.94,3.305528e-05,-1.7256485,1.1206495,0.2
20.0616,51.856,85.87436,196.31198,3.363739e-05,-1.9113681,1.7210042,0.2
21.0904,51.856,91.82458,218.999,3.4293596e-05,-1.7540995,1.8810419,0.33218503
23.6624,51.856,100.18841,265.762,3.8569506e-05,-2.7583733,2.3145492,0.4466569
23.6624,51.856,100.30921,265.762,3.9709896e-05,-2.7583733,2.3145492,0.45400217
23.6624,51.856,100.425766,265.762,4.0847022e-05,-3.1981113,2.5897794,0.47106105
23.6624,51.856,100.53111,265.762,4.1909232e-05,-3.3292673,2.418853,0.50390476
23.6624,51.856,105.3609,277.8,4.2798216e-05,-3.5274155,2.119484,0.5122187
23.6624,51.856,110.92097,291.69,4.3612705e-05,-3.599235,1.9950885,0.5129756
25.2056,51.856,108.49346,307.432,4.453384e-05,-3.6666706,1.8682607,0.50102156
26.2344,51.856,109.32076,325.95203,4.5309676e-05,-3.4046233,1.1723058,0.48571163
27.7776,40.744,100.96233,325.026,4.5744513e-05,-3.5346434,0.6870646,0.47075945
29.3208,35.188,93.86684,325.952,4.6034886e-05,-3.522114,0.74864763,0.45160374
30.864,35.188,88.55398,331.971,4.645069e-05,-3.493841,0.8711126,0.4277949
32.9216,35.188,81.581436,338.453,4.675884e-05,-3.5657573,0.5011352,0.39996165
34.979202,35.188,81.24022,380.586,4.6848996e-05,-3.6008,4.293911e-08,0.36980987
37.0368,35.188,79.40936,425.034,4.675884e-05,-3.587098,-0.3138303,0.33827797
37.5512,35.188,75.839424,412.06998,4.660746e-05,-3.048401,-0.48281947,0.30408916
38.58,35.188,71.208305,403.273,4.627635e-05,-2.9668384,-0.85072666,0.2699971
40.1232,35.188,68.15548,421.33,4.5726574e-05,-2.86166,-1.1561865,0.24653298
42.1808,35.188,63.6225,441.702,4.506766e-05,-2.7251294,-1.4489772,0.23327607
41.6664,35.188,66.23064,448.184,4.4406836e-05,-2.2274175,-1.2859998,0.20457855
41.152,35.188,69.255264,459.29602,4.385554e-05,-2.401169,-0.921722,0.2033943
40.1232,35.188,72.8845,456.518,4.3575645e-05,-2.5403342,-0.40234956,0.20221004
39.6088,35.188,74.70992,454.203,4.3369746e-05,-3.0395107,-0.5359476,0.20102578
35.4936,35.188,92.34858,454.203,4.3004846e-05,-3.5085118,-0.81000423,0.19984153
31.8928,35.188,111.63825,454.203,4.2640077e-05,-3.4781058,-0.9319554,0.19865729
27.7776,40.744,139.2872,454.203,4.2415133e-05,-2.9668384,-0.85072666,0.19747303
23.6624,51.856,174.83769,454.203,4.2152973e-05,-2.9947207,-0.74666786,0.19628878
24.1768,51.856,168.29556,450.036,4.1664916e-05,-3.0189548,-0.6416993,0.19510452
25.2056,51.856,157.40565,445.406,4.1177245e-05,-1.987489,-0.5325459,0.19392027
25.2056,51.856,157.41597,445.406,4.0785977e-05,-1.4757694,-0.45118836,0.19273601
25.2056,51.856,157.41835,445.406,4.0688625e-05,-1.5373278,0.13449873,0.19155176
25.720001,51.856,151.81345,441.702,4.1140476e-05,-1.4308302,0.5780925,0.1903675
26.2344,51.856,146.25085,437.53503,4.1665367e-05,-1.4973603,0.37333396,0.18918325
26.7488,51.856,142.69351,438.924,4.1665404e-05,-1.5373278,0.13449873,0.18799901
27.7776,51.856,135.85388,441.702,4.1665367e-05,-0.9784469,0.3179168,0.18681476
28.292,51.856,132.08087,441.702,4.2098025e-05,-0.7400569,0.7146645,0.1856305
29.3208,51.856,124.89258,441.702,4.2640077e-05,-0.7274716,0.72747135,0.18444625
29.835201,51.856,143.3165,535.228,4.3005093e-05,-1.071997,1.1100849,0.18326199
30.3496,51.856,158.24452,630.606,4.3369746e-05,-0.6276758,1.4097835,0.18207774
30.3496,51.856,157.87967,630.606,4.3800872e-05,-0.053857062,1.5422599,0.18089348
30.3496,51.856,157.42104,630.606,4.4340795e-05,-0.053857062,1.5422599,0.17970923
29.835201,51.856,158.74506,613.47504,4.5031335e-05,-0.053857062,1.5422599,0.17852497
29.3208,51.856,159.66322,595.418,4.5793287e-05,0.16130833,1.5347463,0.17734072
28.292,51.856,170.0655,595.418,4.6535737e-05,0.451188,1.4757695,0.17615648
27.7776,51.856,175.40361,595.418,4.7240763e-05,0.39940956,1.4906167,0.17497222
26.7488,57.412,187.22072,595.418,4.7878428e-05,0.32084933,1.5094774,0.17378797
26.2344,68.524,193.37625,595.418,4.844305e-05,0.32084933,1.5094774,0.17260371
26.2344,85.192,193.16064,595.418,4.8940892e-05,0.37333387,1.4973603,0.17141946
26.2344,103.712,192.95862,595.418,4.9402213e-05,0.41845065,0.9398556,0.1702352
26.2344,103.712,192.74687,595.418,4.988089e-05,0.56032467,0.86282426,0.16905095
26.2344,103.712,192.5331,595.418,5.035898e-05,0.4987721,0.89980876,0.16786669
26.2344,103.712,183.14322,563.47095,5.081857e-05,0.41845065,0.9398556,0.16668244
26.2344,103.712,173.60605,531.524,5.131329e-05,0.46706542,0.9166675,0.16549818
26.2344,103.712,173.42534,531.524,5.1872765e-05,0.67649436,1.387019,0.16431394
26.2344,103.712,173.21896,531.524,5.250265e-05,0.37333387,1.4973603,0.16312969
25.720001,85.192,166.34576,491.243,5.3196596e-05,0.10764819,1.5394409,0.16194543
25.2056,68.524,159.52165,454.66602,5.392461e-05,0.0538569,1.5422599,0.16076118
24.1768,57.412,174.53279,467.63,5.4633354e-05,0.0,1.5432,0.15957692
23.6624,51.856,185.06726,480.594,5.5340646e-05,-0.08076486,1.5410851,0.15839267
22.6336,51.856,184.80133,450.036,5.604638e-05,-0.18806891,1.5316973,0.15720841
21.0904,51.856,189.34605,420.404,5.6750614e-05,-0.32084942,1.5094774,0.15602416
20.0616,51.856,177.7724,373.641,5.743574e-05,-0.5671517,1.9778919,0.1548399
18.5184,51.856,170.22151,330.119,5.8154368e-05,-0.6698888,1.9454991,0.15365566
16.4608,51.856,155.99417,273.633,5.900523e-05,-0.6698888,1.9454991,0.15247141
14.4032,51.856,137.18224,218.536,5.9784e-05,-0.2944567,1.514847,0.15128715
