Vmax,Rmax_IBT,Rmax_CK22,R34,fcor,u_trans,v_trans,mean_ck_cd
11.8312,103.712,112.79126,163.439,3.156599e-05,-2.5884728,1.6809741,0.2
13.3744,68.524,102.0125,163.439,3.203164e-05,-1.9209352,0.7373776,0.2
14.4032,35.188,95.774315,163.439,3.231108e-05,-1.4757696,0.45118764,0.2
14.917601,35.188,118.00949,204.646,3.2645774e-05,-1.4097834,0.627676,0.2
15.9464,35.188,136.92183,248.168,3.305528e-05,-1.071997,1.1100849,0.2
16.9752,35.188,133.67606,255.57599,3.3674598e-05,-0.86294687,1.2793705,0.2
18.5184,35.188,128.52438,265.762,3.4293596e-05,-1.5290946,1.3768034,0.2
23.148,40.744,113.19178,293.079,3.4720364e-05,-1.8333353,0.9341304,0.2
27.7776,51.856,100.53925,321.785,3.5035337e-05,-1.8648189,0.8695792,0.2
29.3208,51.856,123.76064,430.127,3.5356297e-05,-1.4407014,0.5530332,0.33218503
30.3496,51.856,144.31927,540.321,3.5529305e-05,-1.5373278,0.13449873,0.3476863
30.3496,51.856,162.83147,621.809,3.536889e-05,-1.5373278,-0.13449869,0.36769712
30.3496,51.856,180.20935,703.297,3.5282377e-05,-1.0211315,0.12537898,0.40228435
30.3496,51.856,179.74556,703.297,3.5738864e-05,-0.8529139,0.57529765,0.43478736
30.3496,51.856,179.20348,703.297,3.626943e-05,-0.86282426,0.5603247,0.4466569
30.3496,68.524,179.11522,703.297,3.6355534e-05,-1.3750014,0.70059776,0.45400217
30.3496,85.192,178.95052,703.297,3.651592e-05,-1.6854874,1.1801907,0.47106105
30.3496,68.524,178.18872,703.297,3.72546e-05,-2.0540903,1.5478686,0.50390476
30.3496,51.856,177.42226,703.297,3.7992504e-05,-2.2916691,1.167663,0.5122187
30.3496,51.856,176.42073,699.13,3.817059e-05,-2.9515393,0.9023753,0.5129756
30.3496,51.856,175.53319,694.963,3.8238195e-05,-2.5060797,0.57857454,0.50102156
30.3496,51.856,172.80867,682.46204,3.8495782e-05,-2.4956007,0.6222233,0.48571163
30.3496,51.856,170.42026,672.739,3.897458e-05,-2.3310237,1.086974,0.47075945
30.3496,75.932,144.6466,552.359,3.981279e-05,-2.6455615,1.589613,0.45160374
30.3496,103.712,116.82892,432.90497,4.0688625e-05,-3.3145537,1.406945,0.4277949
30.864,75.932,112.51764,428.27502,4.1324474e-05,-4.0097275,0.9257192,0.39996165
31.8928,51.856,105.77506,424.108,4.1665367e-05,-4.1051755,0.28706223,0.36980987
32.9216,57.412,105.30388,449.11,4.159732e-05,-4.1145735,-0.071819685,0.33827797
34.4648,68.524,101.9061,476.427,4.142137e-05,-3.6008,4.293911e-08,0.30408916
36.008,68.524,91.80734,460.685,4.1451316e-05,-3.5920286,0.25117946,0.2699971
38.58,68.524,78.85195,445.869,4.1665367e-05,-3.5346434,0.6870646,0.24653298
39.0944,57.412,81.450836,492.169,4.2078915e-05,-3.4434626,1.0527711,0.23327607
39.6088,51.856,83.00509,540.784,4.2640077e-05,-3.890998,1.3397782,0.20457855
39.6088,51.856,77.62489,483.835,4.324764e-05,-3.890998,1.3397782,0.2033943
39.6088,51.856,71.8002,428.738,4.385554e-05,-3.9557843,1.1343023,0.20221004
39.6088,51.856,72.93565,442.628,4.4304426e-05,-4.492081,1.1200019,0.20102578
39.6088,51.856,74.15313,458.833,4.4825505e-05,-3.9137876,1.2716672,0.19984153
38.58,51.856,79.27607,475.038,4.5634933e-05,-3.2894945,1.4645773,0.19865729
37.0368,51.856,87.533585,493.09503,4.651767e-05,-3.6987176,1.8039843,0.19747303
37.0368,57.412,86.02135,483.835,4.7222275e-05,-3.6666706,1.8682607,0.19628878
37.0368,68.524,84.70014,476.427,4.796257e-05,-3.563868,2.0575995,0.19510452
36.008,68.524,88.828964,473.649,4.8814803e-05,-2.949603,2.0653336,0.19392027
35.4936,68.524,90.60105,472.26,4.9880902e-05,-3.0096667,2.8065598,0.19273601
34.979202,68.524,92.48337,472.26,5.122339e-05,-2.6452003,3.1524255,0.19155176
34.4648,68.524,94.38768,472.26,5.2740055e-05,-2.3011916,3.411655,0.1903675
32.9216,68.524,102.668846,472.26,5.4261072e-05,-2.0576007,3.5638676,0.18918325
31.8928,68.524,108.52077,472.26,5.581132e-05,-1.931969,3.633506,0.18799901
30.864,75.932,119.71685,498.651,5.7318703e-05,-1.8682618,3.66667,0.18681476
30.3496,85.192,128.12154,527.357,5.8853857e-05,-1.2315469,3.383645,0.1856305
29.3208,85.192,139.34512,541.70996,6.046218e-05,-0.74864864,3.5221138,0.18444625
27.7776,85.192,158.16748,557.915,6.20965e-05,-0.37638676,3.5810742,0.18326199
26.2344,85.192,184.20361,588.93604,6.365226e-05,0.2511791,3.5920289,0.18207774
25.2056,85.192,207.62439,622.27203,6.530208e-05,0.995557,3.992961,0.18089348
25.2056,85.192,206.59021,622.27203,6.722892e-05,1.5834163,4.350401,0.17970923
25.2056,85.192,205.54166,622.27203,6.914198e-05,1.883028,4.22935,0.17852497
23.148,92.6,241.75633,623.198,7.070293e-05,2.2444746,4.0491395,0.17734072
21.0904,103.712,284.78952,625.97595,7.2258685e-05,3.5609465,4.397403,0.17615648
20.576,103.712,281.8886,595.418,7.396915e-05,4.3648286,4.3648286,0.17497222
20.0616,103.712,278.58017,566.249,7.5985095e-05,4.818811,5.351832,0.17378797
18.5184,103.712,310.837,563.471,7.846045e-05,4.6436043,6.162272,0.17260371
16.9752,103.712,347.132,561.61896,8.113127e-05,4.535351,6.2423754,0.17141946
16.4608,112.972,360.48587,561.61896,8.200575e-05,3.6421103,5.608358,0.1702352
15.9464,124.084,374.30286,561.61896,8.28788e-05,3.7090983,6.172976,0.16905095
15.9464,137.048,374.8206,561.61896,8.3739345e-05,4.959749,5.910799,0.16786669
14.4032,172.236,419.18463,561.61896,8.613512e-05,4.7246747,5.435117,0.16668244
