Vmax,Rmax_IBT,Rmax_CK22,R34,fcor,u_trans,v_trans,mean_ck_cd
10.802401,137.048,141.72197,188.90399,3.7746686e-05,-2.9002674,1.0556108,0.36769712
11.3168,137.048,140.15685,193.07098,3.8060007e-05,-2.8814027,1.1060663,0.40228435
11.8312,137.048,138.69485,197.238,3.8483773e-05,-2.774038,1.3529882,0.43478736
12.3456,137.048,156.57576,227.79599,3.9022794e-05,-2.6455615,1.589613,0.4466569
13.3744,137.048,167.60902,256.965,3.9709896e-05,-2.6455615,1.589613,0.45400217
14.4032,103.712,169.5098,274.096,4.060291e-05,-2.7500029,1.4011955,0.47106105
15.9464,68.524,166.36865,291.69,4.142137e-05,-2.9002674,1.0556108,0.50390476
17.489601,68.524,162.33643,308.35797,4.1841642e-05,-2.9812334,0.79881895,0.5122187
20.0616,68.524,149.99826,325.952,4.2152973e-05,-3.3836453,1.2315458,0.5129756
21.0904,68.524,150.0929,343.083,4.2621916e-05,-3.2894945,1.4645773,0.50102156
22.6336,68.524,145.44904,359.751,4.3126656e-05,-3.4245641,1.1127088,0.48571163
24.1768,57.412,135.7216,363.918,4.3629858e-05,-3.522114,0.74864763,0.47075945
26.2344,51.856,123.484085,368.548,4.409823e-05,-3.5085115,0.8100043,0.45160374
29.3208,37.04,109.99594,385.679,4.4444118e-05,-3.4434626,1.0527711,0.4277949
31.8928,24.076,100.234474,403.273,4.4825505e-05,-2.9182484,1.0048336,0.39996165
33.436,24.076,92.46639,403.273,4.5393106e-05,-2.401169,0.921722,0.36980987
35.4936,24.076,83.09891,403.273,4.6034886e-05,-2.7972286,1.3043687,0.33827797
38.58,24.076,72.42631,415.77405,4.6655856e-05,-3.236378,1.5784862,0.30408916
41.152,24.076,64.44693,428.27502,4.7240763e-05,-3.338604,1.3488826,0.2699971
41.152,24.076,65.556366,446.79498,4.7758327e-05,-3.4434626,1.0527711,0.24653298
41.152,24.076,66.44599,463.463,4.8202877e-05,-3.493841,0.8711126,0.23327607
41.6664,24.076,65.91689,488.465,4.8525846e-05,-3.0072956,0.6942894,0.20457855
42.1808,24.076,65.00697,514.393,4.892293e-05,-3.3836453,1.2315458,0.2033943
42.6952,31.484,63.708767,549.11804,4.9659746e-05,-3.2634332,1.5217636,0.20221004
43.724,40.744,59.85114,583.38,5.035898e-05,-3.4046233,1.1723058,0.20102578
44.2384,40.744,57.731213,591.714,5.0632894e-05,-3.0189548,0.641698,0.19984153
44.7528,40.744,55.688423,600.511,5.083645e-05,-2.9947207,0.7466679,0.19865729
44.2384,40.744,57.286804,613.01196,5.1223513e-05,-2.8616605,1.156185,0.19747303
43.724,40.744,58.77956,625.97595,5.178951e-05,-2.6994264,1.4963164,0.19628878
42.1808,40.744,64.67939,630.143,5.249623e-05,-2.4969504,1.8141398,0.19510452
41.152,40.744,68.55621,634.31,5.345127e-05,-2.6334584,2.4557397,0.19392027
37.0368,37.04,90.89058,634.31,5.473362e-05,-2.4094055,2.675916,0.19273601
32.9216,35.188,121.84579,634.31,5.6046403e-05,-2.3623376,2.7175581,0.19155176
30.864,35.188,135.10141,591.714,5.7002275e-05,-1.9839002,2.3643193,0.1903675
29.3208,35.188,142.31529,549.11804,5.7920843e-05,-1.7702868,2.5282307,0.18918325
25.720001,57.412,177.0193,531.52405,5.906863e-05,-1.5896137,2.645561,0.18799901
22.6336,85.192,211.39359,514.856,6.0247978e-05,-1.8141406,2.49695,0.18681476
20.576,103.712,217.03905,463.0,6.125474e-05,-1.9839002,2.3643193,0.1856305
18.5184,120.38,217.83604,411.60703,6.2326726e-05,-1.942335,2.398583,0.18444625
14.4032,120.38,279.691,411.60703,6.358412e-05,-1.6355429,2.6174157,0.18326199
10.802401,120.38,345.5829,411.60703,6.507438e-05,-0.57857406,2.50608,0.18207774
