Vmax,Rmax_IBT,Rmax_CK22,R34,fcor,u_trans,v_trans,mean_ck_cd
10.288,137.048,438.67874,531.524,3.47882e-05,-3.8155472,1.5415801,0.33218503
13.3744,103.712,159.46921,246.31601,3.769104e-05,-1.8501421,1.7866613,0.4466569
13.3744,103.712,161.74861,249.094,3.872924e-05,-2.36432,1.9838994,0.45400217
13.8888,92.6,178.48409,280.115,3.9624894e-05,-2.4969504,1.8141398,0.47106105
14.4032,85.192,195.55943,312.52502,4.0444127e-05,-1.9988195,1.618612,0.50390476
14.917601,103.712,195.47134,320.396,4.1268497e-05,-1.8501421,1.7866613,0.5122187
15.9464,120.38,190.76648,330.119,4.1909232e-05,-1.4801137,1.429329,0.5129756
16.9752,103.712,188.99838,344.935,4.2134277e-05,-1.0912074,1.091207,0.50102156
18.5184,85.192,181.92322,360.214,4.239659e-05,-1.4032797,1.5048335,0.48571163
21.0904,85.192,154.11613,351.417,4.319387e-05,-1.3499072,1.5528904,0.47075945
23.6624,85.192,131.08655,342.62,4.409823e-05,-1.1801912,1.685487,0.45160374
26.7488,85.192,117.99724,361.60303,4.475861e-05,-0.7716003,1.3364503,0.4277949
30.3496,85.192,103.059494,381.049,4.5309676e-05,-0.8404868,1.2942365,0.39996165
29.3208,61.116,110.17849,387.531,4.5865952e-05,-0.9500887,1.2160584,0.36980987
27.7776,40.744,121.65591,395.402,4.627635e-05,-0.61914724,0.82163626,0.33827797
31.8928,40.744,104.31452,425.96002,4.6433106e-05,-0.5298712,0.88185364,0.30408916
36.5224,40.744,86.013374,458.833,4.651767e-05,-0.56032455,0.8628243,0.2699971
37.5512,44.447998,83.451744,479.205,4.6740803e-05,-0.5298712,0.88185364,0.24653298
38.0656,48.152,83.10685,501.892,4.6999867e-05,-0.18434453,0.48023376,0.23327607
36.008,48.152,95.460686,520.875,4.720462e-05,-0.05376954,0.5115821,0.20457855
33.9504,48.152,110.21885,539.85803,4.748151e-05,0.0,1.0288,0.2033943
31.3784,48.152,122.03331,503.744,4.796257e-05,-0.053843237,1.02739,0.20221004
28.8064,48.152,133.14099,467.167,4.844305e-05,-0.03590471,1.0281733,0.20102578
28.8064,48.152,143.9909,512.078,4.8701047e-05,0.0,0.5144,0.19984153
28.8064,48.152,154.36357,556.989,4.892293e-05,-0.16093966,1.0161338,0.19865729
26.7488,48.152,185.27887,590.788,4.928244e-05,-0.30079207,0.9838463,0.19747303
24.6912,48.152,223.64479,625.51294,4.9641636e-05,-0.43478987,0.93240935,0.19628878
24.1768,92.6,229.5558,619.957,4.9863e-05,-0.5144002,0.8909669,0.19510452
23.6624,137.048,236.5595,617.17896,5.012002e-05,-0.3853953,0.95388675,0.19392027
23.6624,112.972,219.55695,571.3419,5.0544055e-05,-0.28357586,0.98894596,0.19273601
23.6624,92.6,203.19835,527.82,5.1074945e-05,-0.23142962,1.002432,0.19155176
24.1768,81.488,207.01923,556.989,5.1616804e-05,-0.37333366,1.4973605,0.1903675
24.6912,75.932,210.09128,587.084,5.22651e-05,-0.6276758,1.4097835,0.18918325
24.6912,72.228,221.1839,621.809,5.3131742e-05,-1.0597425,1.7637073,0.18799901
24.6912,68.524,231.66516,655.60803,5.392461e-05,-0.81777143,1.3087078,0.18681476
25.2056,57.412,224.813,661.627,5.4296765e-05,-0.7005982,1.3750013,0.1856305
26.2344,48.152,210.08734,668.572,5.4633376e-05,-0.34714442,1.5036479,0.18444625
26.7488,48.152,200.06271,661.627,5.5269993e-05,-0.16130862,1.5347462,0.18326199
27.7776,48.152,183.45235,656.071,5.6046403e-05,-0.32187933,2.0322676,0.18207774
29.3208,48.152,162.5557,656.071,5.681518e-05,-0.39260894,2.0197961,0.18089348
30.3496,48.152,149.36931,656.071,5.768715e-05,-0.21507816,2.0463283,0.17970923
30.3496,61.116,154.05722,699.13,5.873735e-05,0.0,2.572,0.17852497
30.3496,75.932,158.33258,745.43,5.9784e-05,0.10768647,2.05478,0.17734072
30.3496,75.932,161.43816,785.24805,6.0595376e-05,0.2863626,2.0375755,0.17615648
30.3496,75.932,164.13637,827.381,6.14047e-05,0.53254604,1.987489,0.17497222
29.835201,75.932,170.83382,827.381,6.2407285e-05,0.92172235,2.4011688,0.17378797
28.8064,75.932,186.84996,827.381,6.3474974e-05,1.0869741,2.3310237,0.17260371
27.2632,75.932,202.70418,753.764,6.443532e-05,1.2074809,2.2709413,0.17141946
26.2344,75.932,205.37471,681.999,6.552959e-05,1.5432,2.6729007,0.1702352
24.6912,75.932,226.6289,661.627,6.695265e-05,1.9081333,3.0536516,0.16905095
23.6624,75.932,239.35963,642.644,6.8468675e-05,2.3011906,3.4116557,0.16786669
22.1192,64.82,298.653,717.187,6.982989e-05,2.4188538,3.3292668,0.16668244
21.0904,57.412,356.88492,793.119,7.115043e-05,2.4188538,3.3292668,0.16549818
21.0904,61.116,361.4112,805.15704,7.238404e-05,2.4188538,3.3292668,0.16431394
21.0904,68.524,366.32898,818.584,7.380098e-05,3.1669629,4.0535274,0.16312969
18.004,103.712,477.32318,811.176,8.356295e-05,2.998495,4.7985954,0.15720841
16.9752,137.048,489.23547,763.024,8.5311396e-05,3.0817857,4.7455335,0.15602416
