Vmax,Rmax_IBT,Rmax_CK22,R34,fcor,u_trans,v_trans,mean_ck_cd
11.8312,103.712,128.36722,188.90399,1.7520999e-05,-3.048401,-0.48281947,0.2
11.8312,103.712,136.40778,200.47899,1.7249644e-05,-3.5085118,-0.81000423,0.2
11.8312,103.712,145.77072,213.906,1.7015493e-05,-3.0296943,-0.5889124,0.2
14.917601,103.712,139.29564,248.168,1.6850568e-05,-3.0633945,-0.3761383,0.2
18.5184,103.712,131.3955,283.35602,1.6762664e-05,-2.5684752,-0.13460852,0.2
18.5184,103.712,131.37979,283.35602,1.6724493e-05,-2.572,3.0670794e-08,0.2
18.5184,103.712,131.3955,283.35602,1.6762664e-05,-3.0845199,0.10771323,0.2
18.5184,92.6,137.30247,295.39398,1.681321e-05,-3.5920286,0.25117946,0.2
18.5184,85.192,144.21713,309.284,1.7015493e-05,-3.556468,0.56328946,0.2
18.5184,85.192,130.76695,281.504,1.7444849e-05,-3.493841,0.8711126,0.2
18.5184,85.192,119.2283,257.428,1.8026287e-05,-3.4245641,1.1127088,0.2
19.0328,85.192,126.10963,277.8,1.8657172e-05,-3.890998,1.3397782,0.2
20.0616,85.192,130.47171,300.487,1.9288536e-05,-4.427309,1.3535628,0.2
21.604801,85.192,144.57817,354.658,1.9811845e-05,-4.4718504,1.1982284,0.33218503
23.6624,85.192,154.03313,412.07,2.0297284e-05,-4.4718504,1.1982284,0.3476863
25.2056,68.524,143.86378,412.07,2.0800888e-05,-3.9557843,1.1343023,0.36769712
26.2344,51.856,137.61871,412.07,2.130504e-05,-3.992961,0.99555725,0.40228435
26.2344,51.856,131.6896,394.476,2.1751828e-05,-3.992961,0.99555725,0.43478736
26.2344,51.856,126.08475,377.80798,2.231176e-05,-3.3836453,1.2315458,0.4466569
26.2344,51.856,140.63702,420.404,2.3134347e-05,-3.236378,1.5784862,0.45400217
26.2344,51.856,155.15797,463.0,2.4070872e-05,-3.6666706,1.8682607,0.47106105
26.2344,51.856,158.1891,471.797,2.5024612e-05,-3.6987176,1.8039843,0.50390476
26.2344,51.856,161.03506,480.13098,2.5826394e-05,-3.2894945,1.4645773,0.5122187
26.7488,40.744,154.4452,471.797,2.6257765e-05,-2.8616605,1.156185,0.5129756
27.7776,35.188,144.49,463.0,2.6577594e-05,-2.9515393,0.9023753,0.50102156
29.3208,57.412,139.34785,480.131,2.7059647e-05,-2.9947207,0.7466679,0.48571163
30.3496,85.192,137.34819,497.72504,2.7578055e-05,-2.4596162,0.7519794,0.47075945
30.3496,85.192,137.19237,497.72504,2.8020952e-05,-1.7996175,0.9975442,0.45160374
30.3496,85.192,136.99399,497.72504,2.857718e-05,-1.4293294,1.4801131,0.4277949
30.864,85.192,133.29454,497.26202,2.9431652e-05,-1.5117838,2.0807917,0.39996165
31.8928,85.192,126.725845,497.72498,3.0322259e-05,-1.7210038,1.9113686,0.36980987
32.4072,85.192,123.37855,497.72498,3.096292e-05,-1.9988195,1.618612,0.33827797
32.9216,85.192,120.099724,497.72498,3.156599e-05,-1.9702666,1.6532495,0.30408916
33.436,85.192,118.432465,506.05902,3.2292377e-05,-1.8810418,1.7540998,0.2699971
34.4648,85.192,113.824,514.856,3.305528e-05,-1.7540995,1.8810419,0.24653298
35.4936,85.192,113.14411,549.118,3.381729e-05,-1.2667849,1.6214111,0.23327607
37.0368,85.192,108.38631,582.454,3.454095e-05,-0.9659845,1.816753,0.20457855
37.0368,85.192,107.74759,582.454,3.515871e-05,-0.39940992,1.4906167,0.2033943
37.0368,85.192,107.109634,582.454,3.577612e-05,-0.08076486,1.5410851,0.20221004
37.0368,85.192,106.38403,582.454,3.6478934e-05,0.026932552,1.542965,0.20102578
37.0368,85.192,105.58386,582.454,3.7254722e-05,0.24140969,1.5242007,0.19984153
35.4936,85.192,113.98041,582.454,3.813378e-05,0.53254604,1.987489,0.19865729
34.4648,85.192,119.91687,582.454,3.897458e-05,0.52780545,1.4501337,0.19747303
33.436,85.192,121.864075,553.285,3.9605704e-05,0.72448856,1.3625647,0.19628878
32.9216,85.192,119.63908,522.727,4.0199502e-05,1.2094269,1.6646334,0.19510452
32.4072,85.192,119.39875,505.596,4.093297e-05,1.349907,1.5528905,0.19392027
31.8928,85.192,119.00542,488.465,4.1665367e-05,1.4293292,1.4801135,0.19273601
30.864,85.192,125.550545,488.465,4.229276e-05,1.5290949,1.376803,0.19155176
30.3496,85.192,128.89113,488.465,4.288343e-05,1.6646334,1.2094269,0.1903675
27.7776,85.192,132.95107,432.905,4.35275e-05,2.2274175,1.2859999,0.18918325
25.2056,85.192,133.22517,376.882,4.409823e-05,2.774038,1.3529888,0.18799901
22.6336,103.712,171.30916,420.404,4.453506e-05,2.8616602,1.156186,0.18681476
20.0616,120.38,219.766,463.00003,4.4825505e-05,2.935341,0.95375,0.1856305
18.5184,127.788,235.81436,454.666,4.5018856e-05,2.524745,0.4907609,0.18444625
16.9752,137.048,252.20064,445.406,4.506766e-05,2.0497704,0.17933176,0.18326199
15.9464,127.788,262.4382,437.535,4.5019016e-05,1.5316973,-0.1880687,0.18207774
14.4032,120.38,280.40057,428.738,4.4825505e-05,1.3087077,-0.8177716,0.18089348
11.8312,120.38,227.27716,309.747,4.4534816e-05,0.8629467,-1.2793707,0.17970923
9.2592,120.38,161.47894,192.608,4.409823e-05,0.3208492,-1.5094774,0.17852497
