Vmax,Rmax_IBT,Rmax_CK22,R34,fcor,u_trans,v_trans,mean_ck_cd
11.3168,57.412,175.2517,240.76,3.219311e-05,-1.3750011,-0.7005984,0.2
11.8312,35.188,221.38225,309.284,3.2559245e-05,-1.9778922,-0.5671511,0.2
12.3456,35.188,200.47678,290.301,3.2757493e-05,-2.0263405,-0.3572984,0.2
13.3744,35.188,177.02522,274.096,3.280731e-05,-2.042263,-0.25075886,0.2
13.3744,40.744,170.61545,264.836,3.28259e-05,-2.0463283,-0.21507749,0.2
13.3744,51.856,165.49367,257.428,3.280731e-05,-2.5579104,-0.26884687,0.2
13.8888,51.856,162.2979,260.206,3.2807122e-05,-3.0746555,-0.26899737,0.2
14.4032,51.856,161.03851,265.76202,3.280731e-05,-3.0864,3.6804952e-08,0.2
14.917601,51.856,172.23682,290.764,3.2844415e-05,-2.5579104,0.26884696,0.2
15.9464,51.856,178.73781,317.61798,3.280731e-05,-2.0375755,0.28636295,0.2
16.9752,51.856,179.36772,336.138,3.2540396e-05,-2.0497704,0.17933165,0.2
18.5184,51.856,175.43608,356.047,3.231108e-05,-2.0576,2.4536634e-08,0.2
21.0904,51.856,149.70604,348.176,3.232342e-05,-2.0375755,-0.2863629,0.2
23.6624,51.856,129.61281,342.62003,3.2559245e-05,-1.9568938,-0.6358336,0.2
23.148,40.744,123.96236,320.396,3.29993e-05,-1.8797112,-0.8369013,0.2
22.6336,35.188,118.71384,300.024,3.3550914e-05,-1.8167529,-0.9659848,0.2
20.576,35.188,121.199196,277.80002,3.4101708e-05,-1.8333348,-0.9341312,0.2
18.5184,35.188,124.26066,257.428,3.454095e-05,-1.9676925,-0.6015845,0.2
16.9752,35.188,129.02975,246.779,3.4720088e-05,-2.0463283,-0.21507749,0.2
15.9464,35.188,132.49828,239.834,3.47882e-05,-2.042263,-0.25075886,0.2
15.9464,35.188,124.55064,226.407,3.4874658e-05,-1.9964805,-0.49777856,0.2
15.9464,35.188,117.48839,214.369,3.5035337e-05,-1.8797112,-0.8369013,0.2
15.9464,24.076,140.74062,253.26099,3.5461406e-05,-1.8333348,-0.9341312,0.2
15.9464,16.668,163.60138,290.764,3.577612e-05,-1.0231642,-0.107538745,0.2
16.4608,16.668,163.30255,298.172,3.564022e-05,-0.7645473,0.6884017,0.2
16.9752,16.668,165.00374,309.284,3.5282377e-05,-0.7146647,0.7400566,0.33218503
22.6336,40.744,115.31795,291.69,3.394096e-05,-0.42137185,0.29504767,0.4466569
23.6624,35.188,113.0541,300.024,3.3798577e-05,-0.66130006,0.7881064,0.45400217
25.2056,24.076,117.01267,332.89697,3.3445598e-05,-0.45099634,0.9246793,0.47106105
26.2344,16.668,123.59775,368.548,3.305528e-05,-0.48299226,0.9083765,0.50390476
27.7776,24.076,115.04722,368.548,3.278872e-05,-0.5900956,0.8427435,0.5122187
29.3208,35.188,107.31801,368.548,3.2559245e-05,-0.66130006,0.7881064,0.5129756
29.835201,40.744,97.719086,342.157,3.231107e-05,-0.7146647,0.7400566,0.50102156
30.3496,51.856,88.91749,317.15503,3.206281e-05,-0.38227364,0.34420085,0.48571163
31.8928,35.188,83.40562,316.69202,3.1851636e-05,-0.7764454,0.67495334,0.47075945
32.9216,16.668,80.11261,316.69202,3.156599e-05,-0.7400569,0.7146645,0.45160374
32.9216,16.668,82.69534,327.341,3.110615e-05,-1.071997,1.1100849,0.4277949
32.9216,16.668,85.3997,338.453,3.0571195e-05,-1.0326023,1.1468211,0.39996165
33.436,24.076,82.63421,333.36002,3.0054469e-05,-1.0326023,1.1468211,0.36980987
34.4648,35.188,78.82961,330.119,2.9574905e-05,-1.0326023,1.1468211,0.33827797
35.4936,40.744,76.627144,333.36,2.9126011e-05,-1.18216,0.9919497,0.30408916
37.0368,51.856,73.465485,338.453,2.882674e-05,-1.4676703,0.47687522,0.2699971
38.58,57.412,71.92694,352.343,2.8789205e-05,-1.5432,1.8402476e-08,0.24653298
39.6088,68.524,71.99325,369.01102,2.882674e-05,-1.5410851,0.08076514,0.23327607
40.1232,40.744,72.01106,377.345,2.8701976e-05,-2.0322676,0.3218797,0.20457855
41.152,16.668,70.654724,385.67902,2.857718e-05,-2.0497704,0.17933165,0.2033943
41.152,35.188,69.48352,377.345,2.8520952e-05,-2.572,3.0670794e-08,0.20221004
41.152,51.856,68.23957,369.01102,2.857718e-05,-2.0463283,-0.21507749,0.20102578
41.152,40.744,66.43,357.436,2.8789143e-05,-1.9964805,-0.49777856,0.19984153
41.152,35.188,64.78105,347.25,2.9076216e-05,-1.9676925,-0.6015845,0.19865729
41.152,24.076,64.68826,347.25,2.9288101e-05,-1.9568938,-0.6358336,0.19747303
41.152,16.668,64.56271,347.25,2.9574905e-05,-1.9077733,-0.77079093,0.19628878
35.4936,16.668,75.14916,327.341,3.0016845e-05,-1.8167529,-0.9659848,0.19510452
30.3496,16.668,86.6823,308.358,3.0571195e-05,-2.1068592,-1.4752383,0.19392027
