Vmax,Rmax_IBT,Rmax_CK22,R34,fcor,u_trans,v_trans,mean_ck_cd
9.2592,137.048,164.18323,197.238,3.0322259e-05,-1.945499,0.6698891,0.40228435
10.802401,137.048,147.01999,197.238,3.0707888e-05,-1.2942364,0.84048706,0.43478736
11.8312,137.048,137.2157,197.238,3.131743e-05,-0.81777143,1.3087078,0.4466569
12.3456,127.788,132.8423,197.238,3.216821e-05,0.0,1.5432,0.45400217
13.3744,120.38,124.639084,197.238,3.305528e-05,0.32084933,1.5094774,0.47106105
13.3744,120.38,124.78502,197.238,3.3693446e-05,0.42536357,1.4834191,0.50390476
13.3744,120.38,124.92156,197.238,3.4293596e-05,0.29445645,1.514847,0.5122187
13.8888,103.712,127.896904,207.42401,3.5035246e-05,0.17933165,2.0497704,0.5129756
14.4032,85.192,131.33789,218.536,3.577612e-05,0.2863626,2.0375755,0.50102156
14.917601,85.192,133.97545,228.722,3.6300367e-05,0.2863626,2.0375755,0.48571163
15.9464,85.192,133.70766,240.76,3.700857e-05,-0.2241653,2.5622127,0.47075945
16.4608,85.192,139.55429,256.502,3.8379505e-05,-0.9023762,2.951539,0.45160374
16.9752,85.192,146.19783,274.096,3.9709896e-05,-1.5117838,2.0807917,0.4277949
20.0616,75.932,145.62056,318.081,4.0346775e-05,-1.7637078,1.059742,0.39996165
22.6336,68.524,147.20653,364.84402,4.0688625e-05,-1.781934,1.0287998,0.36980987
26.2344,57.412,131.41182,392.161,4.1091393e-05,-1.1468209,1.0326025,0.33827797
30.3496,51.856,113.4869,419.941,4.142137e-05,-0.8323168,0.60471326,0.30408916
33.436,57.412,103.52698,454.66602,4.168362e-05,-0.8724718,0.5451811,0.2699971
37.0368,68.524,90.3713,488.465,4.1909232e-05,-0.19269764,0.47694337,0.24653298
36.008,68.524,95.22922,488.465,4.2134656e-05,0.46706542,0.9166675,0.23327607
35.4936,68.524,97.68085,488.465,4.239659e-05,0.6884016,0.7645474,0.20457855
34.4648,68.524,101.050186,475.964,4.2706946e-05,0.74005675,0.7146646,0.2033943
32.9216,68.524,107.14153,463.0,4.3126656e-05,1.1646678,1.0124303,0.20221004
32.4072,57.412,108.26811,454.66602,4.364334e-05,1.4293292,1.4801135,0.20102578
31.8928,51.856,109.104935,445.406,4.4340795e-05,0.80396837,1.8940308,0.19984153
30.864,51.856,125.914604,497.262,4.5309538e-05,0.10768647,2.05478,0.19865729
30.3496,51.856,140.02821,549.11804,4.627635e-05,0.13449873,1.5373278,0.19747303
30.3496,51.856,139.65114,549.11804,4.687931e-05,0.5530334,1.4407012,0.19628878
30.3496,51.856,139.2727,549.11804,4.748151e-05,0.9019925,1.8493587,0.19510452
29.835201,51.856,148.37971,574.12,4.8389214e-05,1.0461266,2.349639,0.19392027
29.3208,51.856,158.12329,600.048,4.9402213e-05,0.7089393,2.4723651,0.19273601
28.292,51.856,171.79721,613.475,5.0358893e-05,0.17933165,2.0497704,0.19155176
27.7776,51.856,180.25072,625.97595,5.131329e-05,0.10768647,2.05478,0.1903675
27.7776,51.856,186.3985,656.07104,5.228291e-05,0.0897615,2.5704334,0.18918325
27.7776,51.856,192.0934,685.703,5.321436e-05,-0.035910487,2.0572867,0.18799901
27.7776,40.744,193.28131,694.963,5.407829e-05,-0.10764805,1.5394409,0.18681476
27.7776,35.188,194.17986,702.834,5.4869302e-05,-0.053857062,1.5422599,0.1856305
27.7776,35.188,193.50584,702.834,5.5593664e-05,-0.035910487,2.0572867,0.18444625
27.7776,35.188,192.86324,702.834,5.6281307e-05,-0.46285924,2.004864,0.18326199
27.7776,35.188,192.17001,702.834,5.7020072e-05,-0.9019927,1.8493586,0.18207774
27.7776,35.188,191.54164,702.834,5.768715e-05,-1.209427,1.6646333,0.18089348
27.7776,40.744,191.87135,707.001,5.8189326e-05,-1.4293294,1.4801131,0.17970923
27.7776,51.856,192.2514,711.16797,5.862087e-05,-1.128625,1.05246,0.17852497
27.7776,51.856,191.7634,711.16797,5.9121416e-05,-1.2324542,0.9287212,0.17734072
27.7776,51.856,191.34306,711.16797,5.9551734e-05,-1.9209352,0.7373776,0.17615648
27.7776,51.856,185.6991,682.925,5.9836155e-05,-2.0048637,0.4628596,0.17497222
27.7776,51.856,180.2568,656.07104,6.0016075e-05,-1.5148472,0.29445627,0.17378797
26.2344,57.412,203.29729,656.534,6.0149137e-05,-1.5242006,0.24140978,0.17260371
25.2056,68.524,220.93123,659.775,6.0247978e-05,-2.0263405,0.35729846,0.17141946
25.2056,68.524,229.34401,690.333,6.036375e-05,-2.042263,0.25075796,0.1702352
25.2056,68.524,237.15154,719.50195,6.0479695e-05,-2.0375755,0.28636295,0.16905095
24.1768,68.524,257.52698,719.50195,6.0595485e-05,-2.0263405,0.35729846,0.16786669
23.6624,68.524,268.2282,719.50195,6.0711227e-05,-1.5242006,0.24140978,0.16668244
23.6624,68.524,268.1654,719.50195,6.0826653e-05,-1.0211315,0.12537898,0.16549818
23.6624,68.524,268.1023,719.50195,6.0942573e-05,-0.99824023,0.24888931,0.16431394
23.6624,68.524,268.0487,719.50195,6.104065e-05,-1.4407014,0.5530332,0.16312969
23.6624,68.524,267.9759,719.50195,6.1173734e-05,-1.4308302,0.5780925,0.16194543
23.6624,68.524,267.8777,719.50195,6.135266e-05,-1.4676703,0.47687522,0.16076118
23.6624,68.524,267.7217,719.50195,6.1635496e-05,-0.94701535,0.40198427,0.15957692
23.148,109.268,278.72302,719.50195,6.206186e-05,-1.2324542,0.9287212,0.15839267
22.6336,153.716,290.1342,719.50195,6.255676e-05,-1.1646681,1.0124301,0.15720841
22.6336,109.268,289.95297,719.50195,6.299893e-05,-1.4801137,1.429329,0.15602416
22.6336,68.524,289.7555,719.50195,6.3474974e-05,-1.071997,1.1100849,0.1548399
21.604801,68.524,312.49695,715.33496,6.4012886e-05,-1.0326023,1.1468211,0.15365566
21.0904,68.524,323.39487,711.16797,6.461839e-05,-0.9919501,1.1821597,0.15247141
21.0904,68.524,323.3638,711.16797,6.481547e-05,-1.5762132,1.3225996,0.15128715
20.576,68.524,336.52145,711.16797,6.52337e-05,-1.5528908,1.3499067,0.1501029
20.0616,68.524,350.16257,711.16797,6.5983986e-05,-1.1505958,1.7058275,0.14891864
18.5184,68.524,384.26486,694.5,6.695248e-05,-1.3043696,2.797228,0.14773439
16.9752,68.524,419.16397,677.369,6.801876e-05,-1.352989,2.7740378,0.14655013
16.9752,75.932,402.43073,651.90405,6.906363e-05,-1.3043696,2.797228,0.14536588
16.9752,85.192,385.03058,625.513,7.003676e-05,-1.0461262,2.3496392,0.14418162
16.9752,85.192,388.615,630.143,7.078323e-05,-0.9217227,2.4011688,0.14299737
16.9752,85.192,391.92447,634.31,7.159438e-05,-0.7947916,2.4461174,0.14181313
16.9752,85.192,392.55194,634.31,7.2695235e-05,-0.79881984,2.9812334,0.14062887
16.9752,85.192,393.29474,634.31,7.402041e-05,-0.50113446,3.5657573,0.13944462
16.4608,92.6,409.05954,634.31,7.551725e-05,-0.28706145,4.105176,0.13826036
15.9464,103.712,425.5448,634.31,7.70685e-05,-0.35866448,4.09954,0.13707611
14.917601,109.268,488.15125,668.572,7.848449e-05,-0.50113446,3.5657573,0.13589185
14.4032,120.38,539.24036,702.83405,7.9857724e-05,-0.68706566,3.5346432,0.1347076
14.4032,120.38,540.99915,702.83405,8.120517e-05,-0.8100037,3.5085118,0.13352334
14.4032,120.38,542.8211,702.83405,8.2605824e-05,-0.74864864,3.5221138,0.13233909
13.8888,127.788,587.60046,724.59503,8.415646e-05,-0.42954382,3.0563633,0.13115485
13.3744,137.048,635.9604,745.893,8.5723776e-05,0.0,3.6008,0.1299706
12.3456,144.456,665.0734,724.59503,8.71893e-05,0.50151676,4.084526,0.12878634
11.8312,153.716,666.85406,702.834,8.858091e-05,0.68706506,3.5346432,0.12760209
11.8312,153.716,549.1116,602.363,8.982913e-05,0.8711124,3.493841,0.12641783
11.8312,153.716,438.87482,501.892,9.1186645e-05,0.995557,3.992961,0.12523358
11.3168,153.716,455.3898,501.892,9.290479e-05,1.1571481,5.01216,0.12404932
10.802401,153.716,472.6532,501.892,9.47168e-05,1.0694978,5.0315914,0.122865066
