Vmax,Rmax_IBT,Rmax_CK22,R34,fcor,u_trans,v_trans,mean_ck_cd
11.8312,85.192,157.8882,223.16602,3.7746686e-05,-2.5716083,-0.044887304,0.33218503
13.3744,68.524,149.14922,231.50002,3.7586655e-05,-2.5684752,-0.13460852,0.3476863
14.4032,51.856,146.28978,240.76,3.7500762e-05,-3.0633945,-0.3761383,0.36769712
15.9464,40.744,145.90485,260.669,3.7568127e-05,-3.0563633,-0.42954433,0.40228435
16.9752,35.188,150.63757,282.893,3.7746686e-05,-2.5704334,0.089761026,0.43478736
18.5184,35.188,156.62317,316.692,3.7955302e-05,-1.945499,0.6698891,0.4466569
20.0616,35.188,161.67244,351.88,3.8238195e-05,-1.8493588,0.90199214,0.45400217
21.604801,35.188,159.93959,375.95602,3.8532286e-05,-2.2709413,1.207481,0.47106105
23.6624,35.188,154.48344,403.273,3.897458e-05,-2.6174154,1.6355432,0.50390476
23.6624,24.076,159.31396,415.31104,3.9673017e-05,-3.4898872,2.1807244,0.5122187
23.6624,16.668,164.68628,428.738,4.0444127e-05,-3.2894945,1.4645773,0.5129756
25.720001,16.668,151.0324,439.38702,4.1109928e-05,-3.5085115,0.8100043,0.50102156
27.7776,16.668,139.58586,454.66602,4.1665367e-05,-3.0633945,0.37613693,0.48571163
27.7776,24.076,149.87457,491.24298,4.2030828e-05,-3.0563633,0.42954442,0.47075945
27.7776,35.188,160.91266,531.52405,4.239659e-05,-2.9353406,0.95375043,0.45160374
28.292,35.188,172.25989,595.881,4.2986092e-05,-2.7500029,1.4011955,0.4277949
29.3208,35.188,174.99326,659.775,4.3612705e-05,-2.7251294,1.4489772,0.39996165
30.3496,40.744,165.47955,672.739,4.4080087e-05,-2.3116984,1.1274902,0.36980987
31.8928,51.856,150.54515,685.24,4.458322e-05,-2.1811795,1.3629527,0.33827797
32.9216,57.412,137.87149,672.276,4.5309018e-05,-2.1068592,1.4752383,0.30408916
34.4648,68.524,122.073685,660.23804,4.6034886e-05,-2.6994264,1.4963164,0.2699971
35.4936,85.192,115.026405,681.536,4.655367e-05,-2.841046,1.2059529,0.24653298
37.0368,103.712,103.995125,702.834,4.6999867e-05,-2.8616605,1.156185,0.23327607
37.0368,92.6,103.35529,702.834,4.746328e-05,-2.349639,1.0461266,0.20457855
37.0368,85.192,102.66847,702.834,4.796257e-05,-2.3116984,1.1274902,0.2033943
37.0368,85.192,101.87059,702.834,4.8544916e-05,-1.7996175,0.9975442,0.20221004
37.0368,85.192,101.028305,702.834,4.916265e-05,-1.7058278,1.1505953,0.20102578
35.4936,85.192,110.67389,677.83203,4.9760893e-05,-1.6432723,1.2382948,0.19984153
34.4648,85.192,116.16493,650.978,5.035898e-05,-1.9988195,1.618612,0.19865729
34.4648,92.6,117.38127,672.276,5.090189e-05,-1.9411135,1.6873834,0.19747303
34.4648,103.712,118.34897,694.5,5.155148e-05,-1.9113681,1.7210042,0.19628878
34.4648,103.712,117.79059,701.908,5.2413547e-05,-1.818679,1.8186784,0.19510452
34.4648,103.712,117.10654,711.63104,5.345127e-05,-1.5478681,2.0540907,0.19392027
32.9216,103.712,130.16043,705.149,5.463304e-05,-1.6355429,2.6174157,0.19273601
31.8928,103.712,139.63643,703.76,5.581132e-05,-1.7258937,2.558741,0.19155176
30.864,92.6,150.9208,707.46405,5.67857e-05,-1.9001774,2.4321167,0.1903675
30.3496,85.192,156.89188,712.09406,5.768715e-05,-1.5834811,2.026764,0.18918325
29.3208,85.192,170.39291,717.187,5.86035e-05,-1.4382447,2.1322844,0.18799901
27.7776,85.192,193.83298,724.59503,5.9551734e-05,-1.2074807,2.2709413,0.18681476
27.7776,85.192,196.10149,743.115,6.056036e-05,-1.1274909,2.3116982,0.1856305
27.7776,85.192,198.31503,763.024,6.1635496e-05,-1.2059524,2.8410463,0.18444625
27.7776,85.192,194.19273,746.356,6.282104e-05,-1.4069444,3.314554,0.18326199
27.7776,85.192,190.03883,728.762,6.393293e-05,-1.2469299,2.2495222,0.18207774
27.7776,85.192,187.26482,717.64996,6.4800966e-05,-1.090362,1.7449437,0.18089348
27.7776,85.192,184.7297,707.001,6.552959e-05,-0.7244884,1.3625648,0.17970923
27.7776,85.192,187.0296,725.05804,6.622773e-05,-0.5278058,1.4501336,0.17852497
27.7776,85.192,188.98367,741.726,6.689037e-05,-0.46285924,2.004864,0.17734072
27.7776,120.38,183.50919,711.63104,6.753409e-05,-0.5325466,1.9874889,0.17615648
27.7776,153.716,177.83286,681.536,6.8243826e-05,-0.7947916,2.4461174,0.17497222
29.3208,153.716,151.6678,659.775,6.910846e-05,-0.7519801,2.4596157,0.17378797
30.3496,153.716,135.44653,638.94006,7.003676e-05,-0.60158414,1.9676926,0.17260371
30.3496,153.716,135.67554,648.663,7.091139e-05,-0.46285924,2.004864,0.17141946
30.3496,153.716,135.93921,659.775,7.181604e-05,-0.28636256,2.0375755,0.1702352
29.835201,137.048,141.9832,664.405,7.276116e-05,-0.2241653,2.5622127,0.16905095
29.3208,120.38,148.22687,668.109,7.380098e-05,-0.08976177,2.5704334,0.16786669
26.7488,109.268,183.09796,651.441,7.489043e-05,-0.26899835,3.0746553,0.16668244
25.2056,103.712,204.40633,633.847,7.620224e-05,-0.12566648,3.5986066,0.16549818
23.148,85.192,232.82678,604.678,7.7866054e-05,0.21537293,4.10956,0.16431394
22.1192,79.636,248.13562,592.177,7.846218e-05,0.32294455,4.618323,0.16312969
21.604801,72.228,254.56639,582.917,7.9058984e-05,0.43015555,4.0926566,0.16194543
21.0904,68.524,261.11423,574.12,7.9644604e-05,0.8711124,3.493841,0.16076118
20.576,68.524,257.77002,544.488,8.125278e-05,1.3488834,3.3386037,0.15957692
20.0616,68.524,252.79701,513.93,8.2815466e-05,1.803985,3.6987174,0.15839267
16.9752,68.524,151.08554,263.91,8.4393585e-05,2.3353271,4.583338,0.15720841
14.4032,68.524,9.329027,16.668,8.592957e-05,2.998495,4.7985954,0.15602416
