Vmax,Rmax_IBT,Rmax_CK22,R34,fcor,u_trans,v_trans,mean_ck_cd
11.8312,137.048,207.36711,283.35602,4.7240763e-05,-1.4407014,-0.5530332,0.2
12.3456,127.788,197.77785,279.18903,4.689749e-05,-1.2641156,-0.885143,0.33218503
13.3744,120.38,182.94966,275.022,4.651767e-05,-1.2793709,-0.8629465,0.3476863
13.8888,103.712,177.42744,275.022,4.6257705e-05,-1.8167529,-0.9659848,0.36769712
14.4032,85.192,172.1193,275.022,4.6034886e-05,-1.8940307,-0.80396855,0.40228435
15.9464,92.6,157.47968,275.022,4.5793313e-05,-2.4318738,-0.83736134,0.43478736
16.9752,103.712,148.57097,275.022,4.5551555e-05,-2.4956007,-0.6222232,0.4466569
16.9752,92.6,145.22305,269.466,4.530912e-05,-3.0296943,-0.5889124,0.45400217
16.9752,85.192,142.97488,265.762,4.506766e-05,-3.048401,-0.48281947,0.47106105
18.5184,85.192,131.33078,265.762,4.4806973e-05,-3.5657573,-0.50113505,0.50390476
20.0616,85.192,120.941536,265.762,4.458322e-05,-3.587098,-0.3138303,0.5122187
20.576,75.932,120.78928,272.244,4.4425244e-05,-3.6002517,-0.06284223,0.5129756
21.0904,68.524,122.72386,283.35602,4.4340795e-05,-3.6008,4.293911e-08,0.50102156
22.6336,68.524,121.96991,303.728,4.4321812e-05,-3.6002517,0.06284231,0.48571163
23.6624,68.524,124.525566,325.952,4.4340795e-05,-3.5986066,0.12566544,0.47075945
25.2056,68.524,127.31733,360.214,4.437624e-05,-4.1145735,0.07181978,0.45160374
26.2344,68.524,131.99258,394.476,4.4340795e-05,-4.1126933,-0.14361951,0.4277949
28.292,57.412,118.48162,394.476,4.4207183e-05,-4.084526,-0.5015177,0.39996165
30.3496,51.856,106.66791,394.476,4.385554e-05,-3.974978,-1.0650918,0.36980987
30.3496,51.856,105.84073,390.30902,4.314432e-05,-3.867023,-1.407481,0.33827797
30.3496,51.856,105.00659,386.142,4.239659e-05,-3.935385,-1.203169,0.30408916
32.4072,51.856,92.317894,373.178,4.1938572e-05,-3.5221138,-0.7486492,0.2699971
34.4648,51.856,81.497856,360.214,4.1665367e-05,-4.075151,-0.5727258,0.24653298
30.3496,51.856,98.753365,360.214,4.1524418e-05,-4.0926566,-0.43015498,0.23327607
26.2344,51.856,120.80357,360.214,4.142137e-05,-4.0926566,-0.43015498,0.20457855
23.6624,51.856,141.0227,368.548,4.1141804e-05,-4.0926566,-0.43015498,0.2033943
21.0904,51.856,165.45897,376.88202,4.093299e-05,-3.0788815,-0.21529658,0.20221004
19.0328,51.856,185.14734,376.88202,4.0907013e-05,-2.0563467,0.07180882,0.20102578
16.9752,51.856,207.84344,376.88202,4.1177245e-05,-2.0126367,0.42779866,0.19984153
15.9464,51.856,209.68039,359.75098,4.1872387e-05,-1.9778922,0.5671511,0.19865729
14.4032,51.856,218.12846,343.54602,4.2640077e-05,-2.4843612,0.66568244,0.19747303
13.8888,57.412,224.94377,343.54602,4.3059954e-05,-2.5060797,0.57857454,0.19628878
13.3744,68.524,231.93616,343.54602,4.3369746e-05,-2.4723651,0.7089389,0.19510452
13.3744,68.524,276.84796,402.81,4.3770244e-05,-2.4318738,0.83736134,0.19392027
13.3744,68.524,323.66675,463.0,4.409823e-05,-2.401169,0.921722,0.19273601
13.3744,68.524,317.29962,454.66602,4.4273595e-05,-1.9209352,0.7373776,0.19155176
13.3744,68.524,310.49402,445.869,4.4340795e-05,-1.9778922,0.5671511,0.1903675
13.3744,68.524,313.75763,450.036,4.4359287e-05,-2.0322676,0.3218797,0.18918325
13.3744,68.524,316.99542,454.203,4.4340795e-05,-2.0375755,0.28636295,0.18799901
13.3744,68.524,316.99496,454.203,4.4340275e-05,-2.0322676,0.3218797,0.18681476
13.3744,68.524,316.99542,454.203,4.4340795e-05,-1.5410851,0.08076514,0.1856305
12.3456,75.932,319.10034,433.36798,4.4267632e-05,-1.5432,1.8402476e-08,0.18444625
11.8312,85.192,310.44977,411.60703,4.4340795e-05,-2.0497704,0.17933165,0.18326199
11.8312,85.192,310.80597,411.60703,4.4807293e-05,-2.5329256,0.4466231,0.18207774
11.8312,85.192,311.18912,411.60703,4.5309676e-05,-2.5060797,0.57857454,0.18089348
11.3168,85.192,318.21298,408.829,4.541201e-05,-2.4723651,0.7089389,0.17970923
10.802401,85.192,326.62692,407.44,4.5551555e-05,-2.841046,1.2059529,0.17852497
9.7736,92.6,346.8811,407.44,4.615583e-05,-2.8195667,1.255352,0.17734072
9.2592,103.712,357.62018,407.44,4.675884e-05,-3.0296943,0.58891255,0.17615648
