Vmax,Rmax_IBT,Rmax_CK22,R34,fcor,u_trans,v_trans,mean_ck_cd
11.3168,137.048,130.87822,180.57,3.9428196e-05,-0.3882227,0.33747667,0.36769712
11.8312,137.048,126.534485,180.57,3.9464914e-05,-0.3940533,0.3306499,0.40228435
12.3456,137.048,131.11731,192.608,3.97282e-05,-0.4053527,0.3166963,0.43478736
13.3744,137.048,131.89374,205.572,3.995476e-05,-0.4699278,0.20922533,0.4466569
13.8888,120.38,127.83451,205.572,3.9869083e-05,-0.5115821,0.053769387,0.45400217
14.4032,103.712,123.94139,205.572,3.9709896e-05,-1.0231642,-0.107538745,0.47106105
14.917601,92.6,144.40248,243.538,3.967309e-05,-1.0161338,-0.16093983,0.50390476
15.9464,85.192,159.98305,282.43,3.9709896e-05,-1.0281733,-0.035904877,0.5122187
16.4608,85.192,155.45595,282.43,3.9795617e-05,-1.0187877,0.14318147,0.5129756
16.9752,85.192,151.12582,282.43,3.995476e-05,-1.0098981,0.19630417,0.50102156
18.5184,75.932,139.00394,282.43,4.018111e-05,-1.0024319,0.2314298,0.48571163
20.0616,68.524,128.17815,282.43,4.0444127e-05,-0.9784469,0.3179168,0.47075945
21.0904,68.524,125.00626,289.838,4.068846e-05,-1.4308302,0.5780925,0.45160374
22.6336,68.524,119.92945,300.024,4.093299e-05,-1.4407014,0.5530332,0.4277949
23.6624,68.524,122.01047,320.396,4.123235e-05,-1.9568938,0.6358336,0.39996165
25.2056,68.524,120.97089,342.62,4.142137e-05,-1.5373278,0.13449873,0.36980987
29.3208,57.412,108.52405,377.808,4.1280888e-05,-1.0211315,-0.12537943,0.33827797
32.9216,51.856,98.076836,411.144,4.1177245e-05,-0.9889461,0.28357556,0.30408916
34.4648,51.856,96.94464,446.332,4.1433508e-05,-0.5298712,0.88185364,0.2699971
35.4936,51.856,96.75001,479.668,4.1909232e-05,-0.7005982,1.3750013,0.24653298
36.008,51.856,91.028984,459.759,4.250007e-05,-0.79480684,1.3227805,0.23327607
37.0368,51.856,83.634674,441.70203,4.3126656e-05,-0.8404868,1.2942365,0.20457855
37.0368,51.856,83.33468,441.70203,4.3630727e-05,-0.9711675,1.1992915,0.2033943
37.0368,51.856,83.05655,441.70203,4.409823e-05,-1.1468209,1.0326025,0.20221004
37.0368,51.856,79.40848,416.23703,4.4638047e-05,-1.6214108,1.2667851,0.20102578
37.0368,51.856,76.156784,394.013,4.506766e-05,-1.3227807,0.7948065,0.19984153
34.979202,103.712,81.352554,377.34503,4.5170287e-05,-0.9246794,0.45099607,0.19865729
32.9216,153.716,86.5199,360.677,4.5309676e-05,-1.1468209,1.0326025,0.19747303
32.4072,127.788,99.93993,416.7,4.582356e-05,-1.2667849,1.6214111,0.19628878
31.8928,103.712,113.17075,471.33398,4.651767e-05,-0.99754393,1.7996176,0.19510452
30.3496,103.712,123.16847,471.33398,4.725879e-05,-0.80396825,1.8940308,0.19392027
29.3208,103.712,130.3943,471.33398,4.796257e-05,-0.7716003,1.3364503,0.19273601
27.7776,103.712,142.50586,471.33398,4.8443002e-05,-0.8851434,1.2641153,0.19155176
26.2344,103.712,155.9605,471.33398,4.892293e-05,-0.4253638,1.483419,0.1903675
24.1768,103.712,162.14136,433.36798,4.9569822e-05,-0.107686475,2.05478,0.18918325
22.6336,103.712,161.27428,394.939,5.035898e-05,-0.25075853,2.042263,0.18799901
22.6336,103.712,161.3727,394.939,5.1313305e-05,-0.49777824,1.9964806,0.18681476
22.6336,103.712,161.46518,394.939,5.22651e-05,-0.37333366,1.4973605,0.1856305
21.0904,103.712,176.66826,394.939,5.3012827e-05,-0.32084942,1.5094774,0.18444625
20.0616,103.712,187.74608,394.939,5.3688025e-05,-0.18806891,1.5316973,0.18326199
19.0328,103.712,199.3689,394.47598,5.4414886e-05,-0.2414095,1.5242007,0.18207774
18.5184,103.712,205.71486,394.476,5.510506e-05,-0.836901,1.8797114,0.18089348
17.489601,103.712,218.78871,394.476,5.5711367e-05,-1.209427,1.6646333,0.17970923
16.9752,103.712,225.75674,394.476,5.6281307e-05,-1.376803,1.5290949,0.17852497
16.4608,109.268,188.841,326.415,5.6903056e-05,-1.4293294,1.4801131,0.17734072
15.9464,120.38,152.13754,261.13202,5.7453286e-05,-1.0326023,1.1468211,0.17615648
13.8888,120.38,171.34134,261.13202,5.782147e-05,-0.63339245,0.81070554,0.17497222
11.8312,120.38,193.30086,261.13202,5.8154368e-05,-0.66130006,0.7881064,0.17378797
11.3168,120.38,199.38058,261.13202,5.8638332e-05,-0.6884015,0.76454747,0.17260371
10.802401,120.38,205.63872,261.13202,5.9086666e-05,-0.6749536,0.7764452,0.17141946
