Vmax,Rmax_IBT,Rmax_CK22,R34,fcor,u_trans,v_trans,mean_ck_cd
9.2592,153.716,128.30318,154.642,2.7827968e-05,-3.9137876,1.2716672,0.2
9.7736,153.716,123.25348,154.642,2.826516e-05,-4.5445414,0.8833688,0.2
10.802401,153.716,114.09444,154.642,2.8327528e-05,-4.084526,0.5015159,0.2
11.3168,144.456,123.21943,172.69899,2.8220926e-05,-3.5958652,0.188452,0.2
11.8312,137.048,133.18645,192.608,2.807779e-05,-3.0821702,0.16153029,0.2
11.8312,127.788,139.23122,200.942,2.8183593e-05,-3.0788815,0.21529667,0.2
11.8312,120.38,145.98128,210.202,2.8327528e-05,-2.5704334,-0.089762196,0.33218503
11.8312,109.268,157.46298,225.944,2.8345898e-05,-2.5528288,-0.31344858,0.3476863
11.8312,103.712,171.04831,244.46399,2.8327528e-05,-3.0633945,-0.3761383,0.36769712
12.3456,103.712,165.43065,244.46399,2.828972e-05,-3.5958652,-0.18845193,0.40228435
13.3744,103.712,155.06143,244.46399,2.8327528e-05,-3.5920286,0.25117946,0.43478736
13.8888,103.712,162.81993,263.447,2.8539498e-05,-3.0189548,0.641698,0.4466569
14.4032,103.712,170.846,283.356,2.882674e-05,-3.493841,0.8711126,0.45400217
14.917601,103.712,167.91512,286.597,2.9057397e-05,-3.5085115,0.8100043,0.47106105
15.9464,103.712,161.46309,291.69,2.9325609e-05,-3.5657573,0.5011352,0.50390476
16.9752,72.228,157.34926,300.024,2.9680361e-05,-3.0746555,0.26899746,0.5122187
18.5184,40.744,149.56421,308.82098,3.0073232e-05,-2.4956007,0.6222233,0.5129756
20.0616,61.116,138.20802,308.82098,3.0446365e-05,-2.3116984,1.1274902,0.50102156
21.0904,85.192,131.35791,308.82098,3.0820032e-05,-2.3310237,1.086974,0.48571163
22.6336,68.524,121.908775,308.82098,3.1136988e-05,-2.8814027,1.1060663,0.47075945
23.6624,51.856,116.17801,308.82098,3.156599e-05,-2.8616605,1.156185,0.45160374
25.2056,44.447998,108.25423,308.82098,3.225515e-05,-3.3145537,1.406945,0.4277949
26.2344,40.744,103.38114,308.82098,3.305528e-05,-2.7972286,1.3043687,0.39996165
27.7776,48.152,102.2944,327.341,3.379828e-05,-2.7251294,1.4489772,0.36980987
29.3208,57.412,100.98826,346.787,3.454095e-05,-2.6455615,1.589613,0.33827797
30.864,55.56,89.74281,329.193,3.5263238e-05,-2.5884728,1.6809741,0.30408916
32.9216,51.856,78.5308,313.451,3.6022833e-05,-3.0536513,1.9081337,0.2699971
32.9216,44.447998,78.36445,313.451,3.6893784e-05,-3.1183844,1.8003997,0.24653298
32.9216,40.744,78.199814,313.451,3.7746686e-05,-3.7594223,1.6738026,0.23327607
31.8928,40.744,81.5469,313.451,3.8483773e-05,-3.9557843,1.1343023,0.20457855
31.8928,35.188,90.56596,351.88,3.872924e-05,-3.0633945,0.37613693,0.2033943
30.864,37.04,98.876526,368.08502,3.880883e-05,-2.05478,0.10768686,0.20221004
30.3496,40.744,105.691444,385.67902,3.897458e-05,-1.9335115,0.7037405,0.20102578
30.3496,40.744,97.72362,354.65802,3.9513176e-05,-2.1322846,1.4382441,0.19984153
30.3496,40.744,90.22777,325.952,4.0199502e-05,-2.6455615,1.589613,0.19865729
30.864,44.447998,89.90615,333.36,4.0811385e-05,-3.236378,1.5784862,0.19747303
31.8928,51.856,87.82369,342.62,4.142137e-05,-2.7972286,1.3043687,0.19628878
32.4072,51.856,95.44837,387.99402,4.2011954e-05,-2.3310237,1.086974,0.19510452
32.9216,51.856,101.731445,432.905,4.2640077e-05,-2.2046347,1.3246775,0.19392027
33.436,51.856,98.75315,432.905,4.3387576e-05,-2.5884728,1.6809741,0.19273601
34.4648,51.856,93.341415,432.905,4.409823e-05,-3.2634332,1.5217636,0.19155176
34.979202,40.744,93.323,450.49902,4.4674405e-05,-3.4434626,1.0527711,0.1903675
35.4936,35.188,93.02703,467.63,4.506766e-05,-2.9947207,0.7466679,0.18918325
35.4936,37.04,92.92922,467.63,4.522446e-05,-2.5247452,0.49076045,0.18799901
35.4936,40.744,92.87612,467.63,4.5309676e-05,-2.5528288,0.31344745,0.18681476
34.4648,40.744,96.990036,460.685,4.5551104e-05,-2.0497704,0.17933165,0.1856305
32.9216,40.744,104.274925,454.66602,4.5793287e-05,-2.0322676,0.3218797,0.18444625
32.4072,37.04,107.14553,454.66602,4.598658e-05,-2.0126367,0.42779866,0.18326199
31.8928,35.188,110.18652,454.66602,4.6034886e-05,-2.0563467,-0.071809754,0.18207774
30.864,35.188,116.7158,454.66602,4.57929e-05,-1.4834192,-0.42536333,0.18089348
30.3496,35.188,120.17505,454.66602,4.5551555e-05,-1.5347463,-0.16130812,0.17970923
29.3208,35.188,127.2019,454.66602,4.5618082e-05,-2.0463283,0.21507755,0.17852497
27.7776,35.188,138.6214,454.66602,4.5793287e-05,-1.5281817,0.21477221,0.17734072
26.7488,35.188,146.88564,454.66602,4.5932098e-05,-1.5373278,0.13449873,0.17615648
26.2344,35.188,151.22372,454.66602,4.6034886e-05,-1.5432,1.8402476e-08,0.17497222
24.1768,40.744,176.1663,470.87097,4.6052774e-05,-1.5410851,-0.08076511,0.17378797
22.6336,51.856,200.36032,488.92804,4.6034886e-05,-1.5410851,0.08076514,0.17260371
21.604801,51.856,209.18222,480.594,4.6053054e-05,-1.5281817,0.21477221,0.17141946
21.0904,51.856,211.25572,471.334,4.6034886e-05,-1.5422599,0.053856615,0.1702352
20.576,51.856,217.70381,471.334,4.5914017e-05,-1.5347463,-0.16130812,0.16905095
20.0616,51.856,224.34364,471.334,4.5793287e-05,-1.5373278,-0.13449869,0.16786669
20.0616,51.856,242.7485,507.448,4.5756977e-05,-1.5432,1.8402476e-08,0.16668244
20.0616,51.856,261.68646,544.48804,4.5793287e-05,-0.9937445,0.26627296,0.16549818
20.576,51.856,233.59874,503.74402,4.5859666e-05,-0.7524167,0.70163995,0.16431394
21.0904,51.856,207.3189,463.0,4.6034886e-05,-0.66130006,0.7881064,0.16312969
21.604801,51.856,201.24318,463.0,4.634276e-05,-0.35733235,0.3700283,0.16194543
22.6336,51.856,189.54982,463.0,4.675884e-05,-0.647445,0.7995276,0.16076118
23.148,51.856,183.96281,463.0,4.720459e-05,-0.5144002,0.8909669,0.15957692
23.6624,51.856,178.51321,463.0,4.7722115e-05,-0.2662733,0.99374443,0.15839267
24.1768,51.856,173.1903,463.0,4.8232898e-05,-0.10764805,1.5394409,0.15720841
25.2056,51.856,162.95116,463.0,4.892293e-05,-0.21507816,2.0463283,0.15602416
25.2056,40.744,183.57883,525.042,4.99467e-05,-0.40234917,2.5403345,0.1548399
25.2056,35.188,203.49173,587.547,5.1074945e-05,-0.49076116,2.524745,0.15365566
24.1768,35.188,229.09418,620.42,5.204519e-05,-0.53474903,2.5157955,0.15247141
23.6624,35.188,249.86424,656.071,5.2977284e-05,-0.6222228,2.4956007,0.15128715
23.6624,27.78,259.64243,684.77704,5.3924618e-05,-0.6222228,2.4956007,0.1501029
23.6624,24.076,269.9464,715.798,5.4869302e-05,-0.46285924,2.004864,0.14891864
23.6624,37.04,269.50128,715.798,5.5811295e-05,-0.21477191,1.5281817,0.14773439
23.6624,51.856,269.04642,715.798,5.6750614e-05,3.5976223e-07,2.0576,0.14655013
23.6624,75.932,268.58228,715.798,5.7687168e-05,0.0897615,2.5704334,0.14536588
23.6624,103.712,268.10944,715.798,5.862087e-05,0.14353092,2.052588,0.14418162
24.1768,68.524,257.03815,715.798,5.9516868e-05,0.0,2.0576,0.14299737
25.2056,35.188,236.16129,715.798,6.0479695e-05,-0.13460809,2.5684752,0.14181313
25.2056,35.188,235.33162,715.798,6.160088e-05,-0.26899835,3.0746553,0.14062887
25.2056,35.188,234.44366,715.798,6.278661e-05,-0.37613782,3.0633945,0.13944462
23.6624,37.04,262.43777,707.001,6.389859e-05,-0.40234917,2.5403345,0.13826036
22.6336,40.744,281.48,698.667,6.507438e-05,-0.64169884,3.0189548,0.13707611
22.6336,40.744,286.3133,713.48303,6.642055e-05,-0.79881984,2.9812334,0.13589185
22.6336,40.744,291.15384,728.762,6.7793495e-05,-0.93195647,3.4781055,0.1347076
21.604801,40.744,316.5631,728.762,6.9029884e-05,-0.8711119,3.4938412,0.13352334
21.0904,40.744,329.9137,728.762,7.025991e-05,-0.79881984,2.9812334,0.13233909
20.576,40.744,343.8963,728.762,7.161086e-05,-0.8507276,2.966838,0.13115485
20.0616,40.744,358.57654,728.762,7.2921e-05,-1.0556116,2.9002671,0.1299706
20.0616,40.744,304.98926,619.49396,7.405349e-05,-1.1561859,2.8616602,0.12878634
20.0616,40.744,250.37509,510.226,7.511419e-05,-0.7947916,2.4461174,0.12760209
19.0328,44.447998,269.3018,510.226,7.618576e-05,-0.49076116,2.524745,0.12641783
18.5184,51.856,279.38397,510.226,7.728449e-05,-0.3579532,2.5469694,0.12523358
17.489601,57.412,279.82733,478.279,7.848406e-05,-0.44662377,2.5329256,0.12404932
16.9752,68.524,268.39026,445.86902,7.9644604e-05,-0.9023762,2.951539,0.122865066
15.9464,51.856,287.20026,445.86902,8.031708e-05,-1.2553515,2.819567,0.12168082
15.9464,44.447998,287.34354,445.86902,8.0633836e-05,-1.3043696,2.797228,0.12049656
14.4032,24.076,317.49112,445.86902,8.155382e-05,-0.8796764,2.4168892,0.11931231
13.3744,44.447998,339.10214,445.86902,8.248493e-05,-0.49076116,2.524745,0.118128054
11.8312,68.524,373.21512,445.86902,8.34429e-05,-0.17941341,2.5657349,0.11694381
10.802401,68.524,333.4935,384.753,8.449923e-05,0.46285927,2.004864,0.11575955
9.2592,68.524,300.0628,325.95203,8.551773e-05,1.2469304,2.249522,0.1145753
