Vmax,Rmax_IBT,Rmax_CK22,R34,fcor,u_trans,v_trans,mean_ck_cd
11.3168,161.124,62.39861,88.895996,3.0178779e-05,-2.7983472,2.2660568,0.2
11.8312,103.712,63.97321,94.451996,3.1068776e-05,-2.7175589,2.3623366,0.2
13.3744,103.712,138.40642,218.073,3.2062617e-05,-2.6334584,2.4557397,0.33218503
14.4032,103.712,212.84515,343.54602,3.305528e-05,-2.5013263,2.590198,0.3476863
14.917601,103.712,207.09094,343.54602,3.3921864e-05,-2.1824148,2.182414,0.36769712
15.9464,103.712,195.74556,343.54602,3.47882e-05,-3.019885,1.9611366,0.40228435
16.4608,103.712,197.69858,355.121,3.5776517e-05,-3.7296379,1.7391584,0.43478736
16.9752,103.712,200.84763,369.011,3.67623e-05,-3.1183844,1.8003997,0.4466569
20.576,79.636,181.84142,403.273,3.764138e-05,-2.36432,1.9838994,0.45400217
23.6624,57.412,167.93842,437.535,3.8483773e-05,-2.4321163,1.9001777,0.47106105
26.7488,57.412,142.53703,437.535,3.934203e-05,-2.9851987,2.0135417,0.50390476
30.3496,57.412,118.09752,437.535,4.0199502e-05,-2.9851987,2.0135417,0.5122187
30.3496,57.412,122.19782,456.055,4.1054715e-05,-2.9851987,2.0135417,0.5129756
30.3496,57.412,126.48016,475.964,4.1909232e-05,-3.0864885,1.8545485,0.50102156
30.864,61.116,122.610794,475.964,4.2797157e-05,-3.6335058,1.9319696,0.48571163
31.8928,68.524,115.53104,475.964,4.3612705e-05,-3.7594223,1.6738026,0.47075945
31.8928,72.228,117.525085,488.002,4.427493e-05,-3.867023,1.407481,0.45160374
31.8928,75.932,119.76751,501.42902,4.4825505e-05,-3.9353857,1.203167,0.4277949
31.8928,75.932,119.49999,501.42902,4.529036e-05,-3.4613113,0.9925145,0.39996165
31.8928,75.932,119.20984,501.42902,4.5793287e-05,-3.3836453,1.2315458,0.36980987
32.4072,64.82,115.32542,501.42902,4.6462752e-05,-3.2634332,1.5217636,0.33827797
32.9216,57.412,111.452484,501.42902,4.7240763e-05,-3.1493306,1.7457025,0.30408916
34.4648,57.412,113.70028,601.9,4.804671e-05,-3.019885,1.9611366,0.2699971
35.4936,57.412,113.47211,702.37103,4.892293e-05,-2.4321163,1.9001777,0.24653298
36.008,64.82,108.079475,702.37103,4.980855e-05,-2.143994,2.2201698,0.23327607
37.0368,75.932,98.74664,702.37103,5.083645e-05,-2.3145502,2.7583723,0.20457855
36.008,79.636,105.01801,702.37103,5.211049e-05,-2.58978,3.1981103,0.2033943
35.4936,85.192,107.49291,702.37103,5.345127e-05,-1.8574418,2.4649088,0.20221004
33.436,85.192,121.22074,660.701,5.4597636e-05,-1.3246781,2.2046342,0.20102578
31.8928,85.192,129.7281,617.179,5.581132e-05,-1.1561859,2.8616602,0.19984153
30.3496,75.932,132.96936,549.58105,5.7301357e-05,-1.3488835,3.3386037,0.19865729
29.3208,68.524,128.80582,484.761,5.8853857e-05,-1.0527722,3.4434621,0.19747303
29.3208,68.524,128.19533,484.761,6.0178158e-05,-0.37638676,3.5810742,0.19628878
29.3208,68.524,127.516975,484.761,6.1635496e-05,-0.64375865,4.064535,0.19510452
29.3208,68.524,126.86549,486.14996,6.360685e-05,-0.8555985,4.025273,0.19392027
29.3208,68.524,126.48265,488.92798,6.552959e-05,-0.56328887,3.5564682,0.19273601
28.292,61.116,135.3257,488.92798,6.6828026e-05,0.0,3.0864,0.19155176
27.7776,57.412,139.8183,488.92798,6.801876e-05,0.21529637,3.0788817,0.1903675
25.720001,48.152,161.2418,488.92798,6.957297e-05,0.26899746,3.0746555,0.18918325
23.6624,40.744,186.19698,488.92798,7.115043e-05,0.6252724,3.5460956,0.18799901
21.604801,40.744,215.06572,488.92798,7.2529154e-05,0.74864846,3.522114,0.18681476
20.0616,40.744,239.45949,488.92798,7.380098e-05,0.8711124,3.493841,0.1856305
19.0328,55.56,247.655,471.797,7.511899e-05,1.4069446,3.314554,0.18444625
18.5184,68.524,246.64206,454.66602,7.620224e-05,1.6873839,1.9411131,0.18326199
16.9752,75.932,262.76947,438.924,7.689002e-05,2.4168894,0.87967587,0.18207774
15.9464,85.192,270.49527,424.571,7.728449e-05,3.0395107,0.53594786,0.18089348
14.917601,85.192,275.33752,407.44,7.752954e-05,3.522114,0.7486483,0.17970923
14.4032,85.192,270.6177,390.309,7.771575e-05,3.5564682,0.56328934,0.17852497
12.3456,85.192,305.9823,390.309,7.798859e-05,4.6042385,0.48392478,0.17734072
10.802401,85.192,334.71005,390.309,7.8360856e-05,5.554439,1.079674,0.17615648
9.7736,85.192,355.02484,390.309,7.8816236e-05,5.870682,1.9075,0.17497222
9.2592,85.192,365.8089,390.309,7.943125e-05,5.762805,2.212134,0.17378797
9.2592,85.192,366.46024,390.309,8.021671e-05,5.8005347,2.111222,0.17260371
9.2592,85.192,367.22165,390.309,8.113127e-05,5.8005347,2.111222,0.17141946
