Vmax,Rmax_IBT,Rmax_CK22,R34,fcor,u_trans,v_trans,mean_ck_cd
11.8312,172.236,167.41212,239.83401,2.7578055e-05,-2.6759155,2.409406,0.40228435
12.3456,172.236,174.43695,256.965,2.8414863e-05,-3.2865446,2.4765897,0.43478736
13.3744,172.236,175.90839,274.55902,2.9325609e-05,-3.2865446,2.4765897,0.4466569
13.3744,172.236,188.11214,291.69,3.022853e-05,-3.2428217,2.5335703,0.45400217
13.3744,172.236,200.24742,308.358,3.131743e-05,-3.4116557,2.3011906,0.47106105
13.8888,172.236,194.90327,308.358,3.2750897e-05,-3.5274155,2.119484,0.50390476
14.4032,172.236,189.84236,308.358,3.4293596e-05,-3.8381126,2.5888395,0.5122187
15.9464,144.456,174.39594,308.358,3.574515e-05,-3.7454257,2.7212098,0.5129756
16.9752,120.38,165.16568,308.358,3.700857e-05,-3.9261231,2.4533148,0.50102156
18.5184,120.38,163.57619,329.656,3.7905476e-05,-4.1250043,2.1017933,0.48571163
20.0616,120.38,161.82932,351.87997,3.872924e-05,-4.0093513,2.3147995,0.47075945
22.6336,92.6,152.14024,376.88202,3.981419e-05,-3.9261231,2.4533148,0.45160374
25.2056,68.524,142.38828,402.81003,4.093299e-05,-3.9683423,2.3844194,0.4277949
29.3208,51.856,122.84898,432.905,4.190747e-05,-4.0491395,2.2444746,0.39996165
32.9216,35.188,107.26684,463.0,4.288343e-05,-4.0491395,2.2444746,0.36980987
34.4648,37.04,98.244835,463.0,4.3994638e-05,-4.0491395,2.2444746,0.33827797
35.4936,40.744,92.381294,463.0,4.506766e-05,-4.1610575,2.0294824,0.30408916
37.0368,40.744,84.53893,463.0,4.5931934e-05,-4.261569,1.8089292,0.2699971
38.58,40.744,77.30998,463.0,4.675884e-05,-4.22935,1.883028,0.24653298
39.6088,37.04,74.93772,493.095,4.7720794e-05,-4.1610575,2.0294824,0.23327607
41.152,35.188,69.67219,523.19006,4.868306e-05,-4.1610575,2.0294824,0.20457855
41.152,35.188,68.89656,523.19006,4.9575614e-05,-3.7296379,1.7391584,0.2033943
41.152,35.188,68.22034,523.19006,5.035898e-05,-3.7594223,1.6738026,0.20221004
40.1232,27.78,71.30276,510.22598,5.0990257e-05,-3.2894945,1.4645773,0.20102578
39.6088,24.076,72.2862,497.72498,5.155148e-05,-3.2634332,1.5217636,0.19984153
39.0944,27.78,73.77129,493.55798,5.2164214e-05,-3.236378,1.5784862,0.19865729
38.58,35.188,75.29803,488.92798,5.2740055e-05,-2.841046,1.2059529,0.19747303
37.5512,40.744,79.02059,480.594,5.3231313e-05,-2.4318738,0.83736134,0.19628878
37.0368,51.856,80.31344,471.33398,5.3688025e-05,-1.9077736,0.77079004,0.19510452
36.008,44.447998,83.7396,458.833,5.4160544e-05,-1.8167529,0.9659848,0.19392027
35.4936,40.744,84.516106,445.86902,5.4633376e-05,-1.781934,1.0287998,0.19273601
33.436,37.04,95.147675,445.86902,5.5126202e-05,-2.2916691,1.167663,0.19155176
31.8928,35.188,104.11822,445.86902,5.5576067e-05,-2.4461174,0.79479206,0.1903675
29.835201,35.188,117.73905,445.86902,5.5980327e-05,-3.0189548,0.641698,0.18918325
29.3208,35.188,121.46168,445.86902,5.6046403e-05,-2.5157957,0.5347483,0.18799901
25.2056,35.188,150.40187,428.275,5.6046403e-05,-2.2046347,1.3246775,0.18681476
21.0904,57.412,203.52975,450.499,5.6662444e-05,-1.3226001,1.5762128,0.1856305
16.9752,85.192,275.55185,471.33398,5.7453286e-05,-1.1468209,1.0326025,0.18444625
15.9464,103.712,284.71527,458.833,5.7605197e-05,-1.0288,1.2268317e-08,0.18326199
14.4032,120.38,302.6349,446.332,5.768715e-05,-0.5115821,0.053769387,0.18207774
13.3744,120.38,321.75433,446.332,5.8066627e-05,-0.6047135,0.83231664,0.18089348
11.8312,120.38,352.24612,446.332,5.862087e-05,-1.0597425,1.7637073,0.17970923
11.3168,120.38,371.1424,454.66602,5.9301827e-05,-1.3629524,2.1811798,0.17852497
10.802401,120.38,391.36346,463.463,6.0016075e-05,-1.4382447,2.1322844,0.17734072
9.2592,137.048,197.93637,231.037,6.0595266e-05,-0.9711675,1.1992915,0.17615648
