Vmax,Rmax_IBT,Rmax_CK22,R34,fcor,u_trans,v_trans,mean_ck_cd
14.4032,68.524,114.3487,197.238,2.1808535e-05,-1.0211315,0.12537898,0.5122187
15.9464,68.524,104.46939,197.238,2.1946826e-05,-0.9838464,0.30079174,0.5129756
16.9752,68.524,98.769455,197.238,2.231176e-05,-1.2942364,0.84048706,0.50102156
16.9752,68.524,98.92372,197.238,2.2990664e-05,-1.5990556,1.2948897,0.48571163
16.9752,68.524,99.11066,197.238,2.3819783e-05,-1.6214108,1.2667851,0.47075945
19.0328,57.412,96.7311,212.98,2.4554032e-05,-1.9988195,1.618612,0.45160374
21.0904,51.856,95.76779,231.5,2.53252e-05,-1.687384,1.941113,0.4277949
23.6624,40.744,85.425125,231.5,2.6145508e-05,-1.3629524,2.1811798,0.39996165
26.2344,35.188,76.80493,231.5,2.707799e-05,-1.7702868,2.5282307,0.36980987
29.835201,40.744,76.36574,264.836,2.8165292e-05,-1.9839002,2.3643193,0.33827797
32.9216,51.856,76.52995,300.024,2.9325609e-05,-2.3145502,2.7583723,0.30408916
37.0368,51.856,69.20697,318.544,3.040915e-05,-1.942335,2.398583,0.2699971
41.152,51.856,62.418636,338.453,3.156599e-05,-2.2168736,2.8374693,0.24653298
41.152,51.856,61.85842,338.453,3.2912652e-05,-2.1164973,2.9131083,0.23327607
41.152,51.856,61.28407,338.453,3.4293596e-05,-2.1164973,2.9131083,0.20457855
40.1232,51.856,63.148945,338.453,3.5621768e-05,-1.8574418,2.4649088,0.2033943
39.6088,51.856,63.962048,338.453,3.67623e-05,-2.0652046,2.2936423,0.20221004
39.0944,40.744,68.485756,362.529,3.7574573e-05,-1.8501421,1.7866613,0.20102578
38.58,35.188,73.65994,390.309,3.8238195e-05,-1.2667849,1.6214111,0.19984153
37.5512,35.188,79.33255,408.366,3.899269e-05,-0.9019927,1.8493586,0.19865729
37.0368,35.188,83.82399,428.73798,3.9709896e-05,-0.79480684,1.3227805,0.19747303
36.008,35.188,87.68805,428.73798,4.0321942e-05,-0.9500887,1.2160584,0.19628878
35.4936,35.188,89.57137,428.73798,4.093299e-05,-0.7244884,1.3625648,0.19510452
34.979202,35.188,91.516335,428.73798,4.1592095e-05,-0.32084942,1.5094774,0.19392027
34.4648,35.188,93.48169,428.73798,4.239659e-05,0.0,2.0576,0.19273601
33.436,40.744,101.68831,449.573,4.350947e-05,0.0897615,2.5704334,0.19155176
32.9216,51.856,107.95856,471.797,4.458322e-05,-0.28636256,2.0375755,0.1903675
34.4648,51.856,99.33792,475.038,4.5279416e-05,-0.5530336,1.4407012,0.18918325
35.4936,51.856,94.32635,480.594,4.5793287e-05,-0.2662733,0.99374443,0.18799901
37.5512,57.412,83.88944,480.594,4.633065e-05,0.0,1.0288,0.18681476
39.6088,68.524,74.678,480.594,4.675884e-05,0.10753889,1.0231642,0.1856305
39.0944,68.524,76.582634,480.594,4.705409e-05,0.23142964,1.002432,0.18444625
38.58,68.524,78.63935,480.594,4.7240763e-05,0.24149618,0.45418823,0.18326199
37.0368,68.524,82.62541,454.66602,4.739724e-05,0.38822263,0.33747676,0.18207774
35.4936,68.524,86.16682,428.738,4.748151e-05,0.49912012,0.124444626,0.18089348
34.979202,68.524,88.54046,428.738,4.7481553e-05,0.5144,-2.2485139e-08,0.17970923
34.4648,68.524,90.98898,428.738,4.748151e-05,0.50315917,0.106949754,0.17852497
33.436,68.524,98.29178,441.702,4.7583773e-05,0.43623593,0.2725905,0.17734072
32.9216,68.524,103.30059,454.66602,4.7722115e-05,0.16747226,0.48637474,0.17615648
32.9216,92.6,106.4105,473.18597,4.7842383e-05,-0.15895832,0.48922348,0.17497222
32.9216,120.38,109.722176,493.55798,4.796257e-05,-0.098152235,0.50494903,0.17378797
32.4072,92.6,114.174904,500.503,4.8100763e-05,0.0179523,0.51408666,0.17260371
31.8928,68.524,119.3682,510.226,4.8202877e-05,-0.33065003,0.3940532,0.17141946
30.864,57.412,130.9161,530.598,4.8202895e-05,-0.4769434,0.19269751,0.1702352
30.3496,51.856,139.63675,553.285,4.8202877e-05,0.0,0.5144,0.16905095
29.3208,75.932,148.9337,553.285,4.830496e-05,0.41081813,0.30957362,0.16786669
27.7776,103.712,164.13571,553.285,4.844305e-05,0.3573323,0.37002838,0.16668244
26.7488,103.712,169.22684,532.44995,4.854507e-05,-0.23353273,0.45833376,0.16549818
26.2344,103.712,169.38399,514.856,4.868306e-05,-0.3637358,0.36373568,0.16431394
26.2344,103.712,169.32922,514.856,4.8886875e-05,-0.37620834,0.35081998,0.16312969
26.2344,103.712,169.25456,514.856,4.916265e-05,-0.7645473,0.6884017,0.16194543
25.2056,103.712,180.28777,514.856,4.9557937e-05,-0.7995278,0.64744484,0.16076118
23.6624,103.712,198.37491,514.856,4.9880902e-05,-0.9398556,0.41845065,0.15957692
23.6624,92.6,195.2047,506.52197,4.9880902e-05,-1.0024319,0.2314298,0.15839267
23.6624,85.192,191.67331,497.26202,4.9880902e-05,-0.90837646,0.4829924,0.15720841
22.6336,85.192,204.16727,497.26202,5.020354e-05,-0.7645473,0.6884017,0.15602416
21.0904,85.192,224.51445,497.26202,5.059779e-05,-0.8107054,0.6333926,0.1548399
20.576,92.6,206.08044,444.943,5.087216e-05,-1.3364505,0.7715999,0.15365566
20.0616,103.712,186.60666,394.013,5.1074945e-05,-0.9604676,0.3686888,0.15247141
19.0328,103.712,198.07632,394.013,5.115845e-05,-0.9937445,0.26627296,0.15128715
18.5184,103.712,204.12788,394.013,5.131329e-05,-0.93240947,0.4347896,0.1501029
17.489601,103.712,216.90405,394.013,5.18071e-05,-0.86282426,0.5603247,0.14891864
16.9752,103.712,223.70178,394.013,5.22651e-05,-1.4308302,0.5780925,0.14773439
16.9752,92.6,216.20665,381.975,5.2372063e-05,-1.5094774,0.320849,0.14655013
16.9752,85.192,210.37833,372.715,5.22651e-05,-1.542965,0.026932418,0.14536588
15.9464,92.6,183.57784,312.525,5.195592e-05,-1.5373278,-0.13449869,0.14418162
14.4032,103.712,159.04073,253.261,5.178951e-05,-1.5347463,0.16130817,0.14299737
13.3744,137.048,165.95102,249.094,5.219358e-05,-1.945499,0.6698891,0.14181313
11.8312,172.236,182.00012,249.094,5.2740055e-05,-1.8493588,0.90199214,0.14062887
10.802401,172.236,206.11153,263.91,5.2995532e-05,-1.2942364,0.84048706,0.13944462
9.2592,172.236,240.11935,279.189,5.321436e-05,-1.2484752,0.9070699,0.13826036
