Vmax,Rmax_IBT,Rmax_CK22,R34,fcor,u_trans,v_trans,mean_ck_cd
9.2592,137.048,205.81398,244.001,4.1909232e-05,-0.39940992,1.4906167,0.2
9.7736,127.788,194.9922,239.371,4.1231975e-05,0.24140969,1.5242007,0.2
10.288,120.38,185.37823,235.667,4.0444127e-05,0.8369013,1.8797112,0.2
11.3168,92.6,174.39297,237.056,3.9446706e-05,1.090362,1.7449437,0.2
11.8312,68.524,170.66275,239.834,3.8483773e-05,1.1801909,1.6854873,0.2
11.8312,92.6,144.0418,204.646,3.7722097e-05,0.95008886,1.2160583,0.2
11.8312,120.38,119.70572,171.773,3.7254722e-05,0.76454747,0.6884015,0.2
12.860001,103.712,123.50952,188.44101,3.716235e-05,0.49912012,0.124444626,0.2
13.3744,85.192,131.57126,206.035,3.7254722e-05,0.5080669,0.08046991,0.2
13.8888,92.6,195.45892,306.043,3.723619e-05,0.49912012,0.124444626,0.2
14.4032,103.712,259.64856,407.44,3.7254722e-05,1.0211315,-0.12537913,0.2
14.4032,103.712,234.48769,371.32602,3.7383616e-05,0.9470154,-0.4019842,0.2
14.4032,103.712,211.54979,337.99002,3.7500762e-05,-0.09815212,-0.50494903,0.2
15.432,103.712,184.49368,314.84,3.7494006e-05,-1.02739,0.05384343,0.33218503
16.4608,103.712,159.85657,291.227,3.742478e-05,-1.0231642,0.107538775,0.3476863
17.489601,85.192,178.90204,340.305,3.73341e-05,-0.5080669,0.08046993,0.36769712
18.5184,68.524,196.26003,390.30902,3.7254722e-05,0.0,0.5144,0.40228435
18.5184,68.524,184.08965,368.08502,3.716834e-05,0.49912012,0.124444626,0.43478736
18.5184,68.524,172.82298,347.25,3.7254722e-05,0.40535274,-0.3166963,0.4466569
19.0328,55.56,168.25714,347.25,3.7746562e-05,0.43478975,-0.9324094,0.45400217
19.5472,40.744,163.8317,347.25,3.8238195e-05,0.7524167,-0.7016399,0.47106105
21.0904,44.447998,188.9729,428.73798,3.8256425e-05,0.9937445,-0.266273,0.50390476
22.1192,48.152,214.38103,510.22595,3.8238195e-05,1.9454991,-0.669889,0.5122187
22.6336,44.447998,211.0231,516.708,3.8624974e-05,2.4168894,-0.8796757,0.5129756
23.6624,40.744,203.38898,527.82,3.897458e-05,2.0497704,-0.1793317,0.50102156
22.6336,40.744,218.66768,534.765,3.8813032e-05,2.5579104,0.2688471,0.48571163
22.1192,40.744,229.50122,544.48804,3.872924e-05,4.0926566,-0.43015572,0.47075945
23.148,40.744,216.2563,544.48804,3.9234365e-05,4.9912014,-1.2444462,0.45160374
24.6912,40.744,197.69104,544.48804,3.995476e-05,4.9447303,-1.4178786,0.4277949
26.7488,40.744,182.40437,568.101,4.0397324e-05,4.833779,-1.7593514,0.39996165
28.8064,40.744,166.95773,591.714,4.1177245e-05,5.548076,-2.7059772,0.36980987
29.835201,27.78,154.14482,583.843,4.2794018e-05,5.8487573,-3.2420187,0.33827797
30.3496,16.668,147.11456,578.75,4.458322e-05,5.958339,-3.0359244,0.30408916
33.436,16.668,122.78538,594.955,4.584492e-05,5.5944567,-2.6087384,0.2699971
36.5224,16.668,101.43386,613.01196,4.6999867e-05,5.5944567,-2.6087384,0.24653298
34.979202,16.668,108.569046,590.78796,4.8267244e-05,5.5000057,-2.8023918,0.23327607
33.9504,16.668,112.30896,569.953,4.9641636e-05,5.398853,-2.9926326,0.20457855
29.835201,16.668,136.69548,525.042,5.1118597e-05,5.7320495,-3.4441626,0.2033943
26.2344,16.668,157.83383,480.131,5.2740055e-05,6.2367687,-3.6008005,0.20221004
26.2344,16.668,169.73482,521.801,5.4461925e-05,7.19847,-3.9901767,0.20102578
26.2344,16.668,181.57672,565.786,5.6281307e-05,6.682252,-3.8580005,0.19984153
24.6912,16.668,195.48784,547.729,5.7987996e-05,7.05483,-4.2389693,0.19865729
23.6624,16.668,203.4374,531.52405,6.0016075e-05,8.6282425,-5.6032467,0.19747303
20.0616,16.668,270.86267,553.748,6.29702e-05,9.382052,-6.328274,0.19628878
16.9752,16.668,350.8381,578.75,6.552959e-05,7.2670116,-3.8639388,0.19510452
14.917601,109.268,294.75946,440.776,6.6331435e-05,4.9192314,-1.5039601,0.19392027
13.3744,205.572,212.92361,304.654,6.689037e-05,5.6820927,-2.4119053,0.19273601
13.3744,205.572,312.30713,425.95996,6.8509e-05,7.1277356,-4.1152005,0.19155176
13.3744,205.572,420.90942,548.65497,7.048288e-05,7.416011,-4.6340394,0.1903675
12.3456,205.572,450.86273,548.65497,7.240719e-05,6.9797745,-4.361449,0.18918325
11.8312,205.572,467.66724,548.65497,7.423962e-05,6.9797745,-4.361449,0.18799901
