Vmax,Rmax_IBT,Rmax_CK22,R34,fcor,u_trans,v_trans,mean_ck_cd
10.802401,205.572,323.41913,386.142,6.8243826e-05,-2.0375755,0.28636295,0.2
10.802401,205.572,331.8856,394.939,6.822707e-05,-2.0463283,0.21507755,0.2
10.802401,205.572,339.97855,403.27298,6.8243826e-05,-1.5281817,0.21477221,0.2
11.3168,205.572,330.27924,403.27298,6.833897e-05,-1.0131702,0.17864923,0.2
11.8312,205.572,320.8022,403.27298,6.8468675e-05,-1.5373278,0.13449873,0.2
12.3456,172.236,283.82718,371.789,6.8563866e-05,-1.5432,1.8402476e-08,0.2
13.3744,137.048,243.81978,342.62003,6.869332e-05,-1.542965,0.026932418,0.2
13.3744,127.788,235.39262,331.971,6.895166e-05,-1.5432,1.8402476e-08,0.2
13.3744,120.38,226.97737,321.32202,6.914198e-05,-1.5036479,-0.34714466,0.2
13.8888,109.268,195.52083,288.91202,6.908023e-05,-1.3986143,-0.65218437,0.2
14.4032,103.712,166.50287,256.965,6.8917754e-05,-0.890967,-0.5143999,0.2
15.9464,103.712,164.84897,275.948,6.882225e-05,-0.3997639,-0.32372242,0.2
16.9752,103.712,167.45016,295.394,6.869332e-05,0.16747224,-0.48637477,0.2
18.5184,68.524,152.2661,294.005,6.851916e-05,0.43141213,-0.28016233,0.2
20.0616,35.188,140.38795,296.32,6.8243826e-05,0.5451811,-0.8724718,0.2
21.0904,27.78,132.24583,296.32,6.782702e-05,0.6521846,-1.3986142,0.2
22.6336,24.076,121.016266,296.32,6.734234e-05,0.9919499,-1.1821598,0.2
23.148,27.78,117.5035,296.32,6.689043e-05,1.6646334,-1.2094269,0.2
23.6624,35.188,114.11583,296.32,6.643758e-05,1.7058278,-1.1505952,0.2
23.148,35.188,122.5399,308.82098,6.6000386e-05,1.7256485,-1.1206493,0.2
22.6336,35.188,133.39392,325.952,6.552959e-05,2.249522,-1.2469302,0.2
22.6336,35.188,133.36107,325.952,6.4960084e-05,2.7972283,-1.3043692,0.2
22.6336,35.188,133.32716,325.952,6.43901e-05,3.3616366,-1.2904112,0.2
22.6336,35.188,133.29478,325.952,6.386429e-05,3.461311,-0.992515,0.2
22.6336,35.188,133.27031,325.952,6.3474974e-05,2.9947207,-0.7466677,0.2
22.6336,35.188,133.25742,325.952,6.327418e-05,3.0395107,-0.5359478,0.2
22.6336,35.188,133.2556,325.952,6.324571e-05,2.572,-1.1242569e-07,0.2
22.6336,40.744,152.30807,371.326,6.327394e-05,2.0126367,0.42779902,0.2
22.6336,51.856,172.72073,420.404,6.3474974e-05,1.945499,0.66988903,0.2
22.6336,51.856,170.62115,415.311,6.381259e-05,1.3227806,0.7948068,0.2
22.6336,51.856,169.09947,411.607,6.43901e-05,1.2094269,1.6646334,0.2
21.604801,40.744,178.96367,408.366,6.519931e-05,0.5671514,1.977892,0.2
21.0904,35.188,184.71246,407.903,6.621089e-05,-0.2688477,2.5579102,0.2
21.0904,37.04,205.65558,452.351,6.730822e-05,-1.2059524,2.8410463,0.2
21.0904,40.744,228.5292,501.42902,6.8468675e-05,-1.5432006,2.6729007,0.2
21.0904,37.04,228.57596,501.42902,6.962256e-05,-2.1670153,2.875727,0.2
21.0904,35.188,228.6118,501.42902,7.07056e-05,-2.6759155,2.409406,0.2
20.576,68.524,220.59882,467.63,7.1660055e-05,-3.451297,2.241299,0.2
20.0616,103.712,210.7809,432.90503,7.247968e-05,-3.6335058,1.9319696,0.2
20.0616,72.228,222.68372,456.055,7.3223775e-05,-3.7880614,1.6079371,0.2
20.0616,40.744,235.23149,480.594,7.380098e-05,-3.9557843,1.1343023,0.2
20.0616,44.447998,199.19543,409.75497,7.417863e-05,-4.5445414,0.8833688,0.2
20.0616,51.856,165.14146,343.083,7.4458614e-05,-4.0252733,0.8555973,0.2
20.0616,40.744,165.19981,343.083,7.4882264e-05,-3.5346434,0.6870646,0.2
20.0616,35.188,165.23152,343.083,7.511419e-05,-4.1145735,0.07181978,0.2
20.0616,35.188,184.62175,381.04898,7.490152e-05,-4.584545,-0.6443165,0.2
20.0616,35.188,204.67078,420.404,7.4458614e-05,-4.0395923,-0.78521657,0.2
19.0328,35.188,218.78043,420.404,7.408491e-05,-3.974978,-1.0650918,0.2
18.5184,35.188,226.03468,420.404,7.3581316e-05,-3.8155465,-1.5415819,0.2
18.5184,35.188,225.84972,420.404,7.284376e-05,-3.563868,-2.0575995,0.2
18.5184,35.188,225.64444,420.404,7.2037474e-05,-2.837469,-2.216874,0.2
18.5184,35.188,225.47667,420.404,7.138775e-05,-2.1049194,-2.2572503,0.33218503
18.5184,35.188,225.29823,420.404,7.07056e-05,-1.8501421,-1.7866613,0.3476863
17.489601,35.188,223.8529,394.47598,6.981335e-05,-1.9411131,-1.6873839,0.36769712
16.9752,35.188,214.27716,369.01102,6.8917754e-05,-1.376803,-1.5290949,0.40228435
16.9752,35.188,173.43329,305.117,6.8243535e-05,-0.81777143,-1.3087078,0.43478736
16.9752,35.188,135.66402,244.46402,6.756802e-05,-1.0597421,-1.7637076,0.4466569
16.9752,35.188,135.48308,244.46402,6.6680834e-05,-1.1206491,-1.7256486,0.45400217
16.9752,35.188,135.29298,244.46402,6.575688e-05,-1.3246776,-2.2046344,0.47106105
16.9752,40.744,128.66966,233.815,6.4960455e-05,-1.2469305,-2.2495217,0.50390476
16.9752,51.856,124.88383,227.796,6.416161e-05,-1.0049604,-2.3675385,0.5122187
16.9752,51.856,125.54685,229.185,6.3263e-05,-0.75198025,-2.4596157,0.5129756
16.9752,51.856,127.033104,231.963,6.2326726e-05,-0.62222284,-2.4956007,0.50102156
16.9752,51.856,137.44553,249.557,6.136997e-05,-0.3572986,-2.0263405,0.48571163
16.9752,51.856,149.90079,270.392,6.0479695e-05,-0.2507581,-2.042263,0.47075945
18.5184,51.856,170.38504,329.65598,5.9766582e-05,-0.18806858,-1.5316973,0.45160374
20.0616,51.856,186.62714,390.30902,5.9086666e-05,-0.29445636,-1.514847,0.4277949
21.604801,51.856,170.49832,391.235,5.8218495e-05,-0.42536348,-1.4834191,0.39996165
23.6624,51.856,152.10474,394.476,5.7453286e-05,-0.37333372,-1.4973603,0.36980987
26.7488,44.447998,119.30549,369.474,5.699665e-05,-0.45118815,-1.4757695,0.33827797
30.3496,40.744,92.322945,346.787,5.6750614e-05,-0.7645473,-0.6884017,0.30408916
32.9216,40.744,89.643745,398.18,5.6598215e-05,-1.5094774,-0.32084966,0.2699971
35.4936,40.744,83.926254,450.036,5.6516048e-05,-1.5373278,-0.13449869,0.24653298
34.979202,40.744,86.663414,450.036,5.6345794e-05,-1.5410851,-0.08076511,0.23327607
34.4648,40.744,89.42717,450.036,5.6281307e-05,-1.5410851,0.08076514,0.20457855
34.4648,40.744,85.61364,422.25604,5.648057e-05,-1.5242006,0.24140978,0.2033943
34.4648,40.744,81.55249,394.476,5.6750614e-05,-1.5148472,0.29445627,0.20221004
33.436,40.744,86.36866,394.476,5.685058e-05,-1.4906167,0.39940947,0.20102578
32.9216,40.744,88.86558,394.476,5.698501e-05,-1.3986143,0.65218437,0.19984153
31.8928,40.744,100.2497,428.27502,5.730071e-05,-1.2484752,0.9070699,0.19865729
30.3496,40.744,116.81251,463.0,5.768715e-05,-1.2793709,0.8629465,0.19747303
29.3208,40.744,124.20748,461.611,5.8020254e-05,-1.3087077,0.8177716,0.19628878
27.7776,40.744,137.07004,462.537,5.83877e-05,-1.2484752,0.9070699,0.19510452
26.7488,40.744,146.2264,462.537,5.8818732e-05,-1.1468209,1.0326025,0.19392027
26.2344,40.744,150.98753,462.537,5.9319285e-05,-1.1100852,1.0719968,0.19273601
25.720001,57.412,150.74463,445.86902,5.988256e-05,-1.1100852,1.0719968,0.19155176
25.2056,75.932,150.15463,429.20102,6.0479695e-05,-1.4549432,1.4549427,0.1903675
24.1768,88.895996,158.06247,423.64502,6.1075494e-05,-1.4293294,1.4801131,0.18918325
23.6624,103.712,161.96127,420.404,6.1635496e-05,-0.9711675,1.1992915,0.18799901
23.6624,75.932,159.30707,413.459,6.209636e-05,-0.8851434,1.2641153,0.18681476
23.6624,51.856,157.0033,407.44,6.255676e-05,-0.9500887,1.2160584,0.1856305
23.6624,68.524,163.64296,425.034,6.314827e-05,-1.0326023,1.1468211,0.18444625
23.6624,85.192,169.86894,441.70203,6.370404e-05,-1.0124304,1.1646677,0.18326199
23.6624,88.895996,169.84349,441.70203,6.404708e-05,-0.5752979,0.85291374,0.18207774
23.6624,92.6,169.81735,441.70203,6.43901e-05,-0.6276758,1.4097835,0.18089348
23.6624,105.564,169.77798,441.70203,6.489207e-05,-0.57809293,1.4308301,0.17970923
23.6624,120.38,169.72609,441.70203,6.552959e-05,-0.9659845,1.816753,0.17852497
23.6624,120.38,169.65991,441.70203,6.630704e-05,-1.209427,1.6646333,0.17734072
23.6624,120.38,169.58769,441.70203,6.711647e-05,-1.7866617,1.8501415,0.17615648
23.148,109.268,175.74243,442.628,6.786084e-05,-2.0540903,1.5478686,0.17497222
22.6336,103.712,183.29584,446.33203,6.8468675e-05,-1.7996175,0.9975442,0.17378797
21.604801,103.712,194.35358,442.16498,6.8889676e-05,-1.945499,0.6698891,0.17260371
21.0904,103.712,198.8845,437.53503,6.914198e-05,-2.0048637,0.4628596,0.17141946
21.0904,103.712,198.89613,437.53503,6.928771e-05,-2.5157957,0.5347483,0.1702352
21.0904,103.712,198.90233,437.53503,6.936598e-05,-2.0126367,0.42779866,0.16905095
21.0904,103.712,198.90977,437.53503,6.946059e-05,-2.0048637,0.4628596,0.16786669
21.0904,103.712,198.91986,437.53503,6.958979e-05,-1.4591242,0.5024168,0.16668244
21.0904,92.6,208.42886,457.90698,6.9779904e-05,-0.90837646,0.4829924,0.16549818
21.0904,85.192,218.97049,480.594,7.003676e-05,-0.8323168,0.60471326,0.16431394
21.0904,79.636,192.48868,423.64502,7.0354574e-05,-0.7995278,0.64744484,0.16312969
21.0904,75.932,166.65134,368.548,7.07056e-05,-0.8107054,0.6333926,0.16194543
21.0904,81.488,166.68387,368.548,7.103919e-05,-0.7764454,0.67495334,0.16076118
21.0904,92.6,166.71594,368.548,7.137252e-05,-0.5900956,0.8427435,0.15957692
21.0904,88.895996,176.76183,389.84598,7.170525e-05,-0.3853953,0.95388675,0.15839267
21.0904,85.192,186.77354,411.144,7.2037474e-05,-0.35187057,0.9667557,0.15720841
21.0904,85.192,174.64838,385.216,7.240234e-05,-0.40198413,0.9470154,0.15602416
21.0904,85.192,162.69823,359.751,7.270045e-05,-0.17593528,0.48337784,0.1548399
20.576,75.932,167.9911,359.751,7.281064e-05,0.07159065,0.5093939,0.15365566
20.0616,68.524,173.44861,359.751,7.2921e-05,0.45833376,0.23353274,0.15247141
20.0616,68.524,176.56805,365.77,7.320209e-05,0.8529139,0.57529765,0.15128715
20.0616,68.524,178.49796,369.474,7.3447416e-05,1.0524598,1.128625,0.1501029
20.0616,68.524,180.17497,372.715,7.3581316e-05,1.0719968,1.1100851,0.14891864
20.0616,68.524,180.23708,372.715,7.4020085e-05,0.88514316,1.2641155,0.14773439
20.0616,68.524,180.29834,372.715,7.4458614e-05,1.0524598,1.128625,0.14655013
20.0616,44.447998,180.33687,372.715,7.473719e-05,1.2484751,0.9070702,0.14536588
20.0616,24.076,180.38857,372.715,7.511419e-05,1.621411,1.2667851,0.14418162
19.0328,40.744,192.58247,372.715,7.579548e-05,1.8810418,1.7540997,0.14299737
18.5184,57.412,199.07861,372.715,7.663584e-05,1.5834814,2.0267637,0.14181313
17.489601,48.152,212.52197,372.715,7.749913e-05,1.4382441,2.1322846,0.14062887
16.9752,40.744,219.68198,372.715,7.8360856e-05,1.7866614,1.850142,0.13944462
16.9752,40.744,219.90799,372.715,7.91108e-05,2.4321165,1.9001777,0.13826036
16.9752,40.744,220.13115,372.715,7.9857724e-05,2.3985834,1.9423344,0.13707611
16.9752,40.744,220.35924,372.715,8.062771e-05,2.675916,2.4094055,0.13589185
16.9752,40.744,220.63097,372.715,8.155382e-05,2.54615,2.54615,0.1347076
15.9464,40.744,235.6563,372.715,8.278465e-05,2.6451995,3.152426,0.13352334
14.4032,40.744,259.613,372.715,8.4068044e-05,2.065334,2.9496028,0.13233909
11.3168,72.228,141.79276,185.2,8.515035e-05,1.4963164,2.6994264,0.13115485
