Vmax,Rmax_IBT,Rmax_CK22,R34,fcor,u_trans,v_trans,mean_ck_cd
11.8312,68.524,76.82259,111.583,4.3612705e-05,-2.5469694,0.3579537,0.50390476
12.3456,68.524,74.20845,111.583,4.3752214e-05,-2.5528288,0.31344745,0.5122187
13.3744,68.524,69.407936,111.583,4.385554e-05,-2.0463283,0.21507755,0.5129756
13.8888,68.524,67.21146,111.583,4.3976786e-05,-2.042263,0.25075796,0.50102156
14.4032,68.524,65.13428,111.583,4.409823e-05,-2.0322676,0.3218797,0.48571163
15.9464,57.412,76.67584,141.67801,4.4237426e-05,-1.5197554,0.26797384,0.47075945
16.9752,51.856,89.0115,171.77298,4.4340795e-05,-1.5373278,0.13449873,0.45160374
18.5184,51.856,81.98742,171.77298,4.435878e-05,-1.5432,1.8402476e-08,0.4277949
20.0616,51.856,75.80132,171.77298,4.4340795e-05,-1.542965,-0.026932383,0.39996165
22.6336,51.856,70.43927,180.107,4.4340733e-05,-2.0576,2.4536634e-08,0.36980987
25.2056,51.856,65.90858,188.90399,4.4340795e-05,-2.0572867,0.03590989,0.33827797
29.3208,51.856,59.103775,201.405,4.4358825e-05,-2.0576,2.4536634e-08,0.30408916
32.9216,51.856,54.527313,214.832,4.4340795e-05,-2.0525877,-0.14353105,0.2699971
33.436,40.744,53.46658,214.832,4.4255663e-05,-2.0322676,-0.32187966,0.24653298
34.4648,35.188,51.437347,214.832,4.409823e-05,-2.0126364,-0.42779955,0.23327607
34.4648,35.188,52.368286,218.999,4.3891963e-05,-1.987489,-0.5325459,0.20457855
34.4648,35.188,53.405807,223.629,4.3612705e-05,-1.945499,-0.6698891,0.2033943
33.436,35.188,60.32694,244.46402,4.3266293e-05,-1.8797112,-0.8369013,0.20221004
32.9216,35.188,66.52879,265.76202,4.288343e-05,-1.8333348,-0.9341312,0.20102578
31.8928,35.188,69.482864,265.76202,4.2499894e-05,-1.3625647,-0.7244886,0.19984153
30.3496,35.188,74.20395,265.76202,4.2152973e-05,-1.4097834,-0.627676,0.19865729
29.835201,35.188,78.16334,274.096,4.1890762e-05,-1.4591242,-0.5024168,0.19747303
29.3208,35.188,82.56061,283.35602,4.1665367e-05,-1.9568938,-0.6358336,0.19628878
27.7776,35.188,88.49054,283.35602,4.1403007e-05,-1.9676925,-0.6015845,0.19510452
26.2344,35.188,94.99749,283.35602,4.1177245e-05,-2.004864,-0.46285954,0.19392027
25.2056,35.188,99.6961,283.35602,4.1036583e-05,-2.0375755,-0.2863629,0.19273601
23.6624,35.188,107.36214,283.35602,4.093299e-05,-2.0375755,-0.2863629,0.19155176
23.6624,35.188,107.3473,283.35602,4.079218e-05,-2.042263,-0.25075886,0.1903675
23.6624,35.188,107.336334,283.35602,4.0688625e-05,-2.562213,-0.22416449,0.18918325
23.6624,35.188,107.32849,283.35602,4.0614963e-05,-2.572,3.0670794e-08,0.18799901
23.6624,35.188,107.336334,283.35602,4.0688625e-05,-3.0563633,0.42954442,0.18681476
23.6624,35.188,107.3672,283.35602,4.0981737e-05,-2.9812334,0.79881895,0.1856305
23.6624,35.188,107.41306,283.35602,4.142137e-05,-2.9353406,0.95375043,0.18444625
24.1768,35.188,104.79739,283.35602,4.1871535e-05,-2.9182484,1.0048336,0.18326199
25.2056,35.188,99.7648,283.35602,4.239659e-05,-3.4046233,1.1723058,0.18207774
27.7776,35.188,88.44251,283.35602,4.2986616e-05,-3.9137876,1.2716672,0.18089348
30.3496,35.188,78.71511,283.35602,4.3612705e-05,-4.4030113,1.4306257,0.17970923
30.864,35.188,76.87826,283.35602,4.421864e-05,-4.427309,1.3535628,0.17852497
31.8928,35.188,73.40261,283.35602,4.4825505e-05,-4.427309,1.3535628,0.17734072
30.864,35.188,77.78016,287.523,4.5447476e-05,-4.4502573,1.27609,0.17615648
30.3496,35.188,80.6139,291.69,4.6034886e-05,-4.9912014,1.2444466,0.17497222
29.835201,35.188,82.48432,291.69,4.6553407e-05,-5.0315914,1.0694966,0.17378797
29.3208,35.188,84.43575,291.69,4.6999867e-05,-5.065851,0.8932462,0.17260371
27.7776,35.188,92.06694,295.857,4.7377765e-05,-4.572602,0.72422934,0.17141946
26.2344,35.188,100.640755,300.024,4.7722115e-05,-4.572602,0.72422934,0.1702352
25.2056,35.188,105.9524,300.024,4.808184e-05,-4.572602,0.72422934,0.16905095
23.6624,35.188,114.64197,300.024,4.844305e-05,-4.559266,0.8039215,0.16786669
22.6336,35.188,120.976425,300.024,4.8820166e-05,-4.559266,0.8039215,0.16668244
21.0904,35.188,131.33006,300.024,4.916265e-05,-4.064535,0.6437594,0.16549818
20.576,40.744,133.05719,295.857,4.9454742e-05,-4.075151,0.5727259,0.16431394
20.0616,51.856,134.76935,291.69,4.9641636e-05,-4.1051755,0.28706223,0.16312969
20.0616,51.856,134.78044,291.69,4.9695293e-05,-4.1152,4.9073268e-08,0.16194543
20.0616,51.856,134.76935,291.69,4.9641636e-05,-3.5958652,-0.18845193,0.16076118
19.0328,51.856,142.50012,291.69,4.952093e-05,-3.0746555,-0.26899737,0.15957692
18.5184,51.856,146.55342,291.69,4.9402213e-05,-3.0845199,-0.10771463,0.15839267
18.5184,57.412,136.9635,274.096,4.941985e-05,-3.0864,3.6804952e-08,0.15720841
18.5184,68.524,127.93014,257.428,4.9402213e-05,-2.5579104,-0.26884687,0.15602416
20.0616,68.524,124.80769,271.781,4.9179816e-05,-2.5157955,-0.53474945,0.1548399
21.0904,68.524,125.24923,287.06,4.892293e-05,-2.5329256,-0.446623,0.15365566
23.6624,68.524,109.5445,287.06,4.8749247e-05,-2.5579104,-0.26884687,0.15247141
26.2344,68.524,96.2992,287.06,4.868306e-05,-2.572,3.0670794e-08,0.15128715
26.7488,68.524,91.65113,280.115,4.8748425e-05,-2.0375755,0.28636295,0.1501029
27.7776,68.524,85.5325,274.55902,4.892293e-05,-2.0126367,0.42779866,0.14891864
27.7776,68.524,85.52403,274.55902,4.9126596e-05,-1.987489,0.5325459,0.14773439
27.7776,68.524,85.5124,274.55902,4.9402213e-05,-1.9335115,0.7037405,0.14655013
27.7776,68.524,84.23242,270.392,4.9725124e-05,-1.8648189,0.8695792,0.14536588
27.7776,68.524,82.949104,266.225,5.012002e-05,-1.8167529,0.9659848,0.14418162
26.7488,68.524,87.11649,266.225,5.0562085e-05,-1.7637078,1.059742,0.14299737
26.2344,68.524,89.31274,266.225,5.1074945e-05,-1.5290946,1.3768034,0.14181313
25.720001,68.524,91.59636,266.225,5.1634455e-05,-0.9287209,1.2324544,0.14062887
25.2056,68.524,93.97307,266.225,5.22651e-05,-1.1801912,1.685487,0.13944462
23.6624,68.524,101.62169,266.225,5.297728e-05,-1.2667849,1.6214111,0.13826036
22.6336,68.524,107.222435,266.225,5.3688025e-05,-1.3499072,1.5528904,0.13707611
21.0904,68.524,116.37532,266.225,5.426137e-05,-1.4032797,1.5048335,0.13589185
20.0616,68.524,123.08616,266.225,5.4869302e-05,-1.29489,1.5990552,0.1347076
18.5184,68.524,134.08421,266.22498,5.562305e-05,-1.1206491,1.7256486,0.13352334
16.9752,68.524,146.36841,266.22498,5.6516048e-05,-1.2469299,2.2495222,0.13233909
16.4608,68.524,158.78668,278.726,5.7535068e-05,-1.1676636,2.291669,0.13115485
15.9464,68.524,172.28003,291.69,5.862087e-05,-1.352989,2.7740378,0.1299706
15.9464,75.932,178.10121,300.024,5.9737533e-05,-1.1676636,2.291669,0.12878634
15.9464,85.192,184.2265,308.82098,6.0711227e-05,-1.0288004,1.7819338,0.12760209
14.917601,85.192,195.73099,308.82098,6.134089e-05,-0.9070703,1.248475,0.12641783
14.4032,85.192,201.8357,308.82098,6.186609e-05,-1.376803,1.5290949,0.12523358
13.8888,92.6,205.04839,304.654,6.252258e-05,-1.376803,1.5290949,0.12404932
13.3744,103.712,208.28745,300.487,6.324571e-05,-1.1801912,1.685487,0.122865066
12.3456,153.716,220.9505,300.024,6.402997e-05,-0.7373781,1.920935,0.12168082
11.8312,205.572,228.30498,300.487,6.4846485e-05,0.0,2.0576,0.12049656
11.8312,205.572,228.6197,300.487,6.5626315e-05,0.7373779,1.920935,0.11931231
11.8312,205.572,228.94673,300.487,6.643758e-05,0.7037406,1.9335115,0.118128054
11.8312,205.572,200.02309,265.762,6.734233e-05,0.46285927,2.004864,0.11694381
11.8312,205.572,172.02054,231.5,6.8243826e-05,0.14353092,2.052588,0.11575955
11.8312,205.572,172.20598,231.5,6.899612e-05,0.0,2.0576,0.1145753
11.8312,205.572,172.40703,231.5,6.981338e-05,0.4277991,2.0126367,0.2
11.3168,205.572,177.9083,231.5,7.084492e-05,1.0048335,2.9182484,0.2
10.802401,205.572,183.60748,231.5,7.2037474e-05,0.7988191,2.9812334,0.2
10.802401,205.572,183.92433,231.5,7.33444e-05,0.64169866,3.0189548,0.2
10.802401,205.572,184.24774,231.5,7.467736e-05,1.2904114,3.3616364,0.2
10.802401,205.572,184.54704,231.5,7.591014e-05,1.9081333,3.0536516,0.2
10.802401,205.572,184.82858,231.5,7.70685e-05,2.116497,2.9131083,0.2
