Vmax,Rmax_IBT,Rmax_CK22,R34,fcor,u_trans,v_trans,mean_ck_cd
11.8312,103.712,117.22198,171.31,2.4070872e-05,-0.9937445,-0.26627296,0.2
11.8312,103.712,121.15586,176.86598,2.4052133e-05,-1.0063182,-0.21389978,0.2
11.8312,103.712,126.75034,184.73698,2.4070872e-05,-1.0187877,-0.14318144,0.2
12.3456,103.712,122.38287,184.73698,2.4089688e-05,-1.0248852,-0.08966579,0.2
13.3744,103.712,114.38804,184.73698,2.4070872e-05,-1.0131702,-0.1786492,0.2
13.8888,68.524,110.702774,184.73698,2.394529e-05,-0.9937445,-0.26627296,0.2
14.4032,35.188,107.22012,184.73698,2.3819783e-05,-1.0098981,-0.19630414,0.2
14.4032,35.188,107.22015,184.73698,2.381976e-05,-0.5115821,-0.053769372,0.2
14.4032,35.188,107.22012,184.73698,2.3819783e-05,-0.5080669,-0.080469914,0.2
14.917601,35.188,113.81052,201.40501,2.3694161e-05,-0.501216,-0.115714885,0.2
15.9464,35.188,116.84714,218.536,2.3568628e-05,-1.0161338,-0.16093983,0.2
16.4608,35.188,109.462296,211.12799,2.354981e-05,-1.0262939,-0.07176553,0.2
16.9752,35.188,103.47208,205.572,2.3568628e-05,-1.5410851,0.08076514,0.2
16.9752,35.188,89.28971,178.71799,2.3530762e-05,-1.5281817,0.21477221,0.2
16.9752,35.188,76.74078,154.642,2.3568628e-05,-2.0463283,0.21507755,0.2
18.5184,35.188,94.33577,203.257,2.3763398e-05,-2.0463283,0.21507755,0.2
20.0616,35.188,110.27549,253.261,2.4070872e-05,-2.0048637,0.4628596,0.2
20.576,35.188,92.99857,220.388,2.4409455e-05,-2.4168894,0.8796756,0.2
21.0904,35.188,77.32013,188.90399,2.4823696e-05,-2.384717,0.9634875,0.2
21.604801,35.188,88.804214,220.388,2.5287589e-05,-2.3675385,1.0049607,0.2
22.6336,35.188,98.11845,253.261,2.5826394e-05,-2.349639,1.0461266,0.2
23.148,35.188,102.57442,269.92902,2.641448e-05,-2.3116984,1.1274902,0.2
23.6624,35.188,106.98011,287.06,2.707799e-05,-2.672901,1.5431998,0.2
24.1768,37.04,115.71027,316.229,2.7865755e-05,-3.0536513,1.9081337,0.33218503
25.2056,40.744,121.713295,347.25,2.857718e-05,-2.774038,1.3529882,0.3476863
25.720001,31.484,106.32809,311.136,2.900707e-05,-2.4596162,0.7519794,0.36769712
26.2344,24.076,92.96547,278.726,2.9325609e-05,-2.4956007,0.6222233,0.40228435
26.2344,24.076,106.67286,319.007,2.968071e-05,-2.4956007,0.6222233,0.43478736
26.2344,24.076,120.67546,360.214,3.0073232e-05,-2.4843612,0.66568244,0.4466569
26.2344,24.076,120.696815,360.214,3.0552397e-05,-2.4596162,0.7519794,0.45400217
26.2344,24.076,120.71816,360.214,3.1068776e-05,-2.8616605,1.156185,0.47106105
26.2344,27.78,127.62211,380.586,3.1528005e-05,-2.774038,1.3529882,0.50390476
26.2344,35.188,135.12451,402.81,3.206281e-05,-3.0864885,1.8545485,0.5122187
26.7488,37.04,127.30422,388.92,3.280791e-05,-3.0536513,1.9081337,0.5129756
27.7776,40.744,117.84199,377.808,3.3550914e-05,-2.7251294,1.4489772,0.50102156
27.7776,40.744,117.80852,377.808,3.4045475e-05,-2.384717,0.9634875,0.48571163
27.7776,40.744,117.77356,377.808,3.454095e-05,-2.249522,1.2469304,0.47075945
27.7776,40.744,118.14389,379.197,3.524502e-05,-2.080792,1.5117832,0.45160374
27.7776,40.744,118.92448,381.975,3.6022833e-05,-2.5587418,1.725893,0.4277949
27.7776,37.04,118.01736,379.197,3.678094e-05,-2.6455615,1.589613,0.39996165
27.7776,35.188,117.53359,377.808,3.7500762e-05,-2.1811795,1.3629527,0.36980987
29.835201,37.04,90.36562,317.61798,3.8096583e-05,-1.6432723,1.2382948,0.33827797
31.8928,40.744,67.84343,257.428,3.872924e-05,-1.5048333,1.4032799,0.30408916
33.436,44.447998,77.767456,320.859,3.951375e-05,-1.7210038,1.9113686,0.2699971
35.4936,51.856,82.74874,386.14203,4.0444127e-05,-1.5478681,2.0540907,0.24653298
36.008,51.856,72.266136,337.99002,4.1506606e-05,-1.4382447,2.1322844,0.23327607
37.0368,51.856,60.9698,291.227,4.2640077e-05,-1.8141406,2.49695,0.20457855
37.0368,44.447998,68.37103,337.99002,4.3752592e-05,-1.8574418,2.4649088,0.2033943
37.0368,40.744,75.16246,386.14203,4.4825505e-05,-1.2860005,2.2274172,0.20221004
35.4936,31.484,80.1595,383.82703,4.5793007e-05,-0.63583326,1.9568939,0.20102578
34.4648,24.076,84.23879,385.679,4.675884e-05,-0.7089397,2.472365,0.19984153
32.4072,37.04,93.07751,385.679,4.7788322e-05,-0.6656832,2.4843612,0.19865729
30.3496,51.856,103.24136,385.679,4.892293e-05,-0.40234917,2.5403345,0.19747303
29.3208,37.04,108.74602,385.679,5.018568e-05,0.0,3.0864,0.19628878
27.7776,24.076,118.00958,385.679,5.155148e-05,0.1615297,3.0821702,0.19510452
25.720001,37.04,132.20143,385.679,5.2923246e-05,0.6942889,3.0072958,0.19392027
23.6624,51.856,148.64748,385.679,5.439729e-05,2.1194847,3.527415,0.19273601
22.6336,57.412,156.31294,381.975,5.5815366e-05,3.1669629,4.0535274,0.19155176
21.0904,68.524,171.12692,381.51202,5.768715e-05,3.7148836,4.9298177,0.1903675
20.0616,51.856,141.00986,300.024,6.0455524e-05,4.953178,6.57309,0.18918325
18.5184,35.188,109.68146,218.99901,6.3474974e-05,5.8514137,6.498653,0.18799901
16.4608,35.188,126.028625,223.166,6.592613e-05,6.498654,5.8514132,0.18681476
14.4032,35.188,145.25381,227.33301,6.8468675e-05,8.107055,6.3339257,0.1856305
13.8888,35.188,150.31718,227.33301,7.146356e-05,9.037999,6.81062,0.18444625
13.3744,35.188,155.59541,227.33301,7.467736e-05,10.681272,8.048914,0.18326199
