Vmax,Rmax_IBT,Rmax_CK22,R34,fcor,u_trans,v_trans,mean_ck_cd
14.4032,85.192,119.75955,201.40501,3.330315e-05,-1.3227807,0.7948065,0.50390476
14.917601,85.192,116.27059,201.40501,3.3724154e-05,-0.9287209,1.2324544,0.5122187
15.9464,85.192,109.72134,201.40501,3.4293596e-05,-0.6764945,1.3870189,0.5129756
16.4608,92.6,123.74927,231.037,3.5121822e-05,-0.5530336,1.4407012,0.50102156
16.9752,103.712,137.82722,261.595,3.6022833e-05,-0.70374113,1.9335114,0.48571163
19.0328,85.192,148.8442,310.67297,3.678077e-05,-0.9217227,2.4011688,0.47075945
21.0904,68.524,156.7634,360.21402,3.7500762e-05,-0.9341309,1.833335,0.45160374
23.6624,44.447998,137.37836,360.21402,3.820134e-05,-1.0288004,1.7819338,0.4277949
26.2344,24.076,120.838684,360.21402,3.897458e-05,-0.5671517,1.9778919,0.39996165
29.3208,27.78,112.12637,390.309,3.9899624e-05,-0.2241653,2.5622127,0.36980987
31.8928,35.188,105.15562,419.941,4.093299e-05,-0.2688477,2.5579102,0.33827797
34.4648,35.188,90.605865,411.14398,4.2049433e-05,-0.44662377,2.5329256,0.30408916
37.0368,35.188,78.32975,402.81,4.3126656e-05,-0.42779925,2.0126364,0.2699971
39.0944,37.04,77.55849,467.63,4.404966e-05,-0.35729903,2.0263405,0.24653298
41.152,40.744,73.60099,531.524,4.4825505e-05,0.0538569,1.5422599,0.23327607
41.152,40.744,74.78781,563.47095,4.5448753e-05,0.37333387,1.4973603,0.20457855
41.152,40.744,75.68545,595.881,4.6034886e-05,0.5530334,1.4407012,0.2033943
41.152,40.744,73.5272,563.47095,4.6704346e-05,0.9019925,1.8493587,0.20221004
41.152,40.744,71.1771,531.524,4.748151e-05,1.4382441,2.1322846,0.20102578
40.1232,40.744,74.68669,530.598,4.8425216e-05,1.618612,1.9988195,0.19984153
39.6088,40.744,76.20045,531.524,4.9402213e-05,1.721004,1.9113685,0.19865729
39.0944,40.744,79.90723,565.32294,5.0239345e-05,1.7540997,1.8810418,0.19747303
38.58,40.744,83.68623,600.511,5.1074945e-05,1.7540997,1.8810418,0.19628878
36.008,40.744,93.38371,538.469,5.199165e-05,1.6873839,1.9411131,0.19510452
34.4648,40.744,95.26635,480.13098,5.2977284e-05,1.5117837,2.0807917,0.19392027
33.436,37.04,109.09278,542.636,5.402488e-05,1.324678,2.2046344,0.19273601
32.9216,35.188,119.58647,604.678,5.510506e-05,1.324678,2.2046344,0.19155176
31.8928,35.188,124.66501,580.602,5.6139317e-05,1.680974,2.5884728,0.1903675
30.3496,35.188,134.37378,557.452,5.721923e-05,1.7702863,2.528231,0.18918325
30.3496,35.188,133.56737,557.452,5.83877e-05,1.680974,2.5884728,0.18799901
27.7776,51.856,151.5161,522.727,5.9319285e-05,1.4382441,2.1322846,0.18681476
27.7776,51.856,151.19246,522.727,6.0016075e-05,1.5478681,2.0540907,0.1856305
26.2344,51.856,139.36926,424.571,6.0711227e-05,1.5117837,2.0807917,0.18444625
25.2056,57.412,152.905,437.998,6.146198e-05,1.725893,2.5587418,0.18326199
23.6624,68.524,174.80127,454.66602,6.255676e-05,1.7702863,2.528231,0.18207774
23.6624,68.524,174.66278,454.66602,6.416161e-05,1.8574418,2.4649088,0.18089348
21.0904,68.524,234.56364,514.85596,6.507438e-05,1.5834814,2.0267637,0.17970923
20.0616,68.524,251.55008,514.85596,6.581587e-05,1.8141404,2.4969501,0.17852497
18.5184,68.524,279.09357,514.85596,6.666408e-05,1.5896136,2.6455612,0.17734072
16.4608,120.38,264.88043,434.757,6.793461e-05,1.4963164,2.6994264,0.17615648
14.4032,172.236,239.7602,355.584,6.936598e-05,2.3011906,3.4116557,0.17497222
14.4032,172.236,234.98674,348.639,7.053625e-05,3.1669629,4.0535274,0.17378797
14.4032,172.236,231.39082,343.083,7.2037474e-05,3.6282809,4.9939003,0.17260371
13.3744,172.236,250.14708,347.25,7.424455e-05,4.535351,6.2423754,0.17141946
11.8312,172.236,278.62796,351.417,7.6852295e-05,4.855836,5.9964585,0.1702352
