Vmax,Rmax_IBT,Rmax_CK22,R34,fcor,u_trans,v_trans,mean_ck_cd
11.8312,68.524,63.885902,94.91499,2.3568628e-05,-3.0746555,-0.26899737,0.2
12.3456,57.412,72.64187,111.58299,2.3442968e-05,-3.0746555,-0.26899737,0.2
13.3744,51.856,78.46768,128.714,2.3317392e-05,-2.5528288,-0.31344858,0.2
13.3744,40.744,81.07646,132.881,2.3153832e-05,-2.5579104,-0.26884687,0.33218503
13.3744,35.188,83.990326,137.511,2.306609e-05,-2.0576,2.4536634e-08,0.3476863
13.8888,35.188,105.3179,176.40298,2.3153816e-05,-2.042263,0.25075796,0.36769712
14.4032,35.188,125.23921,214.36902,2.3317392e-05,-2.0375755,0.28636295,0.40228435
15.9464,35.188,133.66704,248.16801,2.344287e-05,-2.5579104,0.26884696,0.43478736
16.9752,35.188,145.47075,283.356,2.3568628e-05,-2.5579104,0.26884696,0.4466569
17.489601,35.188,141.5405,283.356,2.3693945e-05,-2.5579104,0.26884696,0.45400217
18.5184,35.188,134.13945,283.356,2.3819783e-05,-3.0746555,0.26899746,0.47106105
19.0328,35.188,134.56458,291.227,2.3945262e-05,-3.0746555,0.26899746,0.50390476
20.0616,35.188,132.17134,300.487,2.4070872e-05,-3.0746555,0.26899746,0.5122187
21.0904,35.188,121.871445,291.69,2.4196226e-05,-3.0746555,0.26899746,0.5129756
22.6336,35.188,110.04188,283.356,2.432189e-05,-3.0746555,0.26899746,0.50102156
23.6624,35.188,105.10953,283.356,2.4447056e-05,-3.0746555,0.26899746,0.48571163
25.2056,35.188,98.3456,283.356,2.4572832e-05,-3.0746555,0.26899746,0.47075945
26.2344,35.188,94.22228,283.356,2.4698136e-05,-3.0746555,0.26899746,0.45160374
27.7776,35.188,88.53283,283.356,2.4823696e-05,-2.562213,0.22416456,0.4277949
29.3208,35.188,83.373764,283.356,2.494891e-05,-2.5579104,0.26884696,0.39996165
30.3496,35.188,80.19226,283.356,2.5074483e-05,-2.5579104,0.26884696,0.36980987
30.3496,35.188,82.503334,291.69,2.518082e-05,-2.5579104,0.26884696,0.33827797
30.3496,35.188,84.80646,300.02402,2.53252e-05,-2.5329256,0.4466231,0.30408916
32.4072,51.856,83.85822,321.32202,2.5556887e-05,-2.5060797,0.57857454,0.2699971
34.4648,68.524,82.60115,343.083,2.5826394e-05,-2.5060797,0.57857454,0.24653298
34.4648,68.524,83.46389,347.25,2.6057936e-05,-2.5060797,0.57857454,0.23327607
34.4648,68.524,84.31057,351.417,2.6327272e-05,-2.4723651,0.7089389,0.20457855
34.4648,68.524,84.209335,351.417,2.6702643e-05,-2.4318738,0.83736134,0.2033943
34.4648,68.524,84.10765,351.417,2.707799e-05,-2.4596162,0.7519794,0.20221004
33.436,68.524,87.39458,351.417,2.7327926e-05,-1.9964805,0.49777862,0.20102578
32.9216,68.524,89.090675,351.417,2.7578055e-05,-1.9568938,0.6358336,0.19984153
31.8928,68.524,95.91791,364.381,2.7915177e-05,-1.8797112,0.8369013,0.19865729
30.3496,68.524,105.45577,376.882,2.8327528e-05,-1.8493588,0.90199214,0.19747303
29.3208,57.412,111.29134,381.04898,2.8826818e-05,-2.2916691,1.167663,0.19628878
27.7776,51.856,120.49827,385.679,2.9325609e-05,-1.8333353,0.9341304,0.19510452
27.7776,51.856,120.48111,385.679,2.9699311e-05,-1.8333353,0.9341304,0.19392027
27.7776,51.856,120.46307,385.679,3.0073232e-05,-1.781934,1.0287998,0.19273601
27.7776,51.856,115.008286,368.085,3.0552554e-05,-1.7058278,1.1505953,0.19155176
27.7776,51.856,109.83141,351.41702,3.1068776e-05,-1.1992917,0.9711672,0.1903675
27.7776,51.856,123.649605,396.328,3.1547217e-05,-1.071997,1.1100849,0.18918325
27.7776,51.856,137.55214,442.165,3.206281e-05,-0.9919501,1.1821597,0.18799901
26.7488,51.856,132.13148,403.736,3.270193e-05,-0.9500887,1.2160584,0.18681476
26.2344,51.856,123.603386,368.54803,3.330315e-05,-0.9500887,1.2160584,0.1856305
25.720001,51.856,127.31987,370.40002,3.3674714e-05,-0.56032455,0.8628243,0.18444625
25.2056,51.856,131.36658,372.71503,3.404614e-05,-0.21389963,1.0063182,0.18326199
25.720001,51.856,128.80615,374.56702,3.457185e-05,0.0538569,1.5422599,0.18207774
26.2344,51.856,126.43451,376.88202,3.5282377e-05,0.0718092,2.0563467,0.18089348
26.7488,51.856,123.31296,376.88202,3.6213965e-05,0.03591007,2.0572867,0.17970923
27.7776,51.856,117.27539,376.88202,3.7254722e-05,0.0,2.0576,0.17852497
27.7776,51.856,117.18851,376.88202,3.821978e-05,0.03591007,2.0572867,0.17734072
27.7776,51.856,117.09303,376.88202,3.9219805e-05,-0.08976177,2.5704334,0.17615648
27.7776,40.744,116.983475,376.88202,4.0303465e-05,0.0,2.572,0.17497222
27.7776,35.188,116.86394,376.88202,4.142137e-05,0.26884723,2.5579104,0.17378797
27.7776,35.188,124.52439,403.273,4.2518368e-05,0.5347489,2.5157957,0.17260371
27.7776,35.188,131.7364,428.738,4.3612705e-05,0.5347489,2.5157957,0.17141946
27.7776,40.744,131.51651,428.738,4.4740664e-05,0.5347489,2.5157957,0.1702352
27.7776,51.856,131.3045,428.738,4.5793287e-05,0.5671514,1.977892,0.16905095
27.7776,51.856,131.12201,428.738,4.6674337e-05,0.7707905,1.9077735,0.16786669
27.7776,51.856,130.951,428.738,4.748151e-05,0.9975442,1.7996175,0.16668244
26.2344,40.744,138.67545,416.237,4.834096e-05,1.1505953,1.7058278,0.16549818
25.2056,35.188,142.38843,403.27298,4.916265e-05,1.6532496,1.9702663,0.16431394
23.6624,35.188,155.35437,403.273,4.991696e-05,1.4032798,1.5048333,0.16312969
22.6336,35.188,164.81363,403.27298,5.059779e-05,1.3225998,1.576213,0.16194543
21.604801,35.188,174.9617,403.27298,5.1176077e-05,0.7481582,1.3497132,0.16076118
21.0904,35.188,180.37152,403.27298,5.178951e-05,0.47687504,1.4676704,0.15957692
21.0904,51.856,192.33836,428.27502,5.260343e-05,0.53254604,1.987489,0.15839267
21.0904,68.524,204.95714,454.66602,5.345127e-05,0.7707905,1.9077735,0.15720841
21.0904,68.524,201.14688,446.33197,5.4143202e-05,1.090362,1.7449437,0.15602416
21.0904,68.524,196.9021,437.07202,5.4869302e-05,1.4382441,2.1322846,0.1548399
20.576,68.524,192.85202,415.774,5.579373e-05,1.4752387,2.1068592,0.15365566
20.0616,68.524,188.23792,394.47598,5.6750614e-05,1.5117837,2.0807917,0.15247141
18.5184,68.524,201.77597,386.142,5.7569745e-05,1.5834814,2.0267637,0.15128715
16.9752,68.524,216.06982,377.80798,5.83877e-05,1.6532496,1.9702663,0.1501029
15.9464,85.192,218.03198,360.21402,5.9282098e-05,2.2201703,2.1439936,0.14891864
14.4032,103.712,225.96948,342.62,6.0247978e-05,3.451297,2.2412987,0.14773439
13.8888,103.712,233.30505,342.62,6.132674e-05,4.623397,2.2549813,0.14655013
13.3744,103.712,240.82811,342.62,6.2326726e-05,4.699278,2.0922532,0.14536588
12.3456,103.712,241.99104,325.952,6.311804e-05,3.7880614,1.6079371,0.14418162
11.8312,103.712,235.28899,309.284,6.370404e-05,3.4245644,1.1127083,0.14299737
11.8312,103.712,213.59854,283.356,6.4080596e-05,2.9947207,0.74666774,0.14181313
11.8312,103.712,192.20462,257.428,6.43901e-05,2.9668381,0.8507273,0.14062887
11.3168,103.712,198.16742,257.428,6.481206e-05,2.8616602,1.156186,0.13944462
10.802401,103.712,204.32745,257.428,6.530208e-05,2.1811798,1.3629524,0.13826036
9.7736,103.712,178.19247,214.36899,6.597221e-05,1.5990556,1.2948897,0.13707611
9.2592,103.712,145.5567,171.773,6.643758e-05,1.4407012,0.5530335,0.13589185
9.2592,103.712,255.52205,290.764,6.6346656e-05,0.82163614,-0.61914736,0.1347076
9.2592,103.712,273.36325,309.284,6.5983986e-05,0.45099622,-0.92467934,0.13352334
