Vmax,Rmax_IBT,Rmax_CK22,R34,fcor,u_trans,v_trans,mean_ck_cd
14.4032,68.524,135.90973,231.5,2.3568628e-05,0.21389946,-1.0063183,0.2
14.917601,68.524,131.9018,231.5,2.3870009e-05,-0.16130829,-1.5347463,0.2
14.917601,68.524,131.95522,231.5,2.403321e-05,-0.42536348,-1.4834191,0.2
15.9464,68.524,124.51533,231.5,2.4572832e-05,0.39940968,-1.4906167,0.2
16.4608,68.524,122.20401,233.35199,2.5199799e-05,0.3208492,-1.5094774,0.2
16.9752,68.524,120.24646,235.66699,2.5826394e-05,-0.4829923,-0.9083765,0.2
18.5184,68.524,182.2885,374.56702,2.6383741e-05,-1.1468209,-1.0326025,0.33218503
20.0616,68.524,236.79485,514.393,2.6827835e-05,-0.51439995,-0.890967,0.3476863
21.0904,68.524,224.3349,514.393,2.711188e-05,-0.14318131,-1.0187877,0.36769712
22.6336,68.524,207.00615,514.393,2.7328068e-05,-1.091207,-1.0912073,0.40228435
22.6336,68.524,207.0974,514.393,2.7578055e-05,-0.9166674,-0.4670656,0.43478736
26.2344,68.524,172.54936,514.393,2.7827968e-05,-0.49447304,-0.14178778,0.4466569
26.7488,68.524,163.28009,499.11398,2.7827944e-05,-0.5144,6.1341585e-09,0.45400217
27.7776,68.524,150.85986,484.298,2.7827968e-05,0.44092688,-0.26493558,0.47106105
28.292,68.524,147.18637,484.298,2.809029e-05,0.64744496,-0.79952765,0.50390476
29.3208,68.524,140.1208,484.298,2.857718e-05,0.5451811,-0.8724718,0.5122187
29.835201,68.524,140.49068,499.11398,2.9232124e-05,1.0719969,-1.1100851,0.5129756
29.835201,68.524,141.49208,503.281,2.9494913e-05,0.669889,-1.9454991,0.50102156
30.3496,68.524,140.6184,514.393,3.0073232e-05,0.3926086,-2.0197961,0.48571163
30.864,68.524,136.8845,514.393,3.071129e-05,-0.35795328,-2.5469694,0.47075945
30.864,68.524,136.72981,514.393,3.1050135e-05,-0.14353077,-2.052588,0.45160374
31.8928,68.524,129.54001,514.393,3.206281e-05,-0.21507771,-2.0463283,0.4277949
32.4072,57.412,129.28625,531.061,3.291265e-05,-0.14353077,-2.052588,0.39996165
32.9216,51.856,128.82298,548.655,3.3798577e-05,-0.10768653,-2.05478,0.36980987
34.4648,51.856,121.06639,566.24896,3.491186e-05,-0.9634883,-2.3847167,0.33827797
35.4936,51.856,116.08882,582.917,3.6022833e-05,-1.0461264,-2.349639,0.30408916
36.008,44.447998,112.0778,582.917,3.6885445e-05,-1.4752384,-2.1068592,0.2699971
37.0368,40.744,105.12957,582.917,3.7746686e-05,-0.93413097,-1.833335,0.24653298
37.0368,40.744,104.38238,582.917,3.8471586e-05,0.0,2.0576,0.23327607
37.0368,40.744,103.99084,582.917,3.885186e-05,-0.79479164,-2.4461174,0.20457855
37.0368,40.744,102.857185,582.917,3.995476e-05,-0.92172223,-2.401169,0.2033943
38.0656,40.744,96.46297,582.917,4.0524465e-05,-0.9634883,-2.3847167,0.20221004
38.58,40.744,93.40913,582.917,4.0792544e-05,-0.73737776,-1.9209352,0.20102578
39.6088,40.744,87.1803,582.917,4.1665367e-05,-0.70893914,-2.4723651,0.19984153
39.6088,40.744,86.00651,582.917,4.275566e-05,-0.22416475,-2.562213,0.19865729
39.6088,40.744,84.572914,582.917,4.409823e-05,0.26899788,-3.0746553,0.19747303
39.0944,40.744,85.51623,582.917,4.5702698e-05,0.62527275,-3.5460956,0.19628878
38.58,40.744,86.41093,582.917,4.748151e-05,0.6870651,-3.5346432,0.19510452
38.0656,44.447998,88.08814,582.917,4.8624694e-05,0.56328917,-3.5564682,0.19392027
37.5512,44.447998,90.447296,582.917,4.921017e-05,0.643759,-4.064535,0.19273601
37.0368,51.856,91.66202,582.917,5.1074945e-05,1.2760907,-4.4502573,0.19155176
36.008,51.856,96.68882,588.93604,5.307252e-05,2.092253,-4.699278,0.1903675
35.4936,51.856,98.5205,595.881,5.5340646e-05,2.5107036,-5.6391335,0.18918325
34.4648,51.856,103.33781,593.103,5.7931305e-05,2.50507,-6.2002635,0.18799901
32.9216,51.856,113.05744,591.251,6.0711227e-05,3.1569736,-6.4727554,0.18681476
31.8928,51.856,119.92962,591.251,6.335386e-05,3.7090983,-6.172976,0.1856305
30.3496,51.856,132.86484,591.251,6.621089e-05,4.602382,-6.8233104,0.18444625
27.7776,57.412,157.95816,578.74994,6.969106e-05,5.1400647,-7.0746922,0.18326199
25.2056,68.524,188.2923,565.786,7.2921e-05,5.2903996,-6.304852,0.18207774
21.0904,68.524,257.77942,565.786,7.5057236e-05,5.1630125,-5.734105,0.18089348
16.9752,68.524,347.99127,565.786,7.6852295e-05,4.2984495,-5.1226926,0.17970923
15.9464,68.524,356.28976,540.784,7.889995e-05,2.9504776,-4.213718,0.17852497
14.4032,68.524,373.98547,513.93,8.113127e-05,2.9984958,-4.798595,0.17734072
