Vmax,Rmax_IBT,Rmax_CK22,R34,fcor,u_trans,v_trans,mean_ck_cd
10.802401,153.716,192.9234,257.428,2.700293e-05,-0.86294687,1.2793705,0.2
10.802401,153.716,193.09492,257.428,2.7578055e-05,-0.748158,1.3497132,0.2
11.3168,153.716,192.44745,264.836,2.8308785e-05,-0.6521848,1.398614,0.2
11.8312,153.716,193.28014,274.096,2.9076216e-05,-0.86957973,1.8648187,0.2
13.3744,137.048,193.6292,300.024,2.9680798e-05,-0.836901,1.8797114,0.2
14.4032,120.38,199.52104,325.95203,3.0322259e-05,-0.7373781,1.920935,0.2
14.4032,120.38,275.7016,437.53497,3.1043855e-05,-0.5325466,1.9874889,0.2
14.4032,120.38,355.241,548.655,3.206281e-05,-0.69428885,3.0072958,0.2
14.917601,120.38,346.5809,548.655,3.352608e-05,-0.93195647,3.4781055,0.33218503
15.9464,120.38,328.45453,548.655,3.5282377e-05,-1.4747562,3.84187,0.3476863
16.4608,109.268,320.63153,548.655,3.7168316e-05,-2.244474,4.04914,0.36769712
16.9752,103.712,312.74304,548.655,3.897458e-05,-2.97585,3.5464787,0.40228435
17.489601,103.712,307.139,552.822,4.0431725e-05,-3.54648,2.9758492,0.43478736
18.5184,103.712,292.1764,556.989,4.1665367e-05,-3.2865446,2.4765897,0.4466569
19.0328,103.712,283.96616,556.989,4.279746e-05,-2.8757265,2.167016,0.45400217
20.0616,103.712,267.34125,556.989,4.385554e-05,-3.2428217,2.5335703,0.47106105
20.0616,103.712,272.51886,566.249,4.5000957e-05,-3.7454257,2.7212098,0.50390476
20.0616,103.712,276.9286,574.12,4.6034886e-05,-3.9683423,2.3844194,0.5122187
20.576,103.712,268.44714,574.12,4.683043e-05,-4.22935,1.883028,0.5129756
21.0904,103.712,260.07394,574.12,4.748151e-05,-3.867023,1.407481,0.50102156
21.604801,92.6,269.3027,613.01196,4.8083133e-05,-3.4046233,1.1723058,0.48571163
22.6336,85.192,267.1893,650.978,4.868306e-05,-3.2634332,1.5217636,0.47075945
23.148,85.192,257.96506,650.978,4.9292394e-05,-2.9851987,2.0135417,0.45160374
23.6624,85.192,248.86848,650.978,5.012002e-05,-2.837469,2.216874,0.4277949
25.2056,85.192,223.08855,650.978,5.1397394e-05,-3.1981113,2.5897794,0.39996165
26.2344,85.192,206.6607,650.978,5.2740055e-05,-3.1981113,2.5897794,0.36980987
28.292,85.192,178.31125,655.608,5.372276e-05,-2.837469,2.216874,0.33827797
30.3496,85.192,152.90465,659.775,5.4633376e-05,-2.7983472,2.2660568,0.30408916
32.4072,68.524,129.35812,655.60803,5.5657434e-05,-2.7583733,2.3145492,0.2699971
34.4648,51.856,109.01423,651.441,5.6750614e-05,-3.1057816,2.6998134,0.24653298
34.979202,51.856,103.463104,651.441,5.7920628e-05,-3.1057816,2.6998134,0.23327607
35.4936,51.856,98.07509,651.441,5.9086666e-05,-3.1981113,2.5897794,0.20457855
34.979202,51.856,100.944016,651.441,6.020156e-05,-2.9131088,2.1164966,0.2033943
34.4648,51.856,104.15766,651.441,6.1173734e-05,-2.9131088,2.1164966,0.20221004
34.4648,51.856,103.333694,651.441,6.193456e-05,-2.4969504,1.8141398,0.20102578
34.4648,51.856,102.66234,651.441,6.255676e-05,-2.5282311,1.770286,0.19984153
34.4648,57.412,101.878876,647.274,6.3078805e-05,-2.080792,1.5117832,0.19865729
34.4648,68.524,100.996025,643.107,6.370404e-05,-1.818679,1.8186784,0.19747303
32.9216,68.524,113.79092,643.107,6.468103e-05,-1.9001774,2.4321167,0.19628878
31.8928,68.524,122.926704,643.107,6.575688e-05,-1.5117838,2.0807917,0.19510452
30.864,68.524,127.23189,591.71405,6.666385e-05,-1.4752389,2.1068587,0.19392027
30.3496,68.524,124.58684,539.85803,6.756802e-05,-1.4008113,2.1570609,0.19273601
30.3496,68.524,123.94067,539.85803,6.854717e-05,-1.2860005,2.2274172,0.19155176
30.3496,68.524,123.25173,539.85803,6.958979e-05,-1.352989,2.7740378,0.1903675
30.3496,68.524,119.499115,519.023,7.0738795e-05,-1.2553515,2.819567,0.18918325
30.3496,68.524,115.547066,496.799,7.181604e-05,-1.2074807,2.2709413,0.18799901
29.835201,68.524,119.60261,496.799,7.268945e-05,-1.2860005,2.2274172,0.18681476
29.3208,68.524,123.96478,496.799,7.336144e-05,-1.2382945,1.6432725,0.1856305
28.292,68.524,133.72084,496.799,7.3833726e-05,-1.0124304,1.1646677,0.18444625
27.7776,68.524,138.81375,496.799,7.423962e-05,-0.9070703,1.248475,0.18326199
26.7488,68.524,152.83786,509.763,7.478664e-05,-0.40198413,0.9470154,0.18207774
26.2344,68.524,161.95602,522.727,7.533226e-05,0.300792,0.9838463,0.18089348
25.2056,68.524,175.12901,522.727,7.580032e-05,1.1646678,1.0124303,0.17970923
23.6624,68.524,196.86597,522.727,7.620224e-05,1.2793709,0.8629465,0.17852497
23.6624,75.932,196.78316,522.727,7.6527096e-05,1.7449437,1.090362,0.17734072
23.6624,85.192,196.69978,522.727,7.6852295e-05,2.291669,1.1676637,0.17615648
23.148,85.192,204.42714,522.727,7.72522e-05,2.8195667,1.2553519,0.17497222
22.6336,85.192,212.43103,522.727,7.771575e-05,2.3116984,1.1274906,0.17378797
21.0904,85.192,238.29192,522.727,7.823609e-05,2.249522,1.2469302,0.17260371
20.0616,85.192,256.9676,522.727,7.878973e-05,2.1322846,1.4382441,0.17141946
19.5472,85.192,259.64398,509.3,7.897935e-05,2.4649088,1.8574418,0.1702352
18.5184,92.6,267.42276,488.92798,7.9356374e-05,2.774038,1.3529888,0.16905095
16.9752,103.712,274.33768,454.66602,7.9857724e-05,3.4781058,0.93195575,0.16786669
15.9464,103.712,278.40424,433.831,8.013951e-05,4.0252733,0.85559803,0.16668244
14.4032,103.712,292.7653,416.237,8.049559e-05,5.04949,0.9815218,0.16549818
13.8888,103.712,302.4356,416.237,8.099836e-05,6.459339,1.7307749,0.16431394
13.3744,103.712,312.64993,416.237,8.197536e-05,6.935095,3.382472,0.16312969
