Vmax,Rmax_IBT,Rmax_CK22,R34,fcor,u_trans,v_trans,mean_ck_cd
10.802401,103.712,161.08305,213.906,3.626943e-05,-3.1057816,2.6998134,0.2
11.3168,103.712,179.01653,243.538,3.788745e-05,-3.7002842,3.5733225,0.2
11.8312,103.712,197.20494,274.096,3.9464914e-05,-3.1573792,3.3858755,0.2
11.3168,103.712,203.94225,274.096,4.0559506e-05,-2.8586588,2.9602263,0.2
10.802401,103.712,210.74615,274.096,4.1177245e-05,-2.774038,1.3529882,0.2
11.3168,103.712,204.2001,274.096,4.1288622e-05,-3.5958652,0.188452,0.2
11.8312,103.712,197.83305,274.096,4.1177245e-05,-3.08593,0.053864837,0.2
11.8312,103.712,194.95612,270.392,4.1169853e-05,-3.0563633,0.42954442,0.2
11.8312,103.712,195.04575,270.392,4.142137e-05,-2.4843612,0.66568244,0.2
13.3744,103.712,177.97588,270.392,4.2049847e-05,-2.2709413,1.207481,0.2
14.4032,103.712,167.92628,270.392,4.3126656e-05,-2.6334584,2.4557397,0.2
15.9464,103.712,154.1884,270.392,4.458322e-05,-3.0096667,2.8065598,0.2
16.9752,103.712,145.76837,270.392,4.5309676e-05,-3.1183844,1.8003997,0.2
17.489601,103.712,150.0614,284.745,4.582603e-05,-3.4434626,1.0527711,0.33218503
18.5184,103.712,150.24507,300.024,4.627635e-05,-2.9182484,1.0048336,0.3476863
21.0904,92.6,130.91519,300.024,4.6860587e-05,-2.7500029,1.4011955,0.36769712
23.6624,85.192,114.56313,300.024,4.748151e-05,-2.7251294,1.4489772,0.40228435
26.7488,61.116,109.689186,336.138,4.811911e-05,-3.2083368,1.6347281,0.43478736
30.3496,40.744,100.3552,373.17798,4.868306e-05,-2.401169,0.921722,0.4466569
30.3496,40.744,107.31623,403.273,4.895174e-05,-1.9568938,0.6358336,0.45400217
30.3496,40.744,114.895004,437.535,4.9402213e-05,-2.1068592,1.4752383,0.47106105
29.3208,40.744,121.47142,437.535,5.035898e-05,-2.0248609,2.3293355,0.50390476
29.3208,35.188,124.03844,450.036,5.155148e-05,-2.0652046,2.2936423,0.5122187
29.3208,35.188,128.21645,469.48203,5.2424508e-05,-2.3293362,2.0248601,0.5129756
29.3208,35.188,132.26172,488.92798,5.321436e-05,-2.2936418,2.065205,0.50102156
28.292,35.188,140.61989,488.92798,5.424346e-05,-2.1824148,2.182414,0.48571163
27.7776,35.188,144.85231,488.92798,5.5340646e-05,-2.1049194,2.2572503,0.47075945
27.7776,37.04,144.45929,488.92798,5.639854e-05,-2.0248609,2.3293355,0.45160374
27.7776,40.744,144.0619,488.92798,5.7453286e-05,-1.942335,2.398583,0.4277949
27.7776,55.56,143.64047,488.92798,5.855672e-05,-1.8574418,2.4649088,0.39996165
27.7776,68.524,143.25565,488.92798,5.9551734e-05,-1.5117838,2.0807917,0.36980987
29.3208,68.524,129.0059,488.92798,6.028232e-05,-1.5117838,2.0807917,0.33827797
30.3496,68.524,120.11457,488.92798,6.0942573e-05,-1.4752389,2.1068587,0.30408916
32.9216,68.524,100.616516,488.92798,6.17335e-05,-1.1505958,1.7058275,0.2699971
35.4936,68.524,84.069916,488.92798,6.255676e-05,-1.3629524,2.1811798,0.24653298
33.436,72.228,93.94336,469.945,6.3308384e-05,-1.2860005,2.2274172,0.23327607
31.8928,75.932,101.47814,455.12903,6.416161e-05,-1.2074807,2.2709413,0.20457855
30.864,61.116,108.11444,455.12903,6.52682e-05,-1.2469299,2.2495222,0.2033943
30.3496,51.856,111.37258,455.12903,6.643758e-05,-1.3629524,2.1811798,0.20221004
29.835201,57.412,114.87185,455.12903,6.745537e-05,-1.2074807,2.2709413,0.20102578
29.3208,68.524,118.55013,455.12903,6.8468675e-05,-0.6222228,2.4956007,0.19984153
27.7776,68.524,131.42476,455.12903,6.953888e-05,0.0897615,2.5704334,0.19865729
26.2344,68.524,145.85635,455.12903,7.07056e-05,0.64169866,3.0189548,0.19747303
25.2056,68.524,151.30751,438.924,7.2003146e-05,1.4069446,3.314554,0.19628878
23.6624,68.524,162.68481,424.571,7.336144e-05,2.476589,3.286545,0.19510452
23.148,61.116,168.3207,424.571,7.459439e-05,3.2736216,3.2736216,0.19392027
22.6336,57.412,174.20161,424.571,7.5985095e-05,4.138292,3.8590193,0.19273601
21.604801,44.447998,186.76443,424.571,7.7740515e-05,4.5145,4.2098393,0.19155176
21.0904,35.188,193.45882,424.571,7.9644604e-05,5.5167456,4.629099,0.1903675
20.0616,68.524,205.0068,419.47803,8.1326994e-05,6.0802913,4.7504444,0.18918325
19.0328,88.895996,217.80138,415.774,8.255013e-05,7.0746922,5.1400647,0.18799901
18.5184,103.712,225.79478,416.237,8.3234e-05,9.382052,6.3282743,0.18681476
16.4608,57.412,118.258705,205.572,8.56635e-05,10.112924,7.0811453,0.1856305
14.4032,16.668,9.333713,16.668,8.8175955e-05,9.491067,6.1635714,0.18444625
13.8888,16.668,9.6505375,16.668,9.039871e-05,8.391685,3.9131072,0.18326199
13.3744,16.668,9.988703,16.668,9.2373535e-05,10.02432,2.3142962,0.18207774
