Vmax,Rmax_IBT,Rmax_CK22,R34,fcor,u_trans,v_trans,mean_ck_cd
11.8312,153.716,125.67852,180.56999,3.454095e-05,-0.7995278,0.64744484,0.5129756
13.3744,153.716,120.38086,190.293,3.4874647e-05,-1.1992917,0.9711672,0.50102156
14.4032,153.716,120.22654,201.405,3.5282377e-05,-1.18216,0.9919497,0.48571163
15.9464,109.268,120.15291,218.53601,3.586242e-05,-1.4293294,1.4801131,0.47075945
16.9752,68.524,123.26197,235.66699,3.651592e-05,-2.1068592,1.4752383,0.45160374
20.576,57.412,105.499794,242.612,3.714999e-05,-2.1068592,1.4752383,0.4277949
23.6624,51.856,95.19888,253.261,3.7746686e-05,-1.4801137,1.429329,0.39996165
26.2344,44.447998,84.719406,253.261,3.8293263e-05,-1.5762132,1.3225996,0.36980987
29.3208,40.744,74.18726,253.261,3.872924e-05,-1.7058278,1.1505953,0.33827797
31.8928,40.744,70.21786,267.151,3.9029863e-05,-1.5242006,0.24140978,0.30408916
34.4648,40.744,66.60033,282.43,3.9219805e-05,-2.5657346,0.1794139,0.2699971
34.979202,40.744,66.92986,290.764,3.93056e-05,-2.4168894,0.8796756,0.24653298
35.4936,40.744,67.339325,300.024,3.9464914e-05,-1.2484752,0.9070699,0.23327607
35.4936,40.744,67.246,300.024,3.9862603e-05,-0.7146647,0.7400566,0.20457855
35.4936,40.744,67.10925,300.024,4.0444127e-05,-1.3499072,1.5528904,0.2033943
36.008,37.04,65.5283,300.024,4.1232142e-05,-1.4293294,1.4801131,0.20221004
37.0368,35.188,62.67346,300.024,4.1909232e-05,-1.8333353,0.9341304,0.20102578
37.0368,35.188,64.68667,312.062,4.203115e-05,-2.0048637,0.4628596,0.19984153
37.0368,35.188,66.9605,325.952,4.2152973e-05,-1.3750014,0.70059776,0.19865729
37.0368,35.188,72.18613,360.214,4.2792002e-05,-1.4293294,1.4801131,0.19747303
37.0368,35.188,76.91053,394.476,4.3612705e-05,-1.818679,1.8186784,0.19628878
36.008,40.744,80.45657,394.476,4.4322496e-05,-1.9113681,1.7210042,0.19510452
35.4936,51.856,82.16025,394.476,4.506766e-05,-1.6186125,1.998819,0.19392027
34.4648,40.744,84.903366,387.531,4.587796e-05,-1.29489,1.5990552,0.19273601
32.9216,35.188,90.20771,381.512,4.675884e-05,-0.9019927,1.8493586,0.19155176
29.835201,35.188,105.35933,381.512,4.7703816e-05,-1.0049603,2.3675385,0.1903675
26.2344,35.188,127.457634,381.512,4.868306e-05,-1.2860005,2.2274172,0.18918325
23.148,35.188,151.10098,381.512,4.9569837e-05,-0.8796764,2.4168892,0.18799901
20.0616,35.188,180.13844,381.512,5.059779e-05,-1.2553515,2.819567,0.18681476
16.4608,35.188,222.23361,381.512,5.1884846e-05,-1.1060672,2.8814025,0.1856305
13.3744,35.188,266.66174,381.512,5.345127e-05,-0.64169884,3.0189548,0.18444625
11.8312,35.188,292.58563,381.512,5.5269888e-05,-0.42954382,3.0563633,0.18326199
10.802401,35.188,311.54337,381.512,5.721923e-05,-0.6656832,2.4843612,0.18207774
