Vmax,Rmax_IBT,Rmax_CK22,R34,fcor,u_trans,v_trans,mean_ck_cd
11.8312,137.048,140.356,205.572,1.8783807e-05,1.0048335,2.9182484,0.2
11.8312,137.048,146.06612,212.98,2.063787e-05,1.231546,3.3836453,0.2
11.8312,137.048,153.19157,222.24,2.2563274e-05,0.48281938,3.0484014,0.2
13.3744,127.788,143.7009,229.648,2.3913834e-05,-0.37613782,3.0633945,0.2
14.4032,120.38,142.20055,240.76,2.5074483e-05,-0.69428885,3.0072958,0.2
15.9464,103.712,149.79427,274.096,2.6346066e-05,-0.79881984,2.9812334,0.2
16.9752,85.192,161.65338,309.284,2.7578055e-05,-0.6222228,2.4956007,0.2
16.9752,85.192,162.20744,309.284,2.879549e-05,-0.44662377,2.5329256,0.33218503
16.9752,85.192,162.66814,309.284,2.9824112e-05,0.0,2.0576,0.3476863
18.5184,75.932,152.87643,314.84,3.050277e-05,0.47687504,1.4676704,0.36769712
20.0616,68.524,146.64069,325.952,3.1068776e-05,0.47687504,1.4676704,0.40228435
20.0616,68.524,146.87799,325.952,3.1777177e-05,0.32084933,1.5094774,0.43478736
20.0616,68.524,147.13608,325.952,3.2559245e-05,0.10764819,1.5394409,0.4466569
20.0616,68.524,147.43575,325.952,3.348278e-05,0.0,1.5432,0.45400217
20.0616,68.524,147.69446,325.952,3.4293596e-05,0.13449873,1.5373278,0.47106105
20.576,68.524,144.59068,327.341,3.468311e-05,0.2835757,0.988946,0.50390476
21.0904,68.524,141.98436,329.656,3.5035337e-05,0.42536357,1.4834191,0.5122187
22.6336,68.524,133.83356,335.21198,3.5776106e-05,0.601584,1.9676926,0.5129756
23.6624,68.524,130.02202,342.15698,3.651592e-05,0.72448856,1.3625647,0.50102156
23.6624,68.524,146.53906,383.827,3.694086e-05,0.74005675,0.7146646,0.48571163
23.6624,68.524,164.13506,428.27502,3.7254722e-05,0.7995278,0.64744484,0.47075945
25.2056,68.524,168.88127,477.816,3.7605234e-05,0.77644527,0.6749535,0.45160374
26.2344,68.524,175.57816,526.89404,3.7992504e-05,1.1821598,0.9919498,0.4277949
28.292,75.932,132.10167,438.924,3.842867e-05,1.0719968,1.1100851,0.39996165
30.3496,85.192,96.98895,351.417,3.897458e-05,0.34714445,1.5036479,0.36980987
31.8928,92.6,104.68358,415.774,3.9728322e-05,-0.47687495,1.4676704,0.33827797
32.9216,103.712,111.73765,480.131,4.0444127e-05,-0.86294687,1.2793705,0.30408916
34.4648,103.712,102.168205,475.964,4.0865758e-05,-0.7400569,0.7146645,0.2699971
35.4936,103.712,96.06716,471.797,4.1177245e-05,-0.7146647,0.7400566,0.24653298
35.4936,103.712,100.77298,506.05902,4.15067e-05,-0.61914724,0.82163626,0.23327607
35.4936,103.712,105.06671,540.32104,4.1909232e-05,-0.8851434,1.2641153,0.20457855
36.008,103.712,100.377785,530.598,4.251834e-05,-0.9287209,1.2324544,0.2033943
37.0368,103.712,93.468796,523.19,4.3126656e-05,-1.1100852,1.0719968,0.20221004
37.0368,109.268,93.519165,526.431,4.3491076e-05,-1.2324542,0.9287212,0.20102578
37.0368,120.38,93.75667,531.52405,4.385554e-05,-1.5990556,1.2948897,0.19984153
37.0368,120.38,93.27047,531.52405,4.4425688e-05,-1.5290946,1.3768034,0.19865729
37.0368,120.38,92.72373,531.52405,4.506766e-05,-1.5990556,1.2948897,0.19747303
35.4936,120.38,100.92261,531.52405,4.5618068e-05,-1.9988195,1.618612,0.19628878
34.4648,120.38,106.682686,531.52405,4.627635e-05,-1.7866617,1.8501415,0.19510452
34.4648,109.268,107.63958,544.48804,4.7204398e-05,-1.4752389,2.1068587,0.19392027
34.4648,103.712,108.421074,557.452,4.8202877e-05,-1.4008113,2.1570609,0.19273601
35.4936,103.712,102.2788,570.416,4.9024977e-05,-0.99754393,1.7996176,0.19155176
37.0368,103.712,92.873,583.38,4.9880902e-05,-0.5671517,1.9778919,0.1903675
37.0368,103.712,91.86516,583.38,5.0901923e-05,-0.17941341,2.5657349,0.18918325
37.0368,103.712,90.76032,583.38,5.2027382e-05,0.0,2.572,0.18799901
37.0368,103.712,89.688896,583.38,5.312542e-05,0.044887587,2.5716083,0.18681476
37.0368,103.712,88.45603,583.38,5.439729e-05,0.37613755,3.0633945,0.1856305
37.0368,103.712,89.56395,635.236,5.5975972e-05,0.74864846,3.522114,0.18444625
37.0368,103.712,89.383835,685.24,5.768715e-05,1.1343029,3.955784,0.18326199
35.4936,103.712,98.55418,663.942,5.9196685e-05,1.3397781,3.890998,0.18207774
34.4648,103.712,103.88303,642.644,6.0942573e-05,1.9269763,4.769434,0.18089348
32.9216,103.712,115.22887,642.644,6.32403e-05,2.210913,5.208585,0.17970923
31.8928,103.712,122.88513,642.644,6.575688e-05,2.6087382,5.5944567,0.17852497
29.3208,103.712,153.50049,666.25696,6.807931e-05,2.9314756,6.0104156,0.17734072
26.2344,103.712,203.19513,690.33295,7.048288e-05,3.269458,6.4166727,0.17615648
25.2056,103.712,173.03384,512.078,7.309157e-05,3.269458,6.4166727,0.17497222
23.6624,103.712,128.82419,334.286,7.576771e-05,3.740791,6.7485657,0.17378797
21.604801,103.712,163.70793,372.715,7.832895e-05,3.858,6.682252,0.17260371
20.0616,103.712,200.95807,411.607,8.0919635e-05,3.740791,6.7485657,0.17141946
