Vmax,Rmax_IBT,Rmax_CK22,R34,fcor,u_trans,v_trans,mean_ck_cd
11.8312,120.38,76.50603,112.046,3.454095e-05,-4.6232553,-0.24229534,0.2
13.3744,85.192,79.65747,128.714,3.415744e-05,-4.572602,-0.7242292,0.2
14.4032,51.856,84.824165,145.382,3.3550914e-05,-4.025273,-0.8555991,0.2
15.9464,51.856,89.449646,166.68,3.289352e-05,-3.493841,-0.8711125,0.2
16.9752,51.856,96.40376,188.904,3.231108e-05,-2.9812334,-0.79881895,0.2
18.5184,44.447998,107.44199,225.944,3.1950134e-05,-3.0189548,-0.6416993,0.2
20.0616,40.744,118.07896,265.76202,3.1814445e-05,-3.0746555,-0.26899737,0.2
20.576,40.744,118.741905,273.633,3.190102e-05,-3.0864,3.6804952e-08,0.2
21.0904,40.744,119.75835,282.43002,3.206281e-05,-3.6002517,0.06284231,0.2
22.6336,40.744,111.144844,282.43002,3.2025913e-05,-3.0845199,0.10771323,0.2
23.6624,40.744,105.92316,282.43002,3.206281e-05,-3.0563633,0.42954442,0.2
25.2056,44.447998,98.77749,282.43002,3.2359894e-05,-2.4956007,0.6222233,0.2
26.2344,51.856,94.40908,282.43002,3.280731e-05,-2.9515393,0.9023753,0.2
28.292,51.856,86.43089,282.43002,3.3283995e-05,-3.4245641,1.1127088,0.33218503
30.3496,51.856,79.36103,282.43002,3.3798577e-05,-3.3616366,1.2904108,0.3476863
29.3208,44.447998,82.75533,282.43002,3.4274824e-05,-3.8155472,1.5415801,0.36769712
27.7776,40.744,88.32456,282.43002,3.47882e-05,-3.9137876,1.2716672,0.40228435
25.720001,55.56,108.36696,315.766,3.538693e-05,-3.493841,0.8711126,0.43478736
23.6624,68.524,133.79099,351.88,3.6022833e-05,-3.8155472,1.5415801,0.4466569
22.6336,68.524,137.69597,344.00897,3.665735e-05,-3.6666706,1.8682607,0.45400217
21.0904,68.524,146.8352,338.91602,3.7254722e-05,-3.867023,1.407481,0.47106105
21.0904,68.524,146.96779,338.91602,3.776489e-05,-3.5346434,0.6870646,0.50390476
21.0904,68.524,147.0892,338.91602,3.8238195e-05,-2.9668384,0.85072666,0.5122187
21.0904,68.524,149.34497,343.546,3.867305e-05,-2.774038,1.3529882,0.5129756
21.0904,68.524,153.13875,351.417,3.9219805e-05,-2.6994264,1.4963164,0.50102156
21.604801,68.524,154.6641,363.455,4.0040748e-05,-2.672901,1.5431998,0.48571163
22.6336,68.524,152.33556,376.88202,4.093299e-05,-2.1811795,1.3629527,0.47075945
23.6624,68.524,142.54382,372.252,4.1683204e-05,-2.1068592,1.4752383,0.45160374
25.2056,68.524,130.24646,368.54803,4.239659e-05,-1.9702666,1.6532495,0.4277949
26.2344,55.56,123.52369,368.54803,4.3071494e-05,-1.818679,1.8186784,0.39996165
27.7776,40.744,114.11714,368.54803,4.385554e-05,-2.0248609,2.3293355,0.36980987
30.3496,37.04,100.11008,368.54803,4.4928154e-05,-2.3623376,2.7175581,0.33827797
32.9216,35.188,87.885056,368.54803,4.6034886e-05,-2.36432,1.9838994,0.30408916
33.436,37.04,85.42012,368.54803,4.689751e-05,-2.6455615,1.589613,0.2699971
34.4648,40.744,80.92961,368.54803,4.7722115e-05,-2.9131088,2.1164966,0.24653298
35.4936,48.152,76.57665,368.54803,4.871856e-05,-2.7175589,2.3623366,0.23327607
37.0368,57.412,70.630424,368.54803,4.9641636e-05,-2.5884728,1.6809741,0.20457855
34.979202,44.447998,77.96721,368.54803,5.0275154e-05,-2.3675385,1.0049607,0.2033943
32.9216,35.188,86.36744,368.54803,5.083645e-05,-2.249522,1.2469304,0.20221004
31.8928,40.744,90.894424,368.54803,5.149719e-05,-2.0267637,1.5834814,0.20102578
30.3496,51.856,98.39578,368.54803,5.22651e-05,-2.3985834,1.9423344,0.19984153
28.292,51.856,109.74845,368.54803,5.319682e-05,-2.8757265,2.167016,0.19865729
26.2344,51.856,122.825806,368.54803,5.4161024e-05,-2.6455615,1.589613,0.19747303
23.148,51.856,146.225,368.54803,5.50573e-05,-2.7972286,1.3043687,0.19628878
20.0616,51.856,174.8216,368.54803,5.581132e-05,-2.249522,1.2469304,0.19510452
16.9752,51.856,209.43091,368.54803,5.635129e-05,-2.2046347,1.3246775,0.19392027
14.4032,51.856,243.45293,368.54803,5.6750614e-05,-2.9002674,1.0556108,0.19273601
11.8312,51.856,282.58633,368.54803,5.7119327e-05,-3.0296943,0.58891255,0.19155176
9.2592,51.856,327.05133,368.54803,5.7453286e-05,-2.4596162,0.7519794,0.1903675
