Vmax,Rmax_IBT,Rmax_CK22,R34,fcor,u_trans,v_trans,mean_ck_cd
9.2592,120.38,120.46374,145.382,2.206018e-05,0.0,1.5432,0.4466569
10.802401,109.268,112.10929,152.79,2.2865013e-05,0.0,1.5432,0.45400217
11.8312,103.712,111.29266,162.976,2.3819783e-05,0.16130833,1.5347463,0.47106105
13.3744,92.6,104.68151,169.458,2.491148e-05,0.32084933,1.5094774,0.50390476
14.4032,85.192,105.160324,180.56999,2.6076874e-05,0.601584,1.9676926,0.5122187
15.9464,75.932,109.139114,203.257,2.7221819e-05,0.79479176,2.4461174,0.5129756
16.9752,68.524,116.42361,227.333,2.8327528e-05,0.6656826,2.4843612,0.50102156
17.489601,68.524,126.40883,251.409,2.9344279e-05,0.44662312,2.5329256,0.48571163
18.5184,68.524,133.79259,278.263,3.0322259e-05,0.17933165,2.0497704,0.47075945
20.576,57.412,128.8872,295.857,3.1317442e-05,0.03591007,2.0572867,0.45160374
22.6336,51.856,123.87293,312.98798,3.231108e-05,3.5976223e-07,2.0576,0.4277949
24.1768,68.524,140.8831,380.123,3.3284563e-05,0.0897615,2.5704334,0.39996165
26.2344,85.192,150.88326,450.036,3.4293596e-05,-0.13460809,2.5684752,0.36980987
29.3208,75.932,135.34285,473.649,3.5350302e-05,-0.17941341,2.5657349,0.33827797
31.8928,68.524,123.510544,497.262,3.651592e-05,0.0,2.572,0.30408916
32.4072,68.524,121.06144,504.66998,3.7795886e-05,0.17941365,2.5657349,0.2699971
32.9216,68.524,118.862434,514.85596,3.9219805e-05,-0.05386573,3.08593,0.24653298
34.4648,68.524,108.38356,514.85596,4.0774194e-05,-0.25117877,3.5920289,0.23327607
35.4936,68.524,101.31535,514.85596,4.239659e-05,-0.31383142,3.587098,0.20457855
35.4936,68.524,103.797325,544.02496,4.3976896e-05,-0.25117877,3.5920289,0.2033943
35.4936,68.524,105.94424,574.583,4.5551555e-05,-0.37638676,3.5810742,0.20221004
35.4936,68.524,106.23627,591.714,4.7120302e-05,-0.25117877,3.5920289,0.20102578
35.4936,68.524,106.297905,608.845,4.868306e-05,0.2511791,3.5920289,0.19984153
33.436,68.524,117.06417,581.52795,5.0239458e-05,0.74864846,3.522114,0.19865729
31.8928,68.524,124.73925,557.452,5.178951e-05,1.1127084,3.4245644,0.19747303
30.864,68.524,132.42708,557.452,5.327919e-05,1.3488834,3.3386037,0.19628878
30.3496,68.524,135.98473,557.452,5.4869302e-05,1.6738026,3.7594223,0.19510452
27.7776,75.932,156.9645,540.321,5.668021e-05,1.9565536,4.1958423,0.19392027
25.2056,85.192,180.85934,523.19,5.862087e-05,2.1734657,4.087694,0.19273601
16.9752,109.268,309.99237,514.85596,6.91297e-05,5.1803975,5.002652,0.18681476
14.4032,137.048,359.258,505.59598,7.092813e-05,4.728639,3.9677992,0.1856305
