Vmax,Rmax_IBT,Rmax_CK22,R34,fcor,u_trans,v_trans,mean_ck_cd
11.8312,103.712,97.798355,142.604,3.0801308e-05,-1.9964805,0.49777862,0.45400217
13.3744,51.856,93.392265,150.475,3.1068776e-05,-1.9778922,0.5671511,0.47106105
14.4032,57.412,100.208565,170.847,3.1422936e-05,-1.945499,0.6698891,0.50390476
15.9464,68.524,104.085526,192.608,3.1814445e-05,-1.945499,0.6698891,0.5122187
16.9752,57.412,111.57165,216.684,3.2168187e-05,-1.9335115,0.7037405,0.5129756
18.5184,51.856,117.04422,244.46402,3.2559245e-05,-1.8940307,0.80396855,0.50102156
20.576,51.856,105.55685,244.46402,3.3017852e-05,-2.2916691,1.167663,0.48571163
22.6336,51.856,95.73471,244.46402,3.3550914e-05,-2.249522,1.2469304,0.47075945
23.6624,51.856,91.37661,244.46402,3.4169567e-05,-2.249522,1.2469304,0.45160374
25.2056,51.856,85.32975,244.46402,3.47882e-05,-2.8195667,1.255352,0.4277949
28.292,40.744,86.8071,283.819,3.530041e-05,-2.9182484,1.0048336,0.39996165
31.8928,35.188,84.90918,325.489,3.577612e-05,-3.4046233,1.1723058,0.36980987
33.436,35.188,90.1294,375.03,3.6287864e-05,-3.4046233,1.1723058,0.33827797
35.4936,35.188,90.91513,424.10803,3.67623e-05,-3.4613113,0.9925145,0.30408916
37.5512,35.188,82.611855,424.10803,3.7149763e-05,-3.522114,0.74864763,0.2699971
39.6088,35.188,75.16172,424.10803,3.7500762e-05,-3.5346434,0.6870646,0.24653298
40.1232,35.188,73.96898,430.127,3.7832273e-05,-3.522114,0.74864763,0.23327607
41.152,35.188,71.12255,437.07202,3.8238195e-05,-3.4245641,1.1127088,0.20457855
41.152,35.188,70.73361,437.07202,3.8814578e-05,-3.3145537,1.406945,0.2033943
41.152,35.188,70.29568,437.07202,3.9464914e-05,-3.2894945,1.4645773,0.20221004
39.0944,40.744,76.91301,437.07202,4.0077157e-05,-3.3145537,1.406945,0.20102578
37.0368,51.856,84.444046,437.07202,4.0688625e-05,-2.7251294,1.4489772,0.19984153
34.979202,51.856,93.025566,437.07202,4.1317107e-05,-2.1570606,1.4008118,0.19865729
32.9216,51.856,102.85618,437.07202,4.1909232e-05,-2.2274175,1.2859998,0.19747303
30.864,51.856,114.15682,437.07202,4.237821e-05,-2.3116984,1.1274902,0.19628878
29.3208,51.856,123.64321,437.07202,4.288343e-05,-1.7449436,1.0903622,0.19510452
26.7488,57.412,131.72438,404.662,4.3594395e-05,-1.4801137,1.429329,0.19392027
25.2056,68.524,131.91473,373.17798,4.4340795e-05,-1.1801912,1.685487,0.19273601
22.6336,68.524,151.98883,374.56702,4.4964592e-05,-0.7005982,1.3750013,0.19155176
20.0616,68.524,176.63535,377.34503,4.5551555e-05,-0.6276758,1.4097835,0.1903675
18.5184,68.524,184.08806,361.60303,4.613751e-05,-0.5278058,1.4501336,0.18918325
16.9752,68.524,192.37122,347.25,4.675884e-05,-0.053857062,1.5422599,0.18799901
16.4608,85.192,195.76608,343.083,4.7481448e-05,0.47687504,1.4676704,0.18681476
15.9464,103.712,199.20746,338.916,4.8202877e-05,0.7948068,1.3227806,0.1856305
14.917601,103.712,209.69139,336.138,4.8838807e-05,1.0124303,1.1646678,0.18444625
14.4032,103.712,214.9459,334.28598,4.9402213e-05,1.6432725,1.2382945,0.18326199
14.4032,103.712,213.51135,331.971,4.9862952e-05,1.781934,1.0287999,0.18207774
14.4032,103.712,212.41939,330.11902,5.035898e-05,1.6854873,1.1801909,0.18089348
14.4032,103.712,212.70537,330.11902,5.098503e-05,1.9411131,1.6873839,0.17970923
14.4032,103.712,213.07051,330.11902,5.178951e-05,2.2936423,2.0652046,0.17852497
14.4032,103.712,209.85704,325.026,5.276922e-05,2.7175584,2.3623374,0.17734072
14.4032,103.712,207.69914,321.32202,5.392461e-05,3.105781,2.699814,0.17615648
13.8888,103.712,214.46577,321.32202,5.5081226e-05,3.9405327,3.3064992,0.17497222
13.3744,103.712,221.57433,321.32202,5.6516048e-05,4.397403,3.5609465,0.17378797
13.3744,103.712,218.88556,317.15503,5.768715e-05,4.4588804,3.483659,0.17260371
11.8312,103.712,113.0044,158.80899,5.810238e-05,3.152426,2.6451995,0.17141946
