Vmax,Rmax_IBT,Rmax_CK22,R34,fcor,u_trans,v_trans,mean_ck_cd
11.8312,103.712,203.45796,274.71335,5.5576067e-05,-1.9778922,0.5671511,0.2
12.3456,103.712,197.50357,274.71335,5.5811077e-05,-1.987489,0.5325459,0.2
13.3744,103.712,186.0885,274.71332,5.6046403e-05,-1.9964805,0.49777862,0.33218503
13.8888,103.712,189.23924,286.44266,5.626305e-05,-2.4956007,0.6222233,0.3476863
14.4032,103.712,169.5015,266.22498,5.6516048e-05,-2.4843612,0.66568244,0.36769712
14.917601,92.6,167.50877,270.392,5.6867644e-05,-2.9812334,0.79881895,0.40228435
15.9464,85.192,160.7212,274.55902,5.721923e-05,-3.0072956,0.6942894,0.43478736
15.9464,85.192,162.8914,277.8,5.74697e-05,-3.0395107,0.5359477,0.4466569
15.9464,85.192,165.95898,282.43,5.768715e-05,-3.5657573,0.5011352,0.45400217
15.9464,103.712,166.02959,282.43,5.7920905e-05,-4.075151,0.5727259,0.47106105
15.9464,120.38,166.1,282.43,5.8154368e-05,-4.075151,0.5727259,0.50390476
16.9752,120.38,161.52339,290.301,5.8387086e-05,-3.5657573,0.5011352,0.5122187
18.5184,120.38,153.4733,300.02402,5.862087e-05,-3.556468,0.56328946,0.5129756
20.576,120.38,143.72856,314.377,5.8853162e-05,-3.0395107,0.5359477,0.50102156
22.6336,120.38,134.52084,329.656,5.9086666e-05,-3.0296943,0.58891255,0.48571163
23.6624,92.6,126.94108,329.656,5.933547e-05,-2.5247452,0.49076045,0.47075945
25.2056,68.524,116.413025,329.656,5.9551734e-05,-3.0563633,0.42954442,0.45160374
26.7488,57.412,106.83277,329.656,5.970273e-05,-3.0746555,0.26899746,0.4277949
29.3208,51.856,92.769714,329.656,5.9784e-05,-3.0845199,0.10771323,0.39996165
30.3496,51.856,94.44115,359.28802,5.978363e-05,-3.0864,3.6804952e-08,0.36980987
31.8928,51.856,92.457436,390.30902,5.9784e-05,-2.5704334,0.089761026,0.33827797
34.979202,57.412,81.066765,419.47797,5.9864953e-05,-2.5579104,0.26884696,0.30408916
38.58,68.524,67.65556,450.49902,6.0016075e-05,-2.0263405,0.35729846,0.2699971
39.0944,75.932,66.27481,464.38898,6.0184117e-05,-1.9676929,0.6015835,0.24653298
39.6088,85.192,64.7366,479.668,6.0479695e-05,-1.8493588,0.90199214,0.23327607
41.152,57.412,58.294476,479.668,6.0942573e-05,-1.8648189,0.8695792,0.20457855
41.152,35.188,58.135136,479.668,6.1173734e-05,-1.387019,0.6764941,0.2033943
39.0944,35.188,66.16552,479.668,6.1588136e-05,-1.7449436,1.0903622,0.20221004
37.0368,35.188,75.408,479.668,6.20965e-05,-1.7637078,1.059742,0.20102578
34.979202,35.188,86.21478,480.13098,6.2556646e-05,-1.7996175,0.9975442,0.19984153
32.9216,35.188,98.65731,479.668,6.3016254e-05,-1.8167529,0.9659848,0.19865729
32.4072,40.744,102.52007,484.298,6.345754e-05,-1.7996175,0.9975442,0.19747303
31.8928,51.856,106.50782,488.465,6.393293e-05,-1.7449436,1.0903622,0.19628878
30.864,57.412,115.45186,497.262,6.446978e-05,-2.1068592,1.4752383,0.19510452
30.3496,68.524,120.74486,505.596,6.507438e-05,-2.0267637,1.5834814,0.19392027
30.3496,68.524,121.80411,514.393,6.5722554e-05,-1.9702666,1.6532495,0.19273601
30.3496,68.524,122.695984,522.72705,6.643758e-05,-1.9113681,1.7210042,0.19155176
29.835201,68.524,126.97116,522.72705,6.719543e-05,-1.818679,1.8186784,0.1903675
29.3208,68.524,131.41571,522.72705,6.801876e-05,-1.7210038,1.9113686,0.18918325
28.292,68.524,138.74011,509.763,6.890071e-05,-1.5834811,2.026764,0.18799901
27.7776,68.524,140.80672,496.799,6.981338e-05,-1.5478681,2.0540907,0.18681476
26.7488,68.524,151.40172,496.799,7.0629554e-05,-1.4008113,2.1570609,0.1856305
26.2344,68.524,156.82051,496.799,7.159438e-05,-1.0049603,2.3675385,0.18444625
26.2344,68.524,144.14343,450.49902,7.2258685e-05,-1.0048331,2.9182487,0.18326199
23.6624,68.524,159.33665,415.31104,7.279763e-05,-1.2059524,2.8410463,0.18207774
16.9752,68.524,193.54202,334.286,7.402041e-05,-0.79881984,2.9812334,0.18089348
14.4032,68.524,209.7898,312.988,7.522453e-05,0.0,3.0864,0.17970923
11.8312,68.524,225.25371,291.69,7.641916e-05,0.21529637,3.0788817,0.17852497
10.802401,85.192,177.65042,223.16599,7.7624056e-05,0.26899746,3.0746555,0.17734072
9.2592,103.712,131.86685,155.105,7.878973e-05,0.48281938,3.0484014,0.17615648
