Vmax,Rmax_IBT,Rmax_CK22,R34,fcor,u_trans,v_trans,mean_ck_cd
11.3168,137.048,97.9222,137.048,3.7008398e-05,-1.9964805,0.49777862,0.3476863
11.8312,137.048,94.537766,137.048,3.7254722e-05,-2.0048637,0.4628596,0.36769712
12.3456,92.6,103.01627,153.716,3.7463782e-05,-1.9964805,0.49777862,0.40228435
13.3744,51.856,97.398834,155.105,3.7746686e-05,-1.9077736,0.77079004,0.43478736
13.8888,51.856,91.4213,150.475,3.8164188e-05,-1.7637078,1.059742,0.4466569
14.4032,51.856,86.084465,146.308,3.872924e-05,-2.0540903,1.5478686,0.45400217
15.9464,51.856,88.35389,162.976,3.946473e-05,-2.0267637,1.5834814,0.47106105
16.9752,51.856,93.24369,180.56998,4.0199502e-05,-2.1811795,1.3629527,0.50390476
18.5184,51.856,85.97415,180.56998,4.072516e-05,-2.3310237,1.086974,0.5122187
20.0616,51.856,79.56206,180.56998,4.1177245e-05,-2.3310237,1.086974,0.5129756
20.0616,51.856,93.62043,210.20201,4.170159e-05,-2.3310237,1.086974,0.50102156
20.0616,51.856,108.10764,240.29701,4.2152973e-05,-2.4318738,0.83736134,0.48571163
20.0616,51.856,108.1655,240.29701,4.246948e-05,-2.5157957,0.5347483,0.47075945
20.0616,51.856,108.19659,240.29701,4.2640077e-05,-2.562213,0.22416456,0.45160374
21.604801,51.856,100.09671,240.29701,4.267642e-05,-2.572,3.0670794e-08,0.4277949
23.6624,51.856,90.58696,240.29701,4.2640077e-05,-2.572,3.0670794e-08,0.39996165
25.720001,51.856,88.31998,257.428,4.2657968e-05,-2.572,3.0670794e-08,0.36980987
27.7776,51.856,85.74566,274.55902,4.2640077e-05,-2.5657346,-0.17941381,0.33827797
30.3496,51.856,78.70475,282.893,4.2518328e-05,-2.5528288,-0.31344858,0.30408916
32.9216,51.856,72.45942,291.69,4.239659e-05,-2.0497704,-0.17933159,0.2699971
33.436,51.856,74.57798,308.82098,4.2359938e-05,-2.0576,2.4536634e-08,0.24653298
34.4648,51.856,74.71731,325.952,4.239659e-05,-1.5394408,0.107648335,0.23327607
32.9216,51.856,79.98069,325.952,4.2445095e-05,-0.9937445,0.26627296,0.20457855
31.8928,51.856,83.72978,325.952,4.2640077e-05,-0.8107054,0.6333926,0.2033943
29.835201,57.412,100.82042,359.751,4.305367e-05,-0.8851434,1.2641153,0.20221004
27.7776,68.524,121.7871,394.47598,4.3612705e-05,-0.7244884,1.3625648,0.20102578
26.2344,68.524,132.00647,394.47598,4.412852e-05,-0.5530336,1.4407012,0.19984153
25.2056,68.524,139.43547,394.47598,4.4825505e-05,-0.49777824,1.9964806,0.19865729
23.6624,68.524,146.57669,381.512,4.5841618e-05,-0.53474903,2.5157955,0.19747303
22.6336,68.524,149.72208,368.548,4.6999867e-05,-0.49076116,2.524745,0.19628878
22.6336,68.524,149.85835,368.548,4.8064678e-05,-0.53474903,2.5157955,0.19510452
22.6336,68.524,149.99194,368.548,4.916265e-05,-0.6222228,2.4956007,0.19392027
23.148,68.524,145.88586,368.548,5.0323204e-05,-0.7089397,2.472365,0.19273601
23.6624,68.524,141.84663,368.548,5.155148e-05,-0.7466673,2.994721,0.19155176
23.148,68.524,144.38759,364.381,5.2858668e-05,-0.5359485,3.0395107,0.1903675
22.6336,68.524,146.99863,360.214,5.4161024e-05,-0.26899835,3.0746553,0.18918325
21.604801,68.524,156.01646,360.214,5.535826e-05,0.044887587,2.5716083,0.18799901
21.0904,68.524,160.87976,360.214,5.6516048e-05,0.0897615,2.5704334,0.18681476
20.0616,68.524,170.99663,360.214,5.7704583e-05,0.22416456,2.562213,0.1856305
18.5184,68.524,187.42255,360.214,5.8853857e-05,0.62222314,2.4956007,0.18444625
17.489601,75.932,199.42,360.214,5.9917467e-05,0.96348816,2.384717,0.18326199
16.9752,85.192,205.9013,360.214,6.0942573e-05,1.0869741,2.3310237,0.18207774
15.9464,127.788,216.334,356.047,6.201577e-05,1.1676636,2.291669,0.18089348
14.4032,172.236,234.10074,351.88,6.3016254e-05,1.3629524,2.1811798,0.17970923
13.3744,172.236,231.66307,330.11902,6.383563e-05,1.5834814,2.0267637,0.17852497
11.8312,172.236,235.67941,309.284,6.461839e-05,1.5478681,2.0540907,0.17734072
11.3168,172.236,243.11505,309.284,6.5529624e-05,1.4382441,2.1322846,0.17615648
10.802401,172.236,250.74411,309.284,6.643758e-05,1.2469304,2.249522,0.17497222
9.7736,172.236,266.14343,309.284,6.727983e-05,0.93413085,1.833335,0.17378797
9.2592,172.236,274.26254,309.284,6.801876e-05,1.2094269,1.6646334,0.17260371
