Vmax,Rmax_IBT,Rmax_CK22,R34,fcor,u_trans,v_trans,mean_ck_cd
11.8312,103.712,93.45109,137.048,2.707799e-05,-4.064535,0.6437594,0.33218503
12.3456,85.192,101.6002,153.716,2.7327853e-05,-4.075151,0.5727259,0.3476863
13.3744,68.524,92.189224,149.39467,2.7578055e-05,-3.5657573,0.5011352,0.36769712
14.4032,57.412,75.671326,131.492,2.7808459e-05,-3.5657573,0.5011352,0.40228435
15.9464,51.856,53.734413,103.249,2.807779e-05,-3.5346434,0.6870646,0.43478736
16.4608,51.856,61.029514,119.91701,2.8451874e-05,-3.5085115,0.8100043,0.4466569
16.9752,51.856,68.504654,137.511,2.882674e-05,-3.5346434,0.6870646,0.45400217
16.9752,51.856,68.5329,137.511,2.9076416e-05,-3.556468,0.56328946,0.47106105
16.9752,51.856,68.56102,137.511,2.9325609e-05,-3.5346434,0.6870646,0.50390476
17.489601,51.856,68.861824,141.67801,2.966156e-05,-2.9947207,0.7466679,0.5122187
18.5184,51.856,67.58109,146.308,3.0073232e-05,-2.9515393,0.9023753,0.5129756
20.576,51.856,61.19733,146.308,3.0552346e-05,-2.9182484,1.0048336,0.50102156
22.6336,51.856,55.833286,146.308,3.1068776e-05,-2.8814027,1.1060663,0.48571163
23.6624,51.856,53.475906,146.308,3.1621505e-05,-2.401169,0.921722,0.47075945
25.2056,51.856,50.234955,146.308,3.206281e-05,-2.4723651,0.7089389,0.45160374
26.2344,51.856,48.257183,146.308,3.2205382e-05,-2.5329256,0.4466231,0.4277949
27.7776,51.856,45.537964,146.308,3.231108e-05,-2.4956007,0.6222233,0.39996165
29.3208,51.856,54.25922,184.274,3.264614e-05,-2.4318738,0.83736134,0.36980987
30.3496,51.856,63.116703,223.16602,3.305528e-05,-1.8940307,0.80396855,0.33827797
31.8928,40.744,59.586887,223.16602,3.342666e-05,-1.8493588,0.90199214,0.30408916
32.9216,35.188,57.383907,223.16602,3.3798577e-05,-1.8493588,0.90199214,0.2699971
32.9216,35.188,57.2384,222.703,3.4207027e-05,-1.8797112,0.8369013,0.24653298
32.9216,35.188,57.21225,222.703,3.454095e-05,-1.4591242,0.5024168,0.23327607
33.436,35.188,56.154026,222.703,3.4683133e-05,-1.4906167,0.39940947,0.20457855
34.4648,35.188,54.13754,222.703,3.47882e-05,-1.4407014,0.5530332,0.2033943
34.979202,35.188,56.015476,235.66699,3.496105e-05,-0.8529139,0.57529765,0.20221004
35.4936,35.188,57.719753,248.63101,3.5282377e-05,-1.0326023,1.1468211,0.20102578
34.979202,35.188,58.719376,248.63101,3.584387e-05,-0.9287209,1.2324544,0.19984153
34.4648,35.188,59.743855,248.63101,3.651592e-05,-0.9919501,1.1821597,0.19865729
32.4072,35.188,66.52836,256.965,3.715009e-05,-1.4801137,1.429329,0.19747303
30.3496,35.188,74.67213,266.225,3.7746686e-05,-1.5762132,1.3225996,0.19628878
29.3208,35.188,77.91711,266.225,3.8238166e-05,-1.6214108,1.2667851,0.19510452
27.7776,35.188,83.23933,266.225,3.872924e-05,-1.5990556,1.2948897,0.19392027
27.7776,35.188,83.231995,266.225,3.930551e-05,-1.5290946,1.3768034,0.19273601
27.7776,35.188,83.22278,266.225,3.995476e-05,-1.4801137,1.429329,0.19155176
27.7776,40.744,89.65242,287.06,4.068844e-05,-1.4549432,1.4549427,0.1903675
27.7776,51.856,96.44905,309.284,4.142137e-05,-1.5290946,1.3768034,0.18918325
29.3208,51.856,89.75543,309.284,4.208607e-05,-1.6214108,1.2667851,0.18799901
30.3496,51.856,85.57821,309.284,4.2640077e-05,-1.6854874,1.1801907,0.18681476
30.3496,51.856,85.52813,309.284,4.3022996e-05,-1.2942364,0.84048706,0.1856305
30.3496,51.856,85.48249,309.284,4.3369746e-05,-1.7449436,1.0903622,0.18444625
30.3496,40.744,92.849174,338.453,4.3837295e-05,-1.7256485,1.1206495,0.18326199
30.3496,35.188,100.35335,369.01102,4.4340795e-05,-1.7058278,1.1505953,0.18207774
30.3496,35.188,100.25019,369.01102,4.4807224e-05,-1.6646336,1.2094265,0.18089348
30.3496,35.188,100.1382,369.01102,4.5309676e-05,-1.5990556,1.2948897,0.17970923
30.3496,40.744,94.67187,347.25,4.5895787e-05,-1.5528908,1.3499067,0.17852497
30.3496,51.856,89.25882,325.952,4.651767e-05,-1.5990556,1.2948897,0.17734072
30.3496,51.856,89.16341,325.952,4.710221e-05,-1.6432723,1.2382948,0.17615648
30.3496,51.856,89.061264,325.952,4.7722115e-05,-1.9702666,1.6532495,0.17497222
30.3496,51.856,92.14163,338.91602,4.8424874e-05,-1.8810418,1.7540998,0.17378797
30.3496,51.856,95.038445,351.417,4.916265e-05,-1.9113681,1.7210042,0.17260371
31.8928,51.856,90.496864,364.381,4.9862687e-05,-1.9411135,1.6873834,0.17141946
32.9216,51.856,88.109695,377.345,5.059779e-05,-1.9113681,1.7210042,0.1702352
32.9216,51.856,88.62596,381.512,5.1360857e-05,-1.8501421,1.7866613,0.16905095
32.9216,51.856,89.15692,386.142,5.22651e-05,-1.9839002,2.3643193,0.16786669
32.9216,51.856,88.748375,386.142,5.3397773e-05,-1.8141406,2.49695,0.16668244
32.9216,51.856,88.30025,386.142,5.4633376e-05,-2.1670153,2.875727,0.16549818
32.9216,51.856,87.89005,386.142,5.5758417e-05,-2.1670153,2.875727,0.16431394
32.9216,51.856,87.44073,386.142,5.698501e-05,-1.8004006,3.1183841,0.16312969
32.9216,51.856,86.91368,386.142,5.841654e-05,-1.4069444,3.314554,0.16194543
32.9216,51.856,86.32172,386.142,6.0016075e-05,-1.4747562,3.84187,0.16076118
33.436,51.856,85.75601,403.27298,6.16645e-05,-1.3397776,3.8909981,0.15957692
34.4648,51.856,81.979515,420.40402,6.3474974e-05,-0.9625483,4.528432,0.15839267
34.4648,51.856,80.99539,420.40402,6.551238e-05,-0.5642067,4.595092,0.15720841
34.4648,51.856,80.003654,420.40402,6.756802e-05,-0.40349755,4.611983,0.15602416
34.4648,57.412,83.421135,463.00003,6.941613e-05,-0.14361884,4.1126933,0.1548399
34.4648,68.524,85.96512,506.05902,7.115043e-05,0.28706184,4.105176,0.15365566
33.436,68.524,91.8212,506.05902,7.2843846e-05,0.78521717,4.0395923,0.15247141
32.9216,68.524,94.48473,506.05902,7.4458614e-05,0.995557,3.992961,0.15128715
32.4072,68.524,97.355,506.05902,7.6032935e-05,1.203168,3.9353852,0.1501029
31.8928,68.524,100.48095,506.05902,7.750023e-05,1.9319694,3.6335058,0.14891864
30.864,68.524,108.32037,506.05902,7.8774574e-05,2.4188538,3.3292668,0.14773439
30.3496,68.524,112.14,506.05902,8.007058e-05,2.6554296,3.7923465,0.14655013
29.835201,68.524,124.10812,570.416,8.167458e-05,2.521461,3.8827093,0.14536588
29.3208,68.524,135.97403,634.31,8.3234e-05,2.3603818,3.3709745,0.14418162
27.7776,68.524,156.59631,634.31,8.4487816e-05,2.2660568,2.7983472,0.14299737
26.2344,68.524,180.45222,634.31,8.551773e-05,2.4557395,2.6334584,0.14181313
25.2056,68.524,200.00424,643.107,8.641674e-05,2.2936423,2.0652046,0.14062887
23.6624,68.524,232.654,651.44104,8.7158856e-05,2.528231,1.7702863,0.13944462
23.148,68.524,243.58113,651.44104,8.778373e-05,2.6994264,1.4963163,0.13826036
22.6336,68.524,254.99995,651.44104,8.837856e-05,2.7251294,1.4489772,0.13707611
22.6336,68.524,264.45947,681.536,8.907052e-05,3.1493306,1.7457024,0.13589185
22.6336,68.524,273.5693,711.631,8.9789304e-05,3.1183844,1.8003999,0.1347076
23.148,68.524,261.09015,716.261,9.0411326e-05,3.527415,2.1194847,0.13352334
23.6624,68.524,248.55104,720.428,9.1186645e-05,3.8381126,2.5888395,0.13233909
23.6624,68.524,247.77272,720.428,9.225368e-05,4.5777416,3.3259242,0.13115485
23.6624,68.524,246.82281,720.428,9.35503e-05,4.9298177,3.7148836,0.1299706
23.148,68.524,263.74094,737.096,9.48287e-05,5.2695856,4.1170516,0.12878634
22.6336,68.524,282.89957,757.468,9.644705e-05,5.910799,4.959749,0.12760209
21.604801,103.712,319.95276,775.988,9.855055e-05,6.498654,5.8514132,0.12641783
21.0904,137.048,343.993,796.823,0.00010094355,6.395542,5.963939,0.12523358
20.576,153.716,407.9973,917.203,0.000103249615,5.8514137,6.498653,0.12404932
20.0616,172.236,479.19565,1037.583,0.000105790044,3.8334682,7.8597746,0.122865066
19.0328,188.904,544.9861,1037.583,0.00010868009,2.1985815,9.523103,0.12168082
18.5184,205.572,581.00385,1037.583,0.000111721456,1.4318129,10.187878,0.12049656
