Vmax,Rmax_IBT,Rmax_CK22,R34,fcor,u_trans,v_trans,mean_ck_cd
11.8312,85.192,116.512314,167.60599,3.626943e-05,-2.9098864,2.9098854,0.2
13.3744,75.932,118.12453,186.126,3.753705e-05,-2.9098864,2.9098854,0.2
14.4032,68.524,124.010544,206.035,3.872924e-05,-3.3858752,3.1573796,0.2
15.9464,68.524,128.3778,230.574,3.9868475e-05,-3.4940042,3.03729,0.2
16.9752,68.524,136.91934,257.428,4.093299e-05,-3.2865446,2.4765897,0.2
16.9752,68.524,137.20628,257.428,4.1927637e-05,-2.9851987,2.0135417,0.2
16.9752,68.524,137.47896,257.428,4.288343e-05,-2.949603,2.0653336,0.2
18.5184,57.412,131.09283,265.762,4.3854583e-05,-2.8757265,2.167016,0.33218503
20.0616,51.856,125.07303,274.096,4.4825505e-05,-2.8757265,2.167016,0.3476863
20.0616,51.856,128.23466,280.115,4.5792935e-05,-3.3709748,2.3603814,0.36769712
20.0616,51.856,131.86633,287.06,4.675884e-05,-3.4898872,2.1807244,0.40228435
20.0616,51.856,137.12483,297.246,4.7739406e-05,-3.563868,2.0575995,0.43478736
20.0616,51.856,142.86336,308.358,4.868306e-05,-3.563868,2.0575995,0.4466569
20.0616,51.856,135.43512,293.07898,4.95215e-05,-3.5274155,2.119484,0.45400217
20.0616,51.856,128.4743,278.726,5.035898e-05,-3.599235,1.9950885,0.47106105
20.0616,51.856,137.18909,295.857,5.1312836e-05,-3.2083368,1.6347281,0.50390476
20.0616,51.856,145.72885,312.52502,5.22651e-05,-3.1493306,1.7457025,0.5122187
21.604801,51.856,136.54552,318.081,5.3112806e-05,-3.0536513,1.9081337,0.5129756
23.6624,51.856,125.24569,325.952,5.392461e-05,-3.0864885,1.8545485,0.50102156
23.6624,40.744,125.291214,325.952,5.4768443e-05,-3.563868,2.0575995,0.48571163
23.6624,35.188,125.33225,325.952,5.5576067e-05,-3.1183844,1.8003997,0.47075945
23.6624,35.188,125.36598,325.952,5.6280245e-05,-3.1183844,1.8003997,0.45160374
23.6624,35.188,125.39796,325.952,5.698501e-05,-3.599235,1.9950885,0.4277949
25.720001,35.188,137.35872,402.81,5.773357e-05,-4.1250043,2.1017933,0.39996165
27.7776,35.188,141.31213,479.668,5.862087e-05,-4.0491395,2.2444746,0.36980987
30.3496,40.744,120.708374,488.92798,5.9800303e-05,-3.4898872,2.1807244,0.33827797
32.9216,51.856,102.17736,497.26202,6.0942573e-05,-3.599235,1.9950885,0.30408916
34.979202,35.188,88.4037,497.26202,6.170448e-05,-3.7594223,1.6738026,0.2699971
37.0368,16.668,76.44853,497.26202,6.2326726e-05,-3.7880614,1.6079371,0.24653298
37.0368,24.076,75.44191,489.391,6.303218e-05,-3.7880614,1.6079371,0.23327607
37.0368,35.188,74.68125,484.761,6.370404e-05,-3.2894945,1.4645773,0.20457855
37.0368,35.188,67.46248,397.717,6.42751e-05,-2.8195667,1.255352,0.2033943
37.0368,35.188,58.01572,312.52502,6.4846485e-05,-2.7972286,1.3043687,0.20221004
35.4936,40.744,65.44323,332.43402,6.5580425e-05,-3.2894945,1.4645773,0.20102578
34.4648,51.856,71.80824,351.417,6.621089e-05,-2.9515393,0.9023753,0.19984153
32.4072,40.744,75.28967,320.859,6.65045e-05,-3.0296943,0.58891255,0.19865729
30.3496,35.188,77.779526,291.69,6.666408e-05,-3.0189548,0.641698,0.19747303
