Vmax,Rmax_IBT,Rmax_CK22,R34,fcor,u_trans,v_trans,mean_ck_cd
13.3744,103.712,115.199104,180.56999,4.1909232e-05,-1.4676703,-0.47687522,0.36769712
13.3744,103.712,117.69343,184.27399,4.1750653e-05,-1.4757694,-0.45118836,0.40228435
13.3744,103.712,120.83882,188.90399,4.1665367e-05,-1.4676703,-0.47687522,0.43478736
13.8888,103.712,125.12438,200.942,4.154327e-05,-1.9568938,-0.6358336,0.4466569
14.4032,103.712,129.77954,213.906,4.142137e-05,-2.004864,-0.46285954,0.45400217
14.917601,92.6,130.6252,221.314,4.1299263e-05,-2.0375755,-0.2863629,0.47106105
15.9464,85.192,129.28323,231.5,4.1177245e-05,-2.0497704,-0.17933159,0.50390476
16.9752,85.192,132.41208,249.55699,4.10549e-05,-2.0525877,-0.14353105,0.5122187
18.5184,85.192,132.5568,269.92902,4.093299e-05,-2.0497704,-0.17933159,0.5129756
20.0616,68.524,155.36017,337.52698,4.0829065e-05,-2.042263,-0.25075886,0.50102156
21.0904,51.856,179.70848,407.44,4.0688625e-05,-2.0263405,-0.3572984,0.48571163
22.6336,51.856,164.19691,405.125,4.0462288e-05,-1.9964805,-0.49777856,0.47075945
23.6624,51.856,154.62509,403.273,4.0199502e-05,-1.9335115,-0.7037405,0.45160374
25.2056,40.744,139.91087,395.865,3.9973038e-05,-1.8797112,-0.8369013,0.4277949
26.2344,35.188,130.69933,389.846,3.9709896e-05,-1.9335115,-0.7037405,0.39996165
27.7776,40.744,126.21154,407.44,3.9286995e-05,-1.9964805,-0.49777856,0.36980987
29.3208,51.856,121.55341,425.034,3.897458e-05,-1.5197554,-0.2679738,0.33827797
31.8928,51.856,120.68653,489.854,3.8986862e-05,-1.5373278,-0.13449869,0.30408916
34.4648,51.856,116.037895,557.452,3.9219805e-05,-1.5373278,0.13449873,0.2699971
34.4648,40.744,107.48148,503.74396,3.9568888e-05,-1.4834192,0.42536333,0.24653298
34.4648,35.188,98.35818,450.036,3.995476e-05,-1.387019,0.6764941,0.23327607
34.979202,35.188,95.76496,450.036,4.0162646e-05,-0.7995278,0.64744484,0.20457855
35.4936,35.188,93.19617,450.036,4.0444127e-05,-1.0326023,1.1468211,0.2033943
36.008,40.744,91.219635,454.666,4.098185e-05,-1.3226001,1.5762128,0.20221004
37.0368,51.856,86.78281,458.833,4.1665367e-05,-1.4032797,1.5048335,0.20102578
37.0368,40.744,87.16685,465.315,4.2359992e-05,-1.4549432,1.4549427,0.19984153
37.0368,35.188,87.46599,471.797,4.3126656e-05,-1.3226001,1.5762128,0.19865729
37.0368,35.188,87.13801,473.649,4.394042e-05,-1.1505958,1.7058275,0.19747303
37.0368,35.188,86.86082,476.427,4.4825505e-05,-1.3246781,2.2046342,0.19628878
37.0368,35.188,86.19333,476.427,4.5792956e-05,-1.3629524,2.1811798,0.19510452
37.0368,35.188,85.94073,480.13098,4.675884e-05,-1.6532501,1.970266,0.19392027
37.0368,35.188,86.68813,492.632,4.7602134e-05,-1.8501421,1.7866613,0.19273601
37.0368,35.188,87.42839,506.05902,4.844305e-05,-1.942335,2.398583,0.19155176
36.008,35.188,91.12613,496.799,4.938384e-05,-1.6809736,2.588473,0.1903675
35.4936,35.188,92.25676,488.465,5.035898e-05,-2.0248609,2.3293355,0.18918325
33.436,35.188,104.51362,494.48398,5.1295352e-05,-1.9113681,1.7210042,0.18799901
31.8928,35.188,115.48025,501.89203,5.22651e-05,-1.5478681,2.0540907,0.18681476
30.864,35.188,122.52352,501.89203,5.3332555e-05,-1.2469299,2.2495222,0.1856305
30.3496,35.188,125.99582,501.89203,5.439729e-05,-1.8574418,2.4649088,0.18444625
29.3208,40.744,139.33205,526.89404,5.5375862e-05,-2.1049194,2.2572503,0.18326199
27.7776,51.856,160.3594,553.748,5.6281307e-05,-2.143994,2.2201698,0.18207774
26.7488,57.412,179.02701,581.99097,5.713622e-05,-2.25725,2.10492,0.18089348
26.2344,68.524,193.68242,613.47504,5.7920843e-05,-2.5884728,1.6809741,0.17970923
24.1768,68.524,223.65088,610.697,5.8675007e-05,-2.8195667,1.255352,0.17852497
22.6336,68.524,248.76884,608.382,5.9319285e-05,-1.781934,1.0287998,0.17734072
21.0904,103.712,211.81789,467.167,5.9817714e-05,-1.1100852,1.0719968,0.17615648
20.0616,137.048,154.09839,325.95203,6.0247978e-05,-0.9919501,1.1821597,0.17497222
18.5184,161.124,177.69897,342.15698,6.071108e-05,-1.376803,1.5290949,0.17378797
16.9752,188.904,205.98422,360.21402,6.1173734e-05,-1.1100852,1.0719968,0.17260371
15.9464,196.312,219.00357,360.21402,6.163549e-05,-1.1646681,1.0124301,0.17141946
14.4032,205.572,239.90276,360.21402,6.20965e-05,-1.128625,1.05246,0.1702352
