Vmax,Rmax_IBT,Rmax_CK22,R34,fcor,u_trans,v_trans,mean_ck_cd
13.3744,85.192,114.823235,184.737,2.6076874e-05,-1.3625647,0.7244886,0.2
14.4032,85.192,110.864876,189.83,2.6164596e-05,-1.0131702,0.17864923,0.2
15.9464,85.192,105.50924,197.238,2.6327272e-05,-1.5148472,0.29445627,0.33218503
16.9752,85.192,108.69304,213.906,2.6646358e-05,-1.781934,1.0287998,0.3476863
18.5184,85.192,109.07332,231.5,2.707799e-05,-1.0326023,1.1468211,0.36769712
20.0616,75.932,112.66022,256.502,2.7540507e-05,-0.9287209,1.2324544,0.40228435
21.0904,68.524,119.004,282.893,2.807779e-05,-0.8851434,1.2641153,0.43478736
24.1768,57.412,115.30985,314.84,2.8701981e-05,-0.36868906,0.9604675,0.4466569
27.7776,51.856,108.58003,347.25,2.9325609e-05,-0.14178793,0.49447298,0.45400217
28.292,51.856,107.2857,350.95398,2.9824094e-05,-0.8404868,1.2942365,0.47106105
29.3208,51.856,103.91093,355.584,3.0322259e-05,-0.79480684,1.3227805,0.50390476
29.835201,40.744,102.21052,357.899,3.0925745e-05,-0.23142962,1.002432,0.5122187
30.3496,35.188,100.50503,360.21402,3.156599e-05,-0.21507816,2.0463283,0.5129756
30.3496,35.188,100.414505,360.21402,3.2149743e-05,-0.25075853,2.042263,0.50102156
30.3496,35.188,100.31057,360.21402,3.280731e-05,-0.2662733,0.99374443,0.48571163
30.3496,35.188,106.22355,383.364,3.365617e-05,-0.13449918,1.5373276,0.47075945
30.3496,35.188,112.23237,407.44,3.454095e-05,-0.107686475,2.05478,0.45160374
30.3496,35.188,112.40622,408.829,3.528237e-05,-0.14353073,2.052588,0.4277949
30.3496,35.188,112.92372,411.607,3.6022833e-05,-0.10764805,1.5394409,0.39996165
30.864,57.412,111.2017,416.7,3.684851e-05,-0.10764805,1.5394409,0.36980987
31.8928,85.192,107.318886,424.57104,3.7746686e-05,-0.13460809,2.5684752,0.33827797
32.9216,68.524,104.17957,436.609,3.8710838e-05,-0.7947916,2.4461174,0.30408916
34.4648,51.856,98.56833,450.49902,3.9709896e-05,-0.80396825,1.8940308,0.2699971
35.4936,57.412,90.54943,433.831,4.0615298e-05,0.03591007,2.0572867,0.24653298
37.0368,68.524,81.631355,420.867,4.1665367e-05,0.044887587,2.5716083,0.23327607
37.0368,57.412,84.50903,447.721,4.2980802e-05,0.0,3.0864,0.20457855
37.0368,51.856,86.97338,475.96402,4.458322e-05,0.0,3.0864,0.2033943
37.0368,51.856,84.312126,463.926,4.644531e-05,0.08079766,4.628895,0.20221004
37.0368,51.856,81.968704,454.66602,4.844305e-05,0.0,4.6296,0.20102578
35.4936,40.744,86.76164,444.47998,5.0358612e-05,0.28706184,4.105176,0.19984153
34.4648,35.188,89.81564,437.07202,5.22651e-05,1.203168,3.9353852,0.19865729
30.3496,68.524,113.012276,437.07202,5.4143653e-05,2.9504774,4.2137184,0.19747303
26.2344,103.712,144.0402,437.07202,5.6046403e-05,2.998495,4.7985954,0.19628878
21.0904,75.932,197.40613,437.07202,5.801434e-05,1.5217639,3.263433,0.19510452
15.9464,51.856,270.96686,437.07202,6.0016075e-05,1.5432,2.6729007,0.19392027
