Vmax,Rmax_IBT,Rmax_CK22,R34,fcor,u_trans,v_trans,mean_ck_cd
11.3168,127.788,93.04931,128.714,5.2348532e-05,-3.7880614,1.6079371,0.2
11.8312,120.38,96.8421,137.974,5.321436e-05,-3.563868,2.0575995,0.2
12.3456,120.38,96.79922,142.141,5.4172917e-05,-3.2428217,2.5335703,0.33218503
13.3744,120.38,93.77548,146.308,5.5340646e-05,-3.1981113,2.5897794,0.3476863
13.3744,120.38,105.80564,163.439,5.6750614e-05,-3.4116557,2.3011906,0.36769712
14.4032,103.712,110.907486,180.56999,5.698501e-05,-3.019885,1.9611366,0.40228435
14.917601,92.6,121.415474,201.405,5.790196e-05,-2.837469,2.216874,0.43478736
15.9464,85.192,128.35393,223.16599,5.9086666e-05,-2.36432,1.9838994,0.4466569
16.9752,68.524,121.29586,223.16599,5.989982e-05,-2.25725,2.10492,0.45400217
18.5184,51.856,111.516304,223.16599,6.0711227e-05,-1.6186125,1.998819,0.47106105
21.604801,40.744,113.89303,265.762,6.171582e-05,-1.2074807,2.2709413,0.50390476
25.2056,35.188,109.074326,308.82098,6.278661e-05,-0.6656832,2.4843612,0.5122187
26.7488,35.188,103.91147,321.322,6.383556e-05,-0.2241653,2.5622127,0.5129756
29.3208,35.188,93.00734,334.286,6.4846485e-05,0.0,2.572,0.50102156
29.835201,27.78,92.98477,346.78702,6.580799e-05,0.0,2.572,0.48571163
30.3496,24.076,92.88635,360.21402,6.666408e-05,0.10768647,2.05478,0.47075945
29.3208,24.076,100.512924,368.548,6.7342e-05,0.37333387,1.4973603,0.45160374
27.7776,24.076,112.46666,376.882,6.801876e-05,1.0597423,1.7637075,0.4277949
26.7488,27.78,124.71932,394.47598,6.891796e-05,1.6532496,1.9702663,0.39996165
26.2344,35.188,133.86752,412.07,6.981338e-05,1.721004,1.9113685,0.36980987
28.292,40.744,117.73212,416.237,7.0431255e-05,1.7540997,1.8810418,0.33827797
30.3496,51.856,103.17448,420.404,7.115043e-05,2.6334584,2.4557395,0.30408916
32.4072,44.447998,91.02712,432.905,7.230173e-05,3.1981113,2.5897794,0.2699971
34.4648,40.744,79.53393,445.869,7.3581316e-05,3.8381126,2.5888395,0.24653298
33.436,44.447998,86.34444,458.833,7.46423e-05,4.9003186,2.8291998,0.23327607
32.9216,51.856,90.34672,471.334,7.576771e-05,5.398853,2.9926326,0.20457855
32.4072,51.856,94.6232,485.224,7.710948e-05,6.298661,3.4914048,0.2033943
31.8928,51.856,98.95998,497.72504,7.85754e-05,6.3586354,3.3809469,0.20221004
29.3208,55.56,121.298294,501.89203,7.994942e-05,6.8128233,3.6224432,0.20102578
26.2344,57.412,155.25728,506.05902,8.155382e-05,7.648375,4.239563,0.19984153
24.1768,57.412,183.3553,510.68903,8.351856e-05,9.447992,5.2371073,0.19865729
22.6336,57.412,207.96054,514.856,8.5723776e-05,10.3478,5.735879,0.19747303
20.0616,79.636,261.70645,531.52405,8.795765e-05,10.900517,5.795909,0.19628878
16.9752,103.712,342.37134,549.11804,9.0189926e-05,10.797706,5.9852653,0.19510452
15.9464,103.712,376.60745,557.452,9.232018e-05,10.3478,5.735879,0.19392027
14.4032,103.712,430.3606,566.249,9.4329116e-05,10.171473,4.960959,0.19273601
