Vmax,Rmax_IBT,Rmax_CK22,R34,fcor,u_trans,v_trans,mean_ck_cd
11.8312,120.38,123.92786,180.56999,2.4823696e-05,-1.3986143,0.65218437,0.2
12.3456,120.38,122.25691,184.27399,2.503669e-05,-1.420523,0.60297644,0.2
13.3744,120.38,117.37352,188.90399,2.53252e-05,-1.3625647,0.7244886,0.2
13.8888,109.268,129.0737,212.98,2.5807558e-05,-1.781934,1.0287998,0.2
14.4032,103.712,142.05249,239.83401,2.6327272e-05,-2.349639,1.0461266,0.2
14.4032,103.712,146.86876,247.242,2.6721462e-05,-2.4318738,0.83736134,0.2
14.4032,103.712,153.46722,257.428,2.707799e-05,-2.401169,0.921722,0.2
14.917601,103.712,155.91689,268.54,2.7453114e-05,-2.349639,1.0461266,0.2
15.9464,103.712,155.86343,283.35602,2.7827968e-05,-2.3675385,1.0049607,0.2
15.9464,103.712,163.18205,295.39398,2.822107e-05,-1.9209352,0.7373776,0.2
15.9464,103.712,171.09547,308.358,2.857718e-05,-1.945499,0.6698891,0.2
15.9464,103.712,168.7254,304.191,2.884535e-05,-1.9778922,0.5671511,0.2
15.9464,103.712,166.33635,300.024,2.9076216e-05,-1.9964805,0.49777862,0.2
16.4608,103.712,156.06664,290.301,2.9306864e-05,-1.9964805,0.49777862,0.33218503
16.9752,103.712,147.63751,282.893,2.9574905e-05,-1.9209352,0.7373776,0.3476863
16.9752,103.712,147.78166,282.893,2.9948336e-05,-1.8333353,0.9341304,0.36769712
16.9752,103.712,147.92532,282.893,3.0322259e-05,-1.8648189,0.8695792,0.40228435
16.9752,103.712,148.82661,284.282,3.0627336e-05,-2.4168894,0.8796756,0.43478736
16.9752,103.712,150.21004,286.59702,3.0820032e-05,-2.4956007,0.6222233,0.4466569
17.489601,103.712,156.56123,305.58,3.0875857e-05,-2.0497704,0.17933165,0.45400217
18.5184,103.712,158.34895,325.026,3.0820032e-05,-2.0375755,-0.2863629,0.47106105
20.0616,85.192,152.31369,337.99,3.0676903e-05,-1.9778922,-0.5671511,0.50390476
21.0904,68.524,150.85312,351.88,3.0571195e-05,-1.5316973,-0.18806915,0.5122187
22.6336,68.524,144.35324,362.992,3.0583553e-05,-1.4834192,0.42536333,0.5129756
23.6624,68.524,142.80699,376.88202,3.0820032e-05,-1.2942364,0.84048706,0.50102156
25.720001,68.524,129.4553,376.88202,3.136706e-05,-1.1100852,1.0719968,0.48571163
27.7776,68.524,117.64882,376.88202,3.206281e-05,-0.9500887,1.2160584,0.47075945
29.3208,75.932,111.70079,384.29,3.2664633e-05,-0.81777143,1.3087078,0.45160374
30.3496,85.192,109.17779,394.476,3.330315e-05,-0.6521848,1.398614,0.4277949
30.864,75.932,106.512924,394.476,3.3971726e-05,-0.80396825,1.8940308,0.39996165
31.8928,68.524,101.46028,394.476,3.47882e-05,-1.3246781,2.2046342,0.36980987
32.4072,68.524,106.716,430.59,3.5844074e-05,-1.8574418,2.4649088,0.33827797
32.9216,68.524,111.05546,467.167,3.700857e-05,-1.9001774,2.4321167,0.30408916
34.979202,57.412,100.643364,472.723,3.8151982e-05,-1.9001774,2.4321167,0.2699971
37.0368,51.856,91.29234,480.594,3.9219805e-05,-1.7540995,1.8810419,0.24653298
37.0368,51.856,96.72027,529.209,4.0077244e-05,-1.8810418,1.7540998,0.23327607
37.0368,51.856,101.42377,578.75,4.093299e-05,-1.6186125,1.998819,0.20457855
37.0368,51.856,100.557205,580.602,4.197608e-05,-1.5896137,2.645561,0.2033943
37.0368,51.856,99.61575,582.917,4.3126656e-05,-1.5432006,2.6729007,0.20221004
37.0368,51.856,96.838005,566.24896,4.432246e-05,-1.5896137,2.645561,0.20102578
37.0368,51.856,94.04701,549.118,4.5551555e-05,-1.4011964,2.7500026,0.19984153
36.008,51.856,98.93359,549.118,4.6722726e-05,-1.3488835,3.3386037,0.19865729
35.4936,51.856,100.99296,549.11804,4.796257e-05,-0.9537499,2.935341,0.19747303
34.4648,57.412,104.741066,535.22797,4.9384205e-05,-0.69428885,3.0072958,0.19628878
32.9216,68.524,112.38459,522.727,5.083645e-05,-0.17941341,2.5657349,0.19510452
31.8928,68.524,119.02957,522.727,5.2092564e-05,0.37613755,3.0633945,0.19392027
30.3496,68.524,130.51436,522.727,5.345127e-05,0.8711124,3.493841,0.19273601
28.292,68.524,144.38426,506.059,5.511645e-05,1.3397781,3.890998,0.19155176
26.2344,68.524,159.36287,488.928,5.698501e-05,2.1739483,4.6620474,0.1903675
25.2056,68.524,173.00482,498.651,5.8916412e-05,2.8292,4.900318,0.18918325
23.6624,68.524,195.52039,510.22598,6.0942573e-05,3.3259242,4.5777416,0.18799901
22.6336,68.524,212.15381,517.17096,6.294695e-05,3.8590193,4.138292,0.18681476
21.0904,68.524,240.34464,527.357,6.507438e-05,5.1803975,5.002652,0.1856305
19.0328,68.524,267.3144,510.22598,6.7404e-05,5.819772,5.819772,0.18444625
16.9752,68.524,295.82956,493.095,6.981338e-05,5.456036,5.456036,0.18326199
15.9464,68.524,281.37143,443.091,7.212711e-05,5.550426,5.3599844,0.18207774
14.4032,68.524,272.27646,394.476,7.4458614e-05,5.920454,5.7173166,0.18089348
13.8888,75.932,269.28354,378.734,7.695117e-05,5.7173166,5.920454,0.17970923
13.3744,85.192,267.11865,364.844,7.921766e-05,5.2669168,4.911479,0.17852497
10.802401,85.192,142.71982,181.959,8.096807e-05,5.608358,3.6421103,0.17734072
