Vmax,Rmax_IBT,Rmax_CK22,R34,fcor,u_trans,v_trans,mean_ck_cd
9.2592,137.048,175.485,210.202,3.3798577e-05,-2.5469694,-0.3579536,0.2
9.2592,137.048,178.63649,213.906,3.3761084e-05,-3.0694926,-0.32261625,0.2
9.2592,137.048,182.58961,218.53601,3.3798577e-05,-3.08593,-0.053864766,0.2
9.2592,137.048,182.60393,218.53601,3.3921766e-05,-2.5657346,0.1794139,0.2
9.2592,137.048,182.61844,218.53601,3.404614e-05,-2.5704334,0.089761026,0.2
9.2592,137.048,182.61847,218.53601,3.404626e-05,-3.0864,3.6804952e-08,0.2
9.2592,137.048,182.61844,218.53601,3.404614e-05,-3.0821702,0.16153029,0.2
9.7736,137.048,176.18854,218.53601,3.411407e-05,-3.5657573,0.5011352,0.2
10.802401,137.048,164.31056,218.53601,3.4293596e-05,-3.0072956,0.6942894,0.33218503
10.802401,120.38,151.68546,202.33101,3.4645043e-05,-2.9515393,0.9023753,0.3476863
10.802401,103.712,140.56628,187.978,3.5035337e-05,-3.4781058,0.9319554,0.36769712
11.3168,92.6,141.39853,195.386,3.5282475e-05,-3.522114,0.74864763,0.40228435
11.8312,85.192,144.93222,206.49799,3.5529305e-05,-3.5346434,0.6870646,0.43478736
12.3456,85.192,143.30727,210.66501,3.5898738e-05,-3.0395107,0.5359477,0.4466569
13.3744,85.192,139.86176,218.53601,3.626943e-05,-3.5657573,0.5011352,0.45400217
14.4032,75.932,123.1897,205.572,3.6534486e-05,-3.5739603,0.43882644,0.47106105
15.9464,68.524,105.383644,193.07101,3.67623e-05,-3.556468,0.56328946,0.50390476
17.489601,68.524,96.85332,193.07101,3.6989873e-05,-3.5346434,0.6870646,0.5122187
20.0616,68.524,84.89436,193.07101,3.7254722e-05,-3.0072956,0.6942894,0.5129756
21.604801,51.856,81.43365,199.09001,3.7567683e-05,-2.4596162,0.7519794,0.50102156
23.6624,35.188,76.62655,205.57199,3.7992504e-05,-2.3675385,1.0049607,0.48571163
25.2056,27.78,83.074486,237.51901,3.855096e-05,-2.2916691,1.167663,0.47075945
26.2344,24.076,90.561264,270.392,3.9219805e-05,-2.672901,1.5431998,0.45160374
27.7776,24.076,92.67151,296.783,3.991776e-05,-2.5884728,1.6809741,0.4277949
29.3208,24.076,94.5095,325.952,4.0688625e-05,-2.5282311,1.770286,0.39996165
30.864,24.076,96.24648,359.751,4.1561467e-05,-2.5282311,1.770286,0.36980987
32.9216,24.076,94.285614,394.476,4.239659e-05,-2.6455615,1.589613,0.33827797
34.979202,37.04,85.10864,394.476,4.3059405e-05,-2.7972286,1.3043687,0.30408916
37.0368,51.856,76.91053,394.476,4.3612705e-05,-2.8616605,1.156185,0.2699971
39.0944,44.447998,69.56588,394.476,4.4116056e-05,-2.8814027,1.1060663,0.24653298
41.152,40.744,62.976044,394.476,4.458322e-05,-2.841046,1.2059529,0.23327607
40.1232,40.744,75.45516,500.04,4.5066954e-05,-2.841046,1.2059529,0.20457855
39.6088,40.744,84.49485,608.382,4.5551555e-05,-2.9182484,1.0048336,0.2033943
38.58,37.04,88.603714,593.566,4.6053174e-05,-3.4781058,0.9319554,0.20221004
37.0368,35.188,95.872734,579.213,4.651767e-05,-2.9812334,0.79881895,0.20102578
36.008,40.744,101.85239,579.213,4.687865e-05,-2.9515393,0.9023753,0.19984153
35.4936,51.856,104.84275,579.213,4.7240763e-05,-2.9002674,1.0556108,0.19865729
34.4648,44.447998,111.41803,579.213,4.7739595e-05,-2.8814027,1.1060663,0.19747303
32.9216,40.744,122.545235,579.213,4.8202877e-05,-2.9812334,0.79881895,0.19628878
31.8928,40.744,124.00543,538.006,4.8442744e-05,-3.0296943,0.58891255,0.19510452
30.3496,40.744,128.12645,497.72498,4.868306e-05,-2.9812334,0.79881895,0.19392027
29.3208,40.744,143.14981,529.209,4.918014e-05,-2.9182484,1.0048336,0.19273601
27.7776,40.744,165.66751,561.61896,4.9641636e-05,-3.0072956,0.6942894,0.19155176
26.7488,48.152,180.83607,575.509,4.98148e-05,-3.0746555,0.26899746,0.1903675
26.2344,57.412,191.68448,591.714,4.9880902e-05,-3.0821702,0.16153029,0.18918325
25.720001,57.412,198.3081,591.714,4.996387e-05,-3.0746555,0.26899746,0.18799901
25.2056,57.412,205.1363,591.714,5.012002e-05,-3.0296943,0.58891255,0.18681476
24.1768,48.152,219.5331,591.714,5.040663e-05,-2.9515393,0.9023753,0.1856305
23.6624,40.744,227.05978,591.714,5.083645e-05,-2.8616605,1.156185,0.18444625
23.148,48.152,240.21634,605.604,5.143182e-05,-2.3116984,1.1274902,0.18326199
22.6336,57.412,255.2993,622.27203,5.2027382e-05,-2.384717,0.9634875,0.18207774
23.148,61.116,246.44545,622.27203,5.240093e-05,-2.4596162,0.7519794,0.18089348
23.6624,68.524,237.81854,622.27203,5.2740055e-05,-2.9812334,0.79881895,0.17970923
24.1768,55.56,229.37013,622.27203,5.3214888e-05,-3.4781058,0.9319554,0.17852497
25.2056,40.744,213.2863,622.27203,5.3688025e-05,-2.9515393,0.9023753,0.17734072
25.720001,44.447998,205.53587,622.27203,5.4024e-05,-2.401169,0.921722,0.17615648
26.2344,51.856,197.97673,622.27203,5.439729e-05,-2.3310237,1.086974,0.17497222
26.7488,51.856,194.46678,638.01404,5.4951634e-05,-2.6994264,1.4963164,0.17378797
27.7776,51.856,183.82541,656.07104,5.5576067e-05,-2.2046347,1.3246775,0.17260371
27.7776,44.447998,183.40146,656.07104,5.611049e-05,-2.2274175,1.2859998,0.17141946
27.7776,40.744,182.8915,656.07104,5.6750614e-05,-2.5282311,1.770286,0.1702352
26.7488,31.484,197.00578,656.07104,5.76867e-05,-2.8757265,2.167016,0.16905095
26.2344,24.076,204.21585,656.07104,5.862087e-05,-3.7594223,1.6738026,0.16786669
25.720001,20.372,211.79015,656.07104,5.9558555e-05,-4.084526,0.5015159,0.16668244
25.2056,16.668,220.15442,656.07104,5.9784e-05,-3.0694926,-0.32261625,0.16549818
23.6624,16.668,247.81264,656.07104,5.8853857e-05,-2.0322676,0.3218797,0.16431394
20.0616,35.188,322.11584,656.07104,5.9551734e-05,-1.4801137,1.429329,0.16312969
19.0328,35.188,346.6779,656.07104,6.049547e-05,-1.4752389,2.1068587,0.16194543
18.5184,35.188,359.7668,656.07104,6.14047e-05,-1.7540995,1.8810419,0.16076118
16.4608,35.188,414.8807,656.07104,6.191707e-05,-2.1322846,1.4382441,0.15957692
14.4032,35.188,475.90396,656.07104,6.2326726e-05,-2.2274175,1.2859998,0.15839267
12.3456,35.188,543.10846,656.07104,6.283281e-05,-2.2274175,1.2859998,0.15720841
10.802401,35.188,598.1174,656.07104,6.3474974e-05,-2.0267637,1.5834814,0.15602416
