Vmax,Rmax_IBT,Rmax_CK22,R34,fcor,u_trans,v_trans,mean_ck_cd
9.2592,240.76,181.50774,218.53601,2.2563274e-05,-0.90837646,0.4829924,0.2
9.2592,205.572,146.29294,176.40298,2.2638762e-05,-1.0286434,0.017954946,0.2
9.2592,172.236,113.93239,137.511,2.2563274e-05,-1.0286434,0.017954946,0.2
10.802401,172.236,129.47911,175.94,2.2566788e-05,-1.0098981,0.19630417,0.2
11.8312,172.236,147.88431,214.83199,2.2563274e-05,-0.5115821,0.053769387,0.2
12.3456,127.788,177.80414,264.836,2.2535944e-05,-0.513695,-0.026921704,0.2
12.860001,85.192,208.44362,317.618,2.2515807e-05,-0.5143217,-0.008977461,0.33218503
12.860001,85.192,197.82445,302.339,2.251704e-05,-1.0281733,0.03590441,0.3476863
13.3744,85.192,181.63748,287.523,2.2563274e-05,-1.5432,1.8402476e-08,0.36769712
13.8888,85.192,191.21223,310.673,2.2768078e-05,-1.5347463,-0.16130812,0.40228435
14.4032,85.192,203.22311,338.453,2.2814716e-05,-1.43083,-0.57809323,0.43478736
15.432,68.524,189.3726,335.675,2.227391e-05,-1.387019,-0.6764941,0.4466569
16.9752,51.856,172.6739,334.286,2.1808535e-05,-1.5347463,0.16130817,0.45400217
18.5184,51.856,165.1017,345.861,2.207259e-05,-1.8333353,0.9341304,0.47106105
20.0616,51.856,159.62645,360.21402,2.2563274e-05,-1.9335115,0.7037405,0.50390476
20.576,57.412,155.70422,360.21402,2.2795972e-05,-2.5060797,0.57857454,0.5122187
21.0904,68.524,151.93828,360.21402,2.306609e-05,-2.4461174,0.79479206,0.5129756
23.148,68.524,154.12054,400.495,2.351193e-05,-2.2916691,1.167663,0.50102156
25.2056,68.524,155.08774,441.702,2.4070872e-05,-2.2274175,1.2859998,0.48571163
27.7776,44.447998,144.78482,463.463,2.4641571e-05,-2.1811795,1.3629527,0.47075945
30.3496,24.076,134.59355,484.29803,2.53252e-05,-2.5282311,1.770286,0.45160374
30.864,20.372,131.0559,483.372,2.6183361e-05,-2.5282311,1.770286,0.4277949
31.8928,16.668,125.31761,485.224,2.707799e-05,-2.5282311,1.770286,0.39996165
34.4648,16.668,117.45714,515.319,2.7827624e-05,-2.5587418,1.725893,0.36980987
37.0368,16.668,109.510216,548.65497,2.857718e-05,-2.5282311,1.770286,0.33827797
39.0944,16.668,99.48808,552.359,2.9450326e-05,-2.4969504,1.8141398,0.30408916
41.152,16.668,90.33648,557.45197,3.0322259e-05,-2.4969504,1.8141398,0.2699971
42.1808,16.668,87.198494,577.82404,3.1087176e-05,-2.0267637,1.5834814,0.24653298
43.724,16.668,81.89486,600.511,3.1814445e-05,-1.9702666,1.6532495,0.23327607
41.6664,16.668,86.63436,567.638,3.2615004e-05,-1.9411135,1.6873834,0.20457855
39.6088,16.668,91.48925,536.154,3.330315e-05,-1.5990556,1.2948897,0.2033943
37.5512,16.668,101.3005,542.173,3.3767483e-05,-1.3087077,0.8177716,0.20221004
35.4936,16.668,112.87832,548.655,3.404614e-05,-1.4501337,0.5278054,0.20102578
34.4648,16.668,123.95156,580.139,3.4169865e-05,-0.99824023,0.24888931,0.19984153
32.9216,16.668,140.28964,613.01196,3.4293596e-05,-0.86282426,0.5603247,0.19865729
32.4072,16.668,135.32414,567.175,3.4627432e-05,-0.56032455,0.8628243,0.19747303
31.8928,16.668,129.75967,523.19,3.5035337e-05,-0.5144002,0.8909669,0.19628878
32.4072,57.412,124.764175,516.245,3.5405857e-05,-0.56032455,0.8628243,0.19510452
32.9216,103.712,120.23665,510.68896,3.577612e-05,-0.46706545,0.9166675,0.19392027
32.9216,103.712,129.09137,559.304,3.614613e-05,-0.30079207,0.9838463,0.19273601
32.9216,103.712,137.52866,608.845,3.651592e-05,-0.08966612,1.024885,0.19155176
32.4072,103.712,139.17433,597.27,3.6885445e-05,0.0,1.0288,0.1903675
31.8928,103.712,141.12299,587.547,3.7254722e-05,0.0,1.0288,0.18918325
30.864,103.712,145.69179,570.41595,3.7623737e-05,0.0,1.0288,0.18799901
30.3496,103.712,145.91812,553.285,3.7992504e-05,-0.16093966,1.0161338,0.18681476
30.3496,103.712,140.71352,531.06104,3.834257e-05,-0.30079207,0.9838463,0.1856305
30.3496,103.712,135.86586,510.68896,3.872924e-05,-0.43478987,0.93240935,0.18444625
30.3496,85.192,142.2514,539.85803,3.916467e-05,-0.45099634,0.9246793,0.18326199
30.3496,68.524,148.63963,570.41595,3.9709896e-05,-0.39940992,1.4906167,0.18207774
30.864,68.524,142.38902,563.471,4.0425723e-05,-0.2414095,1.5242007,0.18089348
31.8928,68.524,132.53865,557.45197,4.1177245e-05,-0.47687495,1.4676704,0.17970923
31.8928,75.932,133.9566,567.638,4.17873e-05,-0.7716003,1.3364503,0.17852497
31.8928,85.192,135.47719,578.75,4.239659e-05,-1.1206491,1.7256486,0.17734072
31.8928,85.192,130.98402,556.526,4.310847e-05,-1.090362,1.7449437,0.17615648
31.8928,85.192,126.69927,535.69104,4.385554e-05,-1.0597425,1.7637073,0.17497222
31.8928,85.192,126.22717,535.69104,4.456503e-05,-0.86957973,1.8648187,0.17378797
31.8928,85.192,125.72951,535.69104,4.5309676e-05,-0.5671517,1.9778919,0.17260371
30.864,85.192,133.1482,535.69104,4.61737e-05,-0.28636256,2.0375755,0.17141946
30.3496,85.192,136.86282,535.69104,4.6999867e-05,-0.10764805,1.5394409,0.1702352
29.3208,92.6,144.7753,532.91296,4.7655943e-05,0.0538569,1.5422599,0.16905095
27.7776,103.712,158.62497,531.524,4.8202877e-05,0.053843234,1.02739,0.16786669
26.7488,96.304,172.2251,543.099,4.8664926e-05,0.23142964,1.002432,0.16668244
26.2344,92.6,181.8544,556.989,4.916265e-05,0.7481582,1.3497132,0.16549818
25.2056,81.488,188.92789,541.24695,4.9827042e-05,1.2667851,1.621411,0.16431394
23.6624,75.932,203.23688,527.82,5.059779e-05,1.6873839,1.9411131,0.16312969
23.6624,75.932,193.89278,503.281,5.14322e-05,1.7540997,1.8810418,0.16194543
23.6624,75.932,185.22482,480.594,5.22651e-05,1.9411131,1.6873839,0.16076118
22.6336,96.304,191.21039,465.77798,5.2994903e-05,2.0807917,1.5117837,0.15957692
21.0904,120.38,204.78108,454.20303,5.3688025e-05,2.5884728,1.680974,0.15839267
20.576,109.268,220.29825,472.26,5.4361317e-05,2.5884728,1.680974,0.15720841
20.0616,103.712,236.10753,488.928,5.510506e-05,2.9496028,2.065334,0.15602416
18.5184,127.788,266.1446,499.114,5.6099958e-05,2.9131083,2.116497,0.1548399
16.9752,153.716,300.58643,510.226,5.698501e-05,2.5587418,1.725893,0.15365566
16.4608,153.716,334.29013,544.951,5.7493384e-05,1.8648188,0.8695794,0.15247141
15.9464,153.716,369.52112,578.75,5.768715e-05,1.5316973,0.18806875,0.15128715
14.917601,153.716,397.69168,583.38,5.765758e-05,1.5197554,-0.2679739,0.1501029
14.4032,153.716,413.71487,587.547,5.7453286e-05,1.4834191,-0.42536357,0.14891864
13.3744,153.716,433.881,580.13904,5.7254285e-05,1.9676926,-0.6015841,0.14773439
11.8312,153.716,469.40714,574.12,5.698501e-05,1.9209352,-0.7373778,0.14655013
11.8312,153.716,485.01093,590.78796,5.668555e-05,1.8648188,-0.8695795,0.14536588
11.8312,153.716,502.33423,609.30804,5.6281307e-05,2.2709413,-1.2074809,0.14418162
11.3168,161.124,534.97406,627.365,5.5728717e-05,2.7251294,-1.4489771,0.14299737
10.802401,172.236,571.42694,647.737,5.510506e-05,2.6994264,-1.4963163,0.14181313
10.802401,188.904,541.5183,620.42,5.442502e-05,2.8195667,-1.2553518,0.14062887
10.802401,205.572,515.88135,596.344,5.392461e-05,3.992961,-0.9955569,0.13944462
9.7736,205.572,454.26654,509.3,5.362152e-05,4.6296,-2.0236625e-07,0.13826036
9.2592,205.572,380.23056,424.571,5.392461e-05,5.3814583,1.7485417,0.13707611
9.2592,229.648,381.81274,425.03403,5.520017e-05,5.9583387,3.0359256,0.13589185
9.2592,257.428,386.96768,428.73804,5.6750614e-05,6.0104156,2.9314759,0.1347076
9.7736,257.428,367.85187,419.47803,5.7852503e-05,5.762805,2.212134,0.13352334
10.802401,257.428,340.48654,411.607,5.862087e-05,5.3814583,1.7485417,0.13233909
