Vmax,Rmax_IBT,Rmax_CK22,R34,fcor,u_trans,v_trans,mean_ck_cd
13.3744,68.524,181.21074,274.096,4.3612705e-05,-3.019885,1.9611366,0.4466569
14.4032,75.932,181.76611,289.838,4.4630928e-05,-2.7583733,2.3145492,0.45400217
15.9464,85.192,178.55447,308.358,4.5793287e-05,-2.5461504,2.5461497,0.47106105
16.4608,75.932,173.8401,308.358,4.6897272e-05,-2.4557393,2.6334586,0.50390476
16.9752,68.524,169.24622,308.358,4.796257e-05,-2.2936418,2.065205,0.5122187
17.489601,57.412,180.03432,334.286,4.901197e-05,-2.5587418,1.725893,0.5129756
18.5184,51.856,184.62187,360.214,4.9880902e-05,-2.6455615,1.589613,0.50102156
19.0328,57.412,183.99132,368.548,5.0430448e-05,-3.1493306,1.7457025,0.48571163
20.0616,68.524,177.85417,376.88202,5.083645e-05,-3.3616366,1.2904108,0.47075945
21.0904,57.412,176.13126,394.476,5.1348437e-05,-3.493841,0.8711126,0.45160374
22.6336,51.856,168.63312,412.07,5.178951e-05,-3.5460956,0.62527233,0.4277949
23.6624,40.744,158.85,412.07,5.2098658e-05,-3.0633945,0.37613693,0.39996165
25.2056,35.188,145.24353,412.07,5.22651e-05,-3.0845199,0.10771323,0.36980987
27.7776,35.188,125.274315,412.07,5.2264204e-05,-3.08593,-0.053864766,0.33827797
30.3496,35.188,108.26991,412.07,5.22651e-05,-3.0788815,0.21529667,0.30408916
31.8928,40.744,103.947914,437.07202,5.2448908e-05,-3.0296943,0.58891255,0.2699971
32.9216,51.856,102.06348,463.0,5.2740055e-05,-2.5060797,0.57857454,0.24653298
32.9216,51.856,101.44091,460.222,5.307746e-05,-2.4956007,0.6222233,0.23327607
32.9216,51.856,101.09545,459.29602,5.345127e-05,-2.4723651,0.7089389,0.20457855
33.436,40.744,97.220856,455.12903,5.382365e-05,-2.9515393,0.9023753,0.2033943
34.4648,35.188,90.66316,450.49902,5.4161024e-05,-2.9812334,0.79881895,0.20221004
34.4648,35.188,90.71817,451.888,5.439702e-05,-3.0072956,0.6942894,0.20102578
34.4648,35.188,90.95462,454.66602,5.4633376e-05,-2.4956007,0.6222233,0.19984153
33.436,35.188,96.48804,454.203,5.4933458e-05,-2.4596162,0.7519794,0.19865729
32.9216,35.188,99.37639,454.66602,5.5340646e-05,-2.8616605,1.156185,0.19747303
32.4072,35.188,102.98864,459.29602,5.5893357e-05,-2.8616605,1.156185,0.19628878
31.8928,35.188,106.68032,463.463,5.6516048e-05,-2.8195667,1.255352,0.19510452
30.864,40.744,111.88608,455.12903,5.7101697e-05,-2.672901,1.5431998,0.19392027
30.3496,51.856,113.41276,445.86902,5.768715e-05,-2.672901,1.5431998,0.19273601
29.835201,40.744,116.81843,445.86902,5.833998e-05,-2.7972286,1.3043687,0.19155176
29.3208,35.188,120.42737,445.86902,5.8853857e-05,-2.9947207,0.7466679,0.1903675
26.7488,35.188,138.95967,437.07202,5.8936486e-05,-3.5986066,0.12566544,0.18918325
25.2056,35.188,150.18745,428.738,5.9086666e-05,-3.0788815,0.21529667,0.18799901
21.604801,35.188,156.59665,360.21402,5.9811133e-05,-2.7500029,1.4011955,0.18681476
18.5184,35.188,149.56206,292.153,6.0711227e-05,-2.25725,2.10492,0.1856305
16.9752,40.744,147.30705,265.762,6.142198e-05,-2.1824148,2.182414,0.18444625
15.9464,51.856,139.92128,240.29701,6.20965e-05,-2.6174154,1.6355432,0.18326199
