Vmax,Rmax_IBT,Rmax_CK22,R34,fcor,u_trans,v_trans,mean_ck_cd
10.802401,205.572,189.32005,248.631,3.872924e-05,-2.4596162,0.7519794,0.2
11.3168,205.572,199.80492,269.466,3.9237788e-05,-2.5157957,0.5347483,0.33218503
11.8312,205.572,211.31233,292.153,3.9709896e-05,-2.9812334,0.79881895,0.3476863
12.3456,205.572,214.562,304.654,4.018049e-05,-3.3836453,1.2315458,0.36769712
13.3744,205.572,211.1474,317.155,4.0688625e-05,-3.2894945,1.4645773,0.40228435
13.8888,177.79199,214.42268,330.119,4.135419e-05,-3.7594223,1.6738026,0.43478736
14.4032,153.716,217.74414,343.54602,4.1909232e-05,-3.3836453,1.2315458,0.4466569
14.917601,127.788,221.26283,357.899,4.2122283e-05,-3.5085115,0.8100043,0.45400217
15.9464,103.712,218.18118,372.71503,4.2152973e-05,-3.5810745,0.37638572,0.47106105
16.9752,85.192,212.2757,383.364,4.2152213e-05,-3.5986066,0.12566544,0.50390476
18.5184,68.524,200.76299,394.476,4.2152973e-05,-3.08593,0.053864837,0.5122187
20.0616,68.524,190.4948,406.97702,4.2201722e-05,-2.5657346,0.1794139,0.5129756
21.0904,68.524,186.05756,419.94098,4.239659e-05,-2.5329256,0.4466231,0.50102156
23.6624,40.744,168.35735,437.535,4.2864536e-05,-2.4723651,0.7089389,0.48571163
26.2344,16.668,151.44777,454.203,4.3369746e-05,-2.4843612,0.66568244,0.47075945
28.292,20.372,141.15044,476.427,4.3593984e-05,-2.4956007,0.6222233,0.45160374
30.3496,24.076,130.39464,497.26202,4.385554e-05,-2.841046,1.2059529,0.4277949
30.864,24.076,128.29858,506.52197,4.440754e-05,-2.6994264,1.4963164,0.39996165
31.8928,24.076,122.11598,514.856,4.506766e-05,-2.7500029,1.4011955,0.36980987
32.4072,37.04,120.97986,531.524,4.5690475e-05,-2.3675385,1.0049607,0.33827797
32.9216,51.856,119.603546,548.655,4.627635e-05,-2.3116984,1.1274902,0.30408916
33.436,57.412,117.378914,561.619,4.677631e-05,-2.249522,1.2469304,0.2699971
34.4648,68.524,111.26894,574.12,4.7240763e-05,-2.2046347,1.3246775,0.24653298
34.979202,72.228,108.26841,583.38,4.7758207e-05,-1.781934,1.0287998,0.23327607
35.4936,75.932,105.16647,591.714,4.8202877e-05,-1.7996175,0.9975442,0.20457855
36.008,75.932,102.169395,600.04803,4.8497164e-05,-1.8648189,0.8695792,0.2033943
37.0368,75.932,95.938255,608.382,4.868306e-05,-1.4906167,0.39940947,0.20221004
36.008,79.636,104.05143,626.439,4.880275e-05,-1.0262939,0.07176556,0.20102578
35.4936,85.192,109.01312,643.107,4.892293e-05,-0.3374768,0.3882226,0.19984153
34.979202,79.636,112.70551,643.107,4.9144684e-05,0.26493558,0.44092688,0.19865729
34.4648,75.932,116.51104,643.107,4.9402213e-05,0.23353271,0.45833376,0.19747303
32.9216,72.228,131.03075,656.07104,4.9623683e-05,0.07159065,0.5093939,0.19628878
31.8928,68.524,142.32208,668.572,4.9880902e-05,0.04483291,0.5124426,0.19510452
30.3496,68.524,158.65753,668.572,5.0221595e-05,0.0,1.0288,0.19392027
29.3208,68.524,170.49335,668.572,5.059779e-05,0.1609398,1.0161338,0.19273601
29.3208,68.524,170.94125,672.739,5.0937815e-05,0.26627302,0.9937445,0.19155176
29.3208,68.524,171.34143,676.906,5.131329e-05,0.45099625,0.92467934,0.1903675
26.7488,61.116,206.31154,676.906,5.1807416e-05,0.52987117,0.88185376,0.18918325
25.2056,57.412,230.4538,676.906,5.22651e-05,0.3179167,0.97844696,0.18799901
24.1768,55.56,248.06703,676.906,5.2538253e-05,0.0,1.0288,0.18681476
23.6624,51.856,257.31964,676.906,5.2740055e-05,0.0,0.5144,0.1856305
23.6624,57.412,258.85745,681.536,5.299507e-05,0.0,0.5144,0.18444625
23.6624,68.524,260.23727,685.703,5.321436e-05,-0.1674722,0.48637477,0.18326199
23.6624,75.932,260.19238,685.703,5.333283e-05,-0.15895832,0.48922348,0.18207774
23.6624,85.192,260.14734,685.703,5.345127e-05,-0.2725905,0.43623593,0.18089348
23.6624,92.6,261.5241,689.87,5.365247e-05,-0.31669623,0.40535277,0.17970923
23.6624,103.712,262.86514,694.037,5.392461e-05,-0.3374768,0.3882226,0.17852497
23.6624,112.972,264.3303,698.667,5.426145e-05,-0.70163983,0.75241673,0.17734072
23.6624,127.788,265.60892,702.834,5.4633376e-05,-0.70163983,0.75241673,0.17615648
23.6624,112.972,268.46844,711.631,5.4987126e-05,-1.0912074,1.091207,0.17497222
23.6624,103.712,271.14148,719.96497,5.5340646e-05,-1.2484752,0.9070699,0.17378797
24.1768,120.38,266.15347,737.559,5.565841e-05,-1.3364505,0.7715999,0.17260371
25.2056,137.048,249.93475,754.22705,5.6046403e-05,-1.6432723,1.2382948,0.17141946
25.2056,140.752,251.8872,763.02405,5.6562967e-05,-1.3499072,1.5528904,0.1702352
25.2056,144.456,253.55013,771.35803,5.721923e-05,-1.0288004,1.7819338,0.16905095
25.2056,164.828,255.19925,780.155,5.79675e-05,-0.9659845,1.816753,0.16786669
25.2056,188.904,256.6578,788.952,5.8853857e-05,-0.7707906,1.9077735,0.16668244
25.2056,174.088,255.6934,788.952,5.9882663e-05,-0.46285924,2.004864,0.16549818
25.2056,161.124,254.69057,788.952,6.0942573e-05,-0.28636256,2.0375755,0.16431394
24.1768,157.42,282.1654,806.083,6.1848434e-05,0.10768647,2.05478,0.16312969
23.6624,153.716,299.19678,822.75104,6.278661e-05,0.62222314,2.4956007,0.16194543
23.6624,161.124,299.55875,826.918,6.383008e-05,1.4011962,2.7500026,0.16076118
23.6624,172.236,299.70593,831.085,6.507438e-05,2.0135417,2.9851987,0.15957692
23.6624,161.124,302.31668,844.975,6.6612614e-05,2.2412987,3.451297,0.15839267
23.6624,153.716,304.266,857.4761,6.8243826e-05,2.180724,3.4898875,0.15720841
23.148,161.124,319.1801,861.64307,6.970065e-05,2.3603818,3.3709745,0.15602416
22.6336,172.236,335.24365,866.2731,7.115043e-05,2.9758494,3.5464795,0.1548399
21.604801,161.124,368.15845,866.273,7.2665774e-05,3.5733228,3.700284,0.15365566
21.0904,153.716,385.35025,866.273,7.423962e-05,3.9306552,4.0703125,0.15247141
20.576,137.048,403.3695,865.80994,7.5759366e-05,4.7285643,4.7285643,0.15128715
20.0616,120.38,422.5424,865.81,7.750023e-05,5.5167456,4.629099,0.1501029
19.0328,127.788,460.22937,857.93896,7.9405094e-05,6.57309,4.953178,0.14891864
18.5184,133.344,478.199,850.531,8.1015685e-05,7.19575,5.8270035,0.14773439
18.5184,137.048,477.25745,848.67896,8.197536e-05,8.410022,7.572417,0.14655013
16.9752,103.712,535.28564,827.844,8.550653e-05,9.029,8.419679,0.14536588
15.9464,68.524,571.22894,805.62,8.938759e-05,8.436919,9.705566,0.14418162
14.917601,68.524,649.5255,827.381,9.303052e-05,8.234103,10.539171,0.14299737
14.4032,68.524,707.32513,848.679,9.644705e-05,10.482011,9.111873,0.14181313
