Vmax,Rmax_IBT,Rmax_CK22,R34,fcor,u_trans,v_trans,mean_ck_cd
10.802401,103.712,107.8751,145.382,3.651592e-05,-1.1468209,1.0326025,0.50390476
11.3168,92.6,113.299286,157.883,3.5985577e-05,-0.86294687,1.2793705,0.5122187
11.8312,85.192,119.09417,171.31,3.5529305e-05,-1.1468209,1.0326025,0.5129756
13.3744,85.192,107.79207,171.31,3.5405887e-05,-1.4308302,0.5780925,0.50102156
14.4032,85.192,101.18869,171.31,3.5282377e-05,-1.3625647,0.7244886,0.48571163
15.9464,51.856,96.6808,178.71799,3.484363e-05,-1.6432723,1.2382948,0.47075945
16.9752,16.668,96.78145,188.90399,3.4293596e-05,-1.1992917,0.9711672,0.45160374
19.0328,40.744,96.78091,209.276,3.376141e-05,-1.2484752,0.9070699,0.4277949
21.0904,68.524,97.21406,231.5,3.330315e-05,-1.420523,0.60297644,0.39996165
25.720001,51.856,88.82454,260.206,3.3018005e-05,-2.0126367,0.42779866,0.36980987
30.3496,35.188,81.95619,291.69,3.280731e-05,-2.0126367,0.42779866,0.33827797
32.4072,35.188,80.032036,310.21,3.2540553e-05,-1.4973603,0.37333396,0.30408916
34.4648,35.188,78.157646,330.11902,3.231108e-05,-1.9676929,0.6015835,0.2699971
35.4936,35.188,88.372505,398.18,3.2131007e-05,-1.9778922,0.5671511,0.24653298
37.0368,35.188,94.23344,467.167,3.206281e-05,-1.5373278,0.13449873,0.23327607
36.008,35.188,98.56925,467.167,3.2168256e-05,-1.5148472,-0.2944562,0.20457855
35.4936,35.188,100.78326,467.167,3.231108e-05,-1.5094774,-0.32084966,0.2033943
34.979202,35.188,103.14271,467.167,3.2329604e-05,-1.5347463,-0.16130812,0.20221004
34.4648,35.188,105.59382,467.167,3.231108e-05,-1.5422599,-0.053857315,0.20102578
33.436,35.188,106.74223,447.721,3.2292435e-05,-1.5432,1.8402476e-08,0.19984153
32.9216,35.188,105.2856,429.201,3.231108e-05,-1.5422599,-0.053857315,0.19865729
32.9216,35.188,105.942635,432.44202,3.2416494e-05,-1.5347463,-0.16130812,0.19747303
32.9216,35.188,107.0767,437.998,3.2559245e-05,-1.0063182,-0.21389978,0.19628878
32.9216,35.188,107.025665,437.998,3.26832e-05,-0.98384625,-0.30079225,0.19510452
32.9216,35.188,106.97451,437.998,3.280731e-05,-1.002432,-0.23142977,0.19392027
32.4072,35.188,109.46306,437.998,3.293127e-05,-1.5197554,-0.2679738,0.19273601
31.8928,35.188,112.03504,437.998,3.305528e-05,-0.99824023,-0.24888928,0.19155176
30.864,35.188,117.48173,437.998,3.317926e-05,-0.96675575,-0.35187024,0.1903675
30.3496,35.188,120.321236,437.998,3.330315e-05,-0.96675575,-0.35187024,0.18918325
30.3496,40.744,123.90082,452.351,3.342699e-05,-0.9727495,-0.33494455,0.18799901
30.3496,51.856,128.70831,471.797,3.3550914e-05,-0.46620473,-0.2173948,0.18681476
29.835201,57.412,131.95364,471.797,3.367474e-05,-0.4053527,-0.3166963,0.1856305
29.3208,68.524,135.3115,471.797,3.3798577e-05,-0.28016227,-0.43141216,0.18444625
28.292,68.524,142.41273,471.797,3.3903805e-05,-0.18434444,-0.4802338,0.18326199
27.7776,68.524,146.12578,471.797,3.404614e-05,-0.08046985,-0.5080669,0.18207774
27.7776,57.412,146.08058,471.797,3.42936e-05,-0.08046985,-0.5080669,0.18089348
27.7776,51.856,146.03476,471.797,3.454095e-05,0.0,0.5144,0.17970923
27.7776,51.856,146.01161,471.797,3.4664583e-05,0.09815215,-0.50494903,0.17852497
27.7776,51.856,145.98839,471.797,3.47882e-05,-0.08932465,-0.5065851,0.17734072
27.7776,57.412,145.94849,471.797,3.499826e-05,0.071590684,-0.5093939,0.17615648
27.7776,68.524,145.8939,471.797,3.5282377e-05,0.52987117,-0.88185376,0.17497222
26.7488,75.932,153.80687,471.797,3.561575e-05,0.61914736,-0.82163614,0.17378797
26.2344,85.192,157.95851,471.797,3.6022833e-05,0.07176545,-1.026294,0.17260371
25.2056,75.932,179.15363,506.985,3.653437e-05,-0.52987105,-0.8818538,0.17141946
23.6624,68.524,209.75806,544.48804,3.700857e-05,-0.5900954,-0.84274364,0.1702352
23.148,85.192,211.89514,534.302,3.7254755e-05,-0.52987105,-0.8818538,0.16905095
22.6336,103.712,215.30684,527.357,3.7500762e-05,-0.21739484,-0.4662047,0.16786669
21.604801,103.712,225.4991,520.875,3.793719e-05,-0.33494443,-0.97274953,0.16668244
21.0904,103.712,229.5869,514.85596,3.8483773e-05,-0.33494443,-0.97274953,0.16549818
20.576,103.712,236.70265,514.85596,3.907877e-05,-0.33494443,-0.97274953,0.16431394
20.0616,103.712,244.11685,514.85596,3.9709896e-05,-0.37333372,-1.4973603,0.16312969
19.0328,103.712,242.82408,484.298,4.0358453e-05,-0.6358333,-1.9568939,0.16194543
18.5184,103.712,234.03961,455.12903,4.093299e-05,-1.2948897,-1.5990556,0.16076118
16.9752,103.712,252.49544,449.573,4.129928e-05,-1.7637072,-1.0597428,0.15957692
15.9464,103.712,265.7143,445.86902,4.1665367e-05,-1.5762132,-1.3225996,0.15839267
15.9464,92.6,262.99768,441.239,4.2165055e-05,-1.5834811,-2.026764,0.15720841
15.9464,85.192,260.72562,437.07202,4.288343e-05,-1.4382443,-2.1322846,0.15602416
14.917601,85.192,240.75108,384.753,4.3885386e-05,-1.5834811,-2.026764,0.1548399
14.4032,85.192,212.86356,334.286,4.506766e-05,-2.25725,-2.10492,0.15365566
14.4032,85.192,213.47879,334.286,4.6330293e-05,-3.2865446,-2.4765897,0.15247141
14.4032,85.192,214.03339,334.286,4.748151e-05,-3.4116557,-2.3011906,0.15128715
14.917601,85.192,208.17784,334.286,4.832889e-05,-3.563868,-2.0575995,0.1501029
15.9464,85.192,196.50821,334.286,4.892293e-05,-3.867023,-1.407481,0.14891864
16.4608,75.932,187.49715,328.73,4.935273e-05,-4.0395923,-0.78521657,0.14773439
16.9752,68.524,180.50941,325.95203,4.9641636e-05,-4.0926566,-0.43015498,0.14655013
18.5184,57.412,165.54622,325.95203,4.9863887e-05,-4.0995407,-0.35866317,0.14536588
20.0616,51.856,151.99162,325.95203,5.012002e-05,-4.052681,-0.7145968,0.14418162
18.5184,51.856,165.74881,325.95203,5.0542032e-05,-3.9557843,-1.1343023,0.14299737
16.9752,51.856,181.02895,325.95203,5.1074945e-05,-3.935385,-1.203169,0.14181313
14.4032,51.856,167.00279,264.836,5.167101e-05,-3.9137876,-1.2716672,0.14062887
13.3744,51.856,161.14584,242.61198,5.1875137e-05,-3.236378,-1.5784862,0.13944462
11.8312,51.856,147.83017,205.57199,5.22651e-05,-3.236378,-1.5784862,0.13826036
