Vmax,Rmax_IBT,Rmax_CK22,R34,fcor,u_trans,v_trans,mean_ck_cd
10.802401,144.456,277.63022,360.214,3.248462e-05,-2.7972286,-1.3043687,0.2
10.802401,137.048,277.9622,360.214,3.305528e-05,-2.7500021,-1.4011968,0.2
11.3168,127.788,187.13383,255.57599,3.377991e-05,-2.6455607,-1.5896143,0.2
11.8312,120.38,106.209404,153.716,3.454095e-05,-2.0807912,-1.5117843,0.2
11.8312,120.38,181.53722,255.576,3.5121462e-05,-1.9702666,-1.6532495,0.2
11.8312,120.38,263.1281,360.677,3.577612e-05,-2.3293357,-2.0248606,0.2
12.3456,103.712,249.00603,351.88,3.676197e-05,-2.3985834,-1.9423344,0.2
13.3744,85.192,228.82161,343.54602,3.7746686e-05,-2.5884728,-1.6809741,0.2
13.3744,85.192,266.81946,394.476,3.8472066e-05,-2.7500021,-1.4011968,0.2
13.3744,85.192,306.30386,446.33203,3.897458e-05,-1.8648189,-0.8695792,0.2
13.8888,85.192,297.55292,446.33203,3.9237457e-05,-1.3986143,-0.65218437,0.2
14.4032,85.192,289.03156,446.33203,3.9464914e-05,-1.387019,-0.6764941,0.33218503
14.4032,85.192,289.40057,446.33203,3.9918225e-05,-1.7996175,-0.9975442,0.3476863
14.4032,85.192,289.82632,446.33203,4.0444127e-05,-1.6214108,-1.2667851,0.36769712
14.4032,85.192,264.88297,411.14398,4.089613e-05,-1.4293292,-1.4801135,0.40228435
14.4032,85.192,241.53668,377.80798,4.142137e-05,-1.2948897,-1.5990556,0.43478736
14.4032,72.228,212.38156,335.67502,4.2152755e-05,-1.3499072,-1.5528904,0.4466569
14.4032,57.412,185.51344,296.32,4.288343e-05,-1.5290946,-1.3768034,0.45400217
14.917601,57.412,272.491,430.59,4.3405616e-05,-1.7449436,-1.0903622,0.47106105
15.9464,57.412,348.46246,565.786,4.385554e-05,-2.349639,-1.0461266,0.50390476
16.4608,57.412,338.39383,565.786,4.4395434e-05,-2.9515388,-0.9023767,0.5122187
16.9752,57.412,328.44324,565.786,4.4825505e-05,-3.5221138,-0.7486492,0.5129756
18.5184,48.152,299.2666,565.786,4.5055374e-05,-3.0633945,-0.3761383,0.50102156
20.0616,40.744,272.3073,565.786,4.506766e-05,-3.6002517,0.06284231,0.48571163
21.0904,40.744,237.63362,527.82,4.4843364e-05,-3.0633945,0.37613693,0.47075945
22.6336,40.744,200.20088,488.928,4.458322e-05,-3.0563633,0.42954442,0.45160374
25.2056,37.04,151.62091,429.201,4.449185e-05,-2.5684752,0.13460858,0.4277949
27.7776,35.188,114.171165,369.011,4.458322e-05,-2.5469694,-0.3579536,0.39996165
28.292,37.04,130.78578,439.38696,4.4855522e-05,-2.4168894,-0.8796756,0.36980987
29.3208,40.744,140.80992,510.68896,4.5309676e-05,-2.2709413,-1.207481,0.33827797
30.3496,44.447998,137.5339,535.691,4.585943e-05,-2.1570606,-1.4008118,0.30408916
31.8928,51.856,129.36446,561.619,4.651767e-05,-1.9988195,-1.618612,0.2699971
32.9216,44.447998,120.86409,561.619,4.716882e-05,-1.7540995,-1.8810419,0.24653298
34.4648,40.744,109.130394,561.619,4.796257e-05,-1.3629524,-2.1811798,0.23327607
32.4072,31.484,117.281746,522.727,4.9006445e-05,-0.9634883,-2.3847167,0.20457855
30.3496,24.076,124.628525,484.29803,5.012002e-05,-1.0049604,-2.3675385,0.2033943
29.3208,27.78,132.1697,484.29803,5.1039264e-05,-1.0461264,-2.349639,0.20221004
27.7776,35.188,144.8322,484.29803,5.2027382e-05,-0.6656827,-2.4843612,0.20102578
25.720001,51.856,164.1314,484.29803,5.331501e-05,-0.26884714,-2.5579104,0.19984153
23.6624,68.524,186.51155,484.29803,5.4633376e-05,0.17941363,-2.5657349,0.19865729
21.604801,68.524,212.32457,484.29803,5.5749915e-05,0.35795343,-2.5469694,0.19747303
20.0616,68.524,234.14493,484.29803,5.6750614e-05,0.04488772,-2.5716083,0.19628878
18.5184,68.524,258.1953,484.29803,5.768715e-05,-0.64169896,-3.0189548,0.19510452
16.9752,85.192,284.82123,484.29803,5.9086666e-05,-1.055611,-2.9002674,0.19392027
15.9464,85.192,291.59796,466.704,5.997373e-05,-0.9975444,-1.7996174,0.19273601
14.4032,85.192,307.4067,450.036,6.0479695e-05,-1.0124304,-1.1646677,0.19155176
13.8888,103.712,317.2045,450.036,6.0878967e-05,-0.77644527,-0.6749535,0.1903675
13.3744,120.38,327.1822,450.036,6.1173734e-05,-0.38539532,-0.9538867,0.18918325
12.3456,120.38,277.34564,369.011,6.1520055e-05,-0.0896659,-1.0248852,0.18799901
11.8312,120.38,215.8739,287.06,6.186609e-05,-0.36868888,-0.9604676,0.18681476
11.3168,120.38,227.68282,293.079,6.222894e-05,-0.6884015,-0.76454747,0.1856305
10.802401,120.38,240.80138,300.024,6.255676e-05,-0.7400569,-0.7146645,0.18444625
9.7736,120.38,255.48744,300.024,6.282107e-05,-0.34420076,-0.38227373,0.18326199
9.2592,120.38,263.14505,300.024,6.3016254e-05,-0.33064994,-0.39405328,0.18207774
