Vmax,Rmax_IBT,Rmax_CK22,R34,fcor,u_trans,v_trans,mean_ck_cd
11.8312,153.716,129.63533,183.811,4.3472974e-05,-0.9604676,-0.3686888,0.45400217
13.3744,153.716,120.85985,188.44101,4.3369746e-05,-0.9246794,-0.45099607,0.47106105
13.3744,153.716,120.85625,188.44101,4.3351476e-05,-0.94701535,-0.40198427,0.50390476
13.3744,153.716,120.85985,188.44101,4.3369746e-05,-1.0281733,-0.035904877,0.5122187
14.4032,120.38,124.48116,205.109,4.33697e-05,-1.0063183,0.21389933,0.5129756
15.9464,85.192,124.227455,222.24,4.3369746e-05,-0.99824023,0.24888931,0.50102156
17.489601,75.932,124.40388,240.76,4.340594e-05,-1.5242006,0.24140978,0.48571163
20.0616,68.524,116.634735,257.428,4.3369746e-05,-2.0572867,-0.035909843,0.47075945
21.604801,68.524,115.17408,274.096,4.3163574e-05,-2.0322676,-0.32187966,0.45160374
23.6624,68.524,110.483696,290.764,4.288343e-05,-1.420523,-0.60297644,0.4277949
24.1768,68.524,107.68195,290.764,4.2493622e-05,-0.8107054,-0.6333926,0.39996165
25.2056,68.524,102.425995,290.764,4.239659e-05,-0.8529139,0.57529765,0.36980987
28.292,57.412,98.42061,324.09998,4.296234e-05,-1.0288004,1.7819338,0.33827797
31.8928,51.856,91.2156,360.214,4.385554e-05,-1.5834811,2.026764,0.30408916
33.436,44.447998,87.74634,376.88202,4.4704473e-05,-1.9411135,1.6873834,0.2699971
35.4936,40.744,81.94854,394.476,4.5551555e-05,-1.9988195,1.618612,0.24653298
35.4936,40.744,81.60723,394.476,4.633033e-05,-2.0540903,1.5478686,0.23327607
35.4936,40.744,81.31326,394.476,4.6999867e-05,-2.1322846,1.4382441,0.20457855
35.4936,40.744,81.10158,394.476,4.7481375e-05,-2.2046347,1.3246775,0.2033943
35.4936,40.744,80.889824,394.476,4.796257e-05,-2.249522,1.2469304,0.20221004
34.979202,40.744,82.720764,394.476,4.8682803e-05,-2.2709413,1.207481,0.20102578
34.4648,40.744,84.63697,394.476,4.9402213e-05,-2.249522,1.2469304,0.19984153
34.4648,40.744,99.04691,494.021,4.9952087e-05,-2.2709413,1.207481,0.19865729
34.4648,40.744,110.798775,595.88104,5.035898e-05,-2.4318738,0.83736134,0.19747303
34.4648,40.744,110.533775,595.88104,5.063382e-05,-3.0072956,0.6942894,0.19628878
34.4648,40.744,110.33856,595.88104,5.083645e-05,-2.5060797,0.57857454,0.19510452
32.9216,40.744,122.24378,595.88104,5.1074374e-05,-1.9778922,0.5671511,0.19392027
31.8928,40.744,130.87494,595.88104,5.131329e-05,-2.5060797,0.57857454,0.19273601
29.835201,40.744,150.38834,595.88104,5.15332e-05,-2.5247452,0.49076045,0.19155176
27.7776,40.744,172.86896,595.88104,5.178951e-05,-2.5060797,0.57857454,0.1903675
25.2056,40.744,200.93996,580.602,5.212839e-05,-2.4723651,0.7089389,0.18918325
22.6336,40.744,232.60971,566.249,5.250265e-05,-2.4318738,0.83736134,0.18799901
23.148,40.744,224.8459,566.249,5.2840318e-05,-2.384717,0.9634875,0.18681476
23.6624,40.744,217.27347,566.249,5.321436e-05,-2.384717,0.9634875,0.1856305
24.1768,40.744,209.88135,566.249,5.363441e-05,-2.3675385,1.0049607,0.18444625
25.2056,40.744,195.7449,566.249,5.4161024e-05,-2.6994264,1.4963164,0.18326199
25.720001,37.04,183.69196,549.11804,5.485055e-05,-2.6455615,1.589613,0.18207774
26.2344,35.188,172.16968,531.524,5.5576067e-05,-3.236378,1.5784862,0.18089348
23.6624,35.188,204.01718,531.524,5.6198653e-05,-3.4046233,1.1723058,0.17970923
21.0904,35.188,241.58815,531.524,5.6750614e-05,-3.493841,0.8711126,0.17852497
18.5184,35.188,285.3784,531.524,5.720284e-05,-4.0252733,0.8555973,0.17734072
15.9464,35.188,335.8072,531.524,5.768715e-05,-3.4245641,1.1127088,0.17615648
14.917601,35.188,358.275,531.524,5.833337e-05,-3.2634332,1.5217636,0.17497222
14.4032,35.188,370.35327,531.524,5.9086666e-05,-3.2083368,1.6347281,0.17378797
