Vmax,Rmax_IBT,Rmax_CK22,R34,fcor,u_trans,v_trans,mean_ck_cd
14.4032,85.192,101.59225,172.236,3.4293596e-05,-3.0563633,0.42954442,0.5122187
16.4608,75.932,107.4467,202.794,3.45224e-05,-3.5346434,0.6870646,0.5129756
18.5184,68.524,113.073494,235.667,3.47882e-05,-3.048401,0.48281956,0.50102156
21.0904,57.412,113.71888,267.614,3.501624e-05,-2.5528288,0.31344745,0.48571163
23.6624,51.856,113.25531,300.024,3.5282377e-05,-2.5403342,0.40234962,0.47075945
23.6624,51.856,113.30397,300.024,3.5652414e-05,-3.0189548,0.641698,0.45160374
23.6624,51.856,113.352135,300.024,3.6022833e-05,-3.0189548,0.641698,0.4277949
24.1768,51.856,123.0086,332.434,3.6213645e-05,-2.9947207,0.7466679,0.39996165
25.2056,51.856,130.0277,368.54803,3.651592e-05,-2.841046,1.2059529,0.36980987
26.7488,44.447998,134.1723,410.68103,3.7217214e-05,-2.6994264,1.4963164,0.33827797
29.3208,40.744,129.708,455.129,3.7992504e-05,-3.2894945,1.4645773,0.30408916
31.8928,40.744,119.026596,480.59402,3.8483613e-05,-3.4245641,1.1127088,0.2699971
34.4648,40.744,108.85425,509.763,3.897458e-05,-3.338604,1.3488826,0.24653298
32.9216,40.744,114.64973,493.558,3.9709255e-05,-3.236378,1.5784862,0.23327607
31.8928,40.744,117.95761,480.13098,4.0444127e-05,-3.2894945,1.4645773,0.20457855
28.292,44.447998,139.27017,466.70398,4.0932024e-05,-3.867023,1.407481,0.2033943
25.2056,51.856,160.64087,454.66602,4.142137e-05,-3.890998,1.3397782,0.20221004
25.2056,57.412,160.61307,454.666,4.208068e-05,-4.350401,1.5834161,0.20102578
25.2056,68.524,160.57422,454.666,4.288343e-05,-3.6987176,1.8039843,0.19984153
23.6624,68.524,174.7729,453.74,4.394483e-05,-3.0864885,1.8545485,0.19865729
22.6336,68.524,185.8105,454.66602,4.4825505e-05,-2.9002674,1.0556108,0.19747303
23.148,68.524,180.42783,454.66602,4.5019176e-05,-3.556468,0.56328946,0.19628878
23.6624,68.524,175.19199,454.66602,4.506766e-05,-3.556468,0.56328946,0.19510452
24.1768,68.524,170.11841,454.66602,4.5478635e-05,-3.5085115,0.8100043,0.19392027
25.2056,68.524,160.36862,454.66602,4.6034886e-05,-3.4046233,1.1723058,0.19273601
25.720001,57.412,155.19365,453.27698,4.6638088e-05,-2.774038,1.3529882,0.19155176
26.2344,51.856,151.03777,454.66602,4.7240763e-05,-2.2046347,1.3246775,0.1903675
25.720001,51.856,155.51894,454.66602,4.772163e-05,-1.6854874,1.1801907,0.18918325
25.2056,51.856,160.18095,454.66602,4.8202877e-05,-1.1992917,0.9711672,0.18799901
25.2056,51.856,160.12991,454.66602,4.8730715e-05,-1.5290946,1.3768034,0.18681476
25.2056,51.856,160.06198,454.66602,4.9402213e-05,-1.687384,1.941113,0.1856305
24.1768,44.447998,163.85435,437.998,5.0269457e-05,-1.8141406,2.49695,0.18444625
23.6624,40.744,162.24792,420.86697,5.131329e-05,-1.3043696,2.797228,0.18326199
23.148,44.447998,167.25294,420.86697,5.255552e-05,-0.837361,2.4318738,0.18207774
22.6336,51.856,172.4849,420.86697,5.3688025e-05,-1.4752389,2.1068587,0.18089348
21.0904,51.856,189.16878,420.86697,5.4404118e-05,-1.7256485,1.1206495,0.17970923
20.0616,51.856,201.2565,420.86697,5.4869302e-05,-1.2324542,0.9287212,0.17852497
16.9752,75.932,242.0473,420.86697,5.5239972e-05,-0.86294687,1.2793705,0.17734072
14.4032,103.712,281.8651,420.86697,5.5576067e-05,-0.6521848,1.398614,0.17615648
13.3744,103.712,249.23648,357.43597,5.5923e-05,-0.4511881,1.4757695,0.17497222
11.8312,103.712,221.09276,295.857,5.6516048e-05,0.0,2.0576,0.17378797
10.802401,109.268,173.5621,223.629,5.7687717e-05,0.4277991,2.0126367,0.17260371
9.2592,120.38,129.11174,153.716,5.8853857e-05,0.451188,1.4757695,0.17141946
