Vmax,Rmax_IBT,Rmax_CK22,R34,fcor,u_trans,v_trans,mean_ck_cd
13.3744,103.712,160.77896,248.168,3.7746686e-05,-1.5528905,-1.349907,0.50102156
13.8888,103.712,168.6698,266.68802,3.8152222e-05,-1.987489,-0.5325459,0.48571163
14.4032,103.712,177.41028,287.06,3.8483773e-05,-1.9964805,-0.49777856,0.47075945
14.917601,103.712,173.82208,289.375,3.874781e-05,-1.945499,-0.6698891,0.45160374
15.9464,103.712,165.43282,291.69,3.897458e-05,-1.387019,-0.6764941,0.4277949
17.489601,103.712,135.21796,262.058,3.9219613e-05,-0.8323165,-0.60471374,0.39996165
20.0616,103.712,105.389244,235.667,3.9464914e-05,-0.9166674,-0.4670656,0.36980987
24.1768,75.932,100.8889,273.633,3.965479e-05,-0.9398556,-0.41845065,0.33827797
29.3208,51.856,90.860985,312.52502,3.995476e-05,-0.36868888,-0.9604676,0.30408916
31.8928,51.856,105.0023,418.552,4.052966e-05,0.13449894,-1.5373276,0.2699971
34.4648,51.856,109.98492,527.357,4.1177245e-05,-0.13449885,-1.5373278,0.24653298
33.436,40.744,105.35705,464.85202,4.1683674e-05,-0.60297626,-1.4205232,0.23327607
32.9216,35.188,96.04282,402.81,4.2152973e-05,-0.65218455,-1.3986142,0.20457855
31.8928,51.856,100.46662,400.95798,4.2676573e-05,-0.4347897,-0.9324094,0.2033943
30.3496,68.524,108.98428,403.27298,4.3126656e-05,-0.63339245,-0.81070554,0.20221004
29.835201,68.524,112.274445,405.12497,4.3406188e-05,-0.8323165,-0.60471374,0.20102578
29.3208,68.524,115.84168,407.43997,4.3612705e-05,-0.7995278,-0.64744484,0.19984153
29.3208,55.56,119.94367,423.64502,4.3873766e-05,-0.33064994,-0.39405328,0.19865729
29.3208,40.744,124.458626,441.702,4.409823e-05,-0.24149615,-0.45418826,0.19747303
28.292,27.78,139.97307,472.723,4.420131e-05,0.0,0.5144,0.19628878
27.7776,16.668,153.26657,506.05902,4.4340795e-05,0.14178786,-0.494473,0.19510452
26.2344,16.668,155.84395,468.55597,4.4668046e-05,0.16093975,-1.0161338,0.19392027
25.2056,16.668,152.8875,432.905,4.506766e-05,0.1963043,-1.0098981,0.19273601
25.2056,27.78,152.70876,432.44202,4.5430625e-05,0.089665964,-1.024885,0.19155176
25.2056,40.744,153.01208,433.368,4.5793287e-05,0.0,1.0288,0.1903675
23.6624,61.116,163.67499,425.03403,4.613752e-05,0.0,1.0288,0.18918325
22.6336,85.192,171.57544,420.40402,4.651767e-05,0.07176545,-1.026294,0.18799901
21.604801,85.192,183.262,423.182,4.6981786e-05,0.1963043,-1.0098981,0.18681476
21.0904,85.192,191.48372,428.73804,4.748151e-05,0.3518704,-0.96675575,0.1856305
22.6336,85.192,187.72972,458.37,4.796258e-05,0.48299235,-0.90837646,0.18444625
23.6624,85.192,188.51637,488.928,4.844305e-05,0.49877208,-0.89980876,0.18326199
25.720001,75.932,160.33873,469.94498,4.894092e-05,0.43478975,-0.9324094,0.18207774
27.7776,68.524,137.68825,454.66602,4.9402213e-05,0.3686889,-0.9604676,0.18089348
29.3208,55.56,119.289154,427.812,4.9815095e-05,0.30079216,-0.9838463,0.17970923
30.3496,40.744,106.96645,403.27298,5.012002e-05,0.18434446,-0.4802338,0.17852497
29.3208,27.78,103.78361,366.233,5.0275372e-05,0.15039608,-0.49192315,0.17734072
27.7776,16.668,102.08902,330.11902,5.035898e-05,0.124444604,-0.49912012,0.17615648
25.2056,24.076,128.60597,363.918,5.049631e-05,0.10694973,-0.50315917,0.17497222
22.6336,35.188,163.05687,399.106,5.059779e-05,0.26493558,-0.44092688,0.17378797
21.0904,40.744,156.98897,354.195,5.0579863e-05,0.0,0.0,0.17260371
20.0616,51.856,145.36963,312.52502,5.059779e-05,-0.38227364,-0.34420085,0.17141946
16.9752,68.524,175.01668,316.229,5.0854327e-05,-0.3997639,-0.32372242,0.1702352
14.4032,85.192,206.47043,321.322,5.1074945e-05,-1.0063182,-0.21389978,0.16905095
13.3744,85.192,172.33398,258.35397,5.0991446e-05,-1.0161338,0.16093986,0.16786669
11.8312,85.192,141.13863,197.238,5.083645e-05,-1.0187877,0.14318147,0.16668244
11.8312,85.192,129.14438,181.496,5.0818486e-05,-1.0288,1.2268317e-08,0.16549818
11.8312,85.192,118.31498,167.143,5.083645e-05,-1.0248852,0.08966582,0.16431394
11.3168,85.192,140.63245,190.75601,5.0746872e-05,-1.5432,1.8402476e-08,0.16312969
10.802401,85.192,164.07216,213.906,5.083645e-05,-1.4097834,-0.627676,0.16194543
9.7736,57.412,121.835106,150.93799,5.1325078e-05,-1.5990556,-1.2948897,0.16076118
9.2592,35.188,74.56823,89.82201,5.2027382e-05,-1.9113681,-1.7210042,0.15957692
9.2592,57.412,76.90359,92.6,5.275778e-05,-1.9411131,-1.6873839,0.15839267
9.2592,85.192,78.46573,94.451996,5.345127e-05,-1.5990556,-1.2948897,0.15720841
