Vmax,Rmax_IBT,Rmax_CK22,R34,fcor,u_trans,v_trans,mean_ck_cd
11.8312,120.38,98.89221,145.382,2.3568628e-05,-3.4046233,1.1723058,0.2
13.3744,109.268,89.14868,145.382,2.4283936e-05,-2.774038,1.3529882,0.2
14.4032,103.712,83.65379,145.382,2.5074483e-05,-3.0536513,1.9081337,0.2
14.917601,103.712,95.35281,169.45801,2.5951318e-05,-2.949603,2.0653336,0.2
15.9464,103.712,103.26512,193.07101,2.6827835e-05,-2.4649084,1.8574424,0.2
15.9464,103.712,103.43173,193.07101,2.7577758e-05,-2.4649084,1.8574424,0.2
15.9464,103.712,103.59714,193.07101,2.8327528e-05,-3.019885,1.9611366,0.2
16.4608,103.712,106.501755,203.257,2.9181427e-05,-3.599235,1.9950885,0.2
16.9752,103.712,109.53944,213.906,3.0073232e-05,-4.22935,1.883028,0.2
18.5184,85.192,114.74002,240.76001,3.096305e-05,-4.350401,1.5834161,0.2
20.0616,68.524,120.05543,269.92902,3.1814445e-05,-4.350401,1.5834161,0.33218503
21.604801,68.524,129.30959,310.67297,3.257751e-05,-4.322104,1.6590996,0.3476863
23.6624,68.524,133.19792,351.41702,3.330315e-05,-4.292491,1.7342775,0.36769712
23.6624,68.524,133.31465,351.41702,3.4045075e-05,-3.7880614,1.6079371,0.40228435
23.6624,68.524,133.4279,351.41702,3.47882e-05,-3.7880614,1.6079371,0.43478736
23.6624,68.524,129.88058,342.15698,3.5509933e-05,-4.292491,1.7342775,0.4466569
23.6624,68.524,126.88232,334.28598,3.626943e-05,-4.292491,1.7342775,0.45400217
23.6624,85.192,126.99135,334.28598,3.707605e-05,-4.769434,1.926975,0.47106105
23.6624,103.712,127.11091,334.28598,3.7992504e-05,-4.769434,1.926975,0.50390476
23.6624,103.712,127.25548,334.28598,3.9150687e-05,-4.769434,1.926975,0.5122187
23.6624,103.712,127.38026,334.28598,4.0199502e-05,-4.735077,2.0099213,0.5129756
23.6624,85.192,132.20299,346.324,4.0781022e-05,-4.261569,1.8089292,0.50102156
23.6624,68.524,137.7349,360.21402,4.1177245e-05,-3.9353857,1.203167,0.48571163
23.6624,68.524,137.7919,360.21402,4.169999e-05,-4.064535,0.6437594,0.47075945
23.6624,68.524,137.83998,360.21402,4.2152973e-05,-4.0926566,0.4301551,0.45160374
25.720001,55.56,126.841835,368.54803,4.2433345e-05,-4.0926566,0.4301551,0.4277949
27.7776,40.744,116.72627,376.88202,4.2640077e-05,-3.5346434,0.6870646,0.39996165
30.3496,48.152,110.50028,409.292,4.2882435e-05,-2.9668384,0.85072666,0.36980987
32.9216,57.412,104.05242,446.332,4.3126656e-05,-3.0189548,0.641698,0.33827797
34.979202,55.56,93.40696,446.332,4.336937e-05,-3.0633945,0.37613693,0.30408916
37.0368,51.856,83.94424,446.332,4.3612705e-05,-2.5329256,0.4466231,0.2699971
39.0944,51.856,75.53121,446.332,4.3836884e-05,-2.4956007,0.6222233,0.24653298
41.152,51.856,68.00475,446.332,4.409823e-05,-2.4843612,0.66568244,0.23327607
41.152,51.856,67.75574,446.332,4.4462085e-05,-2.4843612,0.66568244,0.20457855
41.152,51.856,67.50759,446.332,4.4825505e-05,-1.9568938,0.6358336,0.2033943
39.6088,55.56,72.799614,446.332,4.5067336e-05,-1.9077736,0.77079004,0.20221004
38.58,57.412,76.56385,446.332,4.5309676e-05,-1.3986143,0.65218437,0.20102578
38.58,57.412,77.022385,452.81396,4.565407e-05,-1.3625647,0.7244886,0.19984153
38.58,57.412,77.80497,463.0,4.6034886e-05,-1.3227807,0.7948065,0.19865729
38.58,57.412,77.58198,463.0,4.6360812e-05,-1.2641156,0.885143,0.19747303
38.58,57.412,77.30998,463.0,4.675884e-05,-1.1992917,0.9711672,0.19628878
37.5512,55.56,81.32531,463.0,4.7324986e-05,-1.0524597,1.1286252,0.19510452
37.0368,51.856,83.216515,463.0,4.796257e-05,-0.7244884,1.3625648,0.19392027
36.008,51.856,89.161224,475.038,4.8563037e-05,-0.4253638,1.483419,0.19273601
35.4936,51.856,93.12807,488.92798,4.916265e-05,-0.6276758,1.4097835,0.19155176
35.4936,55.56,92.73177,488.92798,4.9743296e-05,-0.81777143,1.3087078,0.1903675
35.4936,57.412,92.311714,488.92798,5.035898e-05,-0.6276758,1.4097835,0.18918325
34.979202,61.116,94.70362,488.92798,5.103921e-05,-0.34714442,1.5036479,0.18799901
34.4648,68.524,97.16511,488.92798,5.178951e-05,-0.13449918,1.5373276,0.18681476
33.436,72.228,102.899345,488.92798,5.258574e-05,0.0538569,1.5422599,0.1856305
32.9216,75.932,105.66318,488.92798,5.345127e-05,-0.07180942,2.0563467,0.18444625
32.4072,64.82,108.54326,488.92798,5.4361877e-05,-0.3134482,2.5528288,0.18326199
31.8928,57.412,111.53497,488.92798,5.5340646e-05,-0.17941341,2.5657349,0.18207774
30.864,48.152,145.82231,663.942,5.643385e-05,-0.08976177,2.5704334,0.18089348
30.3496,40.744,171.49156,840.808,5.7453286e-05,-0.35729903,2.0263405,0.17970923
29.835201,37.04,178.54552,840.808,5.8224476e-05,-0.70374113,1.9335114,0.17852497
29.3208,35.188,186.21991,840.808,5.8853857e-05,-0.5278058,1.4501336,0.17734072
27.7776,35.188,210.33826,819.047,5.933245e-05,-0.4511881,1.4757695,0.17615648
26.2344,35.188,235.791,797.286,6.0016075e-05,-0.46285924,2.004864,0.17497222
26.2344,35.188,234.51491,797.286,6.1173734e-05,-0.53474903,2.5157955,0.17378797
23.6624,35.188,221.13947,582.454,6.2326726e-05,-0.49777824,1.9964806,0.17260371
22.6336,40.744,237.98593,582.454,6.308778e-05,-0.6698888,1.9454991,0.17141946
21.0904,51.856,265.62897,582.454,6.393293e-05,-1.0461262,2.3496392,0.1702352
20.0616,51.856,285.75485,582.454,6.530208e-05,-1.5896137,2.645561,0.16905095
18.5184,68.524,283.8842,523.19,6.643758e-05,-1.4008113,2.1570609,0.16786669
17.489601,75.932,300.63043,517.63403,6.71868e-05,-1.2074807,2.2709413,0.16668244
16.9752,85.192,308.8378,513.93,6.801876e-05,-0.9217227,2.4011688,0.16549818
16.9752,85.192,309.48837,513.93,6.936598e-05,-0.482819,3.0484014,0.16431394
15.9464,103.712,331.52155,513.93,7.048288e-05,0.35795322,2.5469694,0.16312969
14.917601,109.268,354.66434,513.93,7.129904e-05,1.1274906,2.3116984,0.16194543
14.4032,120.38,366.97052,513.93,7.2037474e-05,1.8574418,2.4649088,0.16076118
14.4032,137.048,367.6971,513.93,7.296178e-05,2.5901988,2.501326,0.15957692
14.4032,153.716,368.52527,513.93,7.402041e-05,3.451297,2.2412987,0.15839267
13.8888,153.716,355.7664,483.83496,7.5143405e-05,3.66667,1.8682619,0.15720841
13.3744,153.716,349.51242,463.0,7.597329e-05,4.499044,2.4938605,0.15602416
13.3744,153.716,342.52615,454.66602,7.641916e-05,4.9298177,3.7148836,0.1548399
12.3456,161.124,365.65152,454.66602,7.786408e-05,5.1226926,4.298449,0.15365566
11.8312,168.532,377.95578,454.66602,7.890194e-05,5.6749387,4.433748,0.15247141
11.8312,172.236,378.42993,454.66602,7.943125e-05,5.9703975,4.0270834,0.15128715
11.3168,172.236,391.53885,454.66602,8.091835e-05,5.9703975,4.0270834,0.1501029
10.802401,172.236,404.08066,454.66602,8.14476e-05,6.543539,4.088857,0.14891864
10.802401,172.236,404.64984,454.66602,8.200759e-05,7.7916746,3.9700568,0.14773439
10.802401,172.236,405.2586,454.66602,8.2605824e-05,6.8233113,4.602381,0.14655013
9.7736,172.236,432.47,454.66602,8.461837e-05,8.19683,5.323084,0.14536588
9.2592,172.236,448.00833,454.66602,8.675015e-05,8.512408,6.6506224,0.14418162
