Vmax,Rmax_IBT,Rmax_CK22,R34,fcor,u_trans,v_trans,mean_ck_cd
11.8312,85.192,64.6632,94.915,3.7992504e-05,-1.2160581,0.95008886,0.5122187
13.3744,75.932,68.97761,111.583,3.842849e-05,-1.071997,1.1100849,0.5129756
14.4032,68.524,75.212296,128.714,3.897458e-05,-0.9919501,1.1821597,0.50102156
16.4608,57.412,64.5427,124.547005,3.9587423e-05,-0.9500887,1.2160584,0.48571163
18.5184,51.856,55.876423,120.380005,4.0199502e-05,-0.9070703,1.248475,0.47075945
20.576,40.744,59.793156,141.215,4.070688e-05,-0.9070703,1.248475,0.45160374
22.6336,35.188,63.40217,163.439,4.1177245e-05,-0.9500887,1.2160584,0.4277949
24.1768,35.188,63.937664,175.94,4.1610485e-05,-0.9070703,1.248475,0.39996165
26.2344,35.188,62.818077,188.44101,4.2152973e-05,-0.6276758,1.4097835,0.36980987
29.3208,35.188,61.53944,209.739,4.300505e-05,-0.5325466,1.9874889,0.33827797
31.8928,35.188,61.060448,231.96301,4.385554e-05,-0.21477191,1.5281817,0.30408916
34.4648,24.076,56.900494,240.29701,4.432258e-05,0.0,1.0288,0.2699971
37.0368,16.668,52.97802,248.63101,4.4825505e-05,-0.13449918,1.5373276,0.24653298
36.008,16.668,56.556297,256.965,4.573894e-05,-0.25075853,2.042263,0.23327607
35.4936,16.668,59.241333,265.76202,4.675884e-05,-0.14353073,2.052588,0.20457855
34.979202,24.076,64.45686,287.06,4.760182e-05,0.0,2.0576,0.2033943
34.4648,35.188,69.90794,308.82098,4.844305e-05,0.0,2.0576,0.20221004
32.9216,40.744,76.54697,317.155,4.9456088e-05,0.03591007,2.0572867,0.20102578
31.8928,51.856,82.13645,325.952,5.035898e-05,-0.026932865,1.542965,0.19984153
30.3496,51.856,88.52381,325.952,5.0890107e-05,0.0,1.0288,0.19865729
29.3208,51.856,93.14711,325.952,5.131329e-05,0.053843234,1.02739,0.19747303
28.292,51.856,98.08684,325.952,5.18727e-05,0.29445645,1.514847,0.19628878
27.7776,51.856,100.6587,325.952,5.250265e-05,0.5780929,1.4308301,0.19510452
26.7488,51.856,100.59114,308.358,5.3160875e-05,1.090362,1.7449437,0.19392027
26.2344,51.856,97.774536,291.69,5.392461e-05,1.5117837,2.0807917,0.19273601
26.2344,40.744,97.75406,291.69,5.483985e-05,1.618612,1.9988195,0.19155176
26.2344,35.188,97.72999,291.69,5.581132e-05,2.0248606,2.3293357,0.1903675
26.2344,35.188,97.71743,291.69,5.6281307e-05,2.501326,2.5901988,0.18918325
21.604801,55.56,106.0476,249.55699,5.697768e-05,4.001093,4.001093,0.18799901
11.8312,103.712,122.98694,171.773,5.8853857e-05,4.3648286,4.3648286,0.18681476
