Vmax,Rmax_IBT,Rmax_CK22,R34,fcor,u_trans,v_trans,mean_ck_cd
10.802401,120.38,128.43123,171.31,4.093299e-05,-0.34714445,-1.5036479,0.45400217
11.3168,120.38,137.41124,188.90399,4.0493032e-05,-0.3007921,-0.9838463,0.47106105
11.8312,120.38,107.615265,154.642,4.0199502e-05,-0.41845053,-0.93985564,0.50390476
13.3744,92.6,114.20185,179.64401,3.991805e-05,-0.23353274,-0.45833376,0.5122187
14.4032,68.524,123.94139,205.572,3.9709896e-05,0.0,0.5144,0.5129756
14.917601,68.524,117.58296,201.40501,3.945871e-05,0.0,0.5144,0.50102156
15.9464,68.524,108.38745,197.238,3.9464914e-05,-0.61914724,0.82163626,0.48571163
16.4608,57.412,131.01505,241.22299,3.9985167e-05,-0.9500887,1.2160584,0.47075945
16.9752,51.856,154.08011,287.06,4.0688625e-05,-1.5528908,1.3499067,0.45160374
18.5184,51.856,150.50124,303.265,4.126906e-05,-2.2709413,1.207481,0.4277949
20.0616,51.856,147.57632,321.32202,4.1665367e-05,-2.0126367,0.42779866,0.39996165
26.7488,40.744,115.18814,352.343,4.166536e-05,-2.0576,2.4536634e-08,0.36980987
34.4648,35.188,86.29857,386.142,4.1665367e-05,-1.4591242,0.5024168,0.33827797
37.0368,35.188,76.94677,389.846,4.209778e-05,-1.071997,1.1100849,0.30408916
39.6088,35.188,68.68819,394.476,4.2640077e-05,-1.1646681,1.0124301,0.2699971
41.152,35.188,66.48746,421.79297,4.3059812e-05,-1.3625647,0.7244886,0.24653298
42.1808,35.188,65.4703,450.499,4.3369746e-05,-1.4906167,0.39940947,0.23327607
39.6088,24.076,79.22774,503.744,4.345469e-05,-1.5197554,0.26797384,0.20457855
37.0368,16.668,96.60084,556.989,4.3612705e-05,-1.3497132,0.7481582,0.2033943
36.008,16.668,102.49061,561.156,4.420114e-05,-1.5528908,1.3499067,0.20221004
35.4936,16.668,105.62931,565.786,4.4825505e-05,-1.7637078,1.059742,0.20102578
34.979202,16.668,108.68158,565.786,4.5122237e-05,-1.9676929,0.6015835,0.19984153
34.4648,16.668,111.953064,565.786,4.5309676e-05,-1.4834192,0.42536333,0.19865729
34.4648,51.856,110.32986,554.67395,4.5533292e-05,-1.420523,0.60297644,0.19747303
34.4648,85.192,108.78339,544.488,4.5793287e-05,-0.86282426,0.5603247,0.19628878
34.4648,85.192,107.61994,537.54297,4.6101166e-05,-0.70163983,0.75241673,0.19510452
34.4648,85.192,106.4964,531.52405,4.651767e-05,-0.8404868,1.2942365,0.19392027
34.4648,75.932,106.04501,531.52405,4.7102254e-05,-0.7716003,1.3364503,0.19273601
34.4648,68.524,105.56623,531.52405,4.7722115e-05,-0.81777143,1.3087078,0.19155176
34.4648,68.524,105.208694,531.52405,4.818483e-05,-0.8851434,1.2641153,0.1903675
34.4648,68.524,104.82383,531.52405,4.868306e-05,-0.7244884,1.3625648,0.18918325
33.436,68.524,110.948975,530.598,4.943811e-05,-0.86957973,1.8648187,0.18799901
32.9216,68.524,114.18635,531.524,5.012002e-05,-0.9287209,1.2324544,0.18681476
32.4072,68.524,117.75038,531.524,5.0363484e-05,-0.8427437,0.59009534,0.1856305
31.8928,68.524,121.45983,531.524,5.059779e-05,-0.5298712,0.88185364,0.18444625
33.9504,57.412,106.25507,531.524,5.1221283e-05,-0.4511881,1.4757695,0.18326199
34.4648,55.56,102.792206,531.524,5.131329e-05,-0.11571481,0.501216,0.18207774
31.8928,51.856,120.976654,531.524,5.131329e-05,-0.20099206,0.4735077,0.18089348
30.3496,51.856,133.21046,531.524,5.1737978e-05,-0.46706545,0.9166675,0.17970923
30.3496,51.856,133.17943,531.524,5.178951e-05,-0.50494903,0.098152086,0.17852497
29.3208,51.856,142.2637,531.524,5.178951e-05,-0.46620473,0.2173948,0.17734072
27.7776,57.412,157.00897,531.524,5.1959756e-05,-0.23353273,0.45833376,0.17615648
26.2344,68.524,173.29713,531.524,5.22651e-05,-0.16093966,1.0161338,0.17497222
24.1768,85.192,197.79024,531.524,5.260356e-05,0.0,1.0288,0.17378797
22.6336,103.712,218.40144,531.524,5.2977284e-05,0.10753889,1.0231642,0.17260371
22.6336,103.712,218.39903,531.524,5.33506e-05,0.300792,0.9838463,0.17141946
22.6336,103.712,218.39569,531.524,5.3688025e-05,0.23353271,0.45833376,0.1702352
22.6336,103.712,223.31534,543.562,5.3871092e-05,0.7016399,0.7524167,0.16905095
22.6336,103.712,228.9619,557.452,5.4161024e-05,1.1468211,1.0326023,0.16786669
22.6336,103.712,237.16884,577.824,5.4781096e-05,1.8810418,1.7540997,0.16668244
22.6336,103.712,246.00702,600.048,5.5576067e-05,1.8186786,1.8186786,0.16549818
23.148,103.712,236.93993,599.12195,5.6345158e-05,1.7540997,1.8810418,0.16431394
23.6624,103.712,228.71063,600.048,5.721923e-05,2.2201703,2.1439936,0.16312969
24.1768,103.712,220.24391,600.048,5.821857e-05,2.675916,2.4094055,0.16194543
25.2056,103.712,204.1306,600.048,5.9319285e-05,2.6334584,2.4557395,0.16076118
26.7488,103.712,184.22134,610.234,6.0421044e-05,3.0581899,2.753606,0.15957692
29.3208,103.712,152.60039,621.346,6.1635496e-05,3.5464795,2.9758494,0.15839267
28.292,103.712,168.0711,642.18097,6.300236e-05,4.63509,3.2455251,0.15720841
27.7776,103.712,176.51993,652.367,6.370404e-05,5.904447,3.1394508,0.15602416
25.2056,103.712,219.68983,664.40497,6.43901e-05,5.9703975,4.0270834,0.1548399
26.2344,109.268,200.85107,664.40497,6.621987e-05,5.2669168,4.911479,0.15365566
27.7776,120.38,174.69525,664.40497,6.8468675e-05,5.2669168,4.911479,0.15247141
28.292,120.38,168.49588,686.16595,7.057654e-05,6.211562,5.399628,0.15128715
29.3208,120.38,153.24886,707.464,7.314133e-05,8.027748,7.228216,0.1501029
27.7776,120.38,183.48195,782.007,7.641043e-05,9.029,8.419679,0.14891864
26.2344,120.38,221.56471,857.01294,8.007058e-05,9.093393,9.093393,0.14773439
25.2056,120.38,246.8809,877.848,8.366963e-05,8.933308,9.2507105,0.14655013
23.6624,120.38,293.7794,900.072,8.7362794e-05,9.121318,9.781417,0.14536588
21.604801,137.048,365.845,900.072,9.13108e-05,9.121318,9.781417,0.14418162
20.0616,153.716,430.76312,900.072,9.47168e-05,8.276584,7.7180386,0.14299737
