Vmax,Rmax_IBT,Rmax_CK22,R34,fcor,u_trans,v_trans,mean_ck_cd
10.802401,103.712,292.14655,372.715,3.9219805e-05,0.48299235,-0.90837646,0.2
11.3168,120.38,283.7676,372.715,3.9814007e-05,0.55303335,-1.4407014,0.2
11.8312,137.048,275.70615,372.715,4.0444127e-05,0.4768751,-1.4676703,0.2
13.3744,109.268,187.15773,283.819,4.091465e-05,0.3733338,-1.4973603,0.2
14.4032,85.192,119.22409,197.70099,4.142137e-05,0.3208492,-1.5094774,0.2
14.917601,85.192,115.82631,197.70099,4.2098163e-05,0.10764817,-1.5394409,0.2
15.9464,85.192,109.35899,197.70099,4.288343e-05,-0.10764808,-1.5394409,0.2
16.9752,85.192,101.86596,194.923,4.3679505e-05,-0.24140956,-1.5242007,0.2
18.5184,85.192,92.968636,193.07101,4.458322e-05,-0.14353077,-2.052588,0.2
21.0904,75.932,103.5668,241.223,4.561805e-05,0.08976139,-2.5704334,0.2
23.6624,68.524,111.20909,291.69,4.675884e-05,-0.13460815,-2.5684752,0.2
25.720001,55.56,112.181854,325.95203,4.7944555e-05,-0.26884714,-2.5579104,0.2
27.7776,40.744,111.038414,360.214,4.916265e-05,0.0,2.572,0.2
29.3208,40.744,102.23544,360.214,5.028731e-05,0.2688473,-2.5579104,0.2
30.3496,40.744,96.61542,360.214,5.155148e-05,0.37613735,-3.0633945,0.2
30.3496,40.744,106.63888,406.05103,5.3196534e-05,0.5011348,-3.5657573,0.2
30.3496,40.744,116.37717,454.66602,5.4869302e-05,0.62527275,-3.5460956,0.2
28.292,37.04,109.71141,370.4,5.6216577e-05,0.93195593,-3.4781058,0.2
26.2344,35.188,96.1593,287.06,5.7453286e-05,1.2059526,-2.8410463,0.2
26.2344,37.04,96.11944,287.06,5.8841564e-05,1.7258934,-2.5587413,0.2
26.2344,40.744,96.082214,287.06,6.0016075e-05,2.329336,-2.0248604,0.2
25.720001,40.744,110.89968,323.174,6.068196e-05,2.6994264,-1.4963163,0.2
25.2056,40.744,126.88519,360.21402,6.1173734e-05,3.2363777,-1.5784868,0.2
24.1768,40.744,142.78714,381.975,6.195311e-05,3.263433,-1.521764,0.2
23.6624,40.744,155.41711,403.273,6.255676e-05,2.935341,-0.95374984,0.2
22.6336,61.116,172.70833,420.404,6.276208e-05,2.5579104,-0.26884732,0.2
21.0904,85.192,198.01413,437.07202,6.255676e-05,3.0563633,0.42954388,0.2
20.0616,92.6,199.06068,413.459,6.200455e-05,2.9182484,1.0048335,0.2
18.5184,103.712,204.99664,389.846,6.1173734e-05,3.086488,1.8545492,0.2
17.489601,103.712,217.71715,389.846,6.033451e-05,3.105781,2.699814,0.2
16.9752,103.712,224.07924,389.846,5.9319285e-05,2.6451995,3.152426,0.2
15.9464,109.268,244.81906,400.495,5.81065e-05,2.3603818,3.3709745,0.2
14.4032,120.38,275.61716,411.607,5.6750614e-05,2.065334,2.9496028,0.2
13.8888,109.268,283.09222,411.607,5.5322842e-05,2.216874,2.8374693,0.2
13.3744,103.712,290.71857,411.607,5.392461e-05,2.8065596,3.0096667,0.2
13.3744,92.6,281.09406,400.495,5.268573e-05,3.0581899,2.753606,0.2
13.3744,85.192,272.37256,390.30902,5.155148e-05,3.286545,2.476589,0.2
12.3456,92.6,288.26083,390.30902,5.0443112e-05,3.0536516,1.9081333,0.2
11.8312,103.712,296.19485,390.30902,4.9402213e-05,3.451297,2.2412987,0.2
12.3456,120.38,332.95374,445.86902,4.8388323e-05,3.4116557,2.3011906,0.2
13.3744,137.048,357.37216,501.42902,4.748151e-05,3.0536516,1.9081333,0.2
13.8888,103.712,346.10388,501.42902,4.670411e-05,2.2709413,1.207481,0.2
14.4032,68.524,335.26276,501.42902,4.6034886e-05,2.1570606,1.4008117,0.2
14.917601,57.412,280.1276,439.38702,4.53754e-05,2.5587418,1.725893,0.2
15.9464,51.856,222.6127,377.345,4.4825505e-05,2.8195667,1.2553519,0.2
16.9752,51.856,212.25456,381.512,4.4389893e-05,3.0072958,0.6942889,0.2
18.5184,51.856,196.6883,385.67902,4.409823e-05,2.5528288,0.31344792,0.2
20.0616,51.856,180.34322,385.67902,4.39402e-05,2.5528288,0.31344792,0.2
21.0904,51.856,170.32803,385.67902,4.385554e-05,1.987489,0.5325461,0.2
21.604801,51.856,165.54893,385.67902,4.3733817e-05,1.3364505,0.77159995,0.2
22.6336,51.856,156.48914,385.67902,4.3612705e-05,0.77644527,0.6749535,0.33218503
23.148,51.856,152.17569,385.67902,4.34912e-05,0.35081995,0.37620834,0.3476863
23.6624,51.856,148.00839,385.67902,4.3369746e-05,0.4454835,0.25719997,0.36769712
23.6624,51.856,147.99709,385.67902,4.3248237e-05,0.94701535,0.40198427,0.40228435
23.6624,51.856,147.98576,385.67902,4.3126656e-05,-0.18434453,0.48023376,0.43478736
25.2056,51.856,136.33432,385.67902,4.2986703e-05,-1.0187877,0.14318147,0.4466569
26.2344,51.856,129.1887,385.67902,4.288343e-05,-1.0248852,-0.08966579,0.45400217
26.2344,51.856,129.19055,385.67902,4.284677e-05,-1.5094774,-0.32084966,0.47106105
26.2344,51.856,129.1887,385.67902,4.288343e-05,-1.5373278,-0.13449869,0.50390476
26.7488,55.56,125.77927,385.67902,4.2968426e-05,-2.0576,2.4536634e-08,0.5122187
27.7776,57.412,119.26805,385.67902,4.3126656e-05,-2.5704334,-0.089762196,0.5129756
27.7776,55.56,119.2365,385.67902,4.3369404e-05,-2.5579104,-0.26884687,0.50102156
27.7776,51.856,119.20463,385.67902,4.3612705e-05,-3.0563633,-0.42954433,0.48571163
28.292,44.447998,116.06815,385.67902,4.3788474e-05,-3.0563633,-0.42954433,0.47075945
29.3208,40.744,110.11639,385.67902,4.385554e-05,-3.0694926,-0.32261625,0.45160374
30.864,40.744,106.93648,407.44,4.378785e-05,-3.5986066,-0.12566707,0.4277949
32.9216,40.744,100.51039,428.738,4.3612705e-05,-3.5920286,0.25117946,0.39996165
33.436,40.744,98.00137,428.738,4.3370383e-05,-3.5657573,0.5011352,0.36980987
34.4648,40.744,93.12669,428.738,4.3126656e-05,-3.556468,0.56328946,0.33827797
35.4936,40.744,93.06406,458.833,4.2949017e-05,-3.5739603,0.43882644,0.30408916
37.0368,40.744,89.66344,488.465,4.288343e-05,-3.0746555,0.26899746,0.2699971
38.58,40.744,73.47991,407.44,4.294982e-05,-3.0864,3.6804952e-08,0.24653298
39.6088,40.744,59.81009,325.952,4.3126656e-05,-3.0189548,-0.6416993,0.23327607
40.1232,40.744,60.30149,340.30502,4.336873e-05,-3.493841,-0.8711125,0.20457855
41.152,40.744,59.384766,355.584,4.3612705e-05,-4.084526,-0.5015177,0.2033943
39.0944,40.744,64.86861,355.584,4.378959e-05,-4.1051755,-0.2870621,0.20221004
37.0368,40.744,71.06476,355.584,4.385554e-05,-4.1126933,-0.14361951,0.20102578
34.979202,40.744,75.74717,342.62,4.375127e-05,-3.0864,3.6804952e-08,0.19984153
32.9216,40.744,80.60688,330.119,4.3612705e-05,-3.0788815,0.21529667,0.19865729
32.4072,40.744,80.98888,323.174,4.3575932e-05,-2.5579104,0.26884696,0.19747303
31.8928,40.744,81.50925,317.155,4.3612705e-05,-2.0572867,0.03590989,0.19628878
31.8928,40.744,81.49003,317.155,4.37156e-05,-2.0375755,-0.2863629,0.19510452
31.8928,40.744,81.4639,317.155,4.385554e-05,-2.0263405,-0.3572984,0.19392027
30.864,40.744,92.936745,348.17603,4.3995093e-05,-2.0375755,-0.2863629,0.19273601
30.3496,40.744,103.465096,381.512,4.409823e-05,-1.542965,-0.026932383,0.19155176
29.3208,40.744,108.97357,381.512,4.4098026e-05,-1.0211315,0.12537898,0.1903675
27.7776,40.744,117.91552,381.512,4.409823e-05,-1.0063182,-0.21389978,0.18918325
26.2344,40.744,127.75071,381.512,4.418307e-05,-0.7881066,-0.6612998,0.18799901
25.2056,40.744,134.86392,381.512,4.4340795e-05,-0.77644527,-0.6749535,0.18681476
24.1768,40.744,142.47423,381.512,4.4528737e-05,-0.77644527,-0.6749535,0.1856305
23.6624,40.744,146.49472,381.512,4.4825505e-05,-0.51439995,-0.890967,0.18444625
23.6624,44.447998,163.26247,424.108,4.529146e-05,0.0,1.0288,0.18326199
23.6624,51.856,180.08476,467.16702,4.5793287e-05,0.38539538,-0.9538867,0.18207774
23.148,51.856,185.57437,467.16702,4.611936e-05,0.5752978,-0.8529138,0.18089348
22.6336,51.856,191.27505,467.16702,4.651767e-05,0.9287211,-1.2324542,0.17970923
21.604801,68.524,185.40779,427.81198,4.7186633e-05,0.9287211,-1.2324542,0.17852497
21.0904,85.192,173.24384,389.846,4.796257e-05,1.2667851,-1.621411,0.17734072
20.576,85.192,178.52493,389.846,4.8628885e-05,1.5478685,-2.0540903,0.17615648
20.0616,85.192,184.04237,389.846,4.9402213e-05,1.324678,-2.2046344,0.17497222
18.5184,85.192,225.05093,431.516,5.0424947e-05,1.0869744,-2.3310237,0.17378797
16.9752,85.192,275.32062,475.96402,5.155148e-05,1.3529886,-2.774038,0.17260371
15.9464,103.712,293.45316,475.96402,5.260338e-05,1.3529886,-2.774038,0.17141946
14.4032,120.38,322.40698,475.96402,5.3688025e-05,1.2059526,-2.8410463,0.1702352
13.8888,137.048,344.72797,490.317,5.4869288e-05,0.79881936,-2.9812334,0.16905095
13.3744,153.716,369.4916,506.059,5.6046403e-05,-0.17941347,-2.5657349,0.16786669
12.3456,153.716,393.56232,506.059,5.7154393e-05,-1.1676637,-2.291669,0.16668244
11.8312,153.716,406.55914,506.059,5.8154368e-05,-1.5478681,-2.0540907,0.16549818
11.8312,153.716,407.56143,506.059,5.905766e-05,-1.8810418,-1.7540998,0.16431394
11.8312,153.716,408.36707,506.059,5.9784e-05,-2.3116984,-1.1274902,0.16312969
11.3168,177.79199,421.14557,506.059,6.0212966e-05,-2.9182484,-1.0048336,0.16194543
10.802401,205.572,434.30582,506.059,6.0711227e-05,-2.774038,-1.3529882,0.16076118
10.802401,205.572,451.9133,522.26404,6.1662446e-05,-3.019885,-1.9611366,0.15957692
10.802401,205.572,471.54,539.85803,6.278661e-05,-3.451297,-2.241299,0.15839267
10.802401,274.096,459.14114,526.431,6.388748e-05,-3.9683414,-2.3844213,0.15720841
10.802401,342.62,447.479,513.93,6.4846485e-05,-4.1610575,-2.0294824,0.15602416
10.802401,342.62,448.31146,513.93,6.549895e-05,-4.3773727,-1.5072504,0.1548399
10.802401,342.62,448.93106,513.93,6.5983986e-05,-4.9447303,-1.4178778,0.15365566
10.802401,342.62,373.4918,438.924,6.650432e-05,-5.5133758,-1.2728637,0.15247141
10.802401,342.62,302.2704,364.84402,6.689037e-05,-5.6162233,-0.6895869,0.15128715
10.802401,342.62,374.02563,438.924,6.7089066e-05,-5.144,6.134159e-08,0.1501029
10.802401,342.62,450.38083,513.93,6.711647e-05,-4.62678,0.16156985,0.14891864
10.802401,342.62,450.3639,513.93,6.710323e-05,-4.1051755,0.28706223,0.14773439
10.802401,342.62,450.09113,513.93,6.689037e-05,-2.9947207,0.7466679,0.14655013
9.7736,342.62,476.59372,513.93,6.639101e-05,-2.249522,1.2469304,0.14536588
9.2592,342.62,489.5968,513.93,6.575688e-05,-2.0267637,1.5834814,0.14418162
9.2592,342.62,488.75397,513.93,6.518763e-05,-1.5762132,1.3225996,0.14299737
9.2592,342.62,487.9139,513.93,6.461839e-05,-1.5990556,1.2948897,0.14181313
