Vmax,Rmax_IBT,Rmax_CK22,R34,fcor,u_trans,v_trans,mean_ck_cd
16.9752,85.192,202.791,360.214,5.2740055e-05,-2.4321163,1.9001777,0.5129756
16.9752,85.192,208.37392,368.548,5.3705822e-05,-3.0536513,1.9081337,0.50102156
16.9752,85.192,214.26317,377.345,5.4633376e-05,-2.6994264,1.4963164,0.48571163
18.5184,85.192,196.05238,377.345,5.529326e-05,-2.3116984,1.1274902,0.47075945
20.0616,85.192,179.29604,377.345,5.581132e-05,-2.3116984,1.1274902,0.45160374
22.6336,85.192,168.58948,411.144,5.6298377e-05,-2.2709413,1.207481,0.4277949
25.2056,85.192,156.19766,445.86902,5.6750614e-05,-2.249522,1.2469304,0.39996165
27.7776,75.932,147.16342,500.966,5.7183577e-05,-2.774038,1.3529882,0.36980987
30.3496,68.524,134.05124,557.452,5.768715e-05,-2.8195667,1.255352,0.33827797
31.8928,75.932,114.34885,519.023,5.837029e-05,-2.7500029,1.4011955,0.30408916
32.9216,85.192,101.031624,480.131,5.9086666e-05,-2.7500029,1.4011955,0.2699971
34.4648,75.932,91.118645,480.131,5.9562226e-05,-2.2916691,1.167663,0.24653298
34.979202,68.524,87.865326,480.131,5.996749e-05,-2.080792,1.5117832,0.23327607
35.4936,68.524,84.78763,480.131,6.0247978e-05,-2.3623376,2.7175581,0.20457855
34.979202,57.412,86.81193,480.131,6.161844e-05,-2.58978,3.1981103,0.2033943
34.4648,51.856,88.9527,480.131,6.3016254e-05,-2.7175589,2.3623366,0.20221004
32.9216,40.744,97.6921,475.501,6.375552e-05,-2.6455615,1.589613,0.20102578
31.8928,35.188,103.848526,471.797,6.43901e-05,-2.25725,2.10492,0.19984153
29.835201,40.744,116.02506,456.518,6.541464e-05,-1.8141406,2.49695,0.19865729
27.7776,51.856,129.25334,441.70203,6.643758e-05,-2.25725,2.10492,0.19747303
23.6624,51.856,169.59383,441.70203,6.7049084e-05,-2.5282311,1.770286,0.19628878
20.0616,51.856,214.5613,441.70203,6.7793495e-05,-2.1670153,2.875727,0.19510452
16.4608,75.932,204.78404,344.472,6.910299e-05,-1.3397776,3.8909981,0.19392027
13.3744,103.712,170.82652,248.63101,7.07056e-05,-0.74864864,3.5221138,0.19273601
