Vmax,Rmax_IBT,Rmax_CK22,R34,fcor,u_trans,v_trans,mean_ck_cd
14.4032,172.236,195.89594,308.821,4.6999867e-05,2.1049197,2.25725,0.5129756
15.9464,144.456,197.58508,336.601,4.7926533e-05,2.1439936,2.2201703,0.50102156
16.9752,120.38,203.79033,364.381,4.892293e-05,1.9838996,2.3643196,0.48571163
19.0328,85.192,150.00377,305.58002,5.00003e-05,1.4752387,2.1068592,0.47075945
21.0904,51.856,107.97428,249.09401,5.1074945e-05,1.9001777,2.4321165,0.45160374
23.148,51.856,97.27364,249.09401,5.204489e-05,1.9838996,2.3643196,0.4277949
25.2056,51.856,87.85537,249.09401,5.2977284e-05,1.9001777,2.4321165,0.39996165
26.7488,51.856,89.299995,273.17,5.3942473e-05,1.4382441,2.1322846,0.36980987
29.3208,51.856,85.843895,300.024,5.4869302e-05,1.4008117,2.1570606,0.33827797
30.3496,51.856,90.70848,338.91602,5.5746423e-05,1.4382441,2.1322846,0.30408916
31.8928,51.856,91.02416,376.88202,5.6516048e-05,1.1801909,1.6854873,0.2699971
32.4072,51.856,80.26978,334.749,5.7101934e-05,1.2382945,1.6432725,0.24653298
32.9216,51.856,69.55735,291.227,5.768715e-05,1.2667851,1.621411,0.23327607
33.436,51.856,74.95976,330.582,5.8486883e-05,1.2094269,1.6646334,0.20457855
34.4648,51.856,76.717224,368.548,5.9319285e-05,1.090362,1.7449437,0.2033943
34.4648,51.856,76.44123,368.548,6.0068192e-05,0.9975442,1.7996175,0.20221004
34.4648,51.856,76.20405,368.548,6.0711227e-05,0.7481582,1.3497132,0.20102578
33.436,51.856,80.57333,368.548,6.119097e-05,0.7948068,1.3227806,0.19984153
32.9216,51.856,82.808876,368.548,6.1635496e-05,0.7716,1.3364503,0.19865729
32.4072,57.412,84.28286,363.918,6.2177016e-05,0.7716,1.3364503,0.19747303
31.8928,68.524,85.92278,360.21402,6.278661e-05,0.88514316,1.2641155,0.19628878
30.864,57.412,90.97538,360.21402,6.3423606e-05,0.8629465,1.2793709,0.19510452
30.3496,51.856,93.536934,360.214,6.416161e-05,0.4977785,1.9964805,0.19392027
28.292,51.856,96.37903,325.95203,6.5040156e-05,0.0897615,2.5704334,0.19273601
26.2344,51.856,97.3399,291.69,6.5983986e-05,-0.07180942,2.0563467,0.19155176
25.2056,51.856,103.015015,291.69,6.68903e-05,0.0718092,2.0563467,0.1903675
23.6624,51.856,112.3404,291.69,6.7793495e-05,0.21507777,2.0463283,0.18918325
22.6336,57.412,120.31202,294.468,6.867641e-05,0.57857406,2.50608,0.18799901
21.0904,68.524,134.18904,300.024,6.958979e-05,0.92172235,2.4011688,0.18681476
21.0904,68.524,142.1714,316.69202,7.061081e-05,1.2074809,2.2709413,0.1856305
21.0904,68.524,150.58197,334.286,7.159438e-05,1.4382441,2.1322846,0.18444625
20.576,68.524,155.42683,334.286,7.23358e-05,1.618612,1.9988195,0.18326199
20.0616,68.524,160.45903,334.286,7.314133e-05,1.8141404,2.4969501,0.18207774
19.0328,75.932,184.58894,358.82498,7.433253e-05,1.7702863,2.528231,0.18089348
18.5184,85.192,206.347,385.679,7.5550095e-05,2.216874,2.8374693,0.17970923
18.5184,85.192,204.14531,381.512,7.649997e-05,2.1439936,2.2201703,0.17852497
18.5184,85.192,201.63411,376.882,7.728449e-05,2.4321165,1.9001777,0.17734072
17.489601,85.192,215.26657,376.882,7.7963174e-05,2.6174157,1.6355429,0.17615648
16.9752,85.192,222.47044,376.882,7.85754e-05,2.6174157,1.6355429,0.17497222
16.4608,103.712,241.9048,394.47598,7.920038e-05,2.1322846,1.4382441,0.17378797
15.9464,120.38,262.29288,411.607,7.9857724e-05,2.528231,1.7702863,0.17260371
14.917601,127.788,280.39542,412.06998,8.056986e-05,2.4969501,1.8141404,0.17141946
14.4032,137.048,289.10446,411.144,8.134267e-05,2.528231,1.7702863,0.1702352
13.8888,127.788,321.17297,437.535,8.2217455e-05,2.9851987,2.0135417,0.16905095
13.3744,120.38,354.82642,463.00003,8.302487e-05,2.6174157,1.6355429,0.16786669
