Vmax,Rmax_IBT,Rmax_CK22,R34,fcor,u_trans,v_trans,mean_ck_cd
11.3168,103.712,77.2612,109.268,3.335257e-05,-2.5704334,-0.089762196,0.2
11.8312,51.856,34.73955,51.856,3.330315e-05,-3.0694926,-0.32261625,0.33218503
12.3456,51.856,52.49063,80.562,3.3513206e-05,-4.075151,-0.5727258,0.3476863
13.3744,51.856,68.89761,112.046,3.3798577e-05,-4.084526,-0.5015177,0.36769712
14.4032,57.412,95.75629,162.976,3.3940283e-05,-4.0926566,-0.43015498,0.40228435
15.9464,68.524,116.97147,213.906,3.404614e-05,-4.1051755,-0.2870621,0.43478736
16.4608,68.524,123.76648,231.5,3.420593e-05,-4.1145735,-0.071819685,0.4466569
16.9752,68.524,130.20926,249.094,3.4293596e-05,-4.6296,5.520743e-08,0.45400217
18.5184,68.524,128.4942,265.76202,3.4188277e-05,-4.628895,0.080797255,0.47106105
20.0616,68.524,126.59541,282.43,3.404614e-05,-4.6183224,0.322945,0.50390476
21.604801,68.524,124.93402,300.024,3.3989476e-05,-4.6232553,0.24229544,0.5122187
23.6624,68.524,120.00195,317.61798,3.404614e-05,-5.6575384,-0.098752074,0.5129756
23.6624,61.116,136.06955,358.362,3.4144443e-05,-6.17186,-0.10772953,0.50102156
23.6624,57.412,144.85406,380.586,3.421861e-05,-5.124426,-0.44832897,0.48571163
23.6624,51.856,170.87636,446.33203,3.454095e-05,-5.065851,-0.893246,0.47075945
24.1768,51.856,181.90923,487.076,3.5016095e-05,-5.031591,-1.0694989,0.45160374
25.2056,51.856,187.79083,531.52405,3.5529305e-05,-4.5445414,-0.8833687,0.4277949
25.720001,51.856,193.97255,565.786,3.586153e-05,-4.559266,-0.8039214,0.39996165
26.2344,51.856,199.20007,600.048,3.626943e-05,-4.492081,-1.1200018,0.36980987
29.3208,51.856,172.63153,625.97595,3.691519e-05,-4.4030113,-1.4306257,0.33827797
31.8928,51.856,152.3311,650.978,3.7746686e-05,-4.22935,-1.883028,0.30408916
32.4072,40.744,149.18109,666.257,3.8728445e-05,-4.1250033,-2.1017952,0.2699971
32.9216,35.188,145.67935,681.536,3.9709896e-05,-4.6620474,-2.173948,0.24653298
33.436,35.188,140.83418,687.092,4.0480332e-05,-4.802338,-1.843444,0.23327607
34.4648,35.188,131.74966,694.037,4.1177245e-05,-4.833779,-1.7593513,0.20457855
34.979202,35.188,126.888535,698.667,4.1927433e-05,-4.322104,-1.6590996,0.2033943
35.4936,35.188,122.061104,702.834,4.2640077e-05,-3.3836453,-1.2315458,0.20221004
35.4936,35.188,121.613785,707.001,4.322771e-05,-3.3616366,-1.2904108,0.20102578
35.4936,35.188,121.09082,711.16797,4.385554e-05,-3.7296379,-1.7391584,0.19984153
32.9216,55.56,132.7924,627.365,4.444373e-05,-4.1250033,-2.1017952,0.19865729
32.4072,57.412,134.96046,613.012,4.4576605e-05,-4.583337,-2.335328,0.19747303
29.3208,85.192,141.45923,513.93,4.5551555e-05,-4.5418825,-2.414962,0.19628878
