Vmax,Rmax_IBT,Rmax_CK22,R34,fcor,u_trans,v_trans,mean_ck_cd
10.802401,120.38,185.88577,249.094,2.5074483e-05,-2.7583733,2.3145492,0.4466569
11.8312,127.788,201.88821,287.523,2.5719883e-05,-2.949603,2.0653336,0.45400217
13.3744,137.048,209.78885,325.952,2.6327272e-05,-3.1493306,1.7457025,0.47106105
14.4032,137.048,208.55728,342.62,2.6952534e-05,-2.841046,1.2059529,0.50390476
15.9464,137.048,202.15175,360.677,2.7578055e-05,-2.8814027,1.1060663,0.5122187
16.4608,120.38,211.95332,386.14203,2.8221415e-05,-2.9002674,1.0556108,0.5129756
16.9752,103.712,221.24692,411.607,2.882674e-05,-2.9668384,0.85072666,0.50102156
18.5184,103.712,205.90854,415.774,2.938153e-05,-3.0189548,0.641698,0.48571163
20.0616,103.712,191.8999,419.941,2.9824112e-05,-2.5329256,0.4466231,0.47075945
21.604801,103.712,187.10957,442.16498,3.0016983e-05,-2.5060797,0.57857454,0.45160374
23.6624,103.712,176.88774,463.463,3.0322259e-05,-2.2916691,1.167663,0.4277949
26.2344,79.636,165.17516,492.63202,3.1118103e-05,-1.9702666,1.6532495,0.39996165
29.3208,57.412,149.47678,523.19,3.206281e-05,-1.9702666,1.6532495,0.36980987
31.8928,55.56,134.68477,540.321,3.2825894e-05,-2.5282311,1.770286,0.33827797
34.4648,51.856,120.69255,556.989,3.3550914e-05,-2.4969504,1.8141398,0.30408916
36.008,51.856,111.60521,561.156,3.4274843e-05,-2.4649084,1.8574424,0.2699971
38.58,51.856,97.73379,565.323,3.5035337e-05,-2.3985834,1.9423344,0.24653298
39.0944,51.856,94.34074,565.323,3.5880672e-05,-2.36432,1.9838994,0.23327607
39.6088,51.856,90.96276,565.323,3.67623e-05,-2.4321163,1.9001777,0.20457855
39.6088,51.856,90.43245,569.953,3.766035e-05,-2.5282311,1.770286,0.2033943
39.6088,51.856,89.91463,574.12,3.8483773e-05,-2.672901,1.5431998,0.20221004
39.6088,51.856,89.50143,578.287,3.9189206e-05,-2.8195667,1.255352,0.20102578
39.6088,51.856,89.26948,582.454,3.9709896e-05,-2.9515393,0.9023753,0.19984153
39.0944,35.188,91.531746,582.454,4.000936e-05,-2.5157957,0.5347483,0.19865729
38.58,16.668,94.00117,582.454,4.0199502e-05,-2.4956007,0.6222233,0.19747303
37.5512,16.668,100.28062,591.714,4.0425664e-05,-2.4318738,0.83736134,0.19628878
37.0368,16.668,103.84632,600.048,4.0688625e-05,-2.4318738,0.83736134,0.19510452
36.008,24.076,109.889,600.048,4.1054354e-05,-2.4461174,0.79479206,0.19392027
35.4936,35.188,112.89294,600.048,4.142137e-05,-2.4596162,0.7519794,0.19273601
35.4936,44.447998,113.17873,604.678,4.16655e-05,-2.9812334,0.79881895,0.19155176
35.4936,57.412,113.40007,608.845,4.1909232e-05,-3.0395107,0.5359477,0.1903675
36.008,44.447998,109.98694,613.01196,4.2274045e-05,-3.0633945,0.37613693,0.18918325
37.0368,35.188,103.30414,617.17896,4.2640077e-05,-3.5657573,0.5011352,0.18799901
37.5512,44.447998,100.92009,630.606,4.2883014e-05,-3.5460956,0.62527233,0.18681476
38.58,57.412,95.22229,643.107,4.3126656e-05,-3.5085115,0.8100043,0.1856305
39.0944,61.116,92.242775,651.904,4.3490767e-05,-3.992961,0.99555725,0.18444625
39.6088,68.524,89.21555,660.238,4.385554e-05,-3.5460956,0.62527233,0.18326199
39.6088,61.116,89.63302,677.369,4.4134136e-05,-3.5810745,0.37638572,0.18207774
39.6088,57.412,90.043945,694.037,4.4340795e-05,-3.5739603,0.43882644,0.18089348
38.58,61.116,96.95686,707.464,4.4479937e-05,-3.5657573,0.5011352,0.17970923
37.0368,68.524,108.45127,720.428,4.458322e-05,-3.0694926,0.32261634,0.17852497
37.0368,68.524,109.68998,745.89294,4.4721673e-05,-3.0821702,0.16153029,0.17734072
37.0368,68.524,110.85109,771.821,4.4825505e-05,-2.5716083,0.044887364,0.17615648
36.008,72.228,121.27941,801.916,4.4843444e-05,-2.572,3.0670794e-08,0.17497222
35.4936,75.932,127.87674,832.011,4.4825505e-05,-2.572,3.0670794e-08,0.17378797
34.979202,88.895996,134.36943,853.30896,4.4825054e-05,-2.572,3.0670794e-08,0.17260371
34.4648,103.712,141.28903,874.60693,4.4825505e-05,-2.572,3.0670794e-08,0.17141946
34.4648,96.304,141.21817,874.60693,4.486153e-05,-2.5716083,-0.044887304,0.1702352
34.4648,92.6,141.28903,874.60693,4.4825505e-05,-2.562213,-0.22416449,0.16905095
32.9216,88.895996,160.30975,874.60693,4.4637436e-05,-2.5329256,-0.446623,0.16786669
31.8928,85.192,174.59047,874.60693,4.4340795e-05,-2.4956007,-0.6222232,0.16668244
29.835201,75.932,205.31963,870.43994,4.4031327e-05,-2.4461174,-0.79479206,0.16549818
27.7776,68.524,240.50983,865.80994,4.3612705e-05,-2.3310237,-1.086974,0.16431394
26.7488,68.524,262.01712,870.43994,4.2968215e-05,-2.249522,-1.2469304,0.16312969
26.2344,68.524,274.097,874.607,4.239659e-05,-2.3675385,-1.0049607,0.16194543
26.7488,68.524,259.83524,857.47595,4.2182946e-05,-2.5247452,-0.49076036,0.16076118
27.7776,68.524,237.05325,840.345,4.2152973e-05,-2.5657346,-0.17941381,0.15957692
29.835201,68.524,197.80421,806.083,4.2152737e-05,-2.5716083,-0.044887304,0.15839267
31.8928,68.524,165.77332,771.35803,4.2152973e-05,-3.08593,-0.053864766,0.15720841
29.835201,68.524,191.14272,767.191,4.2012238e-05,-3.08593,-0.053864766,0.15602416
27.7776,68.524,219.79456,762.561,4.1909232e-05,-3.6002517,-0.06284223,0.1548399
25.720001,68.524,253.63503,763.487,4.203125e-05,-3.5986066,-0.12566707,0.15365566
23.6624,68.524,292.09006,763.487,4.2152973e-05,-3.5920286,-0.25117934,0.15247141
21.604801,68.524,335.79404,763.487,4.2085354e-05,-3.5958652,-0.18845193,0.15128715
20.0616,68.524,372.086,763.487,4.1909232e-05,-3.08593,0.053864837,0.1501029
18.5184,109.268,411.3494,763.487,4.1573985e-05,-2.5579104,0.26884696,0.14891864
16.9752,153.716,453.88617,763.487,4.142137e-05,-2.0263405,0.35729846,0.14773439
16.4608,153.716,469.32364,763.487,4.1780528e-05,-1.420523,0.60297644,0.14655013
15.9464,153.716,485.59717,763.487,4.239659e-05,-1.2324542,0.9287212,0.14536588
14.4032,144.456,545.3766,775.98804,4.2950447e-05,-1.5290946,1.3768034,0.14418162
13.3744,137.048,593.012,788.489,4.3612705e-05,-1.4032797,1.5048335,0.14299737
13.3744,188.904,580.3568,771.82104,4.449826e-05,-1.2667849,1.6214111,0.14181313
13.3744,240.76,566.6675,754.227,4.5309676e-05,-0.9070703,1.248475,0.14062887
13.3744,240.76,556.5583,741.726,4.570851e-05,-0.9500887,1.2160584,0.13944462
13.3744,240.76,545.9054,728.76196,4.6034886e-05,-0.9500887,1.2160584,0.13826036
13.3744,205.572,539.3582,719.96497,4.6620236e-05,-0.86294687,1.2793705,0.13707611
13.3744,172.236,532.84735,711.16797,4.7240763e-05,-0.7005982,1.3750013,0.13589185
13.8888,172.236,502.9065,694.037,4.772211e-05,-0.57809293,1.4308301,0.1347076
14.4032,172.236,474.26273,676.906,4.8202877e-05,-0.5278058,1.4501336,0.13352334
14.917601,172.236,431.0133,638.94,4.8802962e-05,-0.37333366,1.4973605,0.13233909
15.9464,172.236,377.53387,600.048,4.9402213e-05,-0.12537926,1.0211315,0.13115485
15.9464,172.236,375.08408,595.881,4.9934722e-05,-0.08966612,1.024885,0.1299706
15.9464,172.236,372.1996,591.251,5.035898e-05,-0.16093966,1.0161338,0.12878634
14.4032,137.048,342.54474,505.596,5.06157e-05,0.0,1.0288,0.12760209
13.3744,103.712,295.5324,420.404,5.083645e-05,-0.15039603,0.49192315,0.12641783
11.8312,103.712,312.08502,407.44,5.122986e-05,-0.8323168,0.60471326,0.12523358
10.802401,103.712,319.84653,394.93903,5.155148e-05,-0.9727495,0.33494455,0.12404932
9.7736,103.712,322.43213,377.34503,5.1658666e-05,-0.5144,6.1341585e-09,0.122865066
9.2592,103.712,315.40033,360.21402,5.155148e-05,-0.4053527,-0.3166963,0.12168082
