Vmax,Rmax_IBT,Rmax_CK22,R34,fcor,u_trans,v_trans,mean_ck_cd
11.8312,85.192,120.699135,175.477,2.707799e-05,-2.143994,2.2201698,0.2
13.3744,75.932,114.06975,182.88501,2.8239561e-05,-2.6334584,2.4557397,0.33218503
14.4032,68.524,113.59346,193.07101,2.9325609e-05,-3.2865446,2.4765897,0.3476863
14.917601,68.524,112.08287,195.849,3.0341369e-05,-3.451297,2.241299,0.36769712
15.9464,68.524,109.04575,201.40501,3.131743e-05,-3.3709748,2.3603814,0.40228435
16.4608,68.524,110.350784,208.81299,3.231059e-05,-2.7583733,2.3145492,0.43478736
16.9752,68.524,112.87002,218.536,3.330315e-05,-2.1824148,2.182414,0.4466569
16.9752,68.524,114.12956,220.388,3.4256518e-05,-1.9001774,2.4321167,0.45400217
16.9752,68.524,115.6704,222.703,3.5282377e-05,-1.6355429,2.6174157,0.47106105
18.5184,68.524,125.74372,259.28003,3.646025e-05,-1.352989,2.7740378,0.50390476
20.0616,68.524,134.0487,295.857,3.7746686e-05,-0.9537499,2.935341,0.5122187
21.0904,68.524,128.7235,298.635,3.9133876e-05,-0.5889134,3.029694,0.5129756
22.6336,68.524,121.60611,304.191,4.0444127e-05,-0.17941341,2.5657349,0.50102156
23.6624,68.524,117.83161,309.747,4.1476145e-05,0.26884723,2.5579104,0.48571163
25.2056,68.524,111.894165,317.155,4.239659e-05,0.66988903,1.945499,0.47075945
26.2344,57.412,111.04495,331.04498,4.3406122e-05,1.090362,1.7449437,0.45160374
27.7776,51.856,107.59387,346.787,4.4340795e-05,1.454943,1.454943,0.4277949
27.7776,51.856,106.83714,344.472,4.506746e-05,1.9988195,1.618612,0.39996165
27.7776,51.856,106.218956,342.62,4.5793287e-05,1.9702663,1.6532496,0.36980987
29.3208,40.744,102.15655,357.436,4.6722533e-05,2.25725,2.1049197,0.33827797
30.3496,35.188,100.475586,372.715,4.7722115e-05,2.2936423,2.0652046,0.30408916
32.4072,35.188,96.58321,405.125,4.8682876e-05,2.3643196,1.9838996,0.2699971
34.4648,35.188,91.79858,441.239,4.9641636e-05,2.7175584,2.3623374,0.24653298
34.4648,40.744,89.86718,431.51602,5.0579045e-05,2.675916,2.4094055,0.23327607
34.4648,51.856,88.34995,424.57104,5.155148e-05,3.1981113,2.5897794,0.20457855
32.9216,51.856,93.424446,410.681,5.2549938e-05,3.286545,2.476589,0.2033943
31.8928,51.856,96.2774,399.10602,5.3688025e-05,3.152426,2.6451995,0.20221004
31.8928,40.744,96.395035,402.34702,5.5068773e-05,3.4404635,3.097807,0.20102578
31.8928,35.188,96.80412,407.44,5.6516048e-05,3.5464795,2.9758494,0.19984153
30.864,35.188,91.77492,356.973,5.7785506e-05,3.6481748,2.8502665,0.19865729
30.3496,35.188,82.89569,308.35803,5.9086666e-05,4.0535274,3.1669629,0.19747303
26.7488,35.188,110.58192,342.15698,6.061158e-05,4.1081815,3.0957363,0.19628878
23.6624,35.188,145.31963,376.88202,6.20965e-05,4.7455335,3.0817857,0.19510452
20.576,51.856,175.08853,376.88202,6.324482e-05,4.9003186,2.8291998,0.19392027
16.9752,68.524,217.74884,376.88202,6.43901e-05,4.8501954,2.9142914,0.19273601
