Vmax,Rmax_IBT,Rmax_CK22,R34,fcor,u_trans,v_trans,mean_ck_cd
14.4032,68.524,254.2726,411.144,2.707799e-05,-2.0576,2.4536634e-08,0.50390476
15.9464,68.524,232.72311,411.144,2.7059077e-05,-1.5432,1.8402476e-08,0.5122187
16.9752,68.524,219.73499,411.144,2.707799e-05,-1.5422599,-0.053857315,0.5129756
18.5184,68.524,202.09673,411.144,2.718409e-05,-2.0525877,-0.14353105,0.50102156
20.0616,68.524,186.36702,411.144,2.7328068e-05,-2.0497704,-0.17933159,0.48571163
21.604801,75.932,180.49478,429.664,2.741531e-05,-2.0375755,-0.2863629,0.47075945
23.6624,85.192,169.51094,446.332,2.7578055e-05,-1.9778922,-0.5671511,0.45160374
24.1768,85.192,163.56958,441.702,2.791538e-05,-1.9209352,-0.7373776,0.4277949
25.2056,85.192,153.97818,437.072,2.8327528e-05,-2.401169,-0.921722,0.39996165
28.292,85.192,133.14958,437.072,2.8720744e-05,-2.4461174,-0.79479206,0.36980987
31.8928,85.192,113.21697,437.072,2.9076216e-05,-2.50608,-0.5785744,0.33827797
36.008,85.192,94.914314,437.072,2.934425e-05,-2.5329256,-0.446623,0.30408916
41.152,85.192,77.05102,437.072,2.9574905e-05,-1.4973603,-0.37333393,0.2699971
41.152,75.932,78.53056,450.036,2.9823861e-05,-0.890967,-0.5143999,0.24653298
41.152,68.524,79.89756,462.53702,3.0073232e-05,-0.77644527,-0.6749535,0.23327607
41.152,68.524,80.37932,468.093,3.0322222e-05,-1.1468209,-1.0326025,0.20457855
41.152,68.524,80.62574,471.79703,3.0571195e-05,-1.2160581,-0.95008886,0.2033943
41.152,75.932,80.41189,471.79703,3.083869e-05,-0.890967,-0.5143999,0.20221004
41.152,85.192,80.22802,471.79703,3.1068776e-05,-0.9727495,-0.33494455,0.20102578
39.6088,85.192,89.3539,501.89203,3.1211774e-05,-1.0131702,-0.1786492,0.19984153
38.58,85.192,97.332726,531.524,3.131743e-05,-0.5143217,0.008977473,0.19865729
36.008,127.788,108.28166,523.19,3.1423042e-05,0.5144,-2.2485139e-08,0.19747303
34.4648,172.236,114.6804,513.93,3.156599e-05,0.4362359,-0.27259055,0.19628878
32.9216,144.456,113.1288,464.852,3.1777137e-05,0.30957368,-0.41081807,0.19510452
31.8928,120.38,107.34473,416.237,3.206281e-05,0.7016399,-0.7524167,0.19392027
30.3496,120.38,118.690155,430.59003,3.237932e-05,1.146821,-1.0326024,0.19273601
29.3208,120.38,128.47565,445.406,3.280731e-05,1.5048333,-1.4032798,0.19155176
27.7776,120.38,138.49086,445.86902,3.3408396e-05,1.5048333,-1.4032798,0.1903675
26.2344,120.38,149.50912,445.869,3.404614e-05,1.5990558,-1.2948896,0.18918325
26.2344,92.6,145.4876,433.831,3.4540983e-05,1.7058278,-1.1505952,0.18799901
26.2344,68.524,141.00131,420.404,3.5035337e-05,1.7058278,-1.1505952,0.18681476
25.720001,57.412,141.33997,410.68097,3.5634086e-05,1.621411,-1.2667851,0.1856305
25.2056,51.856,142.43661,403.273,3.626943e-05,1.4293293,-1.4801134,0.18444625
23.6624,51.856,154.2113,403.273,3.6867008e-05,1.2094269,-1.6646334,0.18326199
22.6336,51.856,162.85312,403.273,3.7500762e-05,0.840487,-1.2942364,0.18207774
14.917601,68.524,151.47359,253.724,4.1244282e-05,1.2948899,-1.5990553,0.17615648
14.4032,68.524,170.7104,275.022,4.2152973e-05,1.2469302,-2.249522,0.17497222
14.4032,68.524,176.77498,283.356,4.3211705e-05,1.2059526,-2.8410463,0.17378797
14.4032,68.524,182.92491,291.69,4.4340795e-05,1.4489771,-2.7251294,0.17260371
13.8888,68.524,216.4477,330.11902,4.5412584e-05,1.4382445,-2.1322844,0.17141946
13.3744,68.524,252.51857,368.548,4.651767e-05,1.4008117,-2.1570606,0.1702352
13.3744,75.932,256.39313,372.715,4.768591e-05,1.2074809,-2.2709413,0.16905095
13.3744,85.192,260.33566,376.88202,4.892293e-05,0.7089393,-2.4723651,0.16786669
