Vmax,Rmax_IBT,Rmax_CK22,R34,fcor,u_trans,v_trans
20.576,166.68,71.36385,166.68,4.211646e-05,-6.0790215,1.0718954
20.576,166.68,71.39167,166.68,4.239659e-05,-6.014591,1.3885788
24.1768,101.86,59.46767,163.90201,4.2743148e-05,-5.4392037,1.5596656
28.292,37.04,33.233963,108.80499,4.3126656e-05,-4.9447303,1.4178778
28.292,31.484,32.523224,106.49,4.3454485e-05,-4.9192324,1.5039588
28.292,27.78,31.812904,104.174995,4.385554e-05,-4.699278,2.0922532
28.292,68.524,32.81402,107.416,4.4425287e-05,-4.454835,2.5719995
28.292,111.12,33.958267,111.119995,4.506766e-05,-4.4092693,2.649355
25.720001,111.12,32.673286,97.229996,4.569054e-05,-4.454835,2.5719995
23.148,111.12,30.939898,83.340004,4.627635e-05,-4.0093513,2.3147995
20.576,124.084,28.681627,69.45,4.6794874e-05,-3.5274155,2.119484
18.004,138.9,25.786951,55.56,4.7240763e-05,-2.5587418,1.725893
19.0328,87.044,30.875858,69.45,4.761965e-05,-1.9988195,1.618612
20.576,37.04,34.692062,83.340004,4.796257e-05,-1.5528908,1.3499067
20.576,37.04,34.701794,83.340004,4.8286918e-05,-1.4032797,1.5048335
20.576,37.04,34.713562,83.340004,4.868306e-05,-1.2469299,2.2495222
23.148,37.04,31.002829,83.340004,4.9282426e-05,-0.9217227,2.4011688
25.720001,37.04,27.964842,83.340004,4.9880902e-05,-0.6698888,1.9454991
25.720001,37.04,27.969408,83.340004,5.0257422e-05,-0.4511881,1.4757695
25.720001,37.04,27.973532,83.340004,5.059779e-05,0.0,1.5432
26.7488,37.04,29.18789,90.284996,5.0985505e-05,0.0,2.0576
28.292,37.04,29.713703,97.23,5.155148e-05,-0.2152961,3.0788817
28.292,37.04,33.99358,111.119995,5.241324e-05,-0.9257185,4.009728
28.292,37.04,38.268948,125.009995,5.345127e-05,-2.3353271,4.583338
29.3208,37.04,43.540276,148.16,5.4568663e-05,-3.88467,4.797166
30.864,37.04,47.152344,171.31,5.5576067e-05,-4.2704496,3.7122433
30.864,37.04,48.95578,178.255,5.6304754e-05,-4.4092693,2.649355
30.864,37.04,50.755234,185.2,5.6750614e-05,-4.4030113,1.4306257
31.8928,31.484,54.49736,209.27599,5.693819e-05,-3.5657573,0.5011352
33.436,27.78,56.339733,233.815,5.698501e-05,-2.562213,0.22416456
34.4648,27.78,55.87084,244.001,5.7049023e-05,-1.987489,0.5325459
36.008,27.78,54.058773,254.65,5.721923e-05,-1.7637078,1.059742
37.0368,27.78,51.99123,256.965,5.7495636e-05,-1.7210038,1.9113686
38.58,27.78,48.802338,259.28,5.8154368e-05,-2.3844206,3.9683416
38.58,27.78,48.547474,259.28,5.9319285e-05,-4.6586723,4.0497203
41.152,27.78,45.721478,282.43,6.0016075e-05,-5.8706813,1.9075009
43.724,22.223999,40.50226,280.115,6.021397e-05,-5.144,6.134159e-08
46.296,18.52,36.11051,277.8,6.0016075e-05,-5.031591,-1.0694989
48.868,18.52,32.44796,277.8,5.9784e-05,-5.5133758,-1.2728637
46.296,18.52,35.952515,274.09598,5.9721056e-05,-5.0806684,-0.8046991
38.58,18.52,49.125706,263.90997,5.9551734e-05,-4.833779,-1.7593513
34.4648,18.52,53.350792,232.426,5.8915903e-05,-5.2911215,-3.1792285
30.864,18.52,54.877125,201.405,5.8154368e-05,-5.398853,-2.9926329
25.720001,64.82,56.875134,166.217,5.756406e-05,-5.8005347,-2.1112216
20.576,111.12,56.742542,131.955,5.721923e-05,-5.6162233,-0.6895869
18.004,96.304,30.947496,65.746,5.7231886e-05,-5.6368685,0.49316204
