Vmax,Rmax_IBT,Rmax_CK22,R34,fcor,u_trans,v_trans
28.292,111.12,104.41991,365.77,7.5985095e-05,8.216363,6.1914725
28.292,111.12,105.23331,370.39996,7.719664e-05,7.7654185,5.042922
28.292,111.12,106.08268,375.02997,7.814606e-05,7.2670116,3.8639393
25.720001,101.86,126.38222,377.34497,7.886704e-05,7.5761228,3.2158742
23.148,92.6,150.7269,379.66,7.943125e-05,8.3168,2.7022917
23.148,92.6,159.6002,402.81,7.997978e-05,8.900515,2.552182
23.148,92.6,168.3381,425.96,8.049559e-05,8.900515,2.552182
23.148,92.6,171.75716,435.21997,8.1022336e-05,8.900515,2.552182
23.148,92.6,175.14342,444.47998,8.155382e-05,9.440572,2.529594
24.1768,92.6,163.26988,446.795,8.208037e-05,9.982403,2.4888926
25.720001,92.6,146.24525,449.11,8.2605824e-05,9.937445,2.6627307
26.7488,92.6,135.21938,449.11,8.318922e-05,9.440572,2.529594
28.292,92.6,120.10717,449.11,8.365155e-05,9.089083,1.7667392
29.3208,92.6,110.48463,446.795,8.394224e-05,9.2465105,0.48458925
30.864,92.6,97.82337,444.47998,8.3859915e-05,8.584134,-1.6685869
31.8928,92.6,92.19145,458.37,8.3253515e-05,7.9887733,-3.5568304
33.436,92.6,83.22295,472.25998,8.239592e-05,7.19847,-3.9901767
33.436,92.6,84.17292,479.205,8.167289e-05,6.298661,-3.4914048
33.436,92.6,85.14576,486.15,8.0919635e-05,6.1073027,-3.8162675
33.436,92.6,86.17566,493.09497,8.0083584e-05,6.471182,-4.202435
33.436,92.6,87.233925,500.03998,7.921766e-05,7.648375,-4.239563
31.8928,92.6,100.765434,513.93,7.831061e-05,8.928628,-3.9752805
30.864,92.6,111.697914,527.81995,7.750023e-05,10.762917,-3.4970827
29.3208,92.6,131.8753,560.23,7.6833334e-05,11.5279665,-2.6614404
28.292,92.6,149.32774,592.64,7.641916e-05,10.231642,-1.0753893
28.292,92.6,149.35258,592.64,7.638444e-05,8.2304,-3.5976223e-07
28.292,92.6,149.32774,592.64,7.641916e-05,6.6831264,-0.23337969
28.292,92.6,149.41054,592.64,7.630332e-05,5.4392033,-1.5596664
28.292,92.6,149.79327,592.64,7.576771e-05,4.5145,-4.2098393
26.7488,92.6,165.50873,564.86,7.45617e-05,3.9740338,-6.613903
25.720001,92.6,173.30775,537.08,7.2921e-05,3.3476048,-7.518845
25.720001,92.6,170.22537,523.19,7.1281735e-05,3.7660553,-8.4587
25.720001,92.6,167.08015,509.3,6.936598e-05,4.9609585,-10.171473
25.720001,92.6,159.87695,481.52002,6.695099e-05,6.8147635,-10.905898
25.720001,92.6,152.18898,453.74,6.461839e-05,8.770498,-9.405209
25.720001,92.6,134.49753,395.865,6.275327e-05,10.353891,-6.723896
25.720001,92.6,115.77965,337.99,6.1635496e-05,10.434318,-2.7958667
25.720001,92.6,90.02357,261.595,6.147475e-05,9.760205,0.51151085
25.720001,92.6,63.58421,185.2,6.186609e-05,7.547387,1.6042464
25.720001,92.6,63.58945,185.2,6.219162e-05,5.465595,1.4645019
25.720001,92.6,63.595184,185.2,6.255676e-05,4.9912014,1.2444463
24.1768,92.6,60.492188,164.36499,6.27687e-05,5.04949,0.9815218
23.148,92.6,55.13098,143.53,6.3016254e-05,4.9687223,1.3313653
23.148,92.6,51.42997,134.27,6.3388565e-05,5.246377,2.1196742
23.148,92.6,47.746166,125.009995,6.393293e-05,4.9960704,2.6564584
23.148,83.34,60.796093,157.42,6.459532e-05,5.056462,3.5405726
23.148,74.08,72.10973,185.20001,6.552959e-05,5.0923,5.0923
25.720001,59.264,63.65317,185.20001,6.677138e-05,4.6436043,6.162272
28.292,46.3,56.40923,185.20001,6.8243826e-05,3.9740338,6.613903
30.864,40.744,53.987095,200.63335,6.9762384e-05,3.7365234,7.33334
33.436,37.04,42.689205,175.94,7.137252e-05,3.7365234,7.33334
36.008,31.484,39.036278,180.57,7.2981784e-05,3.9700563,7.7916746
38.58,27.78,35.61031,185.2,7.467736e-05,3.766056,8.4587
38.58,27.78,38.626442,208.35,7.654358e-05,3.0145006,8.7547455
38.58,27.78,41.268383,231.5,7.8360856e-05,2.2686057,7.911568
37.0368,27.78,44.225338,231.5,7.988924e-05,1.6200074,7.0170236
36.008,27.78,46.312862,231.5,8.134267e-05,1.7422248,6.987682
34.4648,27.78,54.26075,259.28,8.2731865e-05,1.6042467,7.547387
33.436,27.78,61.501316,287.06,8.448353e-05,1.6093979,10.161338
30.864,40.744,87.71317,381.975,8.6819666e-05,0.6999621,13.3560705
28.292,55.56,122.55047,476.88995,8.9789304e-05,-0.55652297,15.936686
28.292,74.08,121.90796,476.88995,9.1186645e-05,-2.194137,17.8698
28.292,107.416,125.44512,505.13303,9.318021e-05,-2.896914,18.29041
28.292,166.68,130.44196,555.60004,9.6637836e-05,-3.8501933,18.113728
28.292,166.68,128.33063,555.60004,9.998468e-05,-4.604449,18.467445
28.292,166.68,126.242134,555.60004,0.0001033057,-4.728893,18.966564
28.292,166.68,124.181625,555.60004,0.000106595755,-4.5128775,19.547422
28.292,166.68,122.121796,555.60004,0.00010990119,-4.3849425,20.629524
28.292,166.68,121.967354,578.75,0.00011334345,-5.591739,20.868633
28.292,166.68,121.527954,601.9,0.000116474606,-10.474212,18.895987
28.292,166.68,119.981026,606.53,0.00011908367,-15.007959,15.541189
28.292,166.68,118.95218,611.16003,0.0001209085,-15.530837,10.085845
31.8928,361.14,63.79295,888.96,0.00012186011,-14.01796,5.102119
36.008,555.6,23.465405,1000.07996,0.0001223134,-13.476243,3.3600056
