Vmax,Rmax_IBT,Rmax_CK22,R34,fcor,u_trans,v_trans
20.576,55.56,37.320984,87.97,6.7793495e-05,-0.14318128,1.0187877
21.604801,55.56,38.52191,94.91499,6.800188e-05,0.4347897,0.9324094
23.148,55.56,38.664597,101.86,6.8243826e-05,0.627676,1.4097834
24.1768,55.56,36.95248,101.86,6.853047e-05,0.42536357,1.4834191
25.720001,55.56,34.603954,101.86,6.8917754e-05,0.4977785,1.9964805
26.7488,55.56,33.17062,101.86,6.941077e-05,0.44662312,2.5329256
28.292,55.56,31.188423,101.86,7.003676e-05,0.1077138,3.0845199
29.3208,55.56,31.991718,108.805,7.078353e-05,-0.43882746,3.57396
30.864,55.56,32.012928,115.75,7.159438e-05,-0.56328887,3.5564682
31.8928,46.3,31.358135,118.064995,7.235265e-05,-0.43882746,3.57396
33.436,37.04,30.1194,120.38,7.314133e-05,0.0,3.6008
34.4648,46.3,28.971006,120.38,7.398746e-05,0.43015555,4.0926566
36.008,55.56,27.363564,120.38,7.4895885e-05,0.8833693,4.5445414
38.58,46.3,26.994865,131.95499,7.5827425e-05,1.2760907,4.4502573
41.152,37.04,26.289433,143.53,7.6852295e-05,1.7485418,5.3814583
41.152,37.04,28.42909,159.735,7.800573e-05,2.2121336,5.762805
41.152,37.04,30.37401,175.94,7.921766e-05,3.242019,5.8487573
42.1808,37.04,29.008032,175.94,8.0348706e-05,4.3340306,5.751454
43.724,37.04,27.121645,175.94,8.155382e-05,5.290399,6.304852
43.724,37.04,26.95995,175.94,8.2909864e-05,5.503281,6.7959867
43.724,37.04,26.946272,175.94,8.302487e-05,5.503281,6.7959867
43.724,37.04,24.927822,157.42,8.427592e-05,5.8270035,7.19575
43.724,37.04,24.827673,157.42,8.5311396e-05,6.1507254,7.595514
42.6952,37.04,26.001575,159.27199,8.58226e-05,6.884016,7.645474
41.152,37.04,28.40128,166.68,8.7362794e-05,7.367219,7.900376
38.58,40.744,33.71673,182.88501,8.893483e-05,8.365921,8.365921
36.008,46.3,40.28856,199.09001,9.058944e-05,9.556844,8.60502
34.4648,64.82,43.304382,199.09001,9.230285e-05,10.870234,9.449349
33.436,83.34,45.43621,199.09001,9.413484e-05,10.005304,10.360795
31.8928,83.34,49.03033,199.09001,9.615887e-05,8.048914,10.681272
30.864,83.34,51.610546,199.09001,9.815349e-05,5.9156,10.2461195
30.864,111.12,56.428623,222.24,9.987393e-05,4.1845064,9.398556
30.864,138.9,60.902508,245.39001,0.000101493315,4.0198417,9.470154
29.3208,138.9,75.65525,287.06,0.000103206185,4.3478966,9.324095
28.292,138.9,89.90363,328.72998,0.00010473298,4.4889493,8.098279
26.7488,138.9,91.35924,294.005,0.00010595945,4.6436043,6.162272
25.720001,138.9,87.40624,259.28,0.00010683552,4.797167,3.8846688
24.1768,138.9,84.76596,226.87,0.00010730444,5.5944567,2.6087382
23.148,138.9,106.70665,268.53998,0.00010769781,6.578989,2.9291544
21.604801,138.9,142.56975,324.1,0.00010830158,7.495757,4.5039053
20.576,138.9,130.59793,277.8,0.00010922921,7.524167,7.016399
19.0328,138.9,159.9152,305.58,0.000110596375,7.120193,9.448816
18.004,138.9,188.33382,333.36,0.000112210764,6.269581,10.033426
18.004,138.9,222.70958,388.92,0.00011380687,5.554412,10.446329
18.004,138.9,257.25146,444.48,0.00011539363,4.2208343,9.943663
18.004,138.9,257.47443,444.48,0.00011687795,3.00792,9.838463
18.004,138.9,257.6814,444.48,0.00011828717,2.3644478,9.483282
18.004,138.9,257.8813,444.48,0.00011967768,2.0828667,9.021888
18.004,138.9,303.88467,518.56,0.0001209085,1.7111964,8.050547
19.0328,138.9,278.14417,518.56,0.0001219306,1.3903471,6.541069
20.576,138.9,209.39572,444.47998,0.00012272761,0.89324623,5.065851
21.604801,138.9,185.65558,429.04666,0.00012332536,0.28706184,4.105176
23.148,138.9,157.47789,413.61337,0.00012381574,-0.5727251,4.075151
21.604801,138.9,173.14934,398.18002,0.00012438002,-1.6591008,4.322104
20.576,138.9,181.02737,382.74667,0.0001248797,-3.0372913,3.4940033
19.0328,138.9,317.65964,592.64,0.00012522802,-3.7923467,2.6554291
18.004,138.9,350.24857,592.64,0.00012553234,-3.54648,2.9758492
