Vmax,Rmax_IBT,Rmax_CK22,R34,fcor,u_trans,v_trans
18.004,148.16,94.546364,185.2,6.7793495e-05,-2.0576,2.4536634e-08
19.0328,138.9,94.267395,194.45999,6.777653e-05,-2.0576,2.4536634e-08
20.576,129.64,79.45023,179.02667,6.7793495e-05,-2.0375755,0.28636295
21.604801,129.64,78.11122,185.2,6.7889116e-05,-1.9778922,0.5671511
23.148,129.64,74.74654,191.37334,6.801876e-05,-1.9964805,0.49777862
23.148,129.64,77.26918,197.54668,6.8114416e-05,-2.5060797,0.57857454
23.148,129.64,79.79514,203.72002,6.8243826e-05,-2.4461174,0.79479206
24.1768,129.64,76.905945,206.80666,6.8434856e-05,-2.349639,1.0461266
25.720001,129.64,72.23338,209.89333,6.869332e-05,-2.2046347,1.3246775
26.7488,120.38,71.61181,219.15332,6.902988e-05,-2.1322846,1.4382441
28.292,111.12,61.831116,203.72,6.936598e-05,-2.1811795,1.3629527
29.3208,111.12,58.864887,203.72,6.9589645e-05,-1.781934,1.0287998
30.864,111.12,54.74456,203.72,6.981338e-05,-1.7058278,1.1505953
30.864,111.12,54.7245,203.72,7.0114824e-05,-1.9411135,1.6873834
30.864,111.12,54.699947,203.72,7.048288e-05,-1.818679,1.8186784
31.8928,92.6,52.125206,203.72,7.086725e-05,-1.687384,1.941113
33.436,74.08,48.531273,203.72,7.137252e-05,-2.3623376,2.7175581
33.436,74.08,48.468174,203.72,7.2037474e-05,-2.1164973,2.9131083
30.864,74.08,67.558975,259.28,7.270045e-05,-1.9081333,3.0536516
28.292,92.6,89.8455,305.58,7.325887e-05,-1.7702868,2.5282307
25.720001,111.12,113.32738,333.36,7.380098e-05,-1.6809736,2.588473
23.148,157.42,132.61282,333.36,7.444219e-05,-1.8004006,3.1183841
20.576,203.72,155.29683,333.36,7.511419e-05,-1.690473,3.179318
19.0328,231.5,170.74953,333.36,7.575138e-05,-1.4069444,3.314554
18.004,259.28,181.92207,333.36,7.641916e-05,-0.93195647,3.4781055
18.004,268.54,182.08827,333.36,7.716027e-05,-0.43882746,3.57396
18.004,277.8,182.25931,333.36,7.793102e-05,-0.18845133,3.5958652
