Vmax,Rmax_IBT,Rmax_CK22,R34,fcor,u_trans,v_trans
18.004,46.3,34.104984,74.08,2.707799e-05,-8.637137,1.3679888
19.0328,46.3,32.418896,74.08,2.7414992e-05,-8.611947,1.5185186
20.576,46.3,30.183105,74.08,2.7827968e-05,-8.520671,1.9671534
20.576,46.3,30.197695,74.08,2.8377177e-05,-8.362695,2.55673
20.576,46.3,30.216082,74.08,2.9076216e-05,-8.163975,3.1338549
20.576,50.004,30.23761,74.08,2.9891693e-05,-7.4592757,3.4783168
20.576,55.56,30.261951,74.08,3.0820032e-05,-7.7916756,3.9700541
20.576,55.56,30.287338,74.08,3.179486e-05,-8.250009,4.2035866
20.576,55.56,30.313692,74.08,3.280731e-05,-8.784453,4.2844625
21.604801,55.56,32.723484,83.340004,3.38162e-05,-9.470154,4.0198426
23.148,55.56,34.194202,92.6,3.47882e-05,-10.634314,3.8705728
23.148,55.56,37.74564,101.86001,3.567121e-05,-10.762917,3.497085
23.148,55.56,41.320606,111.119995,3.651592e-05,-10.762917,3.497085
23.148,55.56,40.166393,108.033325,3.737665e-05,-10.150936,3.6946378
23.148,55.56,39.010918,104.94666,3.8238195e-05,-9.604676,3.686888
21.604801,55.56,41.734924,104.94666,3.907746e-05,-9.061925,3.6612525
20.576,55.56,43.77426,104.94666,3.995476e-05,-8.996645,3.8188505
20.576,55.56,43.8156,104.94666,4.08407e-05,-8.85789,4.130501
20.576,55.56,43.86521,104.94666,4.1909232e-05,-8.818539,5.29871
20.576,64.82,47.992527,114.206665,4.3278185e-05,-8.323168,6.047133
20.576,74.08,52.17533,123.466675,4.4825505e-05,-7.764454,6.7495337
20.576,92.6,59.180145,138.90001,4.6413843e-05,-7.0305395,6.7893124
20.576,111.12,66.28611,154.33333,4.796257e-05,-6.7717505,6.3147593
20.576,111.12,72.053154,166.68001,4.9318107e-05,-6.698907,5.6210485
20.576,111.12,77.875244,179.02666,5.059779e-05,-6.599786,5.737104
20.576,111.12,78.00373,179.02666,5.188052e-05,-5.920455,5.717316
20.576,111.12,78.135345,179.02666,5.321436e-05,-4.95975,5.910798
20.576,111.12,78.227554,179.02666,5.4161024e-05,-4.425717,6.320576
21.0904,111.12,76.284065,179.02666,5.466658e-05,-4.361448,6.979775
23.148,111.12,69.11116,179.02666,5.6281307e-05,-3.863938,7.267012
25.720001,83.34,60.27942,175.93999,5.7926467e-05,-2.765168,7.2035065
28.292,55.56,52.851784,172.85333,5.9551734e-05,-2.3446107,6.809247
29.3208,46.3,50.542446,172.85333,6.105808e-05,-1.9850311,6.9226217
30.864,37.04,47.30496,172.85333,6.255676e-05,-1.0461079,6.60487
33.436,31.484,42.479126,172.85333,6.409295e-05,-0.50235754,7.1840577
36.008,27.78,32.470333,143.53,6.575688e-05,-0.13466433,7.714825
36.008,27.78,31.44128,138.9,6.7579356e-05,0.0,8.744801
36.008,27.78,30.408104,134.27,6.958979e-05,0.5115107,9.760205
34.4648,27.78,31.088036,129.64,7.176628e-05,0.89665824,10.248852
33.436,27.78,31.172686,125.009995,7.402041e-05,0.9414912,10.761294
30.864,27.78,34.406822,125.009995,7.6250806e-05,0.89665824,10.248852
28.292,27.78,38.24327,125.009995,7.8360856e-05,1.1911023,9.700748
26.7488,31.484,64.98514,199.09,8.02869e-05,2.2400033,8.984162
25.720001,37.04,70.09024,203.72,8.197536e-05,4.2395635,7.648375
24.1768,37.04,79.59339,212.98001,8.340108e-05,6.314759,6.7717505
23.148,37.04,88.008354,222.24,8.469088e-05,7.2632003,6.539814
23.148,37.04,88.046295,222.24,8.603025e-05,7.8810654,6.6129985
23.148,37.04,88.08201,222.24,8.7362794e-05,9.037999,6.81062
23.148,46.3,84.34949,212.98001,8.86798e-05,9.80851,6.615923
23.148,55.56,80.61292,203.72,8.998974e-05,10.469663,6.5421715
23.148,55.56,80.64629,203.72,9.126984e-05,11.023172,6.6233897
23.148,55.56,80.67872,203.72,9.257037e-05,11.342134,7.0873523
23.148,55.56,84.47446,212.98,9.3936505e-05,11.216716,7.2842207
23.148,55.56,88.253815,222.23999,9.529617e-05,11.342134,7.0873523
24.1768,74.08,70.971176,189.83,9.655436e-05,11.023172,6.6233897
25.720001,92.6,41.3467,120.38,9.7776356e-05,10.905899,6.814762
24.1768,138.9,44.528545,120.38,9.900641e-05,10.469663,6.5421715
23.148,185.2,46.858505,120.38,0.00010020622,11.137088,6.43
21.604801,185.2,79.961914,185.2,0.00010129504,11.354706,6.0374055
20.576,185.2,84.812164,185.2,0.00010240341,11.023172,6.6233897
20.576,185.2,84.88006,185.2,0.00010363408,10.661424,7.1912208
20.576,185.2,84.94926,185.2,0.00010490995,10.403959,7.5589185
19.0328,185.2,133.7142,259.28,0.00010625,10.112924,7.0811453
18.004,185.2,142.67746,259.28,0.00010735388,11.188913,5.2174764
18.004,185.2,142.75882,259.28,0.00010801342,12.5789795,2.673744
18.004,185.2,142.78311,259.28,0.00010821125,12.3456,-5.3964334e-07
18.004,185.2,142.7571,259.28,0.00010799938,12.193605,-1.9312773
18.004,185.2,142.69875,259.28,0.00010752601,13.53283,-3.1242995
18.004,185.2,142.625,259.28,0.00010693077,15.6534195,-3.042717
18.004,185.2,142.56984,259.28,0.00010648833,17.960144,-1.2558956
18.004,185.2,142.56786,259.28,0.000106472406,20.572866,0.35910025
18.004,185.2,142.59154,259.28,0.0001066621,23.1339,0.80785346
18.004,185.2,142.59679,259.28,0.000106704305,24.68744,0.4309203
18.004,185.2,142.61316,259.28,0.00010683552,24.657362,1.292238
18.004,185.2,142.65334,259.28,0.00010715917,24.0848,2.1071482
18.004,185.2,142.69875,259.28,0.00010752601,24.0848,2.1071482
