Vmax,Rmax_IBT,Rmax_CK22,R34,fcor,u_trans,v_trans
18.004,55.56,25.525255,55.56,3.330315e-05,-6.149311,0.5379949
19.0328,55.56,32.603775,74.079994,3.345775e-05,-6.6048694,1.0461091
20.576,55.56,38.191982,92.600006,3.3798577e-05,-6.395002,1.9551464
20.576,55.56,38.21645,92.600006,3.4429104e-05,-6.5268664,3.0435271
20.576,55.56,38.249374,92.600006,3.5282377e-05,-6.6822524,3.8579993
21.604801,55.56,40.09642,101.24267,3.6268746e-05,-7.054831,4.238968
23.148,55.56,41.347862,111.119995,3.7254722e-05,-7.333341,3.7365215
23.148,55.56,41.377552,111.119995,3.8065482e-05,-8.163975,3.1338549
23.148,55.56,41.401646,111.119995,3.872924e-05,-8.406042,2.4103925
23.148,55.56,41.420063,111.119995,3.9237722e-05,-9.021887,2.0828683
23.148,55.56,41.437057,111.119995,3.9709896e-05,-8.943701,2.3964567
23.148,55.56,41.460945,111.119995,4.0375468e-05,-8.900515,2.55218
23.148,55.56,41.480778,111.119995,4.093299e-05,-9.65327,1.5289285
23.148,55.56,41.487072,111.119995,4.110943e-05,-9.760205,0.5115126
23.148,55.56,41.48951,111.119995,4.1177245e-05,-9.749791,0.68177277
23.148,55.56,41.497456,111.119995,4.1402167e-05,-9.720059,1.0216184
23.148,55.56,41.50679,111.119995,4.1665367e-05,-9.720059,1.0216184
23.148,55.56,41.515377,111.119995,4.1907668e-05,-9.208477,0.967849
23.148,55.56,41.52398,111.119995,4.2152973e-05,-9.736408,0.8518253
23.148,55.56,41.529934,111.119995,4.2322612e-05,-9.720059,1.0216184
23.148,55.56,41.541073,111.119995,4.2640077e-05,-10.098981,1.9630418
23.148,55.56,41.56274,111.119995,4.325946e-05,-9.838465,3.0079176
23.148,55.56,41.59188,111.119995,4.409823e-05,-9.538868,3.85395
23.148,55.56,41.626465,111.119995,4.5103083e-05,-9.398556,4.1845064
23.148,55.56,41.658276,111.119995,4.6034886e-05,-8.700802,3.1668322
25.720001,55.56,37.472477,111.119995,4.6607132e-05,-8.485043,2.1155593
28.292,55.56,33.968826,111.119995,4.6999867e-05,-7.547387,1.604245
30.864,46.3,37.613327,135.196,4.737844e-05,-7.547387,1.604245
33.436,37.04,35.84195,141.215,4.7722115e-05,-7.044228,1.4972953
37.0368,37.04,31.804451,141.215,4.804642e-05,-6.4885616,1.6177806
41.152,37.04,28.004076,141.215,4.844305e-05,-5.3501225,1.8421949
46.296,31.484,24.159748,141.215,4.8936094e-05,-4.4092693,2.649355
51.440002,27.78,21.034576,141.215,4.9641636e-05,-3.508199,3.7620838
56.584,27.78,18.426243,141.215,5.059779e-05,-2.9135025,3.5978742
54.012,27.78,19.543955,141.215,5.131329e-05,-3.0581892,2.7536068
54.012,27.78,19.481165,141.215,5.190042e-05,-3.2865446,2.4765897
54.012,27.78,19.41701,141.215,5.250265e-05,-2.9098864,2.9098854
49.8968,27.78,21.525368,141.215,5.3314518e-05,-2.9135025,3.5978742
46.296,27.78,23.69501,141.215,5.4161024e-05,-3.637358,3.6373568
42.1808,27.78,25.336813,132.88101,5.4940272e-05,-4.161584,3.0235665
38.58,27.78,26.760468,125.009995,5.5576067e-05,-4.087694,2.173466
37.0368,27.78,28.08555,125.009995,5.5946002e-05,-3.8155472,1.5415801
36.008,27.78,29.029297,125.009995,5.6281307e-05,-4.1958427,1.9565531
34.4648,27.78,30.551134,125.009995,5.681495e-05,-4.4092693,2.649355
33.436,27.78,31.637072,125.009995,5.7453286e-05,-4.2645693,2.8764882
33.436,27.78,34.057747,135.196,5.81192e-05,-4.161584,3.0235665
33.436,27.78,36.550278,145.845,5.8853857e-05,-3.9405332,3.306499
38.58,27.78,31.021526,149.086,5.9650083e-05,-3.7002842,3.5733225
43.724,27.78,26.64004,152.79001,6.0479695e-05,-3.7002842,3.5733225
44.7528,27.78,25.698307,152.79001,6.132399e-05,-3.7002842,3.5733225
46.296,27.78,24.399239,152.79001,6.20965e-05,-2.8586588,2.9602263
46.296,27.78,25.090467,159.272,6.268833e-05,-2.4094055,2.675916
46.296,27.78,25.856445,166.68,6.324571e-05,-2.5013263,2.590198
43.724,22.223999,28.116339,166.68,6.39158e-05,-3.3302557,3.2159903
41.152,18.52,30.687054,166.68,6.461839e-05,-3.3858752,3.1573796
39.6088,18.52,32.378136,166.68,6.531918e-05,-3.3302557,3.2159903
38.58,18.52,33.57227,166.68,6.5983986e-05,-2.8586588,2.9602263
38.58,22.223999,34.958282,175.477,6.658451e-05,-2.4094055,2.675916
38.58,27.78,36.450222,185.2,6.711647e-05,-2.2201705,2.1439936
38.58,27.78,36.400185,185.2,6.7568064e-05,-2.2936418,2.065205
38.58,27.78,36.350277,185.2,6.801876e-05,-1.942335,2.398583
38.58,27.78,36.289814,185.2,6.8564e-05,-1.4489768,2.7251296
38.58,27.78,36.225716,185.2,6.914198e-05,-1.4011964,2.7500026
39.6088,27.78,36.65378,199.09,6.970162e-05,-1.4489768,2.7251296
41.152,27.78,35.98328,212.98,7.025991e-05,-1.2059524,2.8410463
41.152,27.78,35.884693,212.98,7.0866896e-05,-0.8796764,2.4168892
41.152,27.78,35.802658,212.98,7.137252e-05,-0.9341309,1.833335
41.152,40.744,34.68801,203.72,7.16443e-05,-1.0124304,1.1646677
41.152,55.56,33.5518,194.45999,7.181604e-05,-0.45099634,0.9246793
39.6088,55.56,40.14726,229.18501,7.203745e-05,0.1431813,1.0187877
38.58,55.56,46.2521,263.91,7.2258685e-05,0.12537919,1.0211315
36.008,55.56,54.51314,277.8,7.2512805e-05,0.1431813,1.0187877
33.436,55.56,64.77073,291.69,7.270045e-05,0.21739484,0.4662047
33.436,55.56,61.167065,270.855,7.27501e-05,0.5144,-2.2485139e-08
33.436,55.56,57.406155,250.01999,7.270045e-05,0.0,0.5144
33.436,55.56,57.425556,250.01999,7.2573515e-05,-0.33064994,-0.39405328
33.436,55.56,57.439907,250.01999,7.247968e-05,-0.5115821,-0.053769372
31.8928,55.56,62.11157,250.01999,7.2540424e-05,-0.890967,0.5143999
30.864,55.56,65.46403,250.01999,7.270045e-05,-0.7881066,0.6612998
29.3208,55.56,68.52898,240.75998,7.287138e-05,-1.0124304,1.1646677
28.292,55.56,69.658,231.5,7.314133e-05,-0.7005982,1.3750013
28.292,55.56,67.66644,224.55501,7.3531744e-05,-0.80396825,1.8940308
28.292,55.56,65.66206,217.61,7.402041e-05,-1.2860005,2.2274172
28.292,55.56,65.63787,217.61,7.4535325e-05,-1.7702868,2.5282307
28.292,55.56,65.610405,217.61,7.511419e-05,-1.5432006,2.6729007
28.292,77.784,65.58217,217.61,7.570235e-05,-1.4069444,3.314554
28.292,101.86,65.54738,217.61,7.641916e-05,-1.4747562,3.84187
29.3208,101.86,62.763687,219.925,7.732773e-05,-1.2760915,4.450257
30.864,101.86,58.502895,222.23999,7.8360856e-05,-0.08977622,5.1432166
30.864,101.86,56.255733,212.98,7.9447316e-05,1.2444463,4.9912014
30.864,101.86,53.998768,203.72,8.049559e-05,1.353564,4.4273086
30.864,101.86,53.93675,203.72002,8.134247e-05,1.203168,3.9353852
30.864,101.86,53.874584,203.72,8.2185776e-05,1.7593515,4.833779
30.864,105.564,52.712048,199.09001,8.32184e-05,2.119674,5.2463775
30.864,111.12,51.547806,194.46,8.427592e-05,2.119674,5.2463775
30.864,101.86,51.48042,194.46,8.5285246e-05,2.0922532,4.699278
30.864,92.6,51.423332,194.46,8.613512e-05,2.5888395,3.8381126
30.864,92.6,51.380398,194.46,8.6770866e-05,3.0581899,2.753606
30.864,92.6,51.354046,194.46,8.7158856e-05,2.6994264,1.4963163
30.864,92.6,51.341972,194.46,8.733708e-05,1.9964805,0.4977785
30.864,92.6,51.340214,194.46,8.7362794e-05,2.0322676,0.32187963
30.864,87.044,51.33398,194.46,8.7454464e-05,1.5432,-6.745542e-08
30.864,83.34,51.340214,194.46,8.7362794e-05,1.0326024,-1.146821
30.864,83.34,51.36862,194.46,8.694419e-05,0.7947918,-2.4461174
30.864,83.34,51.409485,194.46,8.6340384e-05,1.1060667,-2.8814027
29.3208,83.34,56.798534,199.09,8.576996e-05,1.6904733,-3.1793177
28.292,83.34,61.210247,203.72,8.510482e-05,1.9950883,-3.599235
26.7488,83.34,66.37171,203.72,8.427569e-05,2.3844204,-3.9683418
25.720001,83.34,70.07934,203.72,8.34429e-05,2.8502665,-3.6481748
25.720001,87.044,68.504135,199.09001,8.275208e-05,3.440463,-3.0978074
25.720001,92.6,66.92195,194.45999,8.2185776e-05,3.8381126,-2.5888393
25.720001,92.6,66.92348,194.45999,8.16997e-05,4.699278,-2.092253
25.720001,92.6,66.92449,194.45999,8.134267e-05,6.428149,-1.8432422
25.720001,92.6,66.925446,194.45999,8.0958096e-05,7.6409082,-1.0738595
25.720001,92.6,66.92554,194.45999,8.0919635e-05,7.6210036,1.2070485
26.7488,92.6,63.486626,194.45999,8.1452476e-05,6.8128233,3.6224432
28.292,92.6,58.69296,194.45999,8.239592e-05,6.0802913,4.7504444
28.292,87.044,60.235577,200.016,8.3436076e-05,5.920454,5.7173166
28.292,83.34,61.880608,206.035,8.469088e-05,5.8514137,6.498653
30.864,74.08,54.118958,206.035,8.604116e-05,6.4120584,7.3762293
33.436,64.82,47.374813,206.035,8.756649e-05,6.943649,8.275119
33.436,64.82,47.202343,206.035,8.922663e-05,7.2742987,8.669171
33.436,64.82,47.01844,206.035,9.098784e-05,7.284014,9.3231125
33.436,64.82,46.831963,206.035,9.276537e-05,6.6518483,9.155483
33.436,64.82,46.646694,206.035,9.452311e-05,6.6518483,9.155483
33.436,64.82,49.945812,226.40701,9.61868e-05,6.5010467,8.627181
33.436,64.82,53.090313,247.70502,9.7776356e-05,6.943649,8.275119
33.436,64.82,53.672493,253.26102,9.929146e-05,7.5724177,8.410021
33.436,64.82,54.288074,259.28,0.00010075968,7.228217,8.027748
31.8928,64.82,58.09928,250.94598,0.00010212327,6.943649,8.275119
30.864,64.82,60.17414,243.07498,0.00010366442,7.429767,9.859635
30.864,68.524,59.926464,243.07498,0.000105594685,8.465988,11.652433
30.864,74.08,59.65491,243.07498,0.00010769781,9.500889,12.160583
30.864,83.34,62.50075,260.206,0.00010964563,10.035395,12.39268
30.864,92.6,65.14907,277.8,0.000111721456,10.031623,14.326643
