Vmax,Rmax_IBT,Rmax_CK22,R34,fcor,u_trans,v_trans
23.148,27.78,21.920435,60.19,2.857718e-05,0.0,1.5432
24.1768,22.223999,21.06711,60.19,2.895149e-05,0.0,1.5432
25.720001,18.52,19.907513,60.19,2.9325609e-05,0.32084933,1.5094774
25.720001,18.52,19.910461,60.19,2.9680836e-05,0.451188,1.4757695
25.720001,18.52,19.91371,60.19,3.0073232e-05,0.601584,1.9676926
25.720001,18.52,19.917454,60.19,3.0533858e-05,0.46285927,2.004864
25.720001,18.52,19.921904,60.19,3.1068776e-05,0.57857406,2.50608
25.720001,18.52,19.92694,60.19,3.1690233e-05,0.49076074,2.524745
25.720001,18.52,19.93197,60.19,3.231108e-05,0.13460809,2.5684752
25.720001,22.223999,20.713835,62.504997,3.2863118e-05,-0.46285924,2.004864
25.720001,27.78,21.495949,64.82,3.330315e-05,-0.5278058,1.4501336
28.292,27.78,20.80703,68.524,3.3588054e-05,-0.46706545,0.9166675
30.864,27.78,20.735332,74.08,3.3798577e-05,-0.63339245,0.81070554
33.436,22.223999,20.176117,77.784,3.406471e-05,-1.071997,1.1100849
36.008,18.52,20.112621,83.34,3.4293596e-05,-0.7764454,0.67495334
37.0368,18.52,20.416769,87.044,3.445428e-05,-0.91666764,0.4670652
38.58,18.52,20.825441,92.6,3.454095e-05,-1.5281817,0.21477221
38.58,18.52,20.824608,92.6,3.457811e-05,-2.572,3.0670794e-08
38.58,18.52,20.825441,92.6,3.454095e-05,-2.562213,-0.22416449
42.1808,18.52,19.07504,92.6,3.4472876e-05,-2.5157955,-0.53474945
46.296,18.52,17.40649,92.6,3.4293596e-05,-2.3847165,-0.9634887
48.868,18.52,16.51418,92.6,3.3978064e-05,-2.6174154,-1.6355432
51.440002,18.52,15.719017,92.6,3.3550914e-05,-2.2936418,-2.065205
48.868,18.52,16.554937,92.6,3.3036504e-05,-2.1439936,-2.2201703
46.296,18.52,17.47414,92.6,3.2559245e-05,-2.5282311,-1.770286
37.0368,18.52,22.776146,97.23,3.223649e-05,-2.9182484,-1.0048336
28.292,18.52,31.017319,101.86,3.206281e-05,-3.57396,-0.43882802
19.0328,22.223999,22.171888,50.93,3.2025928e-05,-4.1152,4.9073268e-08
