Vmax,Rmax_IBT,Rmax_CK22,R34,fcor,u_trans,v_trans
18.004,46.3,25.429188,55.56,2.8327528e-05,-5.0806684,0.80469924
19.0328,46.3,37.89483,86.118,2.8607861e-05,-4.9192324,1.5039588
20.576,46.3,48.85553,118.064995,2.9076216e-05,-5.7628055,2.2121327
23.148,77.784,55.41912,148.623,2.964302e-05,-6.7232733,2.5808215
25.720001,111.12,60.973305,180.57,3.0322259e-05,-7.1541514,2.8904626
26.7488,96.304,58.574604,180.57,3.1068135e-05,-8.163975,3.1338549
28.292,83.34,55.23482,180.57,3.1814445e-05,-8.806023,2.8612514
29.3208,83.34,53.171455,180.57,3.2472115e-05,-9.440572,2.5295932
30.864,83.34,50.293064,180.57,3.305528e-05,-10.024319,2.3142982
31.8928,68.524,50.805153,189.367,3.356955e-05,-9.560023,2.0320435
33.436,55.56,50.518497,199.09,3.404614e-05,-8.520671,1.9671534
36.008,46.3,46.20914,198.627,3.4521032e-05,-6.9226227,1.985029
38.58,37.04,42.601894,199.09,3.5035337e-05,-6.8092465,2.3446116
39.6088,37.04,41.187054,199.09,3.565206e-05,-6.7672906,2.4630916
41.152,37.04,39.210247,199.09,3.626943e-05,-7.3383517,2.384376
42.1808,37.04,40.842804,217.14699,3.676188e-05,-7.4530835,1.9970473
43.724,37.04,41.59397,236.13,3.7254722e-05,-7.378848,2.255938
44.7528,31.484,40.137486,236.13,3.786935e-05,-7.2956214,2.512084
46.296,27.78,38.121227,236.13,3.8483773e-05,-6.8092465,2.3446116
47.3248,31.484,37.81417,244.927,3.8973612e-05,-6.359905,2.0664594
48.868,37.04,36.900208,254.65,3.9464914e-05,-6.8491282,2.2254176
49.8968,40.744,35.56929,254.65,4.0022045e-05,-6.7672906,2.4630916
51.440002,46.3,33.70764,254.65,4.0688625e-05,-6.472756,3.1569724
52.4688,40.744,32.403854,254.65,4.1505875e-05,-6.172977,3.709097
54.012,37.04,30.62577,254.65,4.239659e-05,-6.172977,3.709097
56.584,37.04,28.050402,254.65,4.3247703e-05,-6.298661,3.491405
59.156002,37.04,25.692019,254.65,4.409823e-05,-6.8128233,3.6224432
59.156002,37.04,25.439026,254.65,4.4891895e-05,-6.8128233,3.6224432
59.156002,37.04,25.154034,254.65,4.5793287e-05,-6.8233113,4.602381
59.156002,37.04,25.611666,277.337,4.6963007e-05,-6.3962226,5.1795588
59.156002,37.04,25.810333,300.95,4.8202877e-05,-6.3962226,5.1795588
59.156002,31.484,25.385895,300.95,4.929965e-05,-6.2423763,4.53535
59.156002,27.78,24.981558,300.95,5.035898e-05,-6.3205776,4.425715
59.156002,27.78,24.584385,300.95,5.1414085e-05,-6.8233113,4.602381
59.156002,27.78,24.180235,300.95,5.250265e-05,-6.6585345,4.837706
56.584,27.78,26.548836,317.618,5.3669588e-05,-6.4856434,5.0671406
54.012,27.78,29.378336,335.675,5.4869302e-05,-6.8909965,5.383837
55.040802,27.78,27.66738,340.305,5.60459e-05,-6.4856434,5.0671406
56.584,27.78,25.392733,344.935,5.721923e-05,-6.4856434,5.0671406
56.584,27.78,24.93829,344.935,5.83171e-05,-6.304853,5.2903986
56.584,27.78,24.435764,344.935,5.9551734e-05,-5.7173176,5.9204526
55.040802,27.78,25.644802,350.491,6.106923e-05,-5.700532,7.29635
54.012,27.78,26.252762,356.51,6.278661e-05,-5.4653296,8.10268
52.4688,27.78,27.608198,356.51,6.460096e-05,-5.179219,8.288483
51.440002,27.78,28.355658,356.51,6.643758e-05,-4.6296015,8.018702
49.8968,27.78,29.976404,343.546,6.8097164e-05,-4.1054344,7.721201
48.868,27.78,30.809507,331.045,6.981338e-05,-3.6178572,8.523139
47.3248,31.484,32.71401,331.045,7.1749004e-05,-3.1819715,9.24112
46.296,37.04,33.847843,331.045,7.380098e-05,-3.349444,9.727495
46.296,46.3,33.238102,337.99,7.587678e-05,-3.5187056,9.667557
46.296,55.56,32.59197,344.935,7.793102e-05,-2.6939707,9.394986
44.7528,55.56,35.02572,344.935,7.985734e-05,-1.7667402,9.089083
43.724,55.56,36.602303,344.935,8.176471e-05,-1.1284134,9.190184
42.1808,55.56,39.603344,344.935,8.3708626e-05,-0.3410947,9.767646
41.152,55.56,41.572666,344.935,8.5723776e-05,0.7176546,10.262939
41.152,55.56,40.752644,342.62,8.7855704e-05,2.0611951,10.6039295
41.152,55.56,39.95391,340.305,8.998974e-05,3.1583161,10.330387
39.6088,64.82,44.319973,360.677,9.194789e-05,4.421826,10.41717
38.58,74.08,47.62913,381.97498,9.3940274e-05,5.604785,11.0000105
37.0368,74.08,52.646034,381.97498,9.6157295e-05,7.3599424,11.77837
36.008,74.08,56.133636,381.97498,9.834162e-05,8.867496,11.349877
34.4648,74.08,62.60418,381.97498,0.0001002526,10.7308235,10.362637
33.436,74.08,67.25027,381.97498,0.00010204031,14.1493845,10.280129
33.436,74.08,67.21732,390.77203,0.00010385398,16.48289,9.516399
33.436,74.08,67.24801,400.495,0.00010543897,16.500015,8.407179
30.864,85.192,83.196655,400.495,0.00010631424,13.5199375,6.3044505
30.864,92.6,83.13185,400.495,0.00010648833,17.875017,9.107777
30.864,111.12,83.61473,412.07,0.00010838173,20.513008,9.565373
