Vmax,Rmax_IBT,Rmax_CK22,R34,fcor,u_trans,v_trans
18.004,74.08,45.301483,92.6,7.9644604e-05,1.3227806,-0.7948068
19.0328,74.08,42.934856,92.6,7.9356396e-05,0.74815816,-1.3497132
20.576,74.08,34.161186,80.253334,7.900381e-05,0.7948068,-1.3227806
21.604801,64.82,35.1737,86.42667,7.877368e-05,0.9919499,-1.1821598
23.148,55.56,31.553942,83.34,7.85754e-05,0.60471344,-0.8323167
23.148,55.56,34.297123,90.285,7.836083e-05,0.43478975,-0.9324094
23.148,55.56,37.051716,97.23,7.814606e-05,-0.14318131,-1.0187877
24.1768,46.3,37.126736,101.86,7.791489e-05,-0.4347897,-0.9324094
25.720001,37.04,36.320198,106.49,7.771575e-05,0.1963043,-1.0098981
26.7488,37.04,35.52457,108.805,7.755959e-05,0.88185376,-0.52987117
28.292,37.04,34.021427,111.12,7.750023e-05,0.5144,-2.2485139e-08
29.3208,37.04,32.62745,111.12,7.755947e-05,0.33064994,0.39405325
30.864,37.04,30.692905,111.12,7.771575e-05,0.57529765,0.8529139
30.864,37.04,30.69096,111.12,7.7866214e-05,0.9919498,1.1821598
30.864,37.04,30.687363,111.12,7.814606e-05,1.7540997,1.8810418
31.8928,37.04,29.483719,111.12,7.863446e-05,2.54615,2.54615
33.436,37.04,27.802977,111.12,7.921766e-05,3.0096667,2.8065596
36.008,27.78,27.182663,120.38,7.975082e-05,3.152426,2.6451995
38.58,18.52,26.355799,129.64,8.028322e-05,3.3292668,2.4188538
42.1808,18.52,23.159191,129.64,8.0781334e-05,3.8381126,2.5888395
46.296,18.52,20.108635,129.64,8.134267e-05,4.2645693,2.8764882
46.296,18.52,20.061077,129.64,8.200071e-05,5.056462,3.5405726
46.296,18.52,20.002327,129.64,8.2815466e-05,5.8262167,4.232994
44.7528,18.52,23.06837,148.16,8.37482e-05,6.57309,4.953178
43.724,18.52,25.821547,166.68,8.489798e-05,8.216363,6.1914725
42.1808,22.223999,29.50839,187.51501,8.62632e-05,9.448816,7.120193
41.152,27.78,32.751804,208.35,8.776991e-05,9.987801,7.2565618
39.6088,27.78,36.24452,219.925,8.9134075e-05,10.270453,7.7393413
38.58,27.78,39.121857,231.5,9.078879e-05,10.360795,10.005304
36.008,27.78,45.08026,236.12999,9.3025425e-05,10.250148,12.215651
33.436,27.78,52.36527,240.76,9.548872e-05,9.817584,12.565935
31.8928,50.004,60.19839,259.27997,9.777197e-05,9.500889,12.160583
30.864,74.08,67.18962,277.8,0.00010002111,9.817584,12.565935
29.3208,74.08,73.88453,277.8,0.00010223307,10.250148,12.215651
28.292,74.08,78.7308,277.8,0.000104378065,10.250148,12.215651
25.720001,74.08,90.28262,268.53998,0.00010644903,10.670224,11.850484
23.148,74.08,103.07435,259.28,0.00010838173,10.524598,11.28625
23.148,74.08,103.04829,259.28,0.00011021869,11.468212,10.326023
23.148,74.08,103.02418,259.28,0.000111721456,13.947036,7.7309675
21.604801,74.08,120.08901,273.16998,0.00011265077,16.233465,4.9630694
20.576,74.08,135.2923,287.06,0.00011334053,18.467445,4.604451
20.576,74.08,203.54036,430.59003,0.00011407925,19.378017,5.1923246
20.576,74.08,234.9953,500.03998,0.00011492507,18.590492,6.0404162
20.576,74.08,271.1013,583.38,0.00011590431,16.9174,7.532111
20.576,74.08,305.17993,666.72,0.0001172361,17.0132,10.631028
21.604801,74.08,272.9371,666.72,0.000119051416,16.21411,12.667851
23.148,74.08,228.88649,666.72,0.0001209085,12.580966,12.149299
23.148,74.08,227.97145,666.72,0.00012240275,8.416782,10.393862
23.148,74.08,227.18735,666.72,0.00012368103,6.967318,8.917761
23.148,74.08,226.51234,666.72,0.0001247798,6.7495356,7.7644525
23.148,74.08,225.9701,666.72,0.00012566173,5.1795588,6.3962226
23.148,74.08,225.49432,666.72,0.00012643475,3.7148836,4.9298177
23.148,74.08,225.18663,666.72,0.0001269344,2.3145494,2.7583728
21.604801,74.08,251.2563,611.16,0.00012708046,0.9166675,0.46706548
20.576,74.08,257.1709,555.6,0.00012705957,0.501216,0.11571482
19.0328,74.08,268.21878,500.04,0.00012711233,0.8529139,0.57529765
18.004,74.08,258.88925,444.48,0.00012718434,1.3087078,0.81777143
