Vmax,Rmax_IBT,Rmax_CK22,R34,fcor,u_trans,v_trans
20.576,74.08,51.50798,120.380005,5.768715e-05,-0.12566648,3.5986066
21.604801,74.08,49.08348,120.380005,5.859172e-05,0.0,3.6008
23.148,74.08,45.74804,120.380005,5.9319285e-05,0.0,2.572
23.148,74.08,47.597805,125.009995,5.9638845e-05,0.1431813,1.0187877
23.148,74.08,49.44613,129.64,5.9784e-05,0.21389955,1.0063183
23.148,92.6,56.863873,148.16,5.9998667e-05,0.4347897,0.9324094
23.148,111.12,64.33488,166.68001,6.0247978e-05,0.72448856,1.3625647
24.1768,111.12,61.296947,166.68001,6.059546e-05,1.0597423,1.7637075
25.720001,111.12,57.10314,166.68001,6.0942573e-05,1.0326024,1.1468211
25.720001,129.64,66.80138,194.45999,6.119107e-05,1.2484751,0.9070702
25.720001,148.16,76.45911,222.23999,6.14047e-05,1.3364505,0.77159995
29.3208,105.564,64.33759,222.23999,6.1583625e-05,1.2484751,0.9070702
33.436,64.82,38.04197,152.79,6.186609e-05,0.9975442,1.7996175
33.436,68.524,39.087524,157.42,6.228639e-05,0.44662312,2.5329256
33.436,74.08,40.10768,162.05,6.3016254e-05,0.5727252,4.075151
33.436,74.08,40.04998,162.05,6.4121574e-05,0.88516885,5.588736
33.436,74.08,39.975792,162.05,6.552959e-05,1.5042926,6.5158076
33.436,83.34,47.960037,199.09,6.70659e-05,1.8666694,7.486802
33.436,92.6,55.329132,236.13,6.869332e-05,0.9403439,7.658486
34.4648,77.784,54.100323,245.39001,7.03098e-05,-0.50235754,7.1840577
36.008,64.82,51.34552,254.65001,7.181604e-05,-1.6177793,6.488562
36.008,64.82,50.075344,247.705,7.309763e-05,-2.3123717,5.7233205
36.008,64.82,48.833603,240.76,7.423962e-05,-1.8421941,5.3501225
36.008,64.82,48.639217,240.76,7.539739e-05,-0.89324754,5.065851
36.008,64.82,48.46751,240.76,7.641916e-05,0.28706184,4.105176
34.4648,64.82,51.06703,233.81499,7.714338e-05,1.803985,3.6987174
33.436,64.82,52.3652,226.87,7.793102e-05,3.2455251,4.63509
33.436,64.82,52.216248,226.87,7.912063e-05,4.7504444,6.0802913
33.436,64.82,52.043316,226.87,8.049559e-05,6.314759,6.7717505
33.436,64.82,51.87569,226.87,8.182255e-05,7.1479583,6.6655784
33.436,64.82,51.696648,226.87,8.3234e-05,7.2747145,7.2747145
34.4648,59.264,48.827026,226.87,8.480172e-05,8.140625,7.8613105
36.008,55.56,44.886726,226.87,8.6340384e-05,10.905899,6.814762
37.0368,55.56,44.644226,245.39,8.7545515e-05,14.205231,6.029764
38.58,55.56,42.578365,263.91,8.8782996e-05,17.16996,6.9371157
38.58,74.08,44.27055,289.375,9.0255926e-05,19.413815,8.240678
38.58,92.6,45.46302,314.84,9.197902e-05,19.580599,9.130584
37.0368,92.6,50.369244,324.1,9.382526e-05,19.345888,10.723599
36.008,92.6,54.013725,333.36002,9.606459e-05,19.383102,13.572195
34.4648,111.12,62.159744,368.08502,9.885193e-05,18.520502,15.540546
33.436,129.64,68.91193,402.81,0.000101675956,14.913165,14.913165
33.436,129.64,68.52593,412.07,0.00010406289,11.136734,12.811347
33.436,129.64,68.16882,421.33002,0.00010613984,10.326024,11.468211
33.436,129.64,67.735374,428.275,0.000107932734,10.703664,9.637622
33.436,129.64,67.39338,435.22,0.000109397704,10.820117,7.861275
33.436,129.64,66.879715,435.22,0.00011054409,11.023172,6.6233897
33.436,129.64,66.427444,435.22,0.000111557674,10.691604,6.1727996
31.8928,129.64,77.88236,463.0,0.0001125193,10.661424,7.1912208
30.864,129.64,87.204254,490.78,0.00011381954,12.215651,10.250148
30.864,129.64,86.717896,500.04,0.00011564161,12.980338,13.919709
30.864,129.64,85.8567,509.3,0.00011798866,11.176209,17.885674
30.864,129.64,84.27995,509.3,0.00012087199,8.64266,20.36083
30.864,129.64,82.76097,509.3,0.00012368103,6.69889,19.45499
30.864,129.64,79.91611,465.315,0.00012594734,4.9277086,15.165928
30.864,129.64,76.82508,421.33002,0.0001275563,3.179167,9.78447
30.864,129.64,76.51444,421.33002,0.0001283478,2.3913434,5.128252
30.864,129.64,76.34869,421.33002,0.00012877084,2.649356,4.409269
29.3208,129.64,88.78335,421.33002,0.00012936193,3.5405726,5.056462
28.292,129.64,98.006805,421.33002,0.00012994619,4.911479,5.2669168
26.7488,129.64,113.586845,421.33002,0.0001305198,5.734106,5.1630116
25.720001,129.64,125.07546,421.33002,0.00013108192,5.8233395,5.0621514
25.720001,129.64,124.90809,421.33002,0.00013163367,5.643125,5.262299
25.720001,129.64,124.74288,421.33002,0.00013217774,5.643125,5.262299
24.1768,129.64,139.4545,404.35336,0.00013271093,5.1803975,5.002652
23.148,129.64,141.76196,370.4,0.0001332333,4.387198,5.046894
23.148,129.64,141.6882,370.4,0.00013374505,3.361948,5.1769457
23.148,129.64,141.61542,370.4,0.00013424827,2.027789,5.2825713
21.604801,129.64,160.98523,370.4,0.00013473975,0.80469894,5.080669
20.576,129.64,175.00424,370.4,0.00013522235,0.179523,5.1408668
19.0328,129.64,197.7684,370.4,0.0001356942,-0.08977622,5.1432166
18.004,129.64,214.12804,370.4,0.00013615523,-0.26921618,5.1369505
