Vmax,Rmax_IBT,Rmax_CK22,R34,fcor,u_trans,v_trans
18.004,138.9,25.487093,55.56,3.131743e-05,-4.20501,3.7862093
18.004,138.9,25.506212,55.56,3.2310774e-05,-4.5872836,4.13041
18.004,138.9,25.525255,55.56,3.330315e-05,-4.9298167,3.7148848
20.576,111.12,22.592625,55.56,3.4119756e-05,-5.398853,2.9926329
23.148,83.34,25.461369,69.45,3.47882e-05,-6.7232733,2.5808215
24.1768,77.784,27.954266,79.173004,3.5300585e-05,-7.4530835,1.9970473
25.720001,74.08,30.140835,90.284996,3.577612e-05,-7.949956,2.1301837
26.7488,50.004,29.029835,90.284996,3.6373636e-05,-8.362695,2.55673
28.292,27.78,27.497932,90.284996,3.700857e-05,-8.854618,2.7071257
30.864,22.223999,26.160328,93.526,3.7678627e-05,-8.900515,2.55218
33.436,18.52,25.101088,97.229996,3.8238195e-05,-8.553706,1.8181444
36.008,22.223999,26.283522,110.194,3.8538208e-05,-8.679619,1.0657214
38.58,27.78,27.538586,125.009995,3.872924e-05,-8.199081,0.7173266
39.6088,27.78,28.039892,131.492,3.8900085e-05,-8.169052,1.0030318
41.152,27.78,28.23231,138.9,3.9219805e-05,-7.985922,1.9911145
38.58,31.484,33.101295,152.79,3.9843686e-05,-8.163975,3.1338549
36.008,37.04,38.8065,166.68,4.0688625e-05,-8.3916855,3.9131062
34.4648,37.04,40.787632,166.68,4.164688e-05,-8.322115,4.0589647
33.436,37.04,42.20372,166.68,4.2640077e-05,-7.859775,3.8334668
34.4648,37.04,40.685383,166.68,4.350855e-05,-7.397435,3.6079686
36.008,37.04,38.562965,166.68,4.4340795e-05,-6.9350953,3.3824704
36.008,37.04,38.509304,166.68,4.51338e-05,-6.8128233,3.6224432
36.008,37.04,38.448143,166.68,4.6034886e-05,-6.3968544,4.3147326
36.008,37.04,38.37318,166.68,4.7131907e-05,-5.8233404,5.06215
36.008,37.04,38.283146,166.68,4.844305e-05,-5.3996286,6.2115617
37.0368,37.04,36.846855,166.68,4.994604e-05,-4.837708,6.658533
38.58,37.04,34.83864,166.68,5.155148e-05,-4.7207646,6.741948
39.6088,37.04,37.538994,190.756,5.313103e-05,-4.837708,6.658533
41.152,37.04,38.862278,215.295,5.4633376e-05,-4.7504435,6.0802917
42.1808,37.04,37.17249,215.295,5.5999306e-05,-4.6291003,5.5167446
43.724,37.04,34.893047,215.295,5.721923e-05,-4.2083926,5.1969295
43.724,37.04,34.691692,215.295,5.8322705e-05,-3.88467,4.797166
43.724,37.04,34.51016,215.295,5.9319285e-05,-4.287988,4.4403396
44.7528,31.484,33.02934,215.295,6.0265455e-05,-4.6586723,4.0497203
46.296,27.78,31.009495,215.295,6.1173734e-05,-4.5145,4.20984
47.3248,31.484,30.718994,228.72198,6.21304e-05,-4.0703125,3.9306548
48.868,37.04,29.657001,243.075,6.3016254e-05,-4.3345866,3.6371489
52.4688,37.04,25.560947,243.075,6.378967e-05,-4.691026,3.1641371
56.584,37.04,21.681322,243.075,6.43901e-05,-4.699278,2.0922532
56.584,31.484,21.756012,250.02,6.473239e-05,-4.3773727,1.5072504
56.584,27.78,21.807318,256.965,6.507438e-05,-4.1250043,2.1017933
57.6128,22.223999,20.930176,269.466,6.570565e-05,-3.54648,2.9758492
59.156002,18.52,19.501717,282.43,6.643758e-05,-2.6452003,3.1524255
56.584,18.52,21.577654,282.43,6.7115914e-05,-1.8545493,3.0864878
54.012,18.52,23.954477,282.43,6.7793495e-05,-2.0653346,2.9496024
51.440002,37.04,26.789112,287.06,6.846898e-05,-2.1164973,2.9131083
48.868,55.56,30.130318,291.69,6.914198e-05,-0.79881984,2.9812334
48.868,55.56,29.929335,291.69,6.979626e-05,0.85072714,2.9668381
48.868,55.56,29.719597,291.69,7.048288e-05,1.9081333,3.0536516
47.3248,64.82,32.06601,298.635,7.1144525e-05,2.7861626,3.6973631
46.296,74.08,33.72861,305.58,7.2037474e-05,3.5405726,5.056462
44.7528,74.08,36.896263,326.41498,7.333913e-05,4.602381,6.8233113
43.724,74.08,39.216026,347.25,7.4895885e-05,5.1400647,7.0746922
42.1808,74.08,42.389748,347.25,7.636402e-05,5.7447777,7.907008
41.152,74.08,44.423153,347.25,7.814606e-05,6.7860975,9.691551
39.6088,83.34,48.70123,361.13998,8.042834e-05,7.3599424,11.77837
38.58,92.6,51.75617,375.03,8.302487e-05,6.3044505,13.5199375
38.58,101.86,51.169178,388.92,8.586055e-05,4.926184,13.534581
38.58,111.12,50.536953,402.81003,8.837856e-05,4.7826867,10.256504
37.0368,111.12,56.041553,402.81003,8.998423e-05,4.8900304,7.2497687
36.008,111.12,60.087955,402.81003,9.1186645e-05,4.4825974,6.902594
34.4648,111.12,67.98527,416.7,9.258874e-05,3.9740338,6.613903
33.436,111.12,74.30126,430.59,9.374543e-05,4.387198,5.046894
33.436,111.12,73.474014,423.64502,9.445937e-05,4.7455335,3.0817857
33.436,111.12,72.76109,416.7,9.491022e-05,5.0857363,2.4804795
31.8928,111.12,83.5749,430.59003,9.536555e-05,5.2825713,2.0277894
30.864,111.12,92.38554,444.48,9.568096e-05,6.585606,1.1612204
30.864,111.12,95.18633,472.26,9.5816176e-05,8.732816,0.45766765
30.864,111.12,97.70138,500.03998,9.587293e-05,10.2817335,0.35904598
