Vmax,Rmax_IBT,Rmax_CK22,R34,fcor,u_trans,v_trans
20.576,64.82,27.594261,67.90667,2.707799e-05,-6.585606,1.16122
21.604801,59.264,27.61382,70.99333,2.7346816e-05,-6.6048694,1.0461091
23.148,55.56,27.063593,74.08,2.7578055e-05,-6.126789,0.75227386
23.148,50.004,27.065973,74.08,2.7702563e-05,-5.6368685,0.49316204
23.148,46.3,27.068352,74.08,2.7827968e-05,-5.6162233,0.6895844
23.148,46.3,27.072435,74.08,2.8040264e-05,-5.5724363,0.98257077
23.148,46.3,25.353662,69.45,2.8327528e-05,-4.9687223,1.3313649
24.1768,40.744,23.535355,67.135,2.8701528e-05,-4.3773727,1.5072504
25.720001,37.04,21.456482,64.82001,2.9076216e-05,-4.9447303,1.4178778
26.7488,37.04,20.697224,64.82001,2.9344186e-05,-5.0315914,1.0694966
28.292,37.04,19.656424,64.82001,2.9574905e-05,-5.065851,0.8932462
29.3208,31.484,19.021278,64.82001,2.9786617e-05,-5.0315914,1.0694966
30.864,27.78,18.14482,64.82001,3.0073232e-05,-4.9192324,1.5039588
31.8928,27.78,18.232311,67.135,3.0514917e-05,-4.699278,2.0922532
33.436,27.78,18.049175,69.45,3.1068776e-05,-4.5418825,2.414962
36.008,22.223999,16.846739,69.45,3.1690044e-05,-4.454835,2.5719995
38.58,18.52,15.796388,69.45,3.231108e-05,-4.5418825,2.414962
41.152,18.52,14.871507,69.45,3.284441e-05,-4.6620474,2.173948
43.724,18.52,14.051082,69.45,3.330315e-05,-4.292491,1.7342775
46.296,12.964,13.318544,69.45,3.3693086e-05,-3.8418703,1.4747552
48.868,9.26,12.660521,69.45,3.404614e-05,-3.867023,1.407481
52.4688,9.26,12.208796,71.765,3.4380028e-05,-3.8418703,1.4747552
56.584,9.26,11.697436,74.08,3.47882e-05,-4.087694,2.173466
55.040802,9.26,11.984226,74.08,3.5387173e-05,-3.8827093,2.5214612
54.012,9.26,12.178292,74.08,3.6022833e-05,-3.9261231,2.4533148
51.440002,9.26,12.738307,74.08,3.6552618e-05,-4.1250043,2.1017933
48.868,9.26,13.362851,74.08,3.700857e-05,-4.261569,1.8089292
46.296,9.26,14.061652,74.08,3.739586e-05,-4.3773727,1.5072504
43.724,9.26,14.84554,74.08,3.7746686e-05,-4.9192324,1.5039588
41.152,12.964,15.728093,74.08,3.8133425e-05,-5.4392037,1.5596656
38.58,18.52,16.730076,74.08,3.8483773e-05,-6.0379095,1.283396
36.008,18.52,17.876009,74.08,3.876588e-05,-6.6048694,1.0461091
33.436,18.52,19.196255,74.08,3.897458e-05,-6.650567,0.699002
30.864,22.223999,20.084648,71.765,3.911513e-05,-6.661753,0.58282787
28.292,27.78,21.116095,69.450005,3.9219805e-05,-6.661753,0.58282787
26.7488,27.78,22.272423,69.450005,3.9360122e-05,-6.661753,0.58282787
25.720001,27.78,23.117304,69.450005,3.9464914e-05,-6.6780353,0.3499823
24.1768,27.78,23.677053,67.135,3.9501112e-05,-6.6872,7.974406e-08
23.148,27.78,23.795008,64.82001,3.9464914e-05,-7.1917305,-0.37690386
21.604801,27.78,29.116589,74.08,3.9342613e-05,-7.184057,-0.5023587
20.576,27.78,30.477722,74.08,3.9219805e-05,-6.6780353,-0.34998214
20.576,31.484,30.476301,74.08,3.916369e-05,-5.6584,6.7475746e-08
20.576,37.04,30.477722,74.08,3.9219805e-05,-5.6162233,0.6895844
19.0328,37.04,32.78312,74.08,3.9464834e-05,-5.5544395,1.0796729
18.004,37.04,34.521435,74.08,3.9709896e-05,-5.1056576,0.6268949
