Vmax,Rmax_IBT,Rmax_CK22,R34,fcor,u_trans,v_trans
20.576,55.56,30.235807,74.079994,2.9824112e-05,-8.739473,0.3051875
23.148,55.56,28.72443,78.40133,2.9928955e-05,-8.210351,0.57412446
25.720001,55.56,25.357603,76.395,3.0073232e-05,-8.21912,0.43074745
25.720001,55.56,25.358719,76.395,3.015993e-05,-8.732816,0.4576692
25.720001,55.56,25.360783,76.395,3.0322259e-05,-8.696896,0.91407967
25.720001,46.3,25.364431,76.395,3.0619976e-05,-8.611947,1.5185186
25.720001,37.04,25.37008,76.395,3.1068776e-05,-8.984162,2.2400038
26.7488,37.04,25.512327,79.636,3.170779e-05,-9.440572,2.5295932
28.292,37.04,25.33697,83.34,3.231108e-05,-10.638288,1.8758171
29.3208,37.04,24.49261,83.34,3.261482e-05,-11.273737,0.9863241
30.864,37.04,23.324999,83.34,3.280731e-05,-10.761294,0.9414912
33.436,37.04,22.43827,86.58099,3.303563e-05,-10.743224,1.1291572
36.008,37.04,21.762531,90.284996,3.330315e-05,-10.211315,1.2537898
38.58,31.484,24.529064,109.731,3.3654545e-05,-10.161337,1.6093985
41.152,27.78,26.819141,129.63998,3.404614e-05,-10.669405,1.6898686
41.152,27.78,30.035152,146.771,3.4435117e-05,-11.206666,1.5749962
41.152,27.78,33.25134,164.365,3.47882e-05,-11.232447,1.3791687
41.152,18.52,33.22613,164.365,3.5052897e-05,-10.761294,0.9414912
41.152,9.26,33.20413,164.365,3.5282377e-05,-10.761294,0.9414912
41.152,9.26,33.766487,167.606,3.5528403e-05,-10.231642,1.0753878
41.152,9.26,34.40698,171.31,3.577612e-05,-10.248852,0.89665824
43.724,12.964,34.22324,185.2,3.5984664e-05,-9.720059,1.0216184
46.296,18.52,33.7852,199.09,3.626943e-05,-9.118532,1.607843
51.440002,22.223999,31.31526,217.61,3.6780115e-05,-9.021887,2.0828683
56.584,27.78,28.684061,236.13,3.7254722e-05,-8.637137,1.3679888
60.1848,22.223999,27.00345,252.33499,3.743221e-05,-8.210351,0.57412446
64.3,18.52,24.887342,268.53998,3.7500762e-05,-7.7113,0.2692831
69.444,18.52,21.710125,268.53998,3.7567796e-05,-7.697204,0.5382417
74.588,18.52,18.988905,268.53998,3.7746686e-05,-7.092191,1.2505447
74.588,18.52,18.906794,273.16998,3.816363e-05,-6.9226227,1.985029
74.588,18.52,18.755798,277.8,3.872924e-05,-7.2506685,2.6390269
70.4728,18.52,20.559908,273.17,3.9378698e-05,-7.2956214,2.512084
66.872,18.52,22.320673,268.53998,3.995476e-05,-7.486802,1.8666699
64.3,18.52,23.622414,261.595,4.023537e-05,-7.6409082,1.0738611
61.728,18.52,25.005058,254.65,4.0444127e-05,-7.6409082,1.0738611
61.728,18.52,24.894432,254.65,4.0773422e-05,-8.079185,1.5704334
61.728,18.52,24.759483,254.65,4.1177245e-05,-8.019455,1.8514384
62.7568,22.223999,24.159029,261.595,4.166474e-05,-8.485043,2.1155593
64.3,27.78,23.169691,268.53998,4.2152973e-05,-8.553706,1.8181444
64.3,37.04,22.63278,255.57599,4.2517266e-05,-8.611947,1.5185186
64.3,46.3,22.07775,243.07498,4.288343e-05,-8.553706,1.8181444
64.3,40.744,21.918259,243.07498,4.3404958e-05,-9.021887,2.0828683
64.3,37.04,21.78133,243.07498,4.385554e-05,-9.678483,1.360224
65.328804,37.04,21.120811,243.07498,4.401339e-05,-9.760205,0.5115126
66.872,37.04,20.216734,243.07498,4.409823e-05,-9.236645,0.64589
66.872,37.04,20.016853,238.445,4.4320735e-05,-8.169052,1.0030318
66.872,37.04,19.802269,233.81499,4.458322e-05,-8.679619,1.0657214
67.9008,27.78,19.195364,233.81499,4.482475e-05,-8.679619,1.0657214
69.444,18.52,18.353697,233.81499,4.506766e-05,-8.696896,0.91407967
72.016,22.223999,17.129229,235.66699,4.5272376e-05,-8.679619,1.0657214
74.588,27.78,15.976389,238.44499,4.5551555e-05,-8.584134,1.6685855
75.6168,22.223999,15.5349455,252.33499,4.6043788e-05,-9.021887,2.0828683
77.16,18.52,14.791991,266.22498,4.651767e-05,-9.118532,1.607843
77.16,22.223999,14.717272,267.151,4.675884e-05,-9.16909,1.2886332
74.0736,22.223999,16.0667,268.07703,4.6819343e-05,-8.553706,1.8181444
56.584,27.78,27.537643,270.85498,4.7240763e-05,-8.584134,1.6685855
47.3248,27.78,35.543064,244.92699,4.7577836e-05,-8.611947,1.5185186
38.58,27.78,44.612568,219.925,4.796257e-05,-8.485043,2.1155593
36.008,27.78,48.769344,218.536,4.8543614e-05,-8.362695,2.55673
33.436,27.78,53.646866,217.60999,4.916265e-05,-8.406042,2.4103925
34.4648,64.82,54.556618,232.426,4.9659524e-05,-8.520671,1.9671534
36.008,101.86,54.07128,247.705,5.012002e-05,-7.9115686,2.2686045
38.58,92.6,49.869946,255.576,5.06778e-05,-7.4170957,2.1268167
41.152,83.34,45.997223,263.91,5.1074945e-05,-8.696896,0.91407967
42.6952,68.524,40.38685,239.37102,5.1102128e-05,-9.7736,1.1654901e-07
43.724,61.116,37.480583,227.333,5.1074945e-05,-7.2005033,-0.12568446
38.58,55.56,43.365524,215.29498,5.1074945e-05,-6.6872,7.974406e-08
26.7488,55.56,34.83098,107.416,5.1078005e-05,-8.2304,9.8146536e-08
