Vmax,Rmax_IBT,Rmax_CK22,R34,fcor,u_trans,v_trans
24.1768,46.3,30.692741,86.42667,4.1140473e-05,-3.6008,4.293911e-08
28.292,37.04,26.811485,87.97,4.1177245e-05,-3.5739603,0.43882644
30.864,27.78,25.248257,90.284996,4.13295e-05,-3.4434626,1.0527711
33.436,18.52,23.889635,92.600006,4.1665367e-05,-3.7296379,1.7391584
36.008,18.52,24.284992,101.86,4.2182877e-05,-4.454835,2.5719995
38.58,18.52,24.503126,111.119995,4.288343e-05,-5.345802,3.0863996
44.7528,18.52,22.711403,122.69499,4.3697844e-05,-6.298661,3.491405
51.440002,18.52,20.713345,134.27,4.458322e-05,-6.7485657,3.740791
56.584,18.52,18.784235,138.9,4.5411965e-05,-6.2367687,3.6007993
61.728,18.52,17.045422,143.53,4.627635e-05,-6.172977,3.709097
56.584,18.52,19.241901,145.845,4.722216e-05,-6.471182,4.2024355
51.440002,18.52,21.969002,148.16,4.8202877e-05,-6.471182,4.2024355
48.868,18.52,24.791384,159.73499,4.9134425e-05,-6.471182,4.2024355
46.296,18.52,28.033691,171.31,5.012002e-05,-6.2423763,4.53535
46.296,18.52,28.242508,174.08801,5.1164618e-05,-6.573089,4.9531794
46.296,18.52,28.385109,175.94,5.178951e-05,-8.529139,5.7529764
43.724,18.52,30.03954,171.31,5.250265e-05,-8.0187025,4.629599
41.152,37.04,32.549213,171.31,5.3390384e-05,-6.5268664,3.0435271
38.58,55.56,35.46083,171.31,5.392461e-05,-6.1555996,2.6128979
39.6088,40.744,34.548176,173.625,5.4615404e-05,-6.5268664,3.0435271
41.152,27.78,33.052372,175.94,5.5340646e-05,-6.3586354,3.3809469
42.1808,27.78,32.48622,180.57,5.6145684e-05,-5.6710668,3.5436769
43.724,27.78,31.314358,185.20001,5.698501e-05,-5.1174836,3.451786
44.7528,27.78,30.670176,189.83,5.77862e-05,-4.9298167,3.7148848
46.296,27.78,29.452785,194.46,5.862087e-05,-4.0703125,3.9306548
48.868,27.78,27.616861,203.72002,5.9534e-05,-3.237225,3.997638
51.440002,27.78,25.719067,212.97998,6.0479695e-05,-2.4533143,3.9261234
52.4688,27.78,24.632757,212.97998,6.136985e-05,-1.8830273,4.2293506
54.012,27.78,23.151728,212.97998,6.2326726e-05,-1.2760915,4.450257
54.012,27.78,22.932968,212.97998,6.340614e-05,-0.89324754,5.065851
54.012,27.78,22.689177,212.97998,6.461839e-05,-0.689586,5.6162233
52.4688,27.78,23.717224,212.97998,6.5949906e-05,-0.4305922,6.1577635
51.440002,27.78,24.359013,212.97998,6.734234e-05,0.10773021,6.17186
48.868,31.484,26.740877,215.29498,6.867091e-05,0.85908777,6.1127267
46.296,37.04,29.51258,217.60999,7.003676e-05,1.7307748,6.459339
44.7528,37.04,31.188717,217.60999,7.136982e-05,2.6977668,6.6772075
43.724,37.04,32.36046,217.60999,7.247968e-05,4.3469315,8.175388
38.58,46.3,38.462605,203.72002,7.314133e-05,3.9700563,7.7916746
31.8928,59.264,47.593178,185.2,7.4741e-05,3.0435278,6.526866
25.720001,74.08,57.304214,166.68,7.5985095e-05,3.0359251,5.9583387
21.604801,77.784,64.19282,152.79,7.725735e-05,3.5436761,5.671067
18.004,83.34,55.02949,111.12,7.8360856e-05,3.5405726,5.056462
