Vmax,Rmax_IBT,Rmax_CK22,R34,fcor,u_trans,v_trans
20.576,185.2,123.834595,277.8,4.651767e-05,-5.456037,5.456035
21.604801,161.124,117.57596,277.8,4.7911577e-05,-5.9639387,6.3955426
23.148,138.9,108.7518,277.8,4.9402213e-05,-5.507212,6.1163797
23.148,138.9,108.86931,277.8,5.0679937e-05,-6.1163783,5.5072136
23.148,138.9,108.96739,277.8,5.178951e-05,-8.529139,5.7529764
23.148,138.9,108.98795,277.8,5.2027382e-05,-9.447992,5.2371078
23.148,138.9,109.08569,277.8,5.318456e-05,-7.495758,4.503904
23.148,138.9,109.16517,277.8,5.4161024e-05,-7.163322,5.0158105
23.148,111.12,101.70095,259.28,5.546331e-05,-7.676225,5.177679
23.148,83.34,94.21699,240.76,5.6516048e-05,-7.6310945,3.0831602
23.148,83.34,94.243645,240.76,5.6891036e-05,-7.6409082,1.0738611
23.148,83.34,75.40108,194.45999,5.698501e-05,-7.174196,0.62766075
23.148,83.34,74.47319,192.145,5.7166144e-05,-6.096802,0.9656391
23.148,83.34,73.55172,189.83,5.7453286e-05,-4.833779,1.7593513
25.720001,83.34,67.553444,196.775,5.7966517e-05,-3.8381126,2.5888395
28.292,83.34,62.135242,203.72,5.862087e-05,-3.597875,2.9135017
29.3208,55.56,61.890278,212.98001,5.9301605e-05,-3.597875,2.9135017
30.864,27.78,60.02871,222.24,6.0016075e-05,-3.997639,3.237224
31.8928,31.484,55.084045,212.98001,6.072869e-05,-3.54648,2.9758492
33.436,37.04,49.450684,203.72,6.14047e-05,-3.0096667,2.8065598
34.4648,37.04,47.29076,203.72,6.199819e-05,-2.4094055,2.675916
36.008,37.04,44.285458,203.72,6.255676e-05,-2.3623376,2.7175581
39.6088,37.04,38.20226,203.72,6.3184474e-05,-2.4094055,2.675916
43.724,37.04,32.489758,203.72,6.370404e-05,-1.7210038,1.9113686
43.724,37.04,32.452522,203.72,6.393293e-05,-2.0652046,2.2936423
42.1808,37.04,32.801167,190.75601,6.418452e-05,-2.753606,3.0581899
38.58,37.04,31.304546,152.79001,6.4846485e-05,-2.4094055,2.675916
38.58,37.04,31.304546,152.79001,6.4846485e-05,-2.572,3.0670794e-08
36.008,37.04,34.378902,152.79001,6.4846485e-05,-3.0821702,0.16153029
34.979202,33.336,34.751102,148.16,6.4877146e-05,-2.9668384,0.85072666
33.436,27.78,33.611458,134.26999,6.507438e-05,-2.4461174,0.79479206
30.864,27.78,33.094307,119.453995,6.5242995e-05,-2.349639,1.0461266
28.292,27.78,32.604183,106.490005,6.552959e-05,-2.4649084,1.8574424
25.720001,27.78,36.178047,106.490005,6.601163e-05,-2.6334584,2.4557397
23.148,27.78,40.45904,106.490005,6.666408e-05,-3.882227,3.3747668
20.576,27.78,45.656143,106.490005,6.747182e-05,-4.993901,3.6282797
18.004,27.78,52.04299,106.490005,6.8243826e-05,-5.9583397,3.0359237
