Vmax,Rmax_IBT,Rmax_CK22,R34,fcor,u_trans,v_trans
18.004,55.56,25.409775,55.56,2.7328068e-05,-5.5724363,0.98257077
18.004,55.56,25.414597,55.56,2.7577498e-05,-5.5724363,0.98257077
18.004,55.56,25.419462,55.56,2.7827968e-05,-6.0790215,1.0718954
19.0328,55.56,24.164658,55.56,2.8077788e-05,-6.6048694,1.0461091
20.576,55.56,22.50455,55.56,2.8327528e-05,-6.6048694,1.0461091
21.604801,55.56,21.524927,55.56,2.857676e-05,-6.0790215,1.0718954
23.148,55.56,20.210638,55.56,2.882674e-05,-6.096802,0.9656391
23.148,55.56,23.644342,64.82,2.9057088e-05,-6.0790215,1.0718954
23.148,55.56,23.648312,64.82,2.9325609e-05,-6.5643377,1.2759771
23.148,55.56,23.653498,64.82,2.9680712e-05,-6.515807,1.5042937
23.148,55.56,23.659317,64.82,3.0073232e-05,-6.4885616,1.6177806
23.148,55.56,23.66453,64.82,3.042774e-05,-5.9894414,1.4933358
23.148,55.56,23.670418,64.82,3.0820032e-05,-5.9030786,1.8047506
23.148,50.004,23.67737,64.82,3.1298605e-05,-5.317157,1.9352864
23.148,46.3,23.684992,64.82,3.1814445e-05,-5.2085843,2.2109134
23.148,46.3,23.692265,64.82,3.231086e-05,-4.6620474,2.173948
23.148,46.3,23.69946,64.82,3.280731e-05,-4.1610575,2.0294824
23.148,46.3,21.977879,60.19,3.305528e-05,-4.5833383,2.335326
23.148,46.3,21.981619,60.19,3.3350185e-05,-5.5000057,2.802391
23.148,46.3,21.99046,60.19,3.404614e-05,-4.4092693,2.649355
23.148,46.3,21.997572,60.19,3.460929e-05,-4.161584,3.0235665
23.148,46.3,22.006044,60.19,3.5282377e-05,-6.6585345,4.837706
23.148,46.3,22.012257,60.19,3.577612e-05,-6.3962226,5.1795588
23.148,46.3,23.758736,64.82001,3.6909e-05,-3.9306557,4.070311
23.148,46.3,25.509417,69.45,3.7746686e-05,-3.508199,3.7620838
24.1768,40.744,24.499474,69.45,3.8624843e-05,-3.8227363,3.4420085
25.720001,37.04,23.117304,69.45,3.9464914e-05,-3.7620835,3.5081997
26.7488,37.04,23.032583,71.765,4.0284907e-05,-3.5733235,3.700283
28.292,37.04,22.544992,74.08,4.1177245e-05,-3.3065002,3.940532
29.3208,37.04,21.784592,74.08,4.2250827e-05,-3.40531,4.5189996
30.864,37.04,20.726906,74.08,4.3369746e-05,-3.40531,4.5189996
32.9216,27.78,21.375168,81.488,4.4359578e-05,-3.40531,4.5189996
33.436,27.78,21.515413,83.340004,4.458322e-05,-5.700532,7.29635
36.008,27.78,19.9497,83.340004,4.6034886e-05,-4.7504435,6.0802917
37.0368,27.78,19.367893,83.340004,4.7167025e-05,-2.9504778,4.2137175
38.58,27.78,18.558884,83.340004,4.796257e-05,-2.65543,3.7923458
38.58,27.78,20.482391,92.59999,4.8886846e-05,-2.9504778,4.2137175
38.58,27.78,22.368456,101.86,4.9880902e-05,-2.998495,4.7985954
38.58,27.78,22.333553,101.86,5.1039155e-05,-2.992632,5.398853
38.58,27.78,22.296568,101.86,5.22651e-05,-2.705978,5.5480757
38.58,27.78,23.193962,106.49,5.348652e-05,-2.3913443,5.1282516
38.58,27.78,24.07923,111.119995,5.4633376e-05,-2.4149613,4.5418825
39.6088,22.223999,23.318253,111.119995,5.5628738e-05,-2.9504778,4.2137175
41.152,18.52,22.258354,111.119995,5.6516048e-05,-3.4420075,3.8227372
43.724,18.52,22.128878,120.38,5.7336405e-05,-3.7002842,3.5733225
46.296,18.52,21.81577,129.64,5.8154368e-05,-3.4420075,3.8227372
47.3248,18.52,21.414505,131.955,5.912113e-05,-3.237225,3.997638
48.868,18.52,20.70505,134.27,6.0016075e-05,-3.3302557,3.2159903
49.8968,18.52,20.566895,138.9,6.0647446e-05,-3.8381126,2.5888395
51.440002,18.52,20.099257,143.53,6.1173734e-05,-3.8381126,2.5888395
55.040802,18.52,18.307325,145.845,6.178485e-05,-3.7923467,2.6554291
59.156002,18.52,16.467773,148.16,6.2326726e-05,-4.1610575,2.0294824
60.1848,18.52,15.978277,148.16,6.270628e-05,-4.892235,1.5895841
61.728,18.52,15.303941,148.16,6.3016254e-05,-4.3773727,1.5072504
62.7568,18.52,15.184564,155.105,6.3376916e-05,-4.350401,1.5834161
64.3,18.52,14.803283,162.04999,6.370404e-05,-4.4502573,1.27609
65.328804,18.52,14.361383,162.04999,6.3950334e-05,-4.5109434,1.0414342
66.872,18.52,13.746971,162.04999,6.416161e-05,-3.974978,1.0650918
67.9008,18.52,13.46543,166.68,6.440633e-05,-3.4245641,1.1127088
69.444,18.52,12.984118,171.31,6.461839e-05,-3.522114,0.74864763
72.016,18.52,12.122071,173.625,6.474955e-05,-4.084526,0.5015159
74.588,18.52,11.316574,175.94,6.4846485e-05,-4.084526,0.5015159
77.16,12.964,10.541127,175.94,6.497992e-05,-4.084526,0.5015159
79.732,9.26,9.832792,175.94,6.507438e-05,-3.5920286,0.25117946
81.2752,9.26,9.441742,175.94,6.508126e-05,-3.0864,3.6804952e-08
82.304,9.26,9.193179,175.94,6.507438e-05,-2.0572867,-0.035909843
82.304,9.26,9.178403,185.2,6.507438e-05,-2.5528288,0.31344745
80.7608,12.964,9.543253,189.83,6.518399e-05,-2.5247452,0.49076045
79.732,18.52,9.789772,194.46,6.530208e-05,-2.0322676,0.3218797
79.732,18.52,9.789772,194.46,6.530208e-05,-1.0286434,-0.017954921
78.7032,18.52,10.079413,195.386,6.529912e-05,-1.5432,1.8402476e-08
74.588,18.52,11.363706,199.09001,6.530208e-05,-1.5281817,0.21477221
72.016,22.223999,12.258631,199.09001,6.539457e-05,-1.4407014,0.5530332
69.444,27.78,13.234358,199.09001,6.552959e-05,-0.8818539,0.529871
66.872,27.78,14.395839,206.035,6.5643195e-05,-0.33065003,0.3940532
64.3,27.78,15.724343,212.98,6.575688e-05,-0.30957362,0.41081813
61.728,31.484,17.169424,215.295,6.587046e-05,-0.33065003,0.3940532
59.156002,37.04,18.801842,217.60999,6.5983986e-05,-0.15039603,0.49192315
56.584,37.04,20.65204,219.92499,6.6097455e-05,0.0,0.5144
54.012,37.04,22.756107,222.23999,6.621089e-05,0.0,0.5144
52.4688,40.744,24.307095,226.87,6.625623e-05,0.0,0.5144
51.440002,46.3,25.463837,231.5,6.643758e-05,-0.13449918,1.5373276
49.8968,46.3,27.067524,233.815,6.693559e-05,-0.44662377,2.5329256
48.868,46.3,28.197996,236.13,6.756802e-05,-0.57857406,2.50608
47.3248,50.004,30.071274,238.445,6.809747e-05,-0.8796764,2.4168892
46.296,55.56,31.421015,240.76001,6.869332e-05,-1.4645767,3.2894948
46.296,55.56,31.251884,240.76001,6.94444e-05,-1.8682618,3.66667
46.296,55.56,31.068943,240.76001,7.025991e-05,-1.931969,3.633506
46.296,55.56,30.89108,240.76001,7.105607e-05,-1.8682618,3.66667
46.296,55.56,30.721878,240.76001,7.181604e-05,-1.1723053,3.4046235
47.3248,55.56,29.465046,245.39001,7.249612e-05,-0.42954382,3.0563633
48.868,55.56,27.571552,250.01999,7.314133e-05,-0.2152961,3.0788817
49.8968,50.004,26.104536,247.705,7.3784504e-05,0.053865105,3.08593
51.440002,46.3,24.166265,245.39,7.4458614e-05,0.2511791,3.5920289
51.440002,46.3,23.861765,240.76001,7.5206786e-05,0.43882716,3.57396
51.440002,46.3,23.551903,236.13,7.5985095e-05,1.2716668,3.9137878
51.440002,46.3,23.385973,236.13,7.676049e-05,1.803985,3.6987174
51.440002,46.3,23.228582,236.13,7.750023e-05,1.4069446,3.314554
49.8968,46.3,25.233397,252.33499,7.814522e-05,1.4069446,3.314554
48.868,46.3,26.789719,268.53998,7.878973e-05,2.6451995,3.152426
47.3248,46.3,28.73178,268.54,7.952255e-05,4.3345857,3.6371493
46.296,46.3,30.064222,268.54,8.028322e-05,4.4588804,3.483659
46.296,46.3,29.970951,270.855,8.097703e-05,4.3345857,3.6371493
46.296,46.3,29.847733,273.17,8.176471e-05,4.5872846,4.1304092
44.7528,46.3,32.293877,277.80002,8.2718136e-05,5.0923,5.0923
43.724,46.3,34.029324,282.43,8.3859915e-05,5.163012,5.7341056
43.724,46.3,33.974155,282.43,8.4068044e-05,7.092959,5.951699
43.724,46.3,34.169968,294.46802,8.503237e-05,8.6282425,5.6032467
43.724,46.3,34.336067,310.21,8.613512e-05,9.800637,5.6583996
43.724,50.004,34.254814,321.78497,8.7300345e-05,10.141317,6.0935183
43.724,55.56,34.052113,333.36,8.858091e-05,10.234967,6.903572
43.724,68.524,33.782505,351.88,8.998293e-05,9.063225,7.604948
43.724,83.34,33.269936,370.40002,9.1583395e-05,8.575974,8.880681
43.724,96.304,32.59454,377.34503,9.337541e-05,7.7693377,9.594334
43.724,111.12,31.841253,384.28998,9.529617e-05,8.596898,10.245385
42.1808,129.64,35.083073,391.235,9.7138705e-05,8.774396,10.093788
41.152,148.16,37.260693,398.18,9.909108e-05,7.9662886,11.377039
41.152,148.16,36.371525,405.125,0.00010125389,6.3053827,12.375011
41.152,148.16,35.42545,412.07,0.00010348522,4.574314,12.567825
39.6088,148.16,39.41183,430.59003,0.00010569058,3.5446966,12.361826
38.58,148.16,42.233402,449.11,0.00010769781,4.0465083,11.117691
37.0368,148.16,48.161625,449.11,0.00010935275,5.2371078,9.447992
36.008,148.16,52.53037,449.11,0.00011073365,6.798171,8.395042
33.436,148.16,66.1395,432.905,0.00011200587,8.152676,7.0870123
30.864,148.16,82.222336,416.7,0.00011301946,9.259464,5.5636477
28.292,157.42,103.20268,416.7,0.000113746624,10.015811,4.046651
25.720001,166.68,128.99712,416.7,0.00011429543,10.21387,3.5169175
