Vmax,Rmax_IBT,Rmax_CK22,R34,fcor,u_trans,v_trans
18.004,74.08,37.392956,80.253334,3.651592e-05,-8.169052,1.0030318
18.004,74.08,37.402164,80.253334,3.676114e-05,-7.6409082,1.0738611
18.004,74.08,37.411503,80.253334,3.700857e-05,-7.1315145,1.0022703
19.0328,74.08,35.54352,80.253334,3.7254118e-05,-7.6409082,1.0738611
20.576,74.08,33.055836,80.253334,3.7500762e-05,-7.6409082,1.0738611
20.576,74.08,42.0675,101.24267,3.7745704e-05,-7.6409082,1.0738611
20.576,74.08,51.756508,123.46667,3.7992504e-05,-8.169052,1.0030318
20.576,92.6,51.7719,123.46667,3.823781e-05,-8.679619,1.0657214
20.576,111.12,51.787292,123.46667,3.8483773e-05,-8.679619,1.0657214
20.576,111.12,53.159554,126.55332,3.8728227e-05,-8.679619,1.0657214
20.576,111.12,54.535748,129.64,3.897458e-05,-8.679619,1.0657214
20.576,111.12,54.553505,129.64,3.9237286e-05,-8.679619,1.0657214
20.576,111.12,46.43949,111.119995,3.9464914e-05,-9.223967,0.8069924
20.576,111.12,46.446762,111.119995,3.960502e-05,-9.2465105,0.4845909
20.576,111.12,46.4522,111.119995,3.9709896e-05,-9.2465105,0.4845909
20.576,111.12,55.41233,131.492,3.983109e-05,-9.2465105,0.4845909
20.576,111.12,64.90242,152.79,3.995476e-05,-9.760205,0.5115126
21.604801,96.304,61.84683,152.79,4.007627e-05,-9.760205,0.5115126
23.148,83.34,57.694366,152.79,4.0199502e-05,-9.760205,0.5115126
24.1768,68.524,55.183083,152.79,4.0320705e-05,-9.760205,0.5115126
25.720001,55.56,51.744087,152.79,4.0444127e-05,-9.760205,0.5115126
25.720001,55.56,52.551224,155.105,4.0565257e-05,-9.760205,0.5115126
25.720001,55.56,53.358913,157.42,4.0688625e-05,-9.760205,0.5115126
25.720001,50.004,53.362183,157.42,4.079185e-05,-9.760205,0.5115126
25.720001,46.3,53.366722,157.42,4.093299e-05,-9.223967,0.8069924
26.7488,46.3,55.7845,171.31,4.1157735e-05,-8.679619,1.0657214
28.292,46.3,56.71198,185.2,4.142137e-05,-8.679619,1.0657214
28.292,46.3,57.420948,187.515,4.164643e-05,-8.169052,1.0030318
28.292,46.3,58.129433,189.83,4.1909232e-05,-8.12907,1.2875189
30.864,37.04,52.550655,189.83,4.225583e-05,-7.547387,1.604245
33.436,27.78,47.741226,189.83,4.2640077e-05,-7.017023,1.6200086
36.008,31.484,46.917458,206.035,4.2985943e-05,-6.4885616,1.6177806
38.58,37.04,45.72303,222.23999,4.3369746e-05,-6.4281497,1.8432412
41.152,37.04,42.097862,224.555,4.3836815e-05,-6.359905,2.0664594
43.724,37.04,38.809124,226.87,4.4340795e-05,-6.359905,2.0664594
46.296,46.3,35.557804,226.87,4.482516e-05,-6.359905,2.0664594
48.868,55.56,32.636257,226.87,4.5309676e-05,-6.359905,2.0664594
51.440002,50.004,31.650684,247.70502,4.57747e-05,-5.836497,2.0096672
54.012,46.3,30.22589,268.53998,4.627635e-05,-5.723321,2.31237
56.584,40.744,27.672455,270.85498,4.684267e-05,-5.548076,2.7059765
59.156002,37.04,25.29456,273.16998,4.748151e-05,-5.4502587,2.8979545
59.156002,37.04,25.127068,275.485,4.8184465e-05,-5.345802,3.0863996
59.156002,37.04,24.941805,277.8,4.892293e-05,-5.345802,3.0863996
59.156002,37.04,24.825834,282.43,4.9623286e-05,-5.345802,3.0863996
59.156002,37.04,24.681746,287.06,5.035898e-05,-5.234831,3.2710865
59.156002,37.04,24.392626,287.06,5.1176172e-05,-5.1174836,3.451786
59.156002,37.04,24.094656,287.06,5.2027382e-05,-4.9298167,3.7148848
59.156002,37.04,24.131737,305.58,5.282237e-05,-4.3345866,3.6371489
59.156002,37.04,24.003765,324.1,5.3688025e-05,-4.5872836,4.13041
57.6128,37.04,25.153563,324.1,5.4680222e-05,-4.8103695,4.6453195
56.584,37.04,25.796894,324.1,5.581132e-05,-5.0026526,5.180396
55.040802,37.04,27.162325,333.36002,5.7066758e-05,-5.2622986,5.6431255
54.012,37.04,27.999498,342.62,5.83877e-05,-5.1630116,5.734106
55.040802,37.04,26.194126,342.62,5.965001e-05,-5.1630116,5.734106
56.584,37.04,23.881186,342.62,6.0942573e-05,-5.1630116,5.734106
57.6128,37.04,22.246311,342.62,6.229227e-05,-5.2904005,6.304851
59.156002,37.04,20.170824,342.62,6.370404e-05,-4.3147345,6.396853
60.1848,37.04,18.79766,333.36002,6.515336e-05,-3.74079,6.748566
61.728,37.04,17.105543,324.1,6.666408e-05,-3.622442,6.812824
62.7568,31.484,15.898997,319.47,6.82102e-05,-3.7365236,7.33334
64.3,27.78,14.413553,314.84,6.981338e-05,-3.0831623,7.631094
61.728,27.78,15.796854,314.84,7.144992e-05,-2.268607,7.9115677
59.156002,27.78,17.398241,314.84,7.314133e-05,-1.851437,8.019456
55.040802,27.78,20.890675,303.26498,7.492855e-05,-1.2875173,8.12907
51.440002,27.78,24.469904,291.69,7.663584e-05,-0.25133297,7.197213
48.868,40.744,27.482634,291.69,7.8054276e-05,0.8149647,6.637355
46.296,55.56,31.0446,291.69,7.943125e-05,1.98503,6.922622
44.7528,50.004,33.515404,298.635,8.097804e-05,2.9495115,7.68374
43.724,46.3,35.25852,305.58,8.2605824e-05,3.2758598,8.108038
41.152,46.3,40.41927,305.58,8.4275074e-05,3.2758598,8.108038
38.58,46.3,46.618023,305.58,8.592957e-05,3.9700563,7.7916746
37.0368,46.3,50.1565,298.63498,8.747912e-05,5.042922,7.7654185
36.008,46.3,52.30013,291.69,8.898478e-05,5.572325,7.3947263
33.436,77.784,60.87259,291.69,9.047272e-05,6.6129985,7.8810654
30.864,111.12,71.1683,291.69,9.197902e-05,7.5039783,7.7705965
30.864,111.12,70.47079,289.375,9.343141e-05,8.652792,8.068858
30.864,111.12,69.73933,287.06,9.5103336e-05,9.820865,9.820865
31.8928,111.12,64.91239,287.06,9.715578e-05,10.46178,12.034901
33.436,111.12,58.28475,287.06,9.9464e-05,9.373058,12.900908
33.436,111.12,57.76859,287.06,0.00010185829,9.373058,12.900908
33.436,111.12,57.30221,287.06,0.00010402188,9.906356,13.14618
30.864,112.972,67.92312,287.06,0.00010490995,10.916766,15.590757
29.835201,120.38,72.67641,287.986,0.000106660176,10.326671,14.7480135
28.292,129.64,81.19777,291.69,0.00010906038,9.906356,13.14618
