Vmax,Rmax_IBT,Rmax_CK22,R34,fcor,u_trans,v_trans
20.576,74.08,51.939404,123.466675,4.093299e-05,-8.2304,9.8146536e-08
21.604801,64.82,46.94542,117.293335,4.091412e-05,-7.716,9.201238e-08
23.148,55.56,41.480778,111.12,4.093299e-05,-7.7054253,0.40382573
25.720001,50.004,37.364555,111.12,4.112824e-05,-6.6709104,0.4664761
28.292,46.3,33.934124,111.12,4.1177245e-05,-5.5724363,-0.9825706
28.292,40.744,35.83119,117.293335,4.065066e-05,-4.6620474,-2.173948
28.292,37.04,37.728806,123.466675,4.0199502e-05,-5.115821,-0.53769374
29.3208,37.04,39.086708,132.72667,4.038315e-05,-5.9624667,1.5976379
30.864,37.04,33.6039,120.38,4.093299e-05,-5.594457,2.6087375
31.8928,37.04,35.519234,131.955,4.1645922e-05,-5.345802,3.0863996
33.436,37.04,36.579144,143.53,4.239659e-05,-6.578989,2.9291546
34.4648,31.484,35.33593,143.53,4.2973792e-05,-7.4170957,2.1268167
36.008,27.78,33.604527,143.53,4.3369746e-05,-7.092191,1.2505447
37.5512,27.78,32.011,143.53,4.358692e-05,-6.637355,0.81496334
38.58,27.78,31.021664,143.53,4.3612705e-05,-7.2005033,0.12568462
38.58,27.78,31.021664,143.53,4.3612705e-05,-6.6861815,-0.116707
34.4648,27.78,28.177534,113.435,4.358071e-05,-5.6584,6.7475746e-08
30.864,27.78,23.308506,83.34,4.3612705e-05,-4.6119833,0.4034962
25.720001,31.484,27.888638,83.34,4.37822e-05,-4.5109434,1.0414342
20.576,37.04,30.599396,74.08,4.409823e-05,-4.322104,1.6590996
19.0328,37.04,37.227448,83.34,4.4564524e-05,-4.1958427,1.9565531
18.004,37.04,43.799175,92.600006,4.506766e-05,-4.769434,1.926975
18.004,37.04,43.81799,92.600006,4.546666e-05,-5.4392037,1.5596656
18.004,37.04,43.833336,92.600006,4.5793287e-05,-5.5347505,1.1764463
19.0328,37.04,47.465324,104.94666,4.6052708e-05,-6.0790215,1.0718954
20.576,37.04,42.70872,101.86,4.627635e-05,-6.096802,0.9656391
23.148,46.3,49.82569,131.955,4.6517674e-05,-6.0790215,1.0718954
25.720001,55.56,55.154045,162.04999,4.675884e-05,-5.0494905,0.9815209
25.720001,50.004,52.740585,155.10501,4.6988727e-05,-4.5109434,1.0414342
25.720001,46.3,50.329353,148.16,4.7240763e-05,-4.492081,1.1200019
25.720001,46.3,48.724766,143.53,4.748151e-05,-4.492081,1.1200019
25.2056,46.3,68.69578,196.31201,4.7502377e-05,-4.1152,4.9073268e-08
23.148,55.56,59.94479,157.42,4.748151e-05,-4.628895,-0.08079715
18.004,55.56,37.037838,78.71,4.746124e-05,-4.6296,5.520743e-08
