Vmax,Rmax_IBT,Rmax_CK22,R34,fcor,u_trans,v_trans
18.004,74.08,53.010597,111.12,4.4340795e-05,-7.734046,2.814962
19.0328,74.08,50.349915,111.12,4.504899e-05,-7.5761228,3.2158742
20.576,74.08,46.760963,111.12,4.5793287e-05,-7.048917,3.13838
20.576,74.08,46.795986,111.12,4.6498815e-05,-6.472756,3.1569724
20.576,74.08,42.749836,101.86,4.7240763e-05,-6.3586354,3.3809469
20.576,74.08,42.783966,101.86,4.804653e-05,-5.6710668,3.5436769
20.576,74.08,42.820934,101.86,4.892293e-05,-4.9298167,3.7148848
21.604801,74.08,42.811916,106.490005,4.9826605e-05,-4.5145,4.20984
23.148,74.08,41.817974,111.12,5.083645e-05,-3.88467,4.797166
23.148,74.08,41.855957,111.12,5.2009247e-05,-3.3619473,5.176946
23.148,74.08,41.89457,111.12,5.321436e-05,-2.829201,4.9003177
24.1768,55.56,40.105026,111.12,5.433175e-05,-2.998495,4.7985954
25.720001,37.04,37.62759,111.12,5.5340646e-05,-3.3065002,3.940532
26.7488,37.04,43.76926,134.26999,5.6198878e-05,-4.3345866,3.6371489
28.292,37.04,41.11614,134.26999,5.698501e-05,-4.993901,3.6282797
29.3208,31.484,46.848286,159.735,5.780353e-05,-5.0564623,3.540572
30.864,27.78,50.67352,185.20001,5.862087e-05,-5.6710668,3.5436769
33.436,22.223999,45.54044,185.20001,5.9435537e-05,-6.172977,3.709097
36.008,18.52,41.05865,185.20001,6.0247978e-05,-6.172977,3.709097
37.0368,18.52,39.37464,185.20001,6.105741e-05,-5.608358,3.6421106
38.58,18.52,37.02999,185.20001,6.186609e-05,-5.608358,3.6421106
39.6088,18.52,35.524914,185.20001,6.267092e-05,-5.608358,3.6421106
41.152,18.52,33.43444,185.20001,6.3474974e-05,-5.6710668,3.5436769
42.1808,27.78,34.374767,203.72,6.431014e-05,-6.172977,3.709097
43.724,37.04,34.16166,222.24,6.507438e-05,-5.4502587,2.8979545
44.7528,37.04,32.669693,222.24,6.564254e-05,-5.041672,2.5688584
46.296,37.04,30.60893,222.24,6.621089e-05,-4.8501964,2.9142904
47.3248,37.04,30.475773,240.76,6.69526e-05,-4.45888,3.483659
48.868,37.04,29.298817,259.28,6.7793495e-05,-3.508199,3.7620838
48.868,37.04,29.078415,259.28,6.8642104e-05,-2.8764894,4.264569
48.868,37.04,28.83377,259.28,6.958979e-05,-2.4938598,4.4990444
49.8968,37.04,27.282059,259.28,7.065548e-05,-2.6564574,4.996071
51.440002,37.04,25.191175,259.28,7.181604e-05,-2.705978,5.5480757
52.4688,31.484,23.769476,259.28,7.301478e-05,-2.3123717,5.7233205
54.012,27.78,21.894316,259.28,7.423962e-05,-1.0796746,5.554439
51.440002,27.78,24.290098,259.28,7.5424345e-05,0.49316204,5.6368685
48.868,27.78,27.06315,259.28,7.663584e-05,1.9075001,5.870682
46.296,27.78,30.385714,261.595,7.788251e-05,2.9314756,6.0104156
43.724,27.78,34.30105,263.91,7.921766e-05,3.740791,6.7485657
43.724,27.78,33.819324,261.595,8.067494e-05,4.2389693,7.05483
43.724,27.78,33.334984,259.27997,8.2185776e-05,5.1400647,7.0746922
42.1808,27.78,35.757187,259.27997,8.363429e-05,6.4120584,7.3762293
41.152,27.78,37.40976,259.27997,8.510482e-05,7.5039783,7.7705965
41.152,40.744,37.51651,266.22498,8.669056e-05,8.792295,7.9166174
41.152,55.56,37.59387,273.16998,8.8175955e-05,10.353891,6.723896
39.6088,55.56,40.747364,273.16998,8.9363406e-05,11.558492,5.6374536
38.58,55.56,42.994934,273.16998,9.038981e-05,11.655118,5.434871
37.0368,55.56,47.032207,275.485,9.14566e-05,11.188913,5.2174764
36.008,55.56,50.046627,277.8,9.2373535e-05,10.969697,4.432046
36.008,55.56,49.142876,270.855,9.310887e-05,10.330387,3.158317
36.008,55.56,48.28917,263.91,9.35503e-05,9.145205,1.4484583
34.4648,55.56,52.887497,263.91,9.363389e-05,7.716,-3.3727707e-07
33.436,55.56,56.242813,263.91,9.35503e-05,7.7113,-0.26928425
31.8928,55.56,61.683613,263.91,9.355122e-05,7.716,-3.3727707e-07
30.864,55.56,65.62199,263.91,9.35503e-05,6.17186,0.107730076
29.3208,64.82,66.63494,240.76001,9.360678e-05,4.6296,-2.0236625e-07
28.292,74.08,64.59018,217.61,9.35503e-05,3.9353852,-1.2031682
25.720001,74.08,77.67678,226.87,9.315834e-05,3.019885,-1.9611363
23.148,74.08,65.569214,166.68,9.2766924e-05,2.8616602,-1.1561857
21.604801,92.6,71.183556,166.68,9.2722235e-05,2.572,-1.1242569e-07
20.576,111.12,75.25685,166.68,9.2766924e-05,3.0845199,-0.1077137
19.0328,111.12,81.89763,166.68,9.2683134e-05,3.0484014,-0.48281932
18.004,111.12,86.70917,166.68,9.257037e-05,3.0484014,-0.48281932
