Vmax,Rmax_IBT,Rmax_CK22,R34,fcor,u_trans,v_trans
20.576,111.12,69.514084,166.68,2.5074483e-05,-12.421806,3.3284123
20.576,111.12,65.59827,157.42,2.6038593e-05,-11.867353,3.4029067
20.576,111.12,59.011463,141.98666,2.707799e-05,-11.314234,3.459105
21.604801,101.86,69.200806,172.85333,2.7931603e-05,-11.314234,3.459105
23.148,92.6,76.785324,203.72002,2.882674e-05,-12.230587,3.9739604
24.1768,83.34,73.55262,203.72002,2.9948666e-05,-13.209033,4.291877
25.720001,74.08,69.032555,203.72002,3.1068776e-05,-13.281926,4.0606885
29.3208,55.56,59.969296,203.72002,3.195529e-05,-12.856299,3.6864824
33.436,37.04,51.724857,203.72002,3.280731e-05,-12.790004,3.9102929
36.008,31.484,47.380287,203.72002,3.3796932e-05,-13.209033,4.291877
38.58,27.78,36.253155,166.68,3.47882e-05,-13.350772,3.82827
37.0368,27.78,39.867523,175.94,3.5576846e-05,-13.350772,3.82827
36.008,27.78,43.12681,185.2,3.651592e-05,-13.534581,4.926183
34.4648,27.78,42.066536,171.31,3.795517e-05,-13.731723,5.828772
33.436,27.78,40.087666,157.42,3.9464914e-05,-12.877472,5.202832
33.436,27.78,40.04112,157.42,4.0655057e-05,-12.084448,4.3983784
33.436,27.78,40.001007,157.42,4.1665367e-05,-12.230587,3.9739604
31.8928,40.744,42.17207,157.42,4.2628166e-05,-11.741363,3.8150017
30.864,55.56,43.744953,157.42,4.3369746e-05,-10.8784075,3.1193311
29.3208,50.004,46.32619,157.42,4.378719e-05,-8.943701,2.3964567
28.292,46.3,48.196766,157.42,4.409823e-05,-6.8491282,2.2254176
28.292,40.744,47.487324,155.105,4.4545537e-05,-4.699278,2.0922532
28.292,37.04,46.778065,152.79001,4.506766e-05,-4.623397,2.2549803
26.7488,37.04,48.978413,150.475,4.5599314e-05,-5.041672,2.5688584
25.720001,37.04,50.303967,148.16,4.627635e-05,-5.1174836,3.451786
25.720001,37.04,47.107933,138.9,4.718651e-05,-5.196931,4.208391
25.720001,37.04,43.916126,129.64001,4.8202877e-05,-5.122693,4.2984486
26.7488,31.484,42.145817,129.64001,4.91981e-05,-4.797167,3.8846688
28.292,27.78,39.68187,129.64001,5.012002e-05,-4.5777426,3.325923
28.292,27.78,38.735447,126.55334,5.087156e-05,-4.7455335,3.081786
28.292,27.78,32.089684,104.94666,5.155148e-05,-5.234831,3.2710865
28.292,27.78,32.092533,104.94666,5.2230105e-05,-5.1174836,3.451786
28.292,27.78,32.09554,104.94666,5.2977284e-05,-4.797167,3.8846688
26.7488,27.78,34.048054,104.94666,5.3888452e-05,-3.5733235,3.700283
25.720001,27.78,35.48045,104.94666,5.4869302e-05,-3.0957363,4.1081815
25.720001,27.78,32.291435,95.68667,5.5811168e-05,-2.3844206,3.9683416
25.720001,27.78,29.108265,86.42667,5.6750614e-05,-2.0294836,4.1610565
25.720001,27.78,31.250227,92.600006,5.770446e-05,-1.8089286,4.2615695
25.720001,27.78,33.397835,98.77334,5.862087e-05,-1.6079365,3.7880616
26.7488,27.78,32.06553,98.77334,5.940073e-05,-1.673802,3.7594228
28.292,27.78,30.220299,98.77334,6.0247978e-05,-1.6591008,4.322104
29.3208,31.484,33.605946,114.206665,6.130077e-05,-1.4178793,4.94473
30.864,37.04,35.877144,129.64,6.255676e-05,-1.071897,6.0790215
31.8928,37.04,34.474697,129.64,6.403005e-05,-0.81496525,6.637355
33.436,37.04,32.51005,129.64,6.552959e-05,-0.965638,6.0968027
30.864,37.04,35.805832,129.64,6.676037e-05,-1.1764479,5.5347505
28.292,37.04,39.687946,129.64,6.801876e-05,-0.85908765,6.1127267
28.292,37.04,38.74319,126.55332,6.958974e-05,-0.34998104,6.6780353
28.292,37.04,37.79865,123.46667,7.115043e-05,0.0,6.6872
25.720001,37.04,36.797398,108.033325,7.240187e-05,0.64523333,6.138985
23.148,37.04,35.119328,92.600006,7.3581316e-05,1.804752,5.903078
21.604801,87.044,62.011036,148.16,7.486344e-05,3.1569736,6.4727554
20.576,138.9,83.0766,185.2,7.620224e-05,3.3809466,6.3586354
20.576,142.604,83.182495,185.2,7.757474e-05,3.491405,6.298661
20.576,148.16,83.29083,185.2,7.900381e-05,4.602381,6.8233113
20.576,148.16,83.40189,185.2,8.049526e-05,5.8270035,7.19575
20.576,148.16,83.51007,185.2,8.197536e-05,6.0745816,6.988007
21.604801,148.16,79.08745,185.2,8.335345e-05,6.1956143,6.8809266
23.148,148.16,72.89461,185.2,8.469088e-05,6.789313,7.030539
23.148,157.42,88.04502,222.24,8.598442e-05,7.2747145,7.2747145
23.148,166.68,103.07157,259.28,8.7362794e-05,7.5039783,7.7705965
23.148,138.9,103.09231,259.28,8.8891735e-05,7.7180386,8.276584
23.148,111.12,76.85358,194.45999,9.058944e-05,8.575974,8.880681
23.148,111.12,78.79034,199.09,9.245829e-05,9.093393,9.093393
23.148,111.12,80.72006,203.72,9.4329116e-05,8.933308,9.2507105
23.148,111.12,75.10371,189.83,9.602263e-05,8.419679,9.029
23.148,111.12,69.47541,175.94,9.758735e-05,7.916618,8.7922945
