Vmax,Rmax_IBT,Rmax_CK22,R34,fcor,u_trans,v_trans
20.576,46.3,18.687449,46.300003,2.7827968e-05,-8.744801,1.042807e-07
21.604801,46.3,20.420807,52.782,2.7827218e-05,-8.744801,1.042807e-07
23.148,46.3,21.910675,60.19,2.7827968e-05,-8.744801,1.042807e-07
23.148,40.744,21.910643,60.19,2.7827631e-05,-9.2592,1.1041486e-07
23.148,37.04,21.910675,60.19,2.7827968e-05,-8.744801,1.042807e-07
23.148,37.04,25.51699,69.913,2.780848e-05,-8.744801,1.042807e-07
23.148,37.04,29.660229,81.025,2.7827968e-05,-8.739473,0.3051875
23.148,37.04,32.958206,89.822,2.79334e-05,-8.732816,0.4576692
23.148,37.04,36.62091,99.545006,2.807779e-05,-8.732816,0.4576692
24.1768,59.264,37.49256,106.027,2.8183602e-05,-9.2465105,0.4845909
25.720001,83.34,37.86567,113.435005,2.8327528e-05,-9.223967,0.8069924
26.7488,87.044,42.821793,132.88101,2.8558272e-05,-8.679619,1.0657214
28.292,92.6,46.644855,152.79001,2.882674e-05,-7.6409082,1.0738611
31.8928,92.6,41.271214,152.79001,2.9056597e-05,-6.6048694,1.0461091
36.008,92.6,36.36778,152.79001,2.9325609e-05,-6.0790215,1.0718954
37.0368,64.82,35.291492,152.79001,2.9582876e-05,-6.515807,1.5042937
38.58,37.04,33.766296,152.79001,3.0073232e-05,-7.8707714,2.406334
38.58,33.336,33.55724,151.86401,3.0322259e-05,-8.806023,2.8612514
40.1232,27.78,31.87358,150.475,3.0753545e-05,-8.406042,2.4103925
43.724,18.52,28.594147,148.16,3.131743e-05,-8.406042,2.4103925
47.3248,12.964,25.585321,144.456,3.195195e-05,-8.362695,2.55673
51.440002,9.26,22.825748,141.215,3.2559245e-05,-8.943701,2.3964567
54.012,9.26,22.427092,148.16,3.307348e-05,-9.021887,2.0828683
56.584,9.26,21.97694,155.10501,3.3550914e-05,-9.021887,2.0828683
57.6128,9.26,21.784529,158.346,3.4045243e-05,-8.485043,2.1155593
59.156002,9.26,21.389833,162.05,3.454095e-05,-8.485043,2.1155593
59.156002,9.26,21.533678,164.365,3.5034616e-05,-8.485043,2.1155593
59.156002,9.26,21.67151,166.68001,3.5529305e-05,-8.485043,2.1155593
54.012,9.26,23.937088,164.36499,3.6022284e-05,-8.485043,2.1155593
48.868,9.26,26.663982,162.05,3.651592e-05,-7.985922,1.9911145
52.4688,12.964,24.391739,162.05,3.698923e-05,-7.985922,1.9911145
56.584,18.52,22.130735,162.05,3.7500762e-05,-7.9115686,2.2686045
59.156002,18.52,21.034721,164.365,3.809643e-05,-7.827575,2.5433345
61.728,18.52,19.984379,166.68,3.872924e-05,-7.781996,2.6795564
64.3,18.52,18.817862,166.68,3.9341554e-05,-7.2956214,2.512084
66.872,18.52,17.730923,166.68,3.995476e-05,-7.2956214,2.512084
67.9008,18.52,17.397678,168.995,4.0529078e-05,-7.2956214,2.512084
69.444,18.52,16.861622,171.31,4.1177245e-05,-7.5761228,3.2158742
70.4728,18.52,16.351986,171.31,4.201178e-05,-7.397435,3.6079686
72.016,18.52,15.67774,171.31,4.288343e-05,-8.049631,3.4168665
70.4728,18.52,16.055622,171.31,4.3630727e-05,-8.217424,2.9908972
69.444,18.52,16.284422,171.31,4.4340795e-05,-8.217424,2.9908972
67.9008,18.52,16.713324,171.31,4.506685e-05,-7.6310945,3.0831602
66.872,18.52,16.973467,171.31,4.5793287e-05,-7.6310945,3.0831602
65.328804,18.52,17.455647,171.31,4.651672e-05,-7.1026154,3.014882
64.3,18.52,17.75468,171.31,4.7240763e-05,-7.1026154,3.014882
62.7568,18.52,18.575066,175.94,4.7925783e-05,-7.1026154,3.014882
61.728,18.52,19.19149,180.57,4.868306e-05,-7.648375,4.2395635
60.1848,18.52,20.076338,186.126,4.989535e-05,-7.127736,4.115199
59.156002,18.52,20.860313,192.14499,5.059779e-05,-6.7232733,2.5808215
59.156002,18.52,20.780035,190.756,5.059779e-05,-6.993071,3.260922
47.3248,18.52,28.620989,185.2,5.1360432e-05,-8.006064,5.6059055
33.436,18.52,44.38535,178.25499,5.2977284e-05,-7.4908514,5.4424195
33.436,18.52,39.69745,158.346,5.3895597e-05,-6.8128233,3.6224432
33.436,18.52,35.05594,138.9,5.4633376e-05,-5.904447,3.1394508
36.008,27.78,33.885788,147.69699,5.5357177e-05,-5.904447,3.1394508
38.58,37.04,32.79024,157.42,5.6046403e-05,-5.904447,3.1394508
39.6088,37.04,32.163258,160.661,5.6768e-05,-5.9583397,3.0359237
41.152,37.04,31.05272,164.365,5.7453286e-05,-6.010416,2.9314744
41.152,40.744,31.840794,169.921,5.80721e-05,-5.6391335,2.510704
41.152,46.3,32.68377,175.94,5.862087e-05,-5.2085843,2.2109134
42.1808,40.744,33.00036,187.052,5.9121092e-05,-5.2463775,2.1196725
43.724,37.04,32.630806,199.09,5.9551734e-05,-4.833779,1.7593513
49.8968,37.04,26.580566,203.72,5.9934624e-05,-4.892235,1.5895841
56.584,37.04,21.416748,208.35,6.0247978e-05,-4.4502573,1.27609
56.584,31.484,21.366625,208.35,6.049665e-05,-3.974978,1.0650918
56.584,27.78,21.32355,208.35,6.0711227e-05,-3.4434626,1.0527711
56.584,27.78,20.900122,200.016,6.0941682e-05,-3.4434626,1.0527711
56.584,27.78,20.474607,192.145,6.1173734e-05,-3.974978,1.0650918
46.296,64.82,27.436867,179.181,6.143972e-05,-5.0494905,0.9815209
36.008,101.86,37.34452,166.68,6.1635496e-05,-5.115821,0.5376939
29.3208,105.564,38.775047,131.95499,6.1669845e-05,-4.6296,5.520743e-08
23.148,111.12,36.67767,97.229996,6.1635496e-05,-4.1145735,-0.071819685
19.0328,111.12,21.532875,48.614998,6.16352e-05,-3.6008,4.293911e-08
