Vmax,Rmax_IBT,Rmax_CK22,R34,fcor,u_trans,v_trans
23.148,185.2,61.25307,157.42,7.5985095e-05,-3.048401,-0.48281947
23.148,120.38,61.25366,157.42,7.600058e-05,-3.0864,3.6804952e-08
23.148,55.56,53.736504,138.9,7.5985095e-05,-3.5346434,-0.6870645
24.1768,55.56,50.978703,138.437,7.570797e-05,-4.3773727,-1.5072504
25.720001,55.56,47.61311,138.9,7.533226e-05,-4.4030113,-1.4306257
26.7488,55.56,44.228256,135.196,7.5070624e-05,-4.3773727,-1.5072504
28.292,55.56,40.365658,131.955,7.467736e-05,-4.3141212,-2.8016236
26.7488,55.56,41.93075,128.251,7.392714e-05,-3.0372913,-3.4940033
25.720001,55.56,42.733406,125.009995,7.314133e-05,-0.871112,-3.493841
25.720001,55.56,42.72554,125.009995,7.253392e-05,1.6873837,-1.9411132
25.720001,55.56,42.72195,125.009995,7.2258685e-05,3.587098,-0.3138305
25.720001,55.56,44.826496,131.02899,7.239251e-05,4.9192314,1.5039605
25.720001,55.56,47.583237,138.9,7.2921e-05,4.63509,3.2455251
25.720001,55.56,47.593796,138.9,7.375107e-05,3.7122445,4.2704487
25.720001,55.56,47.60523,138.9,7.467736e-05,2.8502665,3.6481748
26.7488,55.56,49.71229,151.864,7.538076e-05,2.699814,3.105781
28.292,55.56,50.765476,166.68,7.5985095e-05,2.909886,2.909886
28.292,55.56,50.755722,166.68,7.65273e-05,3.152426,2.6451995
28.292,55.56,50.745857,166.68,7.70685e-05,3.152426,2.6451995
28.292,55.56,48.538372,159.272,7.768316e-05,3.4404635,3.097807
28.292,55.56,46.59884,152.79,7.8360856e-05,3.7620835,3.5081995
29.3208,55.56,44.479176,152.79,7.909437e-05,3.7620835,3.5081995
30.864,55.56,41.52618,152.79,7.9857724e-05,4.205011,3.7862084
31.8928,40.744,41.21845,159.272,8.064953e-05,4.3345857,3.6371493
33.436,27.78,40.076397,166.68,8.134267e-05,3.6973631,2.7861626
33.436,27.78,41.969715,175.94,8.1842954e-05,3.527415,2.1194847
33.436,27.78,43.829254,185.2,8.2185776e-05,3.2894945,1.4645772
33.436,27.78,43.8076,185.2,8.2458144e-05,3.974978,1.0650922
33.436,27.78,43.795822,185.2,8.2605824e-05,4.6042385,0.48392478
33.436,27.78,43.793304,185.2,8.263705e-05,5.144,-2.2485138e-07
33.436,27.78,43.795822,185.2,8.2605824e-05,5.144,-2.2485138e-07
33.436,27.78,43.79338,185.2,8.263655e-05,5.6584,-2.4733652e-07
33.436,27.78,43.795822,185.2,8.2605824e-05,5.627403,-0.5914641
33.436,31.484,42.121735,176.866,8.238011e-05,6.0790215,-1.0718956
33.436,37.04,40.50803,168.995,8.2185776e-05,5.6506453,-0.29613772
33.436,37.04,39.72735,165.29099,8.227378e-05,5.115821,0.5376942
33.436,37.04,39.037216,162.04999,8.239592e-05,5.1432166,0.08977506
34.4648,37.04,36.140377,156.031,8.230685e-05,5.6368685,-0.49316218
36.008,37.04,32.866825,150.475,8.2185776e-05,5.1369505,-0.2692161
36.008,37.04,32.866886,150.475,8.21847e-05,4.1152,-1.7988111e-07
36.008,37.04,32.866825,150.475,8.2185776e-05,4.1126933,-0.14361827
36.008,37.04,32.871452,150.475,8.2111525e-05,4.084526,-0.5015165
36.008,37.04,32.879868,150.475,8.197536e-05,4.559266,-0.8039217
37.0368,37.04,31.552376,150.475,8.177998e-05,4.5284324,-0.96254766
38.58,37.04,29.69263,150.475,8.155382e-05,5.0315914,-1.0694975
38.58,37.04,29.7092,150.475,8.132707e-05,5.04949,-0.98152167
38.58,37.04,29.72347,150.475,8.113127e-05,4.5726023,-0.724229
37.0368,37.04,31.601624,150.475,8.104059e-05,4.075151,-0.57272506
36.008,37.04,32.94526,150.475,8.0919635e-05,3.974978,-1.065092
34.4648,37.04,36.238853,156.031,8.063382e-05,3.2894945,-1.4645771
33.436,37.04,39.15937,162.05,8.028322e-05,2.0540903,-1.5478685
33.436,37.04,41.517925,173.162,8.004352e-05,0.3733338,-1.4973603
33.436,37.04,44.03029,185.2,7.9644604e-05,0.16152999,-3.0821702
33.436,40.744,45.96964,194.45999,7.8853795e-05,0.071820356,-4.1145735
33.436,46.3,47.900486,203.72,7.793102e-05,-1.0650922,-3.974978
33.436,46.3,47.23532,200.01599,7.717648e-05,-2.1194842,-3.5274153
33.436,46.3,46.652073,196.775,7.641916e-05,-2.6554294,-3.7923465
33.436,46.3,45.689125,191.682,7.554948e-05,-3.0957363,-4.1081815
33.436,46.3,44.89912,187.515,7.467736e-05,-4.0703125,-3.9306548
33.436,46.3,46.11438,193.071,7.389448e-05,-4.993899,-3.6282823
33.436,46.3,47.418434,199.09,7.314133e-05,-5.0564623,-3.540572
33.436,46.3,48.907784,206.035,7.2368915e-05,-4.993899,-3.6282823
33.436,46.3,50.39012,212.98001,7.159438e-05,-4.9298167,-3.7148848
31.8928,46.3,50.000706,194.45999,7.078341e-05,-4.397403,-3.5609465
30.864,46.3,47.787617,175.93999,7.003676e-05,-3.6481745,-2.8502665
28.292,46.3,50.038326,163.90201,6.949427e-05,-3.1981113,-2.5897794
25.720001,46.3,52.380577,152.79,6.8917754e-05,-2.5335698,-3.2428222
21.604801,50.004,48.28462,117.602,6.808578e-05,-2.244475,-4.049139
18.004,55.56,40.04651,83.34001,6.711647e-05,-2.6493552,-4.409269
