Vmax,Rmax_IBT,Rmax_CK22,R34,fcor,u_trans,v_trans
20.576,185.2,144.50865,314.84,6.2326726e-05,0.8107055,-0.6333926
20.576,166.68,152.03766,330.27335,6.214251e-05,0.89980876,-0.49877208
20.576,148.16,126.39649,277.8,6.20965e-05,0.9838463,0.3007921
21.604801,138.9,123.62198,287.06,6.230377e-05,1.3768032,1.5290948
23.148,129.64,117.30584,296.32,6.278661e-05,1.5432,2.6729007
24.1768,120.38,116.050285,310.21,6.3451895e-05,0.93195564,3.4781058
25.720001,111.12,111.01507,324.09998,6.43901e-05,-0.80469835,5.080669
26.7488,92.6,109.48048,340.305,6.559189e-05,-2.705978,5.5480757
28.292,74.08,104.04791,356.51,6.689037e-05,-3.6421094,5.6083584
30.864,55.56,92.1077,372.715,6.813629e-05,-4.3871984,5.0468936
33.436,37.04,80.655365,388.92,6.914198e-05,-5.608358,3.6421106
36.008,31.484,68.42956,388.92,6.9725e-05,-6.359905,2.0664594
38.58,27.78,58.16975,388.92,7.003676e-05,-5.5347505,1.1764463
41.152,22.223999,49.72058,393.55,7.025884e-05,-4.5109434,1.0414342
43.724,18.52,42.42007,398.18,7.048288e-05,-4.350401,1.5834161
47.3248,12.964,33.790657,402.81,7.092778e-05,-4.1250043,2.1017933
51.440002,9.26,25.99923,407.44,7.137252e-05,-3.867023,1.407481
51.440002,9.26,25.983465,402.81,7.154444e-05,-3.4613113,0.9925145
51.440002,9.26,25.923025,398.18,7.181604e-05,-2.837469,2.216874
48.868,9.26,30.04849,393.55,7.252351e-05,-2.180724,3.4898875
46.296,9.26,34.8191,388.92,7.336144e-05,-1.9950879,3.5992353
43.724,12.964,40.302998,375.03,7.4020376e-05,-1.8004006,3.1183841
41.152,18.52,46.38784,361.14,7.467736e-05,-1.3488835,3.3386037
39.6088,18.52,50.27705,354.195,7.542478e-05,-0.8711119,3.4938412
38.58,18.52,52.759422,347.25,7.620224e-05,-0.6252733,3.5460956
38.58,18.52,53.259518,358.825,7.69604e-05,-0.43882746,3.57396
38.58,18.52,53.676476,370.4,7.771575e-05,-0.18845133,3.5958652
38.58,22.223999,53.894226,379.66,7.845206e-05,0.0,3.6008
38.58,27.78,54.04276,388.92,7.921766e-05,0.0,3.6008
38.58,31.484,53.92133,393.55002,7.99908e-05,0.07182014,4.1145735
38.58,37.04,53.709904,398.18,8.0919635e-05,-0.17952354,5.1408668
38.58,46.3,53.780403,414.385,8.212264e-05,-0.4305922,6.1577635
38.58,55.56,53.636345,430.59,8.34429e-05,-0.9306783,6.6221204
38.58,64.82,53.464314,453.74,8.476869e-05,-1.2833977,6.0379095
38.58,74.08,53.126633,476.89,8.592957e-05,-1.1571481,5.01216
38.58,83.34,52.725266,486.15002,8.6739405e-05,-0.37638676,3.5810742
38.58,92.6,52.390575,495.41,8.7362794e-05,1.2059525,2.8410463
38.58,101.86,52.062107,509.3,8.789578e-05,3.3858752,3.1573794
38.58,111.12,51.57049,523.19,8.858091e-05,5.046894,4.387198
37.0368,111.12,58.785046,532.45,8.9623136e-05,6.290483,6.0746493
36.008,111.12,63.90807,541.71,9.098784e-05,7.6384506,7.6384506
34.4648,111.12,73.014465,541.70996,9.259387e-05,8.218642,8.510653
33.436,111.12,79.476685,541.70996,9.4329116e-05,8.575974,8.880681
33.436,111.12,78.01631,530.135,9.602015e-05,9.405209,8.770498
33.436,111.12,76.66947,518.56,9.758735e-05,10.9556675,7.671241
33.436,111.12,75.709564,511.615,9.880117e-05,12.833345,6.5389166
33.436,111.12,74.76391,504.67,0.00010002111,15.384756,7.17403
31.8928,120.38,85.79177,502.355,0.000101457525,18.031246,8.794427
30.864,129.64,93.60045,500.04,0.000103125865,19.708351,10.041907
30.864,138.9,96.42788,571.0334,0.000104995546,20.245697,11.222372
30.864,148.16,95.58496,586.4667,0.00010700863,21.801035,11.591818
30.864,157.42,94.037704,580.29333,0.00010892209,22.255224,11.833315
30.864,166.68,92.488655,574.12,0.00011089913,21.16449,12.716908
30.864,175.94,90.90461,567.94666,0.00011299287,20.043476,13.519495
30.864,185.2,89.36874,561.7734,0.0001150816,19.383102,13.572195
