Vmax,Rmax_IBT,Rmax_CK22,R34,fcor,u_trans,v_trans
18.004,74.08,70.91416,148.16,3.5282377e-05,-5.9894414,1.4933358
19.0328,74.08,67.32816,148.16,3.5652214e-05,-5.9894414,1.4933358
20.576,74.08,62.495163,148.16,3.6022833e-05,-5.9894414,1.4933358
21.604801,74.08,67.434494,166.68,3.6355726e-05,-5.9894414,1.4933358
23.148,74.08,48.47475,129.64,3.67623e-05,-5.282572,2.0277884
24.1768,74.08,46.44844,129.64,3.7321923e-05,-4.454835,2.5719995
25.720001,74.08,43.66669,129.64,3.7992504e-05,-4.2137184,2.9504766
26.7488,64.82,43.49806,134.26999,3.8710557e-05,-4.0535274,3.1669629
28.292,55.56,37.72347,123.46667,3.9464914e-05,-4.0535274,3.1669629
28.292,46.3,35.828003,117.293335,4.019941e-05,-4.0535274,3.1669629
28.292,37.04,33.93252,111.12,4.093299e-05,-3.54648,2.9758492
30.864,27.78,32.744553,117.293335,4.168341e-05,-3.4404626,3.0978076
33.436,18.52,26.218307,101.86,4.239659e-05,-3.54648,2.9758492
30.864,18.52,27.817581,99.545,4.3041477e-05,-3.2865446,2.4765897
28.292,18.52,29.673704,97.23,4.3612705e-05,-3.3709748,2.3603814
25.720001,18.52,37.42412,111.12,4.409803e-05,-2.949603,2.0653336
23.148,18.52,41.608585,111.12,4.458322e-05,-2.8757265,2.167016
21.604801,37.04,52.358322,129.64,4.511596e-05,-3.1057816,2.6998134
20.576,55.56,46.760963,111.12,4.5793287e-05,-3.097807,3.4404635
20.576,55.56,46.805103,111.12,4.66835e-05,-2.9504778,4.2137175
20.576,55.56,46.85626,111.12,4.7722115e-05,-2.0099206,4.735077
19.0328,55.56,53.695145,117.602005,4.8844e-05,-1.674722,4.8637476
18.004,55.56,59.50278,123.158005,4.9641636e-05,-2.6493561,4.4092684
18.004,55.56,48.675488,101.85999,4.9880902e-05,-3.859019,4.1382923
18.004,74.08,55.63291,115.44134,5.0836126e-05,-3.859019,4.1382923
18.004,92.6,63.01559,129.64,5.178951e-05,-4.440341,4.287987
18.004,83.34,55.759953,115.44134,5.2739833e-05,-4.6586723,4.0497203
18.004,74.08,48.880592,101.85999,5.3688025e-05,-5.269585,4.1170516
19.0328,83.34,55.414917,120.38,5.4633594e-05,-5.269585,4.1170516
20.576,92.6,49.310814,115.75,5.5576067e-05,-4.5872836,4.13041
20.576,83.34,47.2759,111.119995,5.653319e-05,-3.859019,4.1382923
20.576,74.08,45.240486,106.49,5.7453286e-05,-3.3065002,3.940532
20.576,74.08,48.18993,112.972,5.827078e-05,-2.850266,3.648175
20.576,74.08,50.181366,117.293335,5.9086666e-05,-2.4533143,3.9261234
20.576,74.08,47.99594,112.35467,6.009506e-05,-2.3148007,4.009351
20.576,74.08,39.17086,92.59999,6.0942573e-05,-2.0653346,2.9496024
20.576,74.08,39.186275,92.59999,6.14047e-05,-1.7457019,3.1493309
20.576,74.08,39.20922,92.59999,6.20965e-05,-1.8830273,4.2293506
20.576,74.08,39.21685,92.59999,6.2326726e-05,-1.931969,3.633506
19.0328,74.08,58.247154,125.009995,6.3169864e-05,-0.9257185,4.009728
18.004,74.08,54.23378,111.12,6.416161e-05,0.0,4.6296
18.004,74.08,35.300453,74.08,6.5137e-05,0.4034962,4.6119833
18.004,74.08,17.153128,37.04,6.621089e-05,0.71590644,5.093939
18.004,68.524,30.728487,64.82,6.738749e-05,0.88516885,5.588736
18.004,64.82,44.85208,92.6,6.869332e-05,1.0718955,6.0790215
20.576,64.82,49.57246,114.824,7.0131515e-05,1.275978,6.5643373
23.148,64.82,40.58662,106.49,7.159438e-05,1.7307748,6.459339
25.720001,55.56,36.265453,106.49,7.292083e-05,2.287157,6.2839127
28.292,46.3,31.191309,101.86001,7.423962e-05,2.8138893,6.629108
29.3208,46.3,38.328907,130.87466,7.5642514e-05,3.0435278,6.526866
30.864,46.3,36.218773,131.955,7.70685e-05,3.5029907,6.8750067
30.864,46.3,38.83585,142.14099,7.849981e-05,3.5029907,6.8750067
30.864,46.3,41.52618,152.79001,7.9857724e-05,2.7199292,6.1090612
30.864,50.004,37.214108,136.122,8.103775e-05,2.1112218,5.8005347
30.864,51.856,36.12574,131.955,8.134267e-05,1.2070484,7.6210036
25.720001,55.56,41.22369,120.38,8.2605824e-05,1.3398694,7.5987763
20.576,55.56,25.322262,60.19,8.408883e-05,1.6177802,6.4885616
