Vmax,Rmax_IBT,Rmax_CK22,R34,fcor,u_trans,v_trans
23.148,138.9,41.200096,111.119995,3.330315e-05,-9.720059,1.0216184
23.148,124.084,44.75713,120.38,3.354971e-05,-10.231642,1.0753878
23.148,111.12,48.33155,129.64,3.3798577e-05,-10.743224,1.1291572
21.604801,111.12,54.273365,135.81334,3.406468e-05,-11.273737,0.9863241
20.576,111.12,59.6239,141.98666,3.4293596e-05,-10.2629385,0.7176556
20.576,111.12,62.35591,148.15999,3.4434677e-05,-9.760205,0.5115126
20.576,111.12,65.09525,154.33333,3.454095e-05,-8.732816,0.4576692
20.576,68.524,66.47732,157.42,3.4682373e-05,-8.732816,0.4576692
20.576,27.78,67.85883,160.50667,3.47882e-05,-7.7113,0.2692831
20.576,31.484,63.751625,151.24666,3.478711e-05,-7.716,9.201238e-08
20.576,37.04,59.664524,141.98666,3.47882e-05,-7.714825,0.13466209
21.604801,37.04,56.904716,141.98666,3.4855886e-05,-8.210351,0.57412446
23.148,37.04,53.174656,141.98666,3.5035337e-05,-7.6409082,1.0738611
23.148,37.04,53.19226,141.98666,3.5349374e-05,-7.547387,1.604245
23.148,37.04,53.21601,141.98666,3.577612e-05,-7.486802,1.8666699
23.148,37.04,53.24227,141.98666,3.624965e-05,-7.985922,1.9911145
23.148,37.04,53.270622,141.98668,3.67623e-05,-8.984162,2.2400038
23.148,40.744,53.30159,141.98668,3.7327605e-05,-10.063183,2.1389933
23.148,46.3,53.32448,141.98668,3.7746686e-05,-10.761294,0.9414912
23.148,55.56,52.125237,138.90001,3.7819816e-05,-11.3168,1.3495149e-07
23.148,64.82,50.919773,135.81334,3.7746686e-05,-11.829398,-0.20648159
23.148,87.044,50.91885,135.81334,3.7728347e-05,-11.3168,1.3495149e-07
23.148,111.12,50.919773,135.81334,3.7746686e-05,-10.286433,0.17954946
23.148,92.6,50.925053,135.81334,3.7850063e-05,-8.21912,0.43074745
23.148,74.08,50.932266,135.81334,3.7992504e-05,-6.6709104,0.4664761
23.148,55.56,50.937473,135.81334,3.8096096e-05,-5.6368685,0.49316204
23.148,37.04,50.944687,135.81334,3.8238195e-05,-4.052681,0.7145969
24.1768,37.04,46.49203,129.64,3.8446477e-05,-3.4613113,0.9925145
25.720001,37.04,41.558914,123.46667,3.872924e-05,-2.841046,1.2059529
26.7488,37.04,39.94641,123.46667,3.9041486e-05,-3.2083368,1.6347281
28.292,37.04,37.72347,123.46667,3.9464914e-05,-4.087694,2.173466
28.292,37.04,37.72768,123.46667,4.0040595e-05,-5.041672,2.5688584
28.292,37.04,37.73224,123.46667,4.0688625e-05,-5.041672,2.5688584
28.292,37.04,37.736343,123.46667,4.1280593e-05,-4.9960704,2.6564584
28.292,37.04,37.740627,123.46667,4.1909232e-05,-5.398853,2.9926329
28.292,31.484,40.596188,132.72667,4.263986e-05,-5.345802,3.0863996
28.292,27.78,36.79948,120.380005,4.3369746e-05,-5.4502587,2.8979545
30.864,27.78,36.76723,131.95499,4.3976208e-05,-5.594457,2.6087375
33.436,27.78,36.50824,143.53,4.458322e-05,-6.010416,2.9314744
36.008,27.78,35.51941,152.79001,4.5345594e-05,-6.472756,3.1569724
38.58,27.78,34.4371,162.05,4.6034886e-05,-7.2956214,2.512084
39.6088,22.223999,34.948116,171.31,4.6539106e-05,-7.017023,1.6200086
41.152,18.52,34.76797,180.57,4.675884e-05,-5.093939,0.7159074
41.152,18.52,34.76797,180.57,4.675884e-05,-5.065851,0.8932462
43.209602,18.52,32.55219,180.57,4.6975736e-05,-6.541069,1.3903457
43.724,18.52,32.03349,180.57,4.6999867e-05,-6.6861815,0.116707146
41.152,18.52,34.739555,180.57,4.6999867e-05,-6.1728,7.3609904e-08
36.008,18.52,41.28741,180.57,4.699961e-05,-6.1728,7.3609904e-08
30.864,18.52,49.90372,180.57,4.6999867e-05,-6.1728,7.3609904e-08
28.292,27.78,51.749413,168.995,4.6999703e-05,-5.6584,6.7475746e-08
25.720001,37.04,53.547314,157.42,4.6999867e-05,-5.144,6.134159e-08
26.7488,37.04,48.236713,148.16,4.7016976e-05,-4.6296,5.520743e-08
28.292,37.04,42.517136,138.90001,4.6999867e-05,-4.62678,-0.16157195
29.3208,40.744,41.56616,141.215,4.693367e-05,-5.124426,-0.44832897
30.864,46.3,39.898308,143.53,4.675884e-05,-5.01216,-1.1571488
29.3208,46.3,40.889812,138.9,4.6396908e-05,-4.892235,-1.5895841
28.292,46.3,41.089302,134.27,4.6034886e-05,-5.031591,-1.0694989
28.292,46.3,41.08865,134.27,4.5895013e-05,-5.603333,-0.78749794
28.292,46.3,41.088154,134.27,4.5793287e-05,-4.9447303,-1.4178778
25.720001,46.3,43.855595,129.64,4.5551555e-05,-4.9447303,-1.4178778
23.148,46.3,54.324097,143.53,4.5252335e-05,-5.5544395,-1.0796728
20.576,46.3,50.819252,120.38,4.506766e-05,-5.6162233,-0.6895869
18.004,55.56,27.964516,60.19,4.493629e-05,-5.6368685,-0.49316186
