Vmax,Rmax_IBT,Rmax_CK22,R34,fcor,u_trans,v_trans
23.148,46.3,44.061813,118.064995,3.8238195e-05,-9.223967,0.8069924
24.1768,46.3,45.979527,128.251,3.848331e-05,-8.679619,1.0657214
25.720001,46.3,46.88279,138.9,3.872924e-05,-7.162149,0.75277144
25.720001,46.3,46.885796,138.9,3.88325e-05,-6.661753,0.58282787
25.720001,46.3,46.88983,138.9,3.897458e-05,-6.096802,0.9656391
28.292,46.3,42.47395,138.9,3.9268132e-05,-5.9624667,1.5976379
30.864,46.3,38.72765,138.9,3.9709896e-05,-6.3228717,2.1771395
31.8928,46.3,37.374725,138.9,4.030317e-05,-6.2002645,2.5050676
33.436,46.3,35.484028,138.9,4.093299e-05,-6.7672906,2.4630916
34.4648,40.744,34.30146,138.9,4.14578e-05,-6.359905,2.0664594
36.008,37.04,32.649624,138.9,4.1909232e-05,-5.9030786,1.8047506
39.6088,37.04,29.284595,138.9,4.2292253e-05,-5.4392037,1.5596656
43.724,37.04,26.085445,138.9,4.2640077e-05,-5.465595,1.4645014
47.3248,37.04,25.279268,150.012,4.300494e-05,-5.9624667,1.5976379
51.440002,37.04,24.123137,162.04999,4.3369746e-05,-5.4392037,1.5596656
54.012,37.04,22.563612,162.04999,4.375183e-05,-5.4392037,1.5596656
56.584,37.04,21.14389,162.04999,4.409823e-05,-5.4903216,1.3688912
56.584,37.04,21.105698,162.04999,4.4358603e-05,-5.5544395,1.0796729
56.584,37.04,21.072744,162.04999,4.458322e-05,-5.5724363,0.98257077
56.584,37.04,21.037199,162.04999,4.4825276e-05,-5.5544395,1.0796729
56.584,37.04,21.001738,162.04999,4.506766e-05,-5.0315914,1.0694966
57.6128,37.04,20.447903,162.04999,4.532762e-05,-5.0315914,1.0694966
59.156002,37.04,19.675417,162.04999,4.5551555e-05,-4.052681,0.7145969
60.1848,37.04,20.445297,179.644,4.567175e-05,-4.084526,0.5015159
61.728,37.04,20.802362,199.09,4.5793287e-05,-4.559266,0.8039215
61.728,31.484,20.601734,196.31198,4.6016718e-05,-5.0315914,1.0694966
61.728,27.78,20.444328,194.45999,4.627635e-05,-5.0315914,1.0694966
61.728,27.78,19.922688,186.126,4.649925e-05,-5.0315914,1.0694966
61.728,27.78,19.40024,178.25499,4.675884e-05,-4.9687223,1.3313649
62.7568,22.223999,19.120092,182.88498,4.7101952e-05,-4.892235,1.5895841
64.3,18.52,18.567398,187.51498,4.748151e-05,-4.892235,1.5895841
64.3,22.223999,18.49664,187.51498,4.7842175e-05,-4.892235,1.5895841
64.3,27.78,18.42613,187.51498,4.8202877e-05,-4.9192324,1.5039588
62.7568,27.78,19.098227,187.51498,4.85269e-05,-4.3773727,1.5072504
61.728,27.78,19.534788,187.51498,4.892293e-05,-3.599235,1.9950885
61.728,27.78,19.783297,194.45999,4.9503487e-05,-3.2865446,2.4765897
61.728,27.78,19.991407,201.405,5.012002e-05,-3.451297,2.241299
61.728,46.3,19.886452,201.405,5.0615814e-05,-4.087694,2.173466
61.728,64.82,19.789516,201.405,5.1074945e-05,-3.563868,2.0575995
60.1848,55.56,20.93621,209.276,5.155123e-05,-2.9131088,2.1164966
59.156002,46.3,21.856298,217.61002,5.2027382e-05,-2.4321163,1.9001777
57.6128,40.744,22.804447,217.61002,5.246686e-05,-2.3293362,2.0248601
56.584,37.04,23.424253,217.61002,5.2977284e-05,-2.4557393,2.6334586
56.584,37.04,23.270426,217.61002,5.365243e-05,-2.5335698,3.2428222
56.584,37.04,23.101578,217.61002,5.439729e-05,-2.58978,3.1981103
56.584,37.04,22.946098,217.61002,5.508748e-05,-2.5335698,3.2428222
56.584,37.04,22.783985,217.61002,5.581132e-05,-1.5784872,3.2363775
57.6128,37.04,21.86014,217.61002,5.6633147e-05,-0.93195647,3.4781055
59.156002,37.04,20.622538,217.61002,5.7453286e-05,-1.0527722,3.4434621
56.584,31.484,22.665054,226.87001,5.8101734e-05,-1.5217645,3.2634327
54.012,27.78,25.015324,236.13,5.8853857e-05,-1.9565544,4.1958423
54.012,27.78,25.430109,253.26099,5.9946542e-05,-2.3913443,5.1282516
54.012,27.78,25.651894,270.85498,6.1173734e-05,-2.48048,5.085736
55.040802,27.78,24.414848,276.411,6.2275e-05,-2.301478,5.169206
56.584,27.78,22.651487,282.43,6.3474974e-05,-1.8047523,5.903078
57.6128,27.78,21.286226,282.43,6.487472e-05,-1.3903475,6.5410686
59.156002,27.78,19.501717,282.43,6.643758e-05,-1.8666683,7.4868026
56.584,31.484,21.295635,282.43,6.8097856e-05,-2.268607,7.9115677
54.012,37.04,23.370424,282.43,6.981338e-05,-1.7357222,7.5182395
54.012,37.04,22.905918,282.43,7.145006e-05,-0.80654305,7.673731
54.012,37.04,22.434269,282.43,7.314133e-05,-0.5741229,8.210352
54.012,37.04,21.928644,282.43,7.498841e-05,0.0,8.744801
54.012,37.04,21.42823,282.43,7.6852295e-05,1.3679883,8.637137
52.4688,37.04,22.639643,282.43,7.860771e-05,2.702292,8.3168
51.440002,37.04,23.39219,282.43,8.028322e-05,2.702292,8.3168
51.440002,37.04,23.007456,307.895,8.194717e-05,2.9495115,7.68374
51.440002,37.04,22.412127,333.36,8.34429e-05,4.7207637,6.741949
51.440002,37.04,22.034239,333.36,8.468026e-05,6.698906,5.621049
51.440002,37.04,21.719875,333.36,8.5723776e-05,7.7654185,5.042922
51.440002,37.04,21.619217,316.69202,8.666211e-05,8.098279,4.488949
51.440002,37.04,21.48452,300.95,8.756649e-05,8.548183,4.7383347
48.868,37.04,24.643246,300.95,8.853293e-05,8.90967,5.1439996
46.296,37.04,28.361588,300.95,8.958859e-05,9.800637,5.6583996
44.7528,37.04,30.785791,300.95,9.071382e-05,10.033426,6.269581
43.724,37.04,32.414627,300.95,9.197902e-05,9.571642,6.9542046
42.1808,46.3,36.083954,334.74896,9.3374525e-05,9.063225,7.604948
41.152,55.56,38.77133,370.4,9.491022e-05,9.851332,8.266249
39.6088,59.264,42.98881,375.956,9.6469535e-05,10.245385,8.596898
38.58,64.82,45.98219,381.97498,9.815349e-05,10.703664,9.637622
37.0368,64.82,51.164474,381.97498,9.9974895e-05,10.7308235,10.362637
36.008,64.82,54.784756,381.97498,0.00010185829,10.910043,10.173779
36.008,64.82,54.3334,387.531,0.00010360515,11.468212,10.326023
36.008,64.82,53.82545,393.55,0.00010543897,12.232759,11.014424
34.4648,74.08,61.500572,416.237,0.00010739062,13.761854,12.391228
33.436,83.34,67.506546,439.85,0.00010956587,14.801136,14.293291
