Vmax,Rmax_IBT,Rmax_CK22,R34,fcor,u_trans,v_trans
18.004,185.2,113.41756,222.24,5.6281307e-05,-4.9298167,3.7148848
18.004,185.2,113.58121,222.24,5.720114e-05,-4.440341,4.287987
18.004,185.2,113.74911,222.24,5.8154368e-05,-3.7862084,4.205011
19.0328,185.2,107.700935,222.24,5.908641e-05,-3.237225,3.997638
20.576,185.2,99.29115,222.24,6.0016075e-05,-2.8764894,4.264569
23.148,166.68,86.95117,222.24,6.0924936e-05,-2.3148007,4.009351
25.720001,148.16,50.649734,148.16,6.186609e-05,-2.244474,4.04914
26.7488,148.16,48.43068,148.16,6.2832616e-05,-2.3353271,4.583338
28.292,148.16,45.338192,148.16,6.393293e-05,-1.9352881,5.3171563
29.3208,111.12,48.697075,166.68001,6.5199594e-05,-1.3885777,6.0145917
30.864,74.08,50.296417,185.20001,6.666408e-05,-1.0022689,7.1315145
30.864,68.524,57.68645,215.295,6.830563e-05,-0.4038243,7.7054253
30.864,64.82,64.69894,245.38998,7.003676e-05,0.26928452,7.7113
30.864,68.524,64.515785,245.38998,7.1705224e-05,0.8065416,7.6737313
30.864,74.08,64.331535,245.38998,7.336144e-05,1.0738597,7.6409082
31.8928,83.34,61.30881,247.70499,7.496478e-05,1.3398694,7.5987763
33.436,92.6,56.800335,250.01999,7.663584e-05,1.8514371,8.019456
36.008,92.6,49.542526,250.01999,7.793102e-05,2.8470285,8.268372
36.008,92.6,49.461056,250.01999,7.83785e-05,5.290399,6.304852
36.008,92.6,49.230442,250.01999,7.9644604e-05,6.6585336,4.8377075
33.436,68.524,57.422493,256.965,8.035243e-05,8.362694,2.556733
30.864,46.3,67.49265,263.90997,8.070772e-05,10.669405,1.6898681
28.292,46.3,77.96721,263.90997,8.1028535e-05,12.253578,1.50455
25.720001,46.3,90.307495,263.90997,8.134267e-05,12.764144,1.5672396
