Vmax,Rmax_IBT,Rmax_CK22,R34,fcor,u_trans,v_trans
20.576,55.56,22.538784,55.56,3.0571195e-05,-7.7113,-0.26928657
23.148,46.3,26.42837,72.228,3.0571195e-05,-6.6872,7.974406e-08
23.148,46.3,27.120632,74.08,3.0581534e-05,-10.248852,0.89665824
25.720001,37.04,24.586876,74.079994,3.0820032e-05,-9.720059,1.0216184
28.292,31.484,32.904762,108.033325,3.1064043e-05,-8.679619,1.0657214
30.864,27.78,34.9514,125.009995,3.131743e-05,-8.150302,1.1454518
31.8928,27.78,33.814686,125.009995,3.1583702e-05,-8.169052,1.0030318
33.436,27.78,32.23227,125.009995,3.1814445e-05,-8.199081,0.7173266
38.58,27.78,29.499758,132.881,3.1919695e-05,-8.732816,0.4576692
43.724,27.78,27.31767,141.215,3.206281e-05,-8.169052,1.0030318
44.7528,27.78,26.6128,141.215,3.2378393e-05,-8.079185,1.5704334
46.296,27.78,25.609957,141.215,3.280731e-05,-8.019455,1.8514384
52.4688,27.78,22.553396,143.53,3.3283668e-05,-8.485043,2.1155593
59.156002,27.78,19.854355,145.845,3.3798577e-05,-8.984162,2.2400038
67.9008,22.223999,16.800192,145.845,3.433001e-05,-9.560023,2.0320435
77.16,18.52,14.3083,145.845,3.47882e-05,-10.131702,1.7864923
77.16,18.52,14.030172,142.141,3.513167e-05,-10.231642,1.0753878
77.16,18.52,13.807302,138.90001,3.5282377e-05,-9.760205,0.5115126
77.16,18.52,13.690769,137.048,3.5282377e-05,-9.236645,0.64589
75.1024,18.52,13.937636,134.27,3.5422643e-05,-9.700749,1.1911002
72.016,18.52,14.258412,129.64001,3.577612e-05,-9.208477,0.967849
65.328804,18.52,15.949489,129.64001,3.592708e-05,-8.732816,0.4576692
59.156002,18.52,17.859869,129.64001,3.6022833e-05,-8.732816,0.4576692
59.156002,18.52,17.439953,125.936005,3.618256e-05,-8.732816,0.4576692
59.156002,18.52,17.074257,122.695,3.626943e-05,-8.2304,9.8146536e-08
64.3,18.52,16.087198,128.251,3.6164023e-05,-7.697204,-0.53824145
69.444,18.52,15.216341,134.27,3.6022833e-05,-7.1917305,-0.37690386
70.4728,18.52,14.955288,134.27,3.6003727e-05,-6.6872,7.974406e-08
72.016,18.52,14.571624,134.27,3.6022833e-05,-6.17186,-0.10772953
57.6128,22.223999,17.016102,117.602,3.596708e-05,-6.1728,7.3609904e-08
43.724,27.78,20.056831,101.86,3.6022833e-05,-5.603333,0.7874981
34.4648,27.78,20.15662,80.099,3.6318233e-05,-4.9192324,1.5039588
25.720001,27.78,19.967695,60.190002,3.67623e-05,-4.802338,1.843444
19.0328,27.78,12.8083725,29.632,3.721766e-05,-4.769434,1.926975
