Vmax,Rmax_IBT,Rmax_CK22,R34,fcor,u_trans,v_trans
18.004,55.56,25.600554,55.56,3.7254722e-05,-5.398853,2.9926329
19.0328,55.56,28.522589,64.82,3.7991893e-05,-5.398853,2.9926329
20.576,55.56,26.549,64.82001,3.872924e-05,-6.010416,2.9314744
21.604801,55.56,25.380266,64.82001,3.9360588e-05,-6.677208,2.697765
23.148,55.56,23.801985,64.82001,3.995476e-05,-6.2002645,2.5050676
24.1768,46.3,22.856663,64.82001,4.058389e-05,-6.2002645,2.5050676
25.720001,37.04,21.566559,64.82001,4.1177245e-05,-6.8092465,2.3446116
25.720001,37.04,23.13929,69.45,4.1701856e-05,-7.4170957,2.1268167
25.720001,37.04,24.71538,74.08,4.2152973e-05,-7.017023,1.6200086
25.720001,37.04,24.719143,74.08,4.2499316e-05,-7.017023,1.6200086
25.720001,37.04,24.723232,74.08,4.288343e-05,-6.886925,2.1055422
25.720001,37.04,24.729763,74.08,4.3490654e-05,-6.7232733,2.5808215
25.720001,37.04,24.736265,74.08,4.409823e-05,-6.886925,2.1055422
25.720001,37.04,24.740505,74.08,4.4497774e-05,-7.017023,1.6200086
25.720001,37.04,24.743961,74.08,4.4825505e-05,-7.044228,1.4972953
26.7488,37.04,26.096172,81.024994,4.5206594e-05,-7.017023,1.6200086
28.292,37.04,26.83472,87.97,4.5551555e-05,-6.5643377,1.2759771
29.3208,37.04,25.210201,85.655,4.5792796e-05,-6.0790215,1.0718954
30.864,37.04,23.303175,83.34,4.6034886e-05,-5.5133753,1.272864
31.8928,31.484,25.641182,94.91499,4.6360205e-05,-4.892235,1.5895841
33.436,27.78,27.314028,106.490005,4.675884e-05,-4.802338,1.843444
33.436,27.78,27.883312,108.80501,4.722266e-05,-4.735077,2.0099213
33.436,27.78,28.450102,111.12001,4.7722115e-05,-4.1958427,1.9565531
34.4648,27.78,28.622686,115.74999,4.818451e-05,-4.087694,2.173466
36.008,27.78,28.285524,120.38,4.868306e-05,-3.451297,2.241299
37.0368,27.78,28.358885,125.01,4.928218e-05,-3.2865446,2.4765897
38.58,27.78,27.939362,129.64,4.9880902e-05,-3.4116557,2.3011906
41.152,27.78,25.855492,129.64,5.0322746e-05,-3.5274155,2.119484
43.724,27.78,23.995102,129.64,5.083645e-05,-3.7454257,2.7212098
46.296,27.78,23.280855,136.585,5.163479e-05,-4.3345866,3.6371489
48.868,27.78,22.490917,143.53,5.250265e-05,-4.45888,3.483659
51.440002,22.223999,20.91983,143.53,5.321392e-05,-4.161584,3.0235665
54.012,18.52,19.486725,143.53,5.392461e-05,-4.6350904,3.2455244
56.584,12.964,18.35543,145.845,5.4733893e-05,-4.9298167,3.7148848
59.156002,9.26,17.275568,148.16,5.5576067e-05,-4.20501,3.7862093
59.156002,9.26,17.175558,148.16,5.639812e-05,-3.508199,3.7620838
59.156002,9.26,17.076117,148.16,5.721923e-05,-3.4420075,3.8227372
56.584,12.964,18.152033,148.16,5.8055066e-05,-3.508199,3.7620838
54.012,18.52,19.35705,148.16,5.8853857e-05,-3.0372913,3.4940033
49.8968,22.223999,21.647934,148.16,5.9603528e-05,-2.753606,3.0581899
46.296,27.78,24.023699,148.16,6.0247978e-05,-3.2428217,2.5335703
42.1808,27.78,26.59266,143.53,6.0780898e-05,-3.599235,1.9950885
38.58,27.78,29.073496,138.9,6.1173734e-05,-3.2634332,1.5217636
34.4648,27.78,33.537014,138.9,6.1473474e-05,-2.9002674,1.0556108
30.864,27.78,38.376858,138.9,6.1635496e-05,-3.048401,0.48281956
29.3208,31.484,41.457336,141.215,6.16872e-05,-3.0864,3.6804952e-08
28.292,37.04,43.93956,143.53,6.1635496e-05,-3.587098,-0.3138303
28.292,37.04,43.939884,143.53,6.1537175e-05,-3.5657573,-0.50113505
28.292,37.04,43.940315,143.53,6.14047e-05,-4.075151,-0.5727258
28.292,37.04,43.940723,143.53,6.128908e-05,-4.084526,-0.5015177
28.292,37.04,43.94104,143.53,6.1173734e-05,-4.084526,-0.5015177
28.292,37.04,43.94137,143.53,6.105815e-05,-4.084526,-0.5015177
28.292,37.04,43.941742,143.53,6.0942573e-05,-3.5657573,-0.50113505
28.292,37.04,43.942127,143.53,6.0809336e-05,-3.048401,-0.48281947
28.292,37.04,43.942417,143.53,6.0711227e-05,-2.562213,-0.22416449
28.292,31.484,43.94248,143.53,6.0693652e-05,-2.572,3.0670794e-08
28.292,27.78,43.942417,143.53,6.0711227e-05,-2.0563467,0.07180882
29.3208,27.78,42.805393,145.845,6.0728373e-05,-2.0576,2.4536634e-08
30.864,27.78,40.867313,148.16,6.0711227e-05,-2.042263,-0.25075886
30.864,27.78,41.485188,150.47499,6.061283e-05,-2.5157955,-0.53474945
30.864,27.78,42.103096,152.79,6.0479695e-05,-2.4956007,-0.6222232
30.864,27.78,42.72033,155.105,6.034629e-05,-2.5157955,-0.53474945
30.864,27.78,43.335686,157.42,6.0247978e-05,-2.5579104,-0.26884687
31.8928,22.223999,41.601677,157.42,6.0230555e-05,-2.572,3.0670794e-08
33.436,18.52,39.18515,157.42,6.0247978e-05,-3.0864,3.6804952e-08
34.4648,18.52,39.199043,164.365,6.023045e-05,-2.572,3.0670794e-08
36.008,18.52,38.360382,171.31,6.0247978e-05,-2.562213,0.22416456
38.58,18.52,35.261177,173.625,6.03283e-05,-3.0395107,0.5359477
41.152,18.52,32.4748,175.94,6.0479695e-05,-4.0252733,0.8555973
43.724,12.964,29.950954,178.255,6.0694205e-05,-5.0494905,0.9815209
46.296,9.26,27.65299,180.57,6.0942573e-05,-5.5544395,1.0796729
49.8968,9.26,25.091805,187.515,6.115594e-05,-5.0494905,0.9815209
54.012,9.26,22.326849,194.46,6.14047e-05,-4.9912014,1.2444466
57.6128,9.26,20.034313,199.09,6.171557e-05,-4.9192324,1.5039588
61.728,9.26,17.648247,203.72,6.20965e-05,-5.3501225,1.8421949
60.1848,12.964,18.728073,212.98,6.2538726e-05,-5.8005347,2.1112216
59.156002,18.52,19.5453,222.23999,6.3016254e-05,-5.836497,2.0096672
59.156002,22.223999,19.508266,224.555,6.345724e-05,-6.359905,2.0664594
59.156002,27.78,19.45919,226.87,6.393293e-05,-6.8491282,2.2254176
61.728,27.78,17.626253,224.555,6.445173e-05,-6.7672906,2.4630916
64.3,27.78,15.973951,222.23999,6.507438e-05,-7.5761228,3.2158742
65.328804,22.223999,15.325809,231.5,6.583583e-05,-7.9254813,3.6957116
66.872,18.52,14.343036,240.76001,6.666408e-05,-7.9254813,3.6957116
64.3,18.52,15.584015,240.76001,6.743798e-05,-7.9254813,3.6957116
61.728,18.52,16.976337,240.76001,6.8243826e-05,-7.19847,3.990177
60.1848,22.223999,17.843176,245.39001,6.914082e-05,-6.471182,4.2024355
59.156002,27.78,18.412931,250.01999,7.003676e-05,-5.608358,3.6421106
59.156002,27.78,18.221346,247.70499,7.0782444e-05,-5.5439405,3.7394347
59.156002,27.78,18.018345,245.38998,7.159438e-05,-5.196931,4.208391
57.6128,27.78,19.012995,252.33499,7.263345e-05,-5.180398,5.0026517
56.584,27.78,19.641106,259.28,7.380098e-05,-5.456037,5.456035
55.040802,31.484,20.724207,259.28,7.502163e-05,-5.8197727,5.819771
54.012,37.04,21.417282,259.28,7.620224e-05,-5.0026526,5.180396
52.4688,37.04,22.767597,261.595,7.7240395e-05,-4.209839,4.5145006
51.440002,37.04,23.710043,263.91,7.814606e-05,-3.9306557,4.070311
49.8968,37.04,25.37747,266.225,7.896047e-05,-3.7620835,3.5081997
48.868,37.04,26.573265,268.54,7.9644604e-05,-4.1081805,3.0957372
47.3248,37.04,28.554262,268.54,8.022498e-05,-3.8381126,2.5888395
46.296,37.04,29.95731,268.54,8.070772e-05,-2.837469,2.216874
46.296,37.04,29.583601,261.595,8.1178034e-05,-2.2201705,2.1439936
46.296,37.04,29.220243,254.65001,8.155382e-05,-2.5884728,1.6809741
44.7528,37.04,31.48747,254.65001,8.182969e-05,-2.9182484,1.0048336
43.724,37.04,33.12539,254.65001,8.197536e-05,-2.9353406,0.95375043
42.1808,40.744,35.74039,254.18701,8.221012e-05,-3.0864,3.6804952e-08
41.152,46.3,37.76251,254.65001,8.197536e-05,-2.949603,-2.0653336
41.152,46.3,37.443295,250.02002,8.176471e-05,-2.8757265,-2.167016
37.0368,50.004,44.27527,233.815,8.145131e-05,-1.9964805,-0.49777856
33.436,55.56,50.192585,217.61,8.155382e-05,-1.542965,0.026932418
31.8928,55.56,53.755096,215.29498,8.146388e-05,-1.4757694,-0.45118836
30.864,55.56,56.100418,212.98,8.134267e-05,-1.9077733,-0.77079093
29.3208,74.08,59.489613,208.34999,8.113148e-05,-2.3116984,-1.1274902
28.292,92.6,61.393734,203.71999,8.0919635e-05,-1.3364505,-0.7715999
28.292,101.86,58.751854,194.45999,8.078169e-05,-0.8818536,-0.5298714
28.292,111.12,56.08329,185.2,8.070772e-05,-1.002432,-0.23142977
26.7488,157.42,82.34262,254.65,8.069178e-05,-1.0288,1.2268317e-08
25.720001,203.72,85.73001,250.01999,8.070772e-05,-1.542965,0.026932418
24.1768,203.72,91.80398,245.39,8.0707556e-05,-1.5432,1.8402476e-08
23.148,203.72,95.42413,240.76,8.070772e-05,-2.0576,2.4536634e-08
21.604801,203.72,104.141426,240.76,8.070766e-05,-2.572,3.0670794e-08
20.576,203.72,110.434715,240.76,8.070772e-05,-3.0788815,-0.21529658
19.0328,231.5,125.68969,250.02,8.062826e-05,-3.0864,3.6804952e-08
18.004,259.28,138.85684,259.28,8.070772e-05,-2.8814027,1.1060663
