Vmax,Rmax_IBT,Rmax_CK22,R34,fcor,u_trans,v_trans
20.576,111.12,88.27737,203.72,4.1909232e-05,-3.9405332,3.306499
21.604801,92.6,84.04342,203.72,4.2743108e-05,-3.8227363,3.4420085
23.148,74.08,65.84664,172.85333,4.3612705e-05,-4.20501,3.7862093
24.1768,64.82,65.26011,179.02667,4.4461318e-05,-4.397403,3.5609465
25.720001,55.56,53.49963,157.42,4.5309676e-05,-5.477834,3.8356197
25.720001,50.004,56.752037,166.68,4.620502e-05,-6.2367687,3.6007993
25.720001,46.3,60.00609,175.94,4.6999867e-05,-7.6310945,3.0831602
25.720001,46.3,56.792755,166.68001,4.7611724e-05,-7.827575,2.5433345
25.720001,46.3,55.98838,164.365,4.7722115e-05,-4.4030113,1.4306257
25.720001,55.56,58.41828,171.31001,4.796257e-05,-4.292491,1.7342775
23.148,55.56,72.34913,188.28667,4.842293e-05,-4.735077,2.0099213
20.576,55.56,74.85623,172.85333,4.892293e-05,-4.769434,1.926975
19.0328,55.56,80.974266,172.85333,4.929972e-05,-4.350401,1.5834161
18.004,55.56,85.50559,172.85333,4.9641636e-05,-4.892235,1.5895841
19.0328,111.12,90.42398,191.37334,5.0017963e-05,-5.4392037,1.5596656
20.576,166.68,92.25427,209.89333,5.035898e-05,-5.9894414,1.4933358
24.1768,120.38,74.978615,203.71999,5.068748e-05,-6.096802,0.9656391
28.292,74.08,60.418915,197.54668,5.083645e-05,-5.6575384,-0.098752074
29.3208,64.82,59.60385,203.71999,5.063283e-05,-5.5544395,-1.0796728
30.864,55.56,48.55544,175.94,5.035898e-05,-5.093939,-0.7159072
31.8928,55.56,46.65496,175.94,5.0304825e-05,-5.144,6.134159e-08
33.436,55.56,44.002544,175.94,5.035898e-05,-5.115821,0.5376939
36.008,50.004,41.46445,182.88501,5.055058e-05,-5.115821,0.5376939
38.58,46.3,39.075195,189.83,5.059779e-05,-6.096802,-0.96563894
37.0368,46.3,40.80492,187.052,5.010688e-05,-6.4281497,-1.8432412
36.008,46.3,41.99256,185.2,4.9880902e-05,-6.096802,-0.96563894
30.864,37.04,41.10144,148.16,4.9880902e-05,-6.6709104,-0.46647593
21.604801,37.04,29.342358,74.08,4.9732338e-05,-7.1315145,-1.0022701
