Vmax,Rmax_IBT,Rmax_CK22,R34,fcor,u_trans,v_trans
20.576,74.08,26.40541,64.82,3.156599e-05,-8.362695,2.55673
21.604801,55.56,28.026985,71.765,3.21861e-05,-8.362695,2.55673
23.148,37.04,28.900381,78.71,3.280731e-05,-8.900515,2.55218
25.720001,37.04,27.7487,83.34,3.344541e-05,-8.900515,2.55218
28.292,37.04,26.768063,87.97,3.404614e-05,-8.446829,2.2633204
28.292,37.04,26.771488,87.97,3.4577195e-05,-7.985922,1.9911145
28.292,37.04,26.77451,87.97,3.5035337e-05,-7.547387,1.604245
28.292,37.04,26.776632,87.97,3.536823e-05,-7.547387,1.604245
28.292,37.04,26.779238,87.97,3.577612e-05,-7.4170957,2.1268167
29.3208,37.04,25.871677,87.97,3.6386176e-05,-7.048917,3.13838
30.864,37.04,24.611876,87.97,3.7254722e-05,-6.471182,4.2024355
31.8928,37.04,29.412626,108.805,3.8391157e-05,-5.8233404,5.06215
33.436,37.04,33.22082,129.64,3.9709896e-05,-5.456037,5.456035
33.436,37.04,35.481052,138.90001,4.103618e-05,-5.3599854,5.5504246
33.436,37.04,37.71352,148.16,4.239659e-05,-5.7173176,5.9204526
33.436,37.04,38.792637,152.79,4.3770106e-05,-5.920455,5.717316
33.436,37.04,39.86248,157.42,4.506766e-05,-6.304853,5.2903986
33.436,37.04,39.81552,157.42,4.6191475e-05,-6.2423763,4.53535
33.436,37.04,39.771187,157.42,4.7240763e-05,-6.3968544,4.3147326
31.8928,50.004,41.40899,155.10501,4.826892e-05,-6.2423763,4.53535
30.864,64.82,42.364365,152.79001,4.9402213e-05,-5.5504265,5.359984
29.3208,64.82,43.572926,148.16,5.0764047e-05,-4.7504435,6.0802917
28.292,64.82,43.951088,143.53,5.22651e-05,-4.837708,6.658533
28.292,64.82,43.95185,143.53,5.3788244e-05,-4.837708,6.658533
28.292,64.82,43.95157,143.53,5.5340646e-05,-4.7207646,6.741948
28.292,64.82,44.657825,145.845,5.6885186e-05,-4.7207646,6.741948
28.292,64.82,45.36121,148.16,5.83877e-05,-4.3147345,6.396853
28.292,59.264,46.06169,150.475,5.983522e-05,-4.3147345,6.396853
28.292,55.56,46.759586,152.79001,6.1173734e-05,-5.062152,5.823339
28.292,55.56,46.752827,152.79001,6.237849e-05,-5.643125,5.2622995
28.292,55.56,46.745983,152.79001,6.3474974e-05,-5.8233404,5.06215
28.292,55.56,43.928364,143.53,6.4537926e-05,-5.5167465,4.6290984
28.292,55.56,41.105755,134.26999,6.552959e-05,-5.5966945,4.5321136
28.292,55.56,41.103012,134.26999,6.648775e-05,-5.340635,4.0244584
28.292,55.56,41.100258,134.26999,6.734234e-05,-5.73205,3.4441614
29.3208,46.3,39.387157,134.26999,6.80531e-05,-5.904447,3.1394508
30.864,37.04,37.002277,134.27,6.869332e-05,-4.798595,2.9984958
31.8928,37.04,37.82944,143.53,6.936507e-05,-3.54648,2.9758492
33.436,37.04,37.666164,152.79,7.003676e-05,-3.273622,3.273621
36.008,31.484,35.354675,159.735,7.070547e-05,-2.6998143,3.1057808
38.58,27.78,33.091953,166.68001,7.137252e-05,-1.9081333,3.0536516
39.6088,27.78,32.088024,168.995,7.207044e-05,-1.4069444,3.314554
41.152,27.78,30.492823,171.31,7.270045e-05,-1.0556116,2.9002671
43.724,27.78,27.872036,173.625,7.320727e-05,-0.80396825,1.8940308
46.296,27.78,25.50468,175.94,7.3581316e-05,-1.2382945,1.6432725
48.868,27.78,23.531807,180.57,7.3850424e-05,-1.2324542,0.9287212
51.440002,27.78,21.6889,185.20001,7.402041e-05,-1.3227807,0.7948065
52.4688,31.484,20.877499,185.20001,7.414646e-05,-0.890967,0.5143999
54.012,37.04,19.74066,185.20001,7.423962e-05,-0.82163614,0.6191474
52.4688,37.04,20.847008,185.20001,7.434912e-05,-0.33065003,0.3940532
51.440002,37.04,21.623436,185.20001,7.4458614e-05,-0.37620834,0.35081998
49.8968,37.04,22.873093,185.20001,7.45352e-05,-0.33065003,0.3940532
48.868,37.04,23.744202,185.20001,7.467736e-05,-0.40198413,0.9470154
47.3248,37.04,25.123356,185.20001,7.4972144e-05,0.0,1.5432
46.296,37.04,26.080462,185.20001,7.533226e-05,1.1801909,1.6854873
44.7528,37.04,27.645945,185.20001,7.565913e-05,2.1068592,1.4752387
43.724,37.04,28.74671,185.20001,7.5985095e-05,2.1068592,1.4752387
43.724,40.744,28.70363,185.20001,7.631014e-05,2.1068592,1.4752387
43.724,46.3,28.660402,185.20001,7.663584e-05,3.2363777,1.5784869
43.724,46.3,29.517673,194.45999,7.694427e-05,3.84187,1.4747559
43.724,46.3,30.316423,203.72,7.728449e-05,4.261569,1.8089292
46.296,55.56,27.313452,206.035,7.7715515e-05,4.1958423,1.9565536
48.868,64.82,24.606922,208.35,7.814606e-05,4.29249,1.7342789
51.440002,64.82,22.270723,212.98,7.846774e-05,4.350401,1.5834165
54.012,64.82,20.110912,217.61,7.878973e-05,4.29249,1.7342789
54.012,64.82,20.096022,219.92499,7.9168516e-05,4.1958423,1.9565536
54.012,64.82,20.058353,222.23999,7.9644604e-05,5.0416713,2.56886
52.4688,64.82,21.36429,224.555,8.021944e-05,5.398853,2.9926326
51.440002,64.82,22.267477,226.87,8.0919635e-05,5.608358,3.6421103
49.8968,64.82,23.686068,226.87,8.1699975e-05,5.340636,4.024457
48.868,64.82,24.629139,226.87,8.2605824e-05,6.0802913,4.7504444
47.3248,64.82,26.427568,231.5,8.365e-05,6.57309,4.953178
46.296,64.82,27.747614,236.13,8.469088e-05,7.4160113,4.6340384
44.7528,64.82,29.855448,238.445,8.5547144e-05,8.322114,4.0589666
43.724,64.82,31.392569,240.76,8.6340384e-05,8.928628,3.9752808
42.1808,74.08,33.77722,240.76,8.7172266e-05,9.470154,4.0198426
41.152,83.34,35.453926,240.76,8.7973065e-05,10.015811,4.046651
39.6088,83.34,38.27886,240.76,8.8740824e-05,10.21387,3.5169175
38.58,83.34,40.299683,240.76,8.938759e-05,10.434318,2.7958672
37.0368,83.34,42.59812,231.5,8.984897e-05,10.09898,1.9630436
36.008,83.34,43.67547,222.24,9.0189926e-05,9.118532,1.6078436
34.4648,83.34,45.438614,210.66501,9.0485875e-05,8.079185,1.5704349
33.436,83.34,45.76169,199.09,9.078879e-05,8.019456,1.8514371
31.8928,83.34,48.47568,194.46,9.117079e-05,7.985922,1.991114
30.864,83.34,49.98149,189.83,9.1583395e-05,7.4530835,1.997048
26.7488,83.34,68.082275,209.89333,9.197727e-05,7.417095,2.1268184
23.148,83.34,80.673904,203.71999,9.2373535e-05,6.922622,1.9850304
20.576,124.084,93.27018,203.72,9.275065e-05,6.8869243,2.1055446
18.004,166.68,86.76063,166.68,9.315918e-05,6.8491287,2.2254167
