Vmax,Rmax_IBT,Rmax_CK22,R34,fcor,u_trans,v_trans
18.004,129.64,63.92726,129.64,6.3474974e-05,-2.829201,4.9003177
18.004,129.64,64.012764,129.64,6.4618434e-05,-2.6564574,4.996071
18.004,129.64,64.097305,129.64,6.575688e-05,-2.3913443,5.1282516
18.004,120.38,64.17501,129.64,6.681101e-05,-1.9269764,4.769434
18.004,111.12,64.24695,129.64,6.7793495e-05,-1.5834175,4.350401
19.0328,111.12,65.61684,138.9,6.8726935e-05,-1.2716665,3.9137878
20.576,111.12,56.37745,129.64,6.958979e-05,-1.1343035,3.9557838
21.604801,111.12,53.62971,129.64,7.042155e-05,-0.8711119,3.4938412
23.148,111.12,49.840996,129.64,7.115043e-05,-0.64169884,3.0189548
24.1768,101.86,47.53112,129.64,7.173845e-05,-0.44662377,2.5329256
25.720001,92.6,44.339447,129.64,7.2258685e-05,-0.49076116,2.524745
26.7488,83.34,46.964424,143.53,7.279422e-05,-0.44662377,2.5329256
28.292,74.08,35.4406,115.75,7.336144e-05,-0.17941341,2.5657349
29.3208,64.82,34.659554,118.065,7.398751e-05,0.053865105,3.08593
30.864,55.56,33.205357,120.38,7.467736e-05,-0.06284335,3.6002517
31.8928,50.004,32.465725,122.695,7.5408505e-05,0.0,3.6008
33.436,46.3,31.107588,125.01,7.620224e-05,0.43015555,4.0926566
34.4648,46.3,30.892303,129.63998,7.703608e-05,0.8555982,4.0252733
36.008,46.3,30.015682,134.26999,7.793102e-05,1.0414333,4.510944
36.008,40.744,30.869684,138.9,7.886426e-05,1.2760907,4.4502573
36.008,37.04,31.703072,143.53,7.9857724e-05,2.0922532,4.699278
37.0368,37.04,30.390083,143.53,8.087091e-05,3.451786,5.1174836
38.58,37.04,28.556057,143.53,8.197536e-05,4.629099,5.5167456
39.6088,31.484,28.06014,148.16,8.3168954e-05,6.290483,6.0746493
41.152,27.78,26.945213,152.79001,8.448353e-05,8.275119,6.943649
42.1808,22.223999,26.314842,157.42,8.589701e-05,9.987801,7.2565618
43.724,18.52,25.100311,162.05,8.7362794e-05,11.216716,7.2842207
46.296,12.964,23.592546,175.94,8.880842e-05,12.473537,7.2015996
48.868,9.26,21.78878,189.82999,9.0189926e-05,13.407851,6.5394464
47.3248,12.964,23.481546,196.77498,9.139535e-05,14.678738,6.2307563
46.296,18.52,24.790237,203.71999,9.257037e-05,15.739131,6.359023
43.724,31.484,28.38019,212.98,9.379574e-05,16.693016,6.7444177
41.152,46.3,32.760216,222.23999,9.5103336e-05,16.57277,7.0347247
36.008,59.264,43.949207,231.5,9.646542e-05,16.317165,7.608819
30.864,74.08,60.431824,240.76,9.796507e-05,15.896587,8.452367
28.292,92.6,72.56146,250.02002,9.958851e-05,14.832023,9.268077
25.720001,111.12,87.765594,259.28,0.00010131037,14.07308,9.492412
23.148,148.16,134.05063,339.53336,0.00010302777,13.317067,9.675415
20.576,185.2,163.4037,345.70667,0.00010473298,13.733226,9.977773
19.0328,231.5,247.04501,463.0,0.00010641979,13.483898,9.441527
18.004,277.8,290.381,500.04,0.00010786928,11.77837,7.3599424
18.004,324.1,307.7322,527.82,0.000108815315,9.259464,5.5636477
18.004,370.4,325.07727,555.6,0.0001097337,6.431981,6.660511
18.004,407.44,342.4738,583.38,0.00011101961,4.2844644,8.784453
18.004,444.48,359.88623,611.16,0.00011253527,3.518703,9.667558
