Vmax,Rmax_IBT,Rmax_CK22,R34,fcor,u_trans,v_trans
20.576,55.56,35.81181,86.42667,4.1177245e-05,-4.6232553,0.24229544
21.604801,55.56,34.19321,86.42667,4.126247e-05,-4.595092,0.5642054
23.148,55.56,32.012238,86.42667,4.142137e-05,-4.559266,0.8039215
25.720001,50.004,31.022306,92.6,4.1628544e-05,-4.5109434,1.0414342
28.292,46.3,25.392376,83.340004,4.1909232e-05,-4.427309,1.3535628
30.864,37.04,27.177431,97.229996,4.227451e-05,-4.3773727,1.5072504
33.436,27.78,28.539011,111.12,4.2640077e-05,-3.867023,1.407481
33.436,27.78,28.534885,111.12,4.288343e-05,-3.7880614,1.6079371
33.436,25.928,28.99576,112.97199,4.300873e-05,-5.046895,4.3871965
36.008,18.52,30.503778,129.64,4.409823e-05,-4.2704496,3.7122433
37.5512,18.52,29.0743,129.64,4.47211e-05,-3.882227,3.3747668
38.58,18.52,28.168058,129.64,4.5309676e-05,-4.728565,4.728564
38.58,18.52,28.156,129.64,4.5551555e-05,-4.6453204,4.810368
41.152,27.78,26.9581,134.26999,4.5793287e-05,-3.9306557,4.070311
43.724,22.223999,25.0222,134.26999,4.675874e-05,-3.859019,4.1382923
46.296,18.52,23.27428,134.26999,4.7722115e-05,-3.9306557,4.070311
47.3248,18.52,22.574697,134.26999,4.8664973e-05,-3.859019,4.1382923
48.868,18.52,21.603235,134.26999,4.9641636e-05,-3.6371503,4.334585
49.8968,18.52,20.945585,134.26999,5.0698964e-05,-3.3259244,4.5777416
51.440002,18.52,20.038946,134.26999,5.178951e-05,-3.2455256,4.6350894
55.040802,18.52,19.096119,143.53,5.287619e-05,-3.3259244,4.5777416
59.156002,18.52,17.811178,152.79001,5.392461e-05,-3.5609474,4.397402
59.156002,18.52,17.68226,152.79001,5.4922366e-05,-3.859019,4.1382923
59.156002,18.52,17.567913,152.79001,5.581132e-05,-3.7002842,3.5733225
59.156002,12.964,18.218306,164.365,5.653345e-05,-3.3858752,3.1573796
59.156002,9.26,18.784777,175.94,5.721923e-05,-3.215991,3.3302548
57.6128,12.964,19.494785,175.94,5.8037633e-05,-2.850266,3.648175
56.584,18.52,19.956068,175.94,5.8853857e-05,-2.180724,3.4898875
56.584,18.52,20.119047,180.57,5.9568985e-05,-1.5217645,3.2634327
56.584,18.52,20.268827,185.19998,6.0247978e-05,-0.8507276,2.966838
57.6128,18.52,19.863695,192.14499,6.094251e-05,-0.42954382,3.0563633
59.156002,18.52,19.08432,199.09,6.1635496e-05,-0.26899835,3.0746553
61.728,18.52,17.676283,206.035,6.227484e-05,0.0,3.0864
64.3,18.52,16.270027,212.97998,6.3016254e-05,0.92571855,4.009728
64.3,22.223999,16.07307,212.97998,6.399589e-05,1.9269763,4.769434
64.3,27.78,15.858752,212.97998,6.507438e-05,2.1739483,4.6620474
62.7568,31.484,16.669783,224.555,6.604629e-05,2.2549813,4.623397
61.728,37.04,17.191872,236.12997,6.711647e-05,2.6087382,5.5944567
60.1848,37.04,17.918228,236.12997,6.8417976e-05,2.7199292,6.1090612
59.156002,37.04,18.324472,236.12997,6.981338e-05,3.0435278,6.526866
57.6128,37.04,19.16465,236.12997,7.1150214e-05,3.269458,6.4166727
56.584,37.04,19.674551,236.12997,7.247968e-05,3.491405,6.298661
55.040802,37.04,20.660892,236.12997,7.3800846e-05,3.6008,6.2367687
54.012,37.04,21.278776,236.12997,7.511419e-05,3.3809466,6.3586354
51.440002,37.04,23.459091,236.12997,7.64185e-05,3.6008,6.2367687
48.868,37.04,25.982176,236.12997,7.771575e-05,4.3147326,6.3968544
48.868,37.04,25.93664,236.12997,7.793102e-05,4.4825974,6.902594
47.3248,37.04,27.54665,236.12997,7.9160345e-05,4.1054354,7.7212005
46.296,37.04,28.516445,236.12997,8.0919635e-05,4.588427,8.629576
44.7528,40.744,31.046598,250.02,8.2749415e-05,5.4864936,9.897897
43.724,46.3,32.93452,263.90997,8.489798e-05,6.0374045,11.354706
43.724,55.56,33.183918,284.745,8.739558e-05,7.0033894,13.171459
43.724,64.82,33.026714,305.58,9.0189926e-05,8.4876,14.700954
43.724,64.82,32.446835,319.46997,9.3053335e-05,10.355358,15.35245
43.724,64.82,31.66789,333.36,9.606459e-05,11.791912,16.230175
42.1808,64.82,34.246758,333.36,9.9135425e-05,13.301245,17.024817
41.152,64.82,35.87167,333.36,0.00010222201,15.186455,17.470018
38.58,105.564,42.295628,333.36,0.00010523707,16.731842,16.731842
36.008,148.16,50.366413,333.36,0.000108040425,17.305584,16.137716
34.4648,148.16,56.678516,344.93503,0.00011054757,17.589611,14.243786
33.436,148.16,61.68682,356.51,0.00011269701,18.982134,12.327143
30.864,148.16,84.98498,459.91333,0.00011446041,20.805285,10.147416
28.292,148.16,112.39371,493.86667,0.000115859024,21.61052,8.295503
26.7488,148.16,130.58136,493.86667,0.000116968644,22.745758,6.5222425
25.720001,148.16,144.09093,493.86667,0.00011783886,22.856123,6.1242805
