Vmax,Rmax_IBT,Rmax_CK22,R34,fcor,u_trans,v_trans
20.576,27.78,23.189878,55.56,7.663584e-05,2.1771393,6.3228717
21.604801,27.78,26.00219,64.82,7.796252e-05,3.491405,6.298661
23.148,27.78,20.716742,55.560005,7.921766e-05,4.855836,5.9964585
25.720001,27.78,20.265581,60.190002,8.040964e-05,5.8233395,5.0621514
28.292,27.78,19.816496,64.82,8.134267e-05,7.3974347,3.6079702
29.3208,27.78,19.088858,64.82,8.187503e-05,7.985922,1.991114
30.864,27.78,18.080143,64.82,8.2185776e-05,8.553706,1.818146
29.3208,37.04,20.451283,69.45,8.2593564e-05,8.611947,1.518519
28.292,46.3,22.669062,74.08,8.2815466e-05,8.743469,0.15261762
28.292,46.3,29.77336,97.229996,8.266763e-05,8.679618,-1.0657227
28.292,46.3,36.822445,120.380005,8.239592e-05,8.696896,-0.914081
28.292,50.004,41.013645,134.27,8.22734e-05,8.732816,-0.45766738
28.292,55.56,45.169376,148.16,8.2185776e-05,8.21912,-0.43074575
29.3208,55.56,43.767242,150.475,8.209549e-05,8.210352,-0.57412374
30.864,55.56,41.45501,152.79001,8.197536e-05,7.14792,-0.87765396
31.8928,50.004,42.361603,164.36499,8.1745864e-05,6.60487,-1.0461085
33.436,46.3,41.99007,175.94,8.155382e-05,7.1840577,-0.50235826
36.008,46.3,37.462765,175.94,8.152089e-05,8.2304,-3.5976223e-07
38.58,46.3,33.53347,175.94,8.155382e-05,8.744801,-3.8224738e-07
42.1808,46.3,28.875324,175.94,8.1503524e-05,8.744801,-3.8224738e-07
46.296,46.3,24.492338,175.94,8.155382e-05,9.749792,0.6817722
47.3248,46.3,23.497751,175.94,8.180654e-05,10.697272,1.5034037
48.868,46.3,22.090693,175.94,8.2185776e-05,10.638288,1.8758177
47.3248,46.3,23.40032,175.94,8.257316e-05,10.09898,1.9630436
46.296,46.3,24.308184,175.94,8.302487e-05,9.483282,2.3644478
46.296,46.3,24.061903,173.625,8.352786e-05,8.362694,2.556733
46.296,46.3,23.810923,171.31,8.4068044e-05,8.362694,2.556733
43.724,46.3,26.31771,171.31,8.4555446e-05,8.900515,2.552182
41.152,46.3,29.17937,171.31,8.510482e-05,8.700802,3.166833
38.58,46.3,30.77852,159.735,8.580219e-05,7.9887733,3.5568306
36.008,46.3,32.17558,148.16,8.6545406e-05,7.5761228,3.2158742
34.4648,46.3,34.29682,148.16,8.706255e-05,6.8750067,3.5029912
33.436,46.3,35.80476,148.16,8.776991e-05,5.6749387,4.433748
33.436,46.3,35.79498,148.16,8.7973065e-05,6.162272,4.6436043
31.8928,46.3,37.71313,145.845,8.887845e-05,7.19847,3.9901767
30.864,46.3,38.872143,143.53,8.958859e-05,8.175388,4.346932
26.7488,50.004,44.711933,136.58499,9.0574926e-05,8.37761,5.033776
23.148,55.56,50.426643,129.64,9.1583395e-05,7.7654185,5.042922
