Vmax,Rmax_IBT,Rmax_CK22,R34,fcor,u_trans,v_trans
25.720001,37.04,20.77184,62.504997,3.9709896e-05,-3.9405332,3.306499
28.292,31.484,18.99322,62.504997,4.048062e-05,-3.4404626,3.0978076
30.864,27.78,17.494972,62.504997,4.1177245e-05,-3.0096667,2.8065598
34.4648,22.223999,17.36297,68.987,4.1787145e-05,-2.5013263,2.590198
38.58,18.52,17.1726,76.395,4.239659e-05,-2.1164973,2.9131083
39.6088,18.52,16.720018,76.395,4.3108113e-05,-1.9081333,3.0536516
41.152,18.52,16.083632,76.395,4.385554e-05,-2.6998143,3.1057808
38.58,18.52,16.338797,72.691,4.463815e-05,-3.4404626,3.0978076
36.008,18.52,16.721403,69.45,4.5309676e-05,-2.6334584,2.4557397
30.864,18.52,19.432056,69.45,4.5744666e-05,-1.4032797,1.5048335
25.720001,18.52,23.180853,69.45,4.6034886e-05,-1.128625,1.05246
24.1768,27.78,24.601433,69.45,4.6312518e-05,-1.2641156,0.885143
23.148,37.04,25.647682,69.45,4.651767e-05,-1.3986143,0.65218437
23.148,27.78,30.947552,83.34,4.663824e-05,-1.4591242,0.5024168
23.148,18.52,30.950056,83.34,4.675884e-05,-1.2484752,0.9070699
23.148,18.52,30.955872,83.34,4.703531e-05,-1.2641156,0.885143
23.148,18.52,30.960207,83.34,4.7240763e-05,-3.5657573,0.5011352
21.604801,18.52,27.022438,68.524,4.7284437e-05,-5.124426,-0.44832897
20.576,18.52,22.782557,55.56,4.6999867e-05,-3.8827093,-2.5214612
21.604801,37.04,23.499357,59.881332,4.617306e-05,-1.5415813,-3.8155468
23.148,55.56,23.002132,62.504997,4.5309676e-05,-1.156186,-2.8616602
26.7488,50.004,23.67296,73.617004,4.4922257e-05,-1.2641156,-0.885143
30.864,46.3,23.950438,85.655,4.4825505e-05,-2.0563467,0.07180882
30.864,37.04,23.563501,84.26601,4.494638e-05,-2.5157957,0.5347483
30.864,27.78,23.305386,83.34001,4.506766e-05,-3.5657573,-0.50113505
30.864,22.223999,28.452477,101.85999,4.4731827e-05,-3.974978,-1.0650918
30.864,18.52,33.574642,120.38,4.458322e-05,-3.5920286,0.25117946
30.864,24.076,33.57259,120.38,4.4825505e-05,-3.2894945,1.4645773
29.835201,27.78,37.202156,128.714,4.4903903e-05,-3.522114,0.74864763
28.292,37.04,48.199646,157.42,4.506766e-05,-3.4781058,0.9319554
26.7488,40.744,51.271793,157.42,4.536293e-05,-3.2894945,1.4645773
25.720001,46.3,53.513454,157.42,4.5793287e-05,-3.5274155,2.119484
29.3208,46.3,51.69831,175.94,4.6378827e-05,-3.8827093,2.5214612
33.436,46.3,48.53266,194.46,4.6999867e-05,-3.9683423,2.3844194
36.008,40.744,46.426575,206.035,4.7481306e-05,-4.087694,2.173466
38.58,37.04,44.2199,217.61,4.796257e-05,-4.087694,2.173466
41.152,37.04,39.69686,213.906,4.8454855e-05,-3.8381126,2.5888395
43.724,37.04,35.785927,210.66501,4.916265e-05,-3.9306557,4.070311
49.8968,37.04,29.032295,210.66501,5.0286988e-05,-4.024457,5.340636
56.584,37.04,23.364109,210.66501,5.155148e-05,-4.2984505,5.1226916
60.1848,31.484,21.006767,216.22101,5.2573127e-05,-4.209839,4.5145006
64.3,27.78,18.5107,222.23999,5.3688025e-05,-4.3340306,5.751454
67.9008,27.78,16.364809,226.40701,5.5139553e-05,-4.425717,6.320576
69.444,27.78,15.552312,229.185,5.5576067e-05,-5.2669168,4.9114795
61.728,27.78,19.816765,238.445,5.6281307e-05,-4.9695573,4.4746113
57.6128,27.78,22.8402,249.557,5.7290003e-05,-4.209839,4.5145006
54.012,27.78,26.16606,261.595,5.83877e-05,-4.6291003,5.5167446
52.4688,27.78,27.744678,271.318,5.974889e-05,-5.2904005,6.304851
51.440002,27.78,28.900429,282.43,6.1173734e-05,-5.507212,6.1163797
49.8968,27.78,30.94599,295.857,6.247629e-05,-5.456037,5.456035
48.868,27.78,32.502052,310.21,6.370404e-05,-4.9114785,5.266917
48.868,31.484,32.28725,316.69202,6.486219e-05,-4.47461,4.9695582
48.868,37.04,32.073914,324.1,6.5983986e-05,-5.092301,5.0922995
48.868,40.744,31.75343,328.73,6.713338e-05,-5.8233404,5.06215
48.868,46.3,31.428726,333.36,6.8243826e-05,-6.080291,4.7504444
48.868,46.3,30.918919,326.41498,6.929257e-05,-6.080291,4.7504444
48.868,46.3,30.447456,319.46997,7.025991e-05,-4.440341,4.287987
46.296,46.3,33.38911,289.375,7.115043e-05,-5.0026526,5.180396
43.724,46.3,34.46876,243.07501,7.247968e-05,-5.3599854,5.5504246
37.0368,40.744,40.284534,198.627,7.356777e-05,-4.0497217,4.658671
30.864,37.04,42.296497,155.105,7.4458614e-05,-3.859019,4.1382923
25.720001,46.3,42.220657,123.46667,7.525601e-05,-3.5733235,3.700283
20.576,55.56,36.86156,86.426674,7.5985095e-05,-2.721211,3.745425
