Vmax,Rmax_IBT,Rmax_CK22,R34,fcor,u_trans,v_trans
20.576,55.56,31.098558,74.08,6.530208e-05,-3.8827093,2.5214612
21.604801,55.56,33.558887,83.34,6.592099e-05,-3.7923467,2.6554291
23.148,55.56,34.968624,92.6,6.643758e-05,-3.7880614,1.6079371
24.1768,55.56,33.44646,92.6,6.6652734e-05,-4.084526,0.5015159
25.720001,55.56,31.35927,92.6,6.666408e-05,-4.10956,-0.21537364
26.7488,50.004,33.148205,101.86,6.656743e-05,-3.5657573,-0.50113505
28.292,46.3,25.486969,83.34,6.643758e-05,-3.587098,-0.3138303
29.3208,46.3,29.301054,99.545,6.642046e-05,-3.6008,4.293911e-08
30.864,46.3,32.079205,115.75,6.643758e-05,-3.5986066,0.12566544
33.436,46.3,33.023685,131.95499,6.647111e-05,-3.0864,3.6804952e-08
36.008,46.3,33.36207,148.16,6.643758e-05,-3.556468,-0.5632894
38.58,40.744,30.802404,150.475,6.623269e-05,-3.4613113,-0.9925145
41.152,37.04,28.512014,152.79001,6.5983986e-05,-3.5085118,-0.81000423
41.152,37.04,28.52164,152.79001,6.5869695e-05,-3.5085118,-0.81000423
41.152,37.04,28.531256,152.79001,6.575688e-05,-4.1610575,-2.0294824
41.152,37.04,27.84843,148.16,6.552959e-05,-4.322104,-1.6590996
38.58,37.04,28.811161,138.9,6.552959e-05,-4.075151,-0.5727258
33.436,37.04,33.60122,134.26999,6.53795e-05,-3.992961,-0.9955571
28.292,37.04,39.694218,129.64,6.507438e-05,-3.890998,-1.3397782
24.1768,37.04,41.22829,113.435005,6.476596e-05,-3.7880614,-1.6079371
20.576,37.04,41.35863,97.229996,6.43901e-05,-4.22935,-1.883028
18.004,37.04,22.70215,48.614998,6.395126e-05,-4.699278,-2.0922532
