Vmax,Rmax_IBT,Rmax_CK22,R34,fcor,u_trans,v_trans
18.004,55.56,44.07829,92.6,5.1074945e-05,-4.769434,1.926975
19.0328,55.56,41.851746,92.6,5.1485422e-05,-4.350401,1.5834161
20.576,55.56,33.461857,80.253334,5.178951e-05,-4.5284324,0.962547
21.604801,55.56,34.493958,86.42667,5.1926254e-05,-4.6042385,0.4839245
23.148,55.56,34.638412,92.600006,5.2027382e-05,-4.584545,0.6443166
23.148,59.264,38.00251,101.24267,5.221106e-05,-4.5109434,1.0414342
23.148,64.82,41.87183,111.119995,5.250265e-05,-4.350401,1.5834161
23.148,64.82,50.161583,132.10933,5.2976928e-05,-4.735077,2.0099213
23.148,64.82,59.03058,154.33333,5.345127e-05,-4.892235,1.5895841
23.148,64.82,67.967766,176.55733,5.374118e-05,-5.0494905,0.9815209
23.148,64.82,77.70865,200.63335,5.392461e-05,-5.093939,0.7159074
23.148,64.82,80.722336,208.04134,5.406047e-05,-4.6042385,0.4839245
23.148,64.82,83.98907,216.06665,5.4161024e-05,-4.0926566,0.4301551
23.148,64.82,87.00784,223.47466,5.4243174e-05,-3.556468,0.56328946
23.148,64.82,90.28677,231.5,5.439729e-05,-3.4434626,1.0527711
23.148,77.784,93.32854,238.908,5.469821e-05,-3.2634332,1.5217636
23.148,92.6,96.63295,246.93333,5.510506e-05,-3.0536513,1.9081337
24.1768,92.6,96.46526,259.28,5.5540062e-05,-2.9131088,2.1164966
25.720001,92.6,93.48777,271.62668,5.6046403e-05,-3.8827093,2.5214612
24.1768,114.824,97.694115,262.36667,5.6633e-05,-4.9960704,2.6564584
23.148,138.9,99.30846,253.10667,5.721923e-05,-5.6391335,2.510704
21.604801,138.9,100.78238,237.67334,5.7757454e-05,-6.3228717,2.1771395
20.576,138.9,99.068565,222.24,5.8154368e-05,-6.0379095,1.283396
20.576,138.9,90.277275,203.72002,5.835865e-05,-5.6368685,0.49316204
20.576,138.9,76.095634,173.625,5.83877e-05,-4.628895,-0.08079715
21.604801,114.824,72.27054,173.625,5.8340487e-05,-3.048401,-0.48281947
23.148,92.6,67.03249,173.625,5.8154368e-05,-2.3116984,-1.1274902
24.1768,92.6,67.36945,182.885,5.785631e-05,-1.376803,-1.5290949
25.720001,92.6,65.928276,192.145,5.7453286e-05,-1.0287999,-1.781934
28.292,92.6,60.09043,196.77501,5.7020097e-05,-0.8695794,-1.8648188
30.864,92.6,54.967674,201.40501,5.6516048e-05,-1.0461264,-2.349639
33.436,92.6,49.930626,203.72,5.5946537e-05,-0.87967587,-2.4168894
36.008,92.6,45.542503,206.03499,5.5340646e-05,0.0,2.572
37.0368,92.6,46.04501,218.536,5.473361e-05,0.44662338,-2.5329256
38.58,92.6,45.481773,231.5,5.4161024e-05,-0.6656827,-2.4843612
36.008,74.08,50.527683,231.5,5.367045e-05,-1.7540995,-1.8810419
33.436,55.56,56.288685,231.5,5.321436e-05,-2.182414,-2.1824145
31.8928,55.56,58.72644,225.48099,5.2740063e-05,-1.4752384,-2.1068592
30.864,55.56,59.988937,219.92499,5.22651e-05,-0.46285927,-2.004864
29.3208,55.56,64.16032,219.92499,5.175373e-05,0.4628594,-2.004864
28.292,55.56,67.15308,219.92499,5.131329e-05,1.2382947,-1.6432723
28.292,55.56,70.486115,231.03702,5.1039257e-05,1.2641153,-0.8851433
28.292,55.56,74.07977,243.07501,5.083645e-05,1.0912071,-1.0912071
26.7488,74.08,85.00999,259.74298,5.049015e-05,1.0524598,-1.128625
25.720001,92.6,95.58931,277.8,5.035898e-05,2.0322676,0.32187963
24.1768,111.12,138.28166,369.78268,5.0622002e-05,2.3293357,2.0248606
23.148,129.64,159.25734,401.2667,5.131329e-05,1.6591003,4.322104
24.1768,129.64,150.1375,401.2667,5.25453e-05,0.53769445,5.115821
25.720001,129.64,137.29137,401.2667,5.3688025e-05,0.0,4.6296
25.720001,129.64,137.26828,401.2667,5.392461e-05,0.08079766,4.628895
26.2344,129.64,135.2741,408.05734,5.4745648e-05,0.10773021,6.17186
28.292,129.64,98.33565,328.73,5.6281307e-05,-1.2728629,5.5133758
29.3208,133.344,92.964905,328.73,5.7198533e-05,-2.850266,3.648175
30.864,138.9,85.53537,328.73,5.7920843e-05,-3.3302557,3.2159903
29.3208,138.9,94.11987,334.286,5.8684516e-05,-3.7002842,3.5733225
28.292,138.9,101.048965,340.305,5.9551734e-05,-4.3648295,4.364828
28.292,142.604,100.50586,338.916,6.0658367e-05,-5.092301,5.0922995
28.292,148.16,100.07179,337.99,6.186609e-05,-6.304853,5.2903986
28.292,148.16,98.659706,333.36,6.299913e-05,-7.074693,5.1400633
28.292,148.16,97.24896,328.72998,6.416161e-05,-7.3947253,5.572327
28.292,148.16,95.21286,321.785,6.5415705e-05,-6.7959867,5.503281
28.292,148.16,93.1841,314.84,6.666408e-05,-6.4856434,5.0671406
28.292,148.16,92.304306,312.062,6.769227e-05,-5.643125,5.2622995
28.292,148.16,91.64799,310.21,6.8917754e-05,-3.014881,7.102616
29.3208,101.86,84.71851,304.191,7.071554e-05,-0.9140822,8.696896
30.864,55.56,76.12334,298.635,7.270045e-05,-1.8181468,8.553705
30.864,55.56,69.78574,270.39203,7.442644e-05,-2.7022915,8.3168
30.864,55.56,63.487415,243.07501,7.620224e-05,-0.30519003,8.739473
30.864,55.56,69.122406,269.77466,7.806979e-05,2.3142962,10.02432
30.864,55.56,67.223045,262.36667,8.028322e-05,2.7377818,10.980643
30.864,55.56,67.10512,262.36667,8.113127e-05,2.5667946,12.075819
27.7776,55.56,96.13433,324.1,8.277463e-05,3.1952765,11.924933
23.148,55.56,128.87285,324.1,8.510482e-05,4.0465083,11.117691
23.148,74.08,125.92429,316.69202,8.727442e-05,5.7959085,10.900517
23.148,92.6,123.34221,310.21002,8.938759e-05,7.4788694,11.087881
23.148,124.084,123.30081,310.21002,9.1611364e-05,8.867496,11.349877
23.148,157.42,123.25212,310.21002,9.374543e-05,9.822958,10.5338335
23.148,188.904,128.57518,324.1,9.5622745e-05,10.703664,9.637622
23.148,222.24,119.55445,300.95,9.7398035e-05,12.565935,9.817584
