Vmax,Rmax_IBT,Rmax_CK22,R34,fcor,u_trans,v_trans
18.004,111.12,66.04025,138.9,3.330315e-05,-9.594031,1.8648896
19.0328,111.12,62.726532,138.9,3.3779743e-05,-9.021887,2.0828683
20.576,111.12,58.267574,138.9,3.4293596e-05,-7.949956,2.1301837
20.576,111.12,64.024826,151.864,3.4787165e-05,-6.9226227,1.985029
20.576,111.12,58.345543,138.9,3.5282377e-05,-6.395002,1.9551464
20.576,111.12,58.38424,138.9,3.577553e-05,-6.359905,2.0664594
20.576,111.12,58.422787,138.9,3.626943e-05,-6.395002,1.9551464
21.604801,111.12,55.740993,138.9,3.6706588e-05,-6.359905,2.0664594
23.148,111.12,52.095417,138.9,3.7254722e-05,-6.060662,2.8261323
24.1768,77.784,51.512165,143.22133,3.80594e-05,-6.172977,3.709097
25.720001,46.3,42.096573,125.009995,3.897458e-05,-6.172977,3.709097
26.7488,46.3,44.588005,137.511,3.981383e-05,-6.298661,3.491405
28.292,46.3,46.046078,150.47499,4.0688625e-05,-6.1073027,3.8162675
29.3208,46.3,47.965424,162.976,4.1665076e-05,-5.899206,4.130667
30.864,46.3,48.790436,175.94,4.2640077e-05,-5.4100595,3.9306364
30.864,46.3,52.009117,187.978,4.3508862e-05,-4.993901,3.6282797
30.864,46.3,55.568016,201.405,4.4340795e-05,-4.9298167,3.7148848
31.8928,46.3,56.35304,213.44301,4.52248e-05,-4.993901,3.6282797
33.436,46.3,56.04587,226.87,4.6034886e-05,-4.691026,3.1641371
33.436,46.3,55.97984,226.87,4.6674042e-05,-4.454835,2.5719995
33.436,46.3,55.92092,226.87,4.7240763e-05,-4.454835,2.5719995
34.4648,40.744,53.615303,226.87,4.784222e-05,-4.454835,2.5719995
36.008,37.04,50.398647,226.87,4.844305e-05,-4.362359,2.7259054
37.0368,37.04,48.350792,226.87,4.906075e-05,-3.8381126,2.5888395
38.58,37.04,45.503876,226.87,4.9641636e-05,-3.3292673,2.418853
39.6088,37.04,43.699387,226.87,5.011972e-05,-2.36432,1.9838994
41.152,37.04,41.184765,226.87,5.059779e-05,-2.1049194,2.2572503
43.724,37.04,37.408497,226.87,5.115832e-05,-1.8574418,2.4649088
46.296,37.04,34.024918,226.87,5.178951e-05,-1.5432006,2.6729007
48.868,40.744,32.066532,240.297,5.248476e-05,-1.5217645,3.2634327
51.440002,46.3,29.997366,254.65001,5.321436e-05,-1.4645767,3.2894948
52.4688,46.3,28.711662,254.65001,5.390684e-05,-1.5217645,3.2634327
54.012,46.3,26.960274,254.65001,5.4633376e-05,-1.2904117,3.3616364
54.012,46.3,26.741179,254.65001,5.540509e-05,-1.5415812,3.815547
54.012,46.3,26.494171,254.65001,5.6281307e-05,-2.4938598,4.4990444
51.440002,46.3,29.374546,265.76202,5.7389236e-05,-3.3259244,4.5777416
48.868,46.3,32.877815,277.8,5.83877e-05,-3.1573792,3.3858755
48.868,40.744,32.70163,277.8,5.895827e-05,-2.9131088,2.1164966
48.868,37.04,32.5906,277.8,5.9319285e-05,-3.1493306,1.7457025
48.868,37.04,33.265877,294.46802,5.9719943e-05,-3.2634332,1.5217636
48.868,37.04,33.909416,312.525,6.0016075e-05,-3.4613113,0.9925145
48.868,37.04,33.847923,312.525,6.0183804e-05,-3.5657573,0.5011352
48.868,37.04,33.82444,312.525,6.0247978e-05,-4.1126933,0.14361764
47.3248,37.04,36.298782,312.525,6.0248083e-05,-4.6296,5.520743e-08
46.296,37.04,38.06465,312.525,6.0247978e-05,-4.628895,0.080797255
46.296,40.744,38.047947,312.525,6.0294016e-05,-4.084526,0.5015159
46.296,46.3,37.98068,312.525,6.0479695e-05,-3.9137876,1.2716672
46.296,37.04,37.838493,312.525,6.08728e-05,-3.599235,1.9950885
46.296,27.78,37.646713,312.525,6.14047e-05,-3.8827093,2.5214612
46.296,27.78,37.4458,312.525,6.196393e-05,-3.7923467,2.6554291
46.296,27.78,37.233685,312.525,6.255676e-05,-3.8381126,2.5888395
43.724,31.484,41.943455,312.525,6.306223e-05,-3.2428217,2.5335703
41.152,37.04,47.37428,312.525,6.370404e-05,-2.3011916,3.411655
41.152,37.04,47.05914,312.525,6.4646665e-05,-1.3535643,4.4273086
41.152,37.04,46.68925,312.525,6.575688e-05,-0.5376954,5.1158204
39.6088,31.484,50.34669,314.37698,6.683943e-05,0.089775175,5.1432166
38.58,27.78,53.03498,317.155,6.801876e-05,0.09875269,5.6575384
38.58,27.78,53.35746,325.02597,6.933241e-05,0.10773021,6.17186
38.58,27.78,53.63687,333.36,7.07056e-05,1.0792867e-06,6.1728
38.58,27.78,53.936897,342.62,7.203736e-05,-0.10773146,6.17186
38.58,27.78,54.16105,351.87997,7.336144e-05,0.7522751,6.126789
38.58,27.78,53.654625,351.87997,7.469357e-05,1.8432422,6.428149
38.58,27.78,53.165916,351.87997,7.5985095e-05,2.6128972,6.1556
37.0368,27.78,58.01635,351.87997,7.719271e-05,3.1394503,5.904447
36.008,27.78,61.45087,351.87997,7.8360856e-05,3.0864,5.3458014
36.008,27.78,62.381073,366.696,7.950469e-05,3.4441626,5.7320495
36.008,27.78,63.17018,381.975,8.070772e-05,4.535351,6.2423754
36.008,27.78,63.004498,387.531,8.212661e-05,5.8514137,6.498653
36.008,27.78,62.875046,393.55,8.34429e-05,7.3947263,5.572325
37.0368,31.484,59.186794,416.237,8.43693e-05,8.322114,4.0589666
38.58,37.04,53.0177,439.85,8.510482e-05,8.523138,3.6178584
39.6088,64.82,48.757828,463.0,8.5840664e-05,8.58498,3.4685578
41.152,92.6,42.436195,486.15,8.6545406e-05,8.58498,3.4685578
41.152,92.6,42.035423,486.15,8.727427e-05,8.523138,3.6178584
41.152,92.6,41.65412,486.15,8.7973065e-05,8.644208,3.3182008
39.6088,92.6,47.268127,486.15,8.854831e-05,8.700802,3.166833
38.58,92.6,51.320667,486.15,8.9186324e-05,8.4587,3.7660556
37.0368,92.6,58.43849,508.83698,9.004281e-05,8.708341,4.437122
36.008,92.6,63.84787,532.44995,9.098784e-05,9.166676,4.670655
34.4648,92.6,73.558205,543.562,9.184698e-05,9.166676,4.670655
33.436,92.6,80.95217,555.6,9.2766924e-05,10.083343,5.13772
33.436,92.6,80.64881,572.73096,9.3770715e-05,10.446329,5.554413
33.436,92.6,80.10235,590.32495,9.491022e-05,10.353891,6.723896
