Vmax,Rmax_IBT,Rmax_CK22,R34,fcor,u_trans,v_trans
20.576,129.64,30.35848,74.08,3.454095e-05,-4.6232553,-0.24229534
21.604801,111.12,27.144985,69.45,3.4349003e-05,-5.031591,-1.0694989
23.148,92.6,27.18531,74.079994,3.404614e-05,-5.01216,-1.1571488
23.148,83.34,27.180395,74.079994,3.3779706e-05,-5.5544395,-1.0796728
23.148,74.08,27.176167,74.079994,3.3550914e-05,-5.603333,-0.78749794
24.1768,59.264,29.423115,83.340004,3.340824e-05,-6.149311,-0.53799474
25.720001,46.3,32.460922,97.23,3.330315e-05,-6.149311,-0.53799474
26.7488,46.3,32.009506,99.545,3.314183e-05,-6.149311,-0.53799474
28.292,46.3,31.025333,101.86,3.305528e-05,-5.6584,6.7475746e-08
29.3208,46.3,29.963106,101.86,3.3123048e-05,-5.6368685,0.49316204
30.864,46.3,28.495117,101.86,3.330315e-05,-5.603333,0.7874981
31.8928,37.04,27.590155,101.86,3.3513465e-05,-5.5544395,1.0796729
33.436,27.78,26.330217,101.86,3.3798577e-05,-5.4903216,1.3688912
36.008,27.78,25.534893,106.49,3.4150766e-05,-5.4392037,1.5596656
38.58,27.78,24.794615,111.119995,3.454095e-05,-5.9624667,1.5976379
39.6088,27.78,24.123074,111.119995,3.4892946e-05,-6.515807,1.5042937
41.152,27.78,23.177319,111.119995,3.5282377e-05,-6.9562116,1.8639108
42.1808,27.78,24.305658,120.38,3.5757268e-05,-6.9226227,1.985029
43.724,27.78,24.987417,129.64001,3.626943e-05,-6.9226227,1.985029
44.7528,27.78,24.712975,131.95502,3.674347e-05,-6.9226227,1.985029
46.296,27.78,24.125631,134.26999,3.7254722e-05,-6.8092465,2.3446116
47.3248,27.78,23.484478,134.26999,3.7869286e-05,-6.677208,2.697765
48.868,27.78,22.589083,134.26999,3.8483773e-05,-6.243039,2.3964772
48.868,27.78,22.873207,136.58499,3.8974318e-05,-5.282572,2.0277884
48.868,27.78,23.152302,138.9,3.9464914e-05,-4.6620474,2.173948
48.868,27.78,24.053202,145.845,4.004009e-05,-3.8827093,2.5214612
48.868,27.78,24.91657,152.79001,4.0688625e-05,-3.1524265,2.6451993
47.3248,27.78,27.432663,164.365,4.1366093e-05,-2.8586588,2.9602263
46.296,27.78,29.703276,175.94,4.2152973e-05,-3.097807,3.4404635
44.7528,27.78,31.90996,182.885,4.3035594e-05,-3.3065002,3.940532
43.724,27.78,33.765045,189.83,4.409823e-05,-2.9142919,4.8501954
42.1808,27.78,36.304684,196.775,4.5375982e-05,-2.4119048,5.6820927
41.152,27.78,38.426983,203.72,4.675884e-05,-2.3123717,5.7233205
41.152,27.78,38.57606,206.035,4.8100737e-05,-2.4119048,5.6820927
41.152,27.78,38.72023,208.34999,4.9402213e-05,-2.119674,5.2463775
39.6088,27.78,40.715664,208.35,5.0597664e-05,-2.0277898,5.2825713
38.58,27.78,42.10365,208.34999,5.178951e-05,-1.9352881,5.3171563
37.0368,27.78,44.444767,208.34999,5.3095886e-05,-2.0096662,5.8364973
36.008,27.78,46.09257,208.34999,5.439729e-05,-1.464503,5.4655943
34.4648,27.78,48.407948,206.035,5.5558332e-05,-0.9815223,5.04949
33.436,27.78,49.86105,203.72,5.6750614e-05,-0.689586,5.6162233
31.8928,31.484,51.96168,199.09,5.8101832e-05,-0.4305922,6.1577635
30.864,37.04,53.020058,194.45999,5.9551734e-05,-0.21542825,6.1690397
30.864,46.3,52.94691,194.45999,6.095418e-05,0.11670773,6.6861815
30.864,55.56,52.86168,194.45999,6.255676e-05,0.13466276,7.714825
30.864,55.56,52.757877,194.45999,6.446446e-05,0.16159531,9.25779
30.864,55.56,52.635147,194.45999,6.666408e-05,0.17955035,10.286433
30.864,55.56,51.920918,192.145,6.904125e-05,0.39495063,11.309906
30.864,55.56,51.200726,189.83,7.159438e-05,0.4308552,12.338079
30.864,55.56,51.048306,189.83,7.428881e-05,0.4308552,12.338079
30.864,55.56,50.89964,189.83,7.6852295e-05,0.59227556,11.3012905
30.864,55.56,51.330406,192.145,7.904087e-05,0.8518253,9.736408
30.864,55.56,51.76817,194.45999,8.0919635e-05,1.5185187,8.611947
30.864,55.56,53.30552,201.405,8.25321e-05,2.1301842,7.949956
30.864,55.56,54.80817,208.35,8.4068044e-05,2.702292,8.3168
30.864,55.56,55.724697,212.98,8.5826134e-05,3.3182006,8.644208
30.864,55.56,56.61576,217.61,8.756649e-05,4.058966,8.322114
29.3208,55.56,62.504253,222.23999,8.916029e-05,4.9066286,7.8522468
28.292,55.56,67.28034,226.87,9.058944e-05,5.951699,7.092959
28.292,55.56,67.193115,226.87,9.185607e-05,6.290483,6.0746493
28.292,55.56,67.11591,226.87,9.296319e-05,6.0193334,5.613119
26.7488,55.56,73.906425,229.185,9.3937444e-05,5.643125,5.262299
25.720001,55.56,79.14508,231.5,9.491022e-05,6.1163797,5.507212
24.1768,55.56,89.17212,238.44499,9.601936e-05,7.4870114,6.2823486
23.148,55.56,97.59928,245.39,9.720843e-05,8.512408,6.6506224
23.148,101.86,103.14565,259.28,9.846079e-05,9.691551,6.7860975
23.148,148.16,108.63607,273.17,9.965002e-05,10.3478,5.735879
23.148,148.16,109.53601,275.48502,0.000100597,11.748196,5.2306333
23.148,148.16,110.43165,277.80002,0.000101493315,13.446546,5.161646
24.1768,148.16,103.29888,277.80002,0.00010242603,14.407013,5.530335
25.720001,148.16,93.34808,277.80002,0.00010348522,14.9185505,6.956635
25.720001,148.16,93.23992,277.80002,0.00010479213,14.534023,7.7278786
25.720001,148.16,93.1265,277.80002,0.00010613984,13.625647,7.2448864
25.720001,148.16,93.03035,277.80002,0.00010726491,12.147418,6.733423
25.720001,148.16,92.93358,277.80002,0.00010838173,10.112924,7.0811453
24.1768,148.16,102.9522,277.80002,0.000109609944,8.410022,7.572417
23.148,148.16,110.22598,277.80002,0.00011089913,7.8613105,8.140625
