Vmax,Rmax_IBT,Rmax_CK22,R34,fcor,u_trans,v_trans
20.576,46.3,17.841932,43.213337,7.467736e-05,-1.090362,-1.7449437
21.604801,46.3,17.037083,43.213337,7.442575e-05,-1.0719968,-1.1100851
23.148,46.3,15.955457,43.213337,7.423962e-05,-1.2942364,-0.84048706
23.148,46.3,17.127947,46.3,7.411359e-05,-1.4097834,-0.627676
23.148,46.3,18.304281,49.38667,7.402041e-05,-1.4407014,-0.5530332
25.720001,46.3,28.221981,83.34,7.39267e-05,-0.9538866,-0.38539547
28.292,46.3,30.244673,98.77334,7.380098e-05,-1.9335115,-0.7037405
28.292,40.744,31.191057,101.85999,7.358171e-05,-2.4461174,-0.79479206
28.292,37.04,32.13682,104.94666,7.336144e-05,-3.0072958,-0.6942893
28.292,37.04,32.13681,104.94666,7.3234485e-05,-3.556468,-0.5632894
28.292,37.04,32.13679,104.94666,7.314133e-05,-3.5657573,-0.50113505
28.292,37.04,32.13675,104.94666,7.303103e-05,-3.5657573,-0.50113505
28.292,37.04,32.136723,104.94666,7.2921e-05,-4.084526,-0.5015177
29.3208,37.04,30.859571,104.94666,7.282695e-05,-4.084526,-0.5015177
30.864,37.04,26.999691,97.23,7.270045e-05,-4.084526,-0.5015177
30.864,40.744,27.001282,97.23,7.2495735e-05,-4.064535,-0.6437593
30.864,46.3,27.003147,97.23,7.2258685e-05,-4.528432,-0.962549
30.864,46.3,28.889227,104.175,7.200404e-05,-4.510944,-1.0414339
30.864,46.3,30.76576,111.12001,7.181604e-05,-4.584545,-0.6443165
30.864,46.3,30.766335,111.12001,7.176578e-05,-4.62678,-0.16157195
30.864,46.3,30.76576,111.12001,7.181604e-05,-4.62678,0.16156985
29.3208,46.3,32.659668,111.119995,7.190976e-05,-4.6183224,0.322945
28.292,46.3,34.02681,111.119995,7.2037474e-05,-4.6119833,0.4034962
28.292,50.004,34.02678,111.119995,7.211485e-05,-4.075151,0.5727259
28.292,55.56,34.026726,111.119995,7.2258685e-05,-3.974978,1.0650918
28.292,55.56,34.026558,111.119995,7.25895e-05,-3.3836453,1.2315458
28.292,55.56,34.026352,111.119995,7.2921e-05,-3.493841,0.8711126
28.292,55.56,35.441154,115.75,7.296547e-05,-3.0072956,0.6942894
28.292,55.56,36.853325,120.380005,7.314133e-05,-2.2936418,2.065205
29.3208,55.56,38.65946,131.95499,7.379506e-05,-1.0527722,3.4434621
30.864,55.56,39.297462,143.53,7.467736e-05,-0.35866448,4.09954
30.864,55.56,39.27525,143.53,7.551736e-05,0.21537293,4.10956
30.864,55.56,39.25111,143.53,7.641916e-05,0.8833693,4.5445414
30.864,55.56,39.22615,143.53,7.734356e-05,1.654356,5.4111547
30.864,55.56,39.19841,143.53,7.8360856e-05,2.411905,5.6820927
30.864,55.56,39.16988,143.53,7.939388e-05,3.1569736,6.4727554
30.864,55.56,39.133167,143.53,8.070772e-05,3.6957126,7.9254804
31.8928,64.82,40.702282,157.41998,8.243282e-05,3.8188496,8.996646
33.436,74.08,40.836597,171.31,8.448353e-05,3.8712342,10.084909
33.436,55.56,40.68428,171.31,8.675082e-05,3.3381255,10.273694
33.436,37.04,40.53287,171.31,8.898478e-05,1.3602222,9.678483
33.436,37.04,37.58277,157.42,9.092242e-05,-0.6100056,8.723499
33.436,37.04,34.596645,143.53,9.257037e-05,-1.2070475,7.6210036
30.864,40.744,38.73567,143.53,9.3968796e-05,-1.5042925,6.5158076
28.292,46.3,43.61627,143.53,9.5103336e-05,-2.1112232,5.8005342
25.720001,46.3,30.018246,87.97,9.606459e-05,-2.572001,4.4548345
20.576,46.3,33.861668,78.71001,9.6637836e-05,-2.753606,3.0581899
18.004,50.004,18.537249,39.355003,9.703239e-05,-2.9851987,2.0135417
