Vmax,Rmax_IBT,Rmax_CK22,R34,fcor,u_trans,v_trans
20.576,92.6,64.45089,148.16,6.1173734e-05,0.7373779,1.920935
21.604801,92.6,71.47775,171.31,6.1519975e-05,1.0597423,1.7637075
23.148,92.6,64.41421,166.68,6.186609e-05,1.8186786,1.8186786
24.1768,64.82,68.42975,185.2,6.22924e-05,2.3293357,2.0248606
25.720001,37.04,70.04616,203.72002,6.278661e-05,2.1439936,2.2201703
26.7488,37.04,68.68967,209.89333,6.3274085e-05,1.8141404,2.4969501
28.292,37.04,65.6321,216.06665,6.393293e-05,2.180724,3.4898875
29.3208,37.04,62.471394,216.06667,6.487494e-05,2.9142914,4.8501954
30.864,37.04,51.50446,189.82999,6.5983986e-05,2.9142914,4.8501954
31.8928,37.04,48.6157,187.515,6.7082496e-05,3.2710857,5.2348313
33.436,37.04,44.903313,185.2,6.8243826e-05,3.179227,5.2911224
34.4648,40.744,42.888268,185.2,6.9443486e-05,3.242019,5.8487573
36.008,46.3,40.0801,185.2,7.07056e-05,3.179227,5.2911224
36.008,46.3,39.98988,185.2,7.16545e-05,3.491405,6.298661
36.008,46.3,39.84799,185.2,7.314133e-05,4.2844644,8.784453
33.436,46.3,42.54054,175.94,7.3581316e-05,3.3809466,6.3586354
30.864,46.3,47.59636,175.94,7.423962e-05,3.5405726,5.056462
29.3208,46.3,49.883186,171.773,7.464151e-05,6.7717505,6.314759
25.720001,46.3,55.69353,162.05,7.5985095e-05,7.092959,5.951699
25.720001,77.784,54.091854,157.42,7.7075376e-05,7.0746922,5.1400647
25.720001,111.12,52.489326,152.79,7.814606e-05,8.006064,5.6059065
25.720001,111.12,93.440125,273.17,7.9383004e-05,8.739326,6.3494916
25.720001,111.12,94.89267,277.8,8.070772e-05,8.627181,6.5010467
26.7488,111.12,89.233765,277.8,8.212727e-05,8.512408,6.6506224
28.292,111.12,81.35481,277.8,8.34429e-05,7.805544,5.881899
29.3208,92.6,77.50432,282.43,8.454945e-05,7.334007,4.7627597
30.864,74.08,54.708954,208.35,8.5311396e-05,6.1555996,2.6128979
30.864,111.12,58.864616,226.87001,8.560845e-05,5.5724363,0.9825711
30.864,148.16,62.88709,245.39,8.5723776e-05,6.0968027,0.9656388
30.864,138.9,65.77854,259.28,8.6001426e-05,5.9894414,1.4933355
30.864,129.64,68.56713,273.16998,8.6340384e-05,5.870682,1.9075
30.864,120.38,71.24374,287.06,8.6764485e-05,5.2825713,2.0277894
30.864,111.12,73.824265,300.95,8.7158856e-05,4.892235,1.5895833
30.864,111.12,75.49104,310.21,8.740802e-05,5.0315914,1.0694976
30.864,111.12,77.13331,319.46997,8.756649e-05,5.093939,0.71590644
30.864,111.12,78.74664,328.72998,8.766838e-05,4.6042385,0.48392478
30.864,111.12,80.31916,337.99,8.776991e-05,3.5564682,0.56328934
30.864,120.38,80.28643,337.99,8.789634e-05,2.3675385,1.0049607
30.864,129.64,80.21401,337.99,8.8175955e-05,1.618612,1.9988195
30.864,120.38,80.08032,337.99,8.869182e-05,0.7988191,2.9812334
30.864,111.12,79.899734,337.99,8.938759e-05,-0.25117877,3.5920289
29.3208,111.12,86.62338,328.73,9.0189526e-05,-1.2031683,3.9353852
28.292,111.12,90.500465,319.47,9.098784e-05,-2.3844206,3.9683416
28.292,111.12,88.21889,310.21,9.1657625e-05,-3.3302557,3.2159903
28.292,111.12,85.94193,300.94998,9.217642e-05,-3.9261231,2.4533148
28.292,111.12,82.53961,287.06,9.254589e-05,-3.8418703,1.4747552
28.292,111.12,79.08875,273.16998,9.2766924e-05,-3.992961,0.99555725
26.7488,111.12,82.25233,256.965,9.292389e-05,-3.5657573,0.5011352
25.720001,111.12,82.24656,240.76,9.296319e-05,-3.0845199,-0.10771463
24.1768,111.12,84.019966,224.555,9.287937e-05,-2.5157955,-0.53474945
23.148,111.12,82.567154,208.35,9.2766924e-05,-2.0463283,-0.21507749
21.604801,111.12,82.73307,192.145,9.279639e-05,-2.0576,2.4536634e-08
20.576,111.12,79.74188,175.94,9.2766924e-05,-1.3625647,-0.7244886
19.0328,111.12,78.18664,159.735,9.250137e-05,-0.70059824,-1.3750013
18.004,111.12,73.61761,143.53,9.217642e-05,0.0,1.5432
18.004,111.12,65.87685,129.64,9.18901e-05,0.4019842,-0.9470154
18.004,111.12,58.24507,115.75,9.1781345e-05,0.41615835,0.30235672
