Vmax,Rmax_IBT,Rmax_CK22,R34,fcor,u_trans,v_trans
18.004,111.12,67.24375,135.81334,6.393293e-05,-3.2865446,2.4765897
19.0328,111.12,66.865364,141.98666,6.4486994e-05,-2.6334584,2.4557397
20.576,111.12,64.71542,148.15999,6.507438e-05,-2.5461504,2.5461497
21.604801,105.564,64.24109,154.33333,6.564321e-05,-2.4094055,2.675916
23.148,101.86,62.11541,160.50667,6.621089e-05,-1.7702868,2.5282307
24.1768,96.304,60.331474,163.59334,6.677708e-05,-1.4489768,2.7251296
25.720001,92.6,57.206818,166.68,6.734234e-05,-1.4011964,2.7500026
25.720001,83.34,58.290905,169.76666,6.7889225e-05,-1.4489768,2.7251296
25.720001,74.08,59.37436,172.85333,6.8468675e-05,-1.352989,2.7740378
26.7488,68.524,56.586273,172.85333,6.9141985e-05,-1.4645767,3.2894948
28.292,64.82,52.70853,172.85333,6.981338e-05,-1.2059524,2.8410463
29.3208,59.264,51.166817,175.94,7.045497e-05,-0.8796764,2.4168892
30.864,55.56,41.80946,152.79,7.092813e-05,0.18806878,1.5316973
31.8928,50.004,40.05472,152.79,7.107258e-05,1.4407012,0.5530335
33.436,46.3,37.613388,152.79,7.115043e-05,1.8797113,0.83690125
34.4648,46.3,37.542397,159.735,7.145016e-05,2.1068592,1.4752387
36.008,46.3,36.586903,166.68,7.181604e-05,2.5884728,1.680974
37.0368,40.744,35.087616,166.68,7.2148054e-05,2.672901,1.5431999
38.58,37.04,32.992878,166.68,7.247968e-05,2.6455612,1.5896136
38.58,37.04,34.05174,173.625,7.282703e-05,2.672901,1.5431999
38.58,37.04,35.08503,180.57,7.314133e-05,2.8195667,1.2553519
39.6088,37.04,33.954643,182.88501,7.337785e-05,2.935341,0.95375
41.152,37.04,32.17977,185.20001,7.3581316e-05,2.935341,0.95375
42.1808,37.04,31.387762,189.83,7.380048e-05,2.935341,0.95375
43.724,37.04,29.942501,194.46,7.402041e-05,3.461311,0.9925152
44.7528,37.04,29.520025,203.72,7.423959e-05,3.992961,0.995557
46.296,37.04,28.36312,212.98,7.4458614e-05,3.992961,0.995557
47.3248,31.484,27.853298,224.555,7.465983e-05,3.992961,0.995557
48.868,27.78,26.584497,236.13,7.4895885e-05,4.9687223,1.3313653
49.8968,27.78,25.612741,243.075,7.5207055e-05,5.9624667,1.5976384
51.440002,27.78,24.039446,250.01999,7.5550095e-05,5.9624667,1.5976384
52.4688,27.78,22.985405,254.65,7.5842596e-05,5.465595,1.4645019
54.012,27.78,21.417282,259.28,7.620224e-05,6.3228717,2.1771393
54.012,31.484,21.402248,270.855,7.671094e-05,6.723273,2.580823
54.012,37.04,21.31365,282.43,7.728449e-05,6.723273,2.580823
55.040802,37.04,20.13861,282.43,7.7788274e-05,6.7672906,2.4630923
56.584,37.04,18.535017,282.43,7.8360856e-05,8.268372,2.8470285
56.584,37.04,18.304464,294.005,7.897344e-05,9.604675,3.68689
56.584,37.04,17.95742,305.58,7.9857724e-05,8.90967,5.1439996
56.584,46.3,17.198473,333.36,8.113127e-05,9.037999,6.81062
54.012,55.56,19.014198,361.13998,8.2605824e-05,9.3231125,7.284014
51.440002,64.82,21.36186,386.60498,8.412252e-05,8.92912,7.7619653
48.868,74.08,24.352686,412.07,8.5723776e-05,7.5724177,8.410021
44.7528,83.34,31.806295,437.535,8.747854e-05,6.1960025,8.848808
41.152,92.6,41.266678,463.0,8.9186324e-05,4.6296,8.0187025
38.58,101.86,50.480137,472.25998,9.064784e-05,3.13838,7.048917
36.008,111.12,62.506493,481.52,9.197902e-05,2.3446116,6.8092465
33.436,120.38,78.13432,490.78,9.3300594e-05,1.98503,6.922622
30.864,129.64,98.4722,500.03998,9.452311e-05,1.804752,5.903078
28.292,138.9,123.41878,500.03998,9.561891e-05,2.009667,5.836497
25.720001,148.16,154.22876,500.03998,9.6637836e-05,1.9352866,5.317157
