Vmax,Rmax_IBT,Rmax_CK22,R34,fcor,u_trans,v_trans
20.576,92.6,40.841743,98.77334,3.404614e-05,-5.5724363,0.98257077
21.604801,83.34,41.53372,104.94666,3.4293218e-05,-5.0315914,1.0694966
23.148,74.08,37.709167,101.86,3.454095e-05,-4.5109434,1.0414342
24.1768,64.82,38.704365,108.80499,3.4787783e-05,-4.5109434,1.0414342
25.720001,55.56,38.81939,115.75,3.5035337e-05,-5.0315914,1.0694966
26.7488,50.004,41.14537,127.325005,3.5282443e-05,-5.0315914,1.0694966
28.292,46.3,42.44302,138.9,3.5529305e-05,-4.5284324,0.962547
28.292,46.3,43.157803,141.215,3.5738907e-05,-3.992961,0.99555725
28.292,46.3,43.87318,143.53,3.6022833e-05,-3.2894945,1.4645773
28.292,40.744,44.590004,145.845,3.647883e-05,-2.949603,2.0653336
28.292,37.04,45.307247,148.16,3.700857e-05,-2.3293362,2.0248601
28.292,37.04,48.161293,157.42,3.7482194e-05,-2.143994,2.2201698
28.292,37.04,51.01352,166.68,3.7992504e-05,-1.5478681,2.0540907
29.3208,31.484,49.747086,168.995,3.855123e-05,-1.5432006,2.6729007
30.864,27.78,47.61956,171.31,3.9219805e-05,-1.690473,3.179318
33.436,27.78,43.450092,171.31,3.996707e-05,-1.5415812,3.815547
36.008,27.78,39.790436,171.31,4.093299e-05,-0.7242285,4.5726023
38.58,27.78,36.52691,171.31,4.218342e-05,0.0,5.6584
41.152,27.78,33.585033,171.31,4.3612705e-05,0.0,6.1728
41.152,27.78,35.35092,182.885,4.5031353e-05,0.10773021,6.17186
41.152,27.78,37.01849,194.46,4.651767e-05,0.0,6.6872
41.152,27.78,38.581596,206.035,4.806472e-05,0.11670773,6.6861815
41.152,27.78,40.038353,217.61,4.9641636e-05,0.0,6.6872
39.6088,27.78,43.857624,229.185,5.122985e-05,0.11670773,6.6861815
38.58,27.78,47.177036,240.76,5.2740055e-05,-0.4305922,6.1577635
38.58,31.484,47.971233,247.705,5.4113665e-05,-0.9825723,5.5724363
38.58,37.04,48.747257,254.65001,5.5340646e-05,-1.4178793,4.94473
37.0368,46.3,53.29803,263.91,5.6451478e-05,-1.9269764,4.769434
36.008,55.56,57.11925,273.16998,5.7453286e-05,-2.0294836,4.1610565
33.436,64.82,65.536415,280.115,5.8439848e-05,-2.3148007,4.009351
30.864,74.08,75.76751,287.06,5.9319285e-05,-2.9135025,3.5978742
29.3208,92.6,82.42658,289.375,6.012041e-05,-3.597875,2.9135017
28.292,111.12,87.52208,291.69,6.0711227e-05,-4.1250043,2.1017933
25.720001,129.64,96.353424,280.115,6.104644e-05,-3.992961,0.99555725
23.148,148.16,105.878365,268.54,6.1173734e-05,-4.1051755,0.28706223
21.604801,166.68,108.80527,254.65,6.1190585e-05,-4.1152,4.9073268e-08
20.576,185.2,108.32897,240.76001,6.1173734e-05,-4.1145735,0.07181978
19.0328,185.2,142.62357,287.06,6.123668e-05,-4.6042385,0.4839245
18.004,185.2,145.88968,277.8,6.14047e-05,-5.0315914,1.0694966
18.004,185.2,145.95969,277.8,6.1715386e-05,-5.465595,1.4645014
18.004,185.2,146.04517,277.8,6.20965e-05,-6.459339,1.7307743
18.004,185.2,146.12993,277.8,6.247612e-05,-7.044228,1.4972953
18.004,185.2,146.19897,277.8,6.278661e-05,-7.1315145,1.0022703
18.004,185.2,146.23587,277.8,6.295318e-05,-7.184057,0.5023589
18.004,185.2,146.24982,277.8,6.3016254e-05,-6.17186,0.10772967
18.004,185.2,148.91405,282.43,6.298099e-05,-5.144,6.134159e-08
18.004,185.2,151.59875,287.06,6.3016254e-05,-4.064535,0.6437594
18.004,185.2,154.34026,291.69,6.327379e-05,-3.7880614,1.6079371
18.004,185.2,157.12907,296.32,6.370404e-05,-3.4116557,2.3011906
18.004,185.2,157.26373,296.32,6.4275286e-05,-3.1981113,2.5897794
18.004,185.2,157.39742,296.32,6.4846485e-05,-3.4898872,2.1807244
18.004,175.94,157.49664,296.32,6.527324e-05,-4.350401,1.5834161
18.004,166.68,157.55594,296.32,6.552959e-05,-5.093939,0.7159074
18.004,157.42,152.17555,287.06,6.556454e-05,-5.144,6.134159e-08
18.004,148.16,146.79716,277.8,6.552959e-05,-3.5986066,0.12566544
19.0328,138.9,133.45111,268.54,6.562542e-05,-2.5060797,0.57857454
20.576,129.64,117.87396,259.28,6.575688e-05,-1.987489,0.5325459
20.576,120.38,113.3891,250.02,6.587051e-05,-1.9778922,0.5671511
20.576,111.12,108.912766,240.76,6.5983986e-05,-0.90837646,0.4829924
19.0328,111.12,153.63614,305.58,6.6046254e-05,0.33064994,0.39405325
18.004,111.12,157.71266,296.32,6.621089e-05,1.1100851,1.0719968
18.004,120.38,147.00635,277.8,6.6511275e-05,1.4382441,2.1322846
18.004,129.64,125.791046,240.76001,6.711647e-05,1.6079367,3.7880616
19.0328,138.9,113.94883,231.5,6.81258e-05,1.3313652,4.9687223
20.576,148.16,100.32106,222.24,6.936598e-05,0.59146386,5.627403
20.576,166.68,100.44594,222.24,7.059403e-05,-0.49316368,5.636868
20.576,185.2,100.5679,222.24,7.181604e-05,-1.464503,5.4655943
19.0328,203.72,109.65785,222.24,7.300388e-05,-2.2109127,5.208585
18.004,222.24,116.310875,222.24,7.402041e-05,-2.1734653,4.087694
