Vmax,Rmax_IBT,Rmax_CK22,R34,fcor,u_trans,v_trans
20.576,55.56,30.363886,74.079994,3.475097e-05,-2.0576,2.4536634e-08
20.576,55.56,30.364882,74.079994,3.47882e-05,-2.0572867,0.03590989
20.576,55.56,30.3644,74.079994,3.4769448e-05,-2.0576,2.4536634e-08
20.576,55.56,30.364882,74.079994,3.47882e-05,-2.5657346,0.1794139
19.0328,55.56,32.645927,74.079994,3.4856253e-05,-3.5657573,0.5011352
18.004,55.56,34.36965,74.079994,3.5035337e-05,-3.4613113,0.9925145
19.0328,59.264,28.599188,64.82,4.1316805e-05,-10.187878,1.4318148
20.576,64.82,30.539057,74.08,4.1665367e-05,-11.206666,1.5749962
23.148,64.82,27.330067,74.08,4.2048745e-05,-11.206666,1.5749962
25.720001,64.82,24.717999,74.08,4.239659e-05,-11.254806,1.1829265
28.292,50.004,22.551725,74.08,4.2657935e-05,-10.761294,0.9414912
30.864,37.04,20.727472,74.08,4.288343e-05,-9.720059,1.0216184
30.864,40.744,31.026491,111.119995,4.3142754e-05,-8.169052,1.0030318
30.864,46.3,41.2178,148.16,4.3369746e-05,-8.199081,0.7173266
30.864,46.3,41.215862,148.16,4.34906e-05,-8.210351,0.57412446
30.864,46.3,41.213852,148.16,4.3612705e-05,-8.199081,0.7173266
31.8928,31.484,39.72683,148.16,4.3854747e-05,-7.6584864,0.94034237
33.436,18.52,37.653996,148.16,4.409823e-05,-7.6737313,0.80654085
34.4648,18.52,36.366325,148.16,4.4255215e-05,-7.184057,0.5023589
36.008,18.52,34.569107,148.16,4.4340795e-05,-7.197213,0.25133088
41.152,18.52,32.723846,166.68,4.4358545e-05,-6.6872,7.974406e-08
46.296,18.52,30.612494,185.20001,4.4340795e-05,-6.1728,7.3609904e-08
52.4688,18.52,27.247034,201.405,4.4340002e-05,-5.6584,6.7475746e-08
59.156002,18.52,23.708519,217.61,4.4340795e-05,-5.6584,6.7475746e-08
62.7568,27.78,21.509497,217.61,4.4358847e-05,-5.6584,6.7475746e-08
66.872,37.04,19.325876,217.61,4.4340795e-05,-5.6506453,-0.29613873
66.872,37.04,19.682009,226.87,4.421893e-05,-5.115821,-0.53769374
66.872,37.04,20.01228,236.12999,4.409823e-05,-4.6232553,-0.24229534
66.872,37.04,20.087536,238.44499,4.407986e-05,-5.144,6.134159e-08
66.872,37.04,20.15021,240.76,4.409823e-05,-4.6296,5.520743e-08
65.328804,31.484,21.382763,252.335,4.4079883e-05,-4.6296,5.520743e-08
64.3,27.78,22.356913,263.91,4.409823e-05,-4.10956,0.21537372
64.3,31.484,22.328312,263.91,4.4182867e-05,-3.556468,0.56328946
64.3,37.04,22.274542,263.91,4.4340795e-05,-2.9947207,0.7466679
61.728,37.04,23.98423,263.91,4.4546665e-05,-2.9182484,1.0048336
59.156002,37.04,25.853642,263.91,4.4825505e-05,-2.8195667,1.255352
59.156002,37.04,25.74421,263.91,4.515219e-05,-2.7251294,1.4489772
59.156002,37.04,25.610924,263.91,4.5551555e-05,-3.0864885,1.8545485
61.728,37.04,24.008451,282.43,4.603483e-05,-3.5274155,2.119484
64.3,37.04,22.226282,300.95,4.651767e-05,-3.6335058,1.9319696
66.872,40.744,20.264366,300.95,4.689739e-05,-3.2894945,1.4645773
69.444,46.3,18.496004,300.95,4.7240763e-05,-3.2634332,1.5217636
66.872,46.3,19.995884,300.95,4.760162e-05,-2.7251294,1.4489772
64.3,46.3,21.666655,300.95,4.796257e-05,-2.7251294,1.4489772
61.728,46.3,23.533176,300.95,4.8322865e-05,-2.7251294,1.4489772
59.156002,46.3,25.623692,300.95,4.868306e-05,-2.7251294,1.4489772
59.156002,46.3,25.710197,312.062,4.90426e-05,-2.7251294,1.4489772
59.156002,46.3,25.763853,324.1,4.9402213e-05,-3.236378,1.5784862
60.1848,50.004,24.881674,356.047,4.9761413e-05,-3.2634332,1.5217636
61.728,55.56,23.127161,388.92,5.012002e-05,-2.7500029,1.4011955
62.7568,59.264,21.956778,388.92,5.0460156e-05,-2.5884728,1.6809741
64.3,64.82,20.366556,388.92,5.083645e-05,-2.5587418,1.725893
62.7568,64.82,21.56474,388.92,5.1259547e-05,-2.949603,2.0653336
61.728,64.82,22.298084,388.92,5.178951e-05,-3.1524265,2.6451993
60.1848,64.82,23.490305,394.476,5.2502695e-05,-3.3858752,3.1573796
59.156002,64.82,24.222593,400.495,5.321436e-05,-3.1524265,2.6451993
59.156002,64.82,23.965216,400.495,5.3723186e-05,-2.9131088,2.1164966
59.156002,64.82,23.74583,400.495,5.4161024e-05,-3.0536513,1.9081337
57.6128,64.82,25.313938,403.73602,5.4597785e-05,-3.4898872,2.1807244
56.584,64.82,26.327784,407.44,5.510506e-05,-3.7923467,2.6554291
54.012,64.82,29.563875,407.44,5.5758297e-05,-3.997639,3.237224
51.440002,64.82,33.27399,407.44,5.6516048e-05,-3.8227363,3.4420085
48.868,68.524,37.80172,423.645,5.7318346e-05,-3.7002842,3.5733225
46.296,74.08,43.3476,439.85,5.8154368e-05,-4.20501,3.7862093
46.296,64.82,42.84912,439.85,5.8970123e-05,-4.3345866,3.6371489
46.296,55.56,42.35626,439.85,5.9784e-05,-4.3345866,3.6371489
44.7528,68.524,45.88757,439.85,6.0577957e-05,-4.2704496,3.7122433
43.724,83.34,48.288834,439.85,6.14047e-05,-4.0703125,3.9306548
43.724,83.34,47.756844,439.85,6.229195e-05,-3.7862084,4.205011
43.724,83.34,47.18987,439.85,6.324571e-05,-3.4836583,4.4588804
42.1808,83.34,51.411404,443.091,6.425854e-05,-3.2455256,4.6350894
41.152,83.34,54.373863,446.79498,6.530208e-05,-2.998495,4.7985954
41.152,83.34,53.763817,446.79498,6.6324e-05,-2.9142919,4.8501954
41.152,83.34,53.160606,446.79498,6.734234e-05,-2.7259047,4.3623595
39.6088,87.044,58.487522,451.425,6.830573e-05,-2.6493561,4.4092684
38.58,92.6,62.282524,456.055,6.936598e-05,-2.2109127,5.208585
38.58,92.6,62.114582,470.87097,7.065535e-05,-1.8432431,6.4281487
38.58,92.6,61.762314,486.15,7.2037474e-05,-1.7307763,6.4593387
37.0368,105.564,68.39211,486.15,7.337793e-05,-1.2833977,6.0379095
36.008,120.38,73.07489,486.15,7.467736e-05,-0.2961378,5.6506453
34.4648,124.084,81.46887,486.15,7.5859934e-05,0.88516885,5.588736
33.436,129.64,87.45827,486.15,7.70685e-05,1.5976382,5.9624667
33.436,129.64,89.307396,520.875,7.833894e-05,2.225417,6.8491287
33.436,129.64,90.36759,555.6,7.9857724e-05,3.1338563,8.163975
33.436,129.64,88.95508,555.6,8.174279e-05,4.393732,9.868484
33.436,129.64,87.3834,555.6,8.3859915e-05,5.371252,10.5416765
33.436,111.12,85.7772,555.6,8.604629e-05,6.814762,10.905899
33.436,92.6,84.229546,555.6,8.8175955e-05,7.600711,9.728466
33.436,92.6,84.19295,601.9,8.992425e-05,8.933308,9.2507105
33.436,92.6,83.15858,648.2,9.1781345e-05,11.662458,10.875418
33.436,92.6,81.2054,648.2,9.4020754e-05,13.321022,12.863962
33.436,92.6,78.96537,648.2,9.6637836e-05,11.97773,14.791265
33.436,92.6,76.38199,659.775,9.957932e-05,9.7736,16.928371
33.436,92.6,73.52284,671.35,0.00010276526,8.794427,18.031246
38.58,101.86,36.116558,671.35,0.000105965104,8.039683,18.940308
38.58,111.12,30.925526,740.8,0.00010922921,7.0050898,18.248882
