Vmax,Rmax_IBT,Rmax_CK22,R34,fcor,u_trans,v_trans
23.148,166.68,74.49158,194.46,4.385554e-05,-7.092191,1.2505447
23.148,101.86,78.728935,204.95467,4.418215e-05,-7.017023,1.6200086
23.148,37.04,83.2358,216.06667,4.458322e-05,-6.987682,1.7422252
23.148,37.04,87.51214,226.56134,4.503086e-05,-7.4170957,2.1268167
23.148,37.04,92.05779,237.67334,4.5551555e-05,-7.378848,2.255938
24.1768,101.86,88.13333,238.908,4.6118712e-05,-7.2956214,2.512084
25.720001,166.68,82.636055,240.76,4.675884e-05,-7.1541514,2.8904626
26.7488,166.68,78.8119,240.76,4.7480786e-05,-7.1026154,3.014882
28.292,166.68,61.619186,201.405,4.8202877e-05,-7.1541514,2.8904626
28.292,166.68,61.19081,200.01599,4.883824e-05,-7.2956214,2.512084
28.292,166.68,60.90365,199.09,4.9402213e-05,-7.378848,2.255938
28.292,129.64,60.05609,196.31198,4.9898084e-05,-7.4170957,2.1268167
28.292,92.6,59.489704,194.45999,5.035898e-05,-7.4530835,1.9970473
29.3208,87.044,56.15755,191.68199,5.081755e-05,-7.4170957,2.1268167
30.864,83.34,52.201424,189.83,5.131329e-05,-7.378848,2.255938
34.4648,68.524,45.195625,189.367,5.1854324e-05,-7.827575,2.5433345
38.58,55.56,38.858284,189.83,5.250265e-05,-7.6310945,3.0831602
46.296,46.3,29.897072,190.756,5.331442e-05,-7.4592757,3.4783168
54.012,37.04,23.473585,192.14499,5.4161024e-05,-7.4592757,3.4783168
59.156002,31.484,20.136644,193.997,5.488616e-05,-7.1026154,3.014882
64.3,27.78,17.356232,196.775,5.5576067e-05,-7.048917,3.13838
62.7568,27.78,17.623299,187.052,5.6315796e-05,-6.5268664,3.0435271
61.728,27.78,17.634436,178.25499,5.698501e-05,-6.1555996,2.6128979
60.1848,27.78,18.17925,175.47699,5.7522597e-05,-6.3228717,2.1771395
59.156002,27.78,18.547247,173.625,5.7920843e-05,-5.9894414,1.4933358
59.156002,27.78,18.424057,172.23601,5.822353e-05,-6.0790215,1.0718954
59.156002,27.78,18.347857,171.31,5.83877e-05,-6.157763,0.43059334
59.156002,27.78,18.31448,170.847,5.843943e-05,-6.6872,7.974406e-08
59.156002,27.78,18.347857,171.31,5.83877e-05,-6.6831264,-0.2333817
56.584,27.78,19.805561,172.236,5.832296e-05,-7.184057,-0.5023587
54.012,27.78,21.47596,173.625,5.8154368e-05,-7.1315145,-1.0022701
52.4688,27.78,22.792984,176.866,5.7855756e-05,-7.0442276,-1.4972984
51.440002,27.78,23.890656,180.57,5.7453286e-05,-6.9562116,-1.8639108
51.440002,27.78,24.037952,181.496,5.7002e-05,-6.9226227,-1.985029
51.440002,27.78,24.230318,182.88501,5.6516048e-05,-6.886924,-2.1055458
51.440002,27.78,24.380045,183.811,5.6063076e-05,-6.886924,-2.1055458
51.440002,27.78,24.575148,185.2,5.5576067e-05,-6.8092465,-2.3446116
49.8968,27.78,26.04561,187.052,5.498672e-05,-6.7232733,-2.5808215
48.868,27.78,27.267252,189.82999,5.439729e-05,-6.2839127,-2.2871566
54.012,27.78,23.719982,194.923,5.388832e-05,-6.359905,-2.0664594
59.156002,27.78,20.786186,201.405,5.345127e-05,-6.3950005,-1.9551495
59.156002,27.78,20.961098,203.257,5.3041913e-05,-5.9894414,-1.4933357
59.156002,27.78,21.159557,206.035,5.2740055e-05,-6.096802,-0.96563894
59.156002,27.78,21.412628,210.66501,5.2585376e-05,-6.149311,-0.53799474
59.156002,27.78,21.643005,215.295,5.250265e-05,-5.115821,-0.53769374
57.6128,27.78,22.944788,219.925,5.23492e-05,-5.6368685,-0.49316186
56.584,27.78,23.947357,224.55501,5.22651e-05,-8.225387,-0.28723902
56.584,27.78,23.947357,224.55501,5.22651e-05,-8.2304,9.8146536e-08
55.5552,27.78,24.794275,225.481,5.225445e-05,-4.6296,5.520743e-08
54.012,27.78,26.273403,229.185,5.22651e-05,-4.1051755,0.28706223
56.584,27.78,24.34311,233.352,5.2393556e-05,-5.6368685,0.49316204
59.156002,27.78,22.578518,238.44499,5.250265e-05,-6.6831264,0.23337866
59.156002,27.78,22.578518,238.44499,5.250265e-05,-6.6872,7.974406e-08
57.0984,27.78,24.312584,242.61201,5.2502295e-05,-5.6584,6.7475746e-08
51.440002,27.78,30.337307,256.96503,5.250265e-05,-5.6584,6.7475746e-08
47.3248,27.78,35.35955,257.891,5.248548e-05,-6.1728,7.3609904e-08
43.724,27.78,40.707745,259.28,5.250265e-05,-6.1690397,0.21542646
41.152,27.78,45.049427,259.28,5.2567568e-05,-6.149311,0.5379949
38.58,27.78,49.985584,259.28,5.2740055e-05,-6.096802,0.9656391
37.0368,27.78,54.165577,264.836,5.3024203e-05,-5.9624667,1.5976379
36.008,27.78,57.57009,270.85498,5.345127e-05,-5.723321,2.31237
36.008,27.78,57.451443,270.855,5.402467e-05,-5.0857368,2.4804783
36.008,27.78,57.325256,270.855,5.4633376e-05,-4.623397,2.2549803
36.008,27.78,57.000637,269.466,5.506425e-05,-4.735077,2.0099213
36.008,27.78,56.738995,268.54,5.5576067e-05,-6.1555996,2.6128979
36.008,27.78,56.64288,268.54,5.6046403e-05,-6.2002645,2.5050676
34.979202,27.78,59.220005,268.077,5.6164972e-05,-2.9812334,0.79881895
33.436,27.78,63.618946,268.54,5.6281307e-05,-2.841046,1.2059529
33.436,27.78,64.38293,272.707,5.6713834e-05,-3.4898872,2.1807244
33.436,27.78,65.30616,277.8,5.721923e-05,-3.0864885,1.8545485
34.4648,27.78,62.74389,281.04102,5.7569992e-05,-2.6994264,1.4963164
36.008,27.78,58.889156,284.745,5.7920843e-05,-2.6174154,1.6355432
38.58,22.223999,52.70089,288.912,5.8370075e-05,-2.9131088,2.1164966
41.152,18.52,47.229507,294.005,5.8853857e-05,-2.9131088,2.1164966
42.1808,18.52,45.29652,298.172,5.9301714e-05,-2.9131088,2.1164966
43.724,18.52,42.432384,303.265,5.9784e-05,-2.7583733,2.3145492
43.724,18.52,42.633705,308.82098,6.036361e-05,-2.6759155,2.409406
43.724,18.52,42.84303,314.84,6.0942573e-05,-2.837469,2.216874
43.724,18.52,43.267754,324.09998,6.142168e-05,-3.4898872,2.1807244
43.724,18.52,43.65825,333.36,6.186609e-05,-3.599235,1.9950885
43.724,18.52,44.476032,351.88,6.2343956e-05,-4.1610575,2.0294824
43.724,18.52,45.158665,370.4,6.278661e-05,-4.261569,1.8089292
43.724,64.82,45.09196,372.715,6.314755e-05,-4.350401,1.5834161
43.724,111.12,45.036404,375.03,6.3474974e-05,-4.4030113,1.4306257
43.724,129.64,44.7818,372.715,6.381839e-05,-4.9192324,1.5039588
43.724,148.16,44.529007,370.4,6.416161e-05,-4.9447303,1.4178778
44.7528,120.38,41.813076,366.696,6.446955e-05,-4.9192324,1.5039588
46.296,92.6,38.196102,363.455,6.4846485e-05,-5.2463775,2.1196725
47.3248,92.6,35.8825,362.066,6.536438e-05,-5.041672,2.5688584
48.868,92.6,32.755047,361.13998,6.5983986e-05,-4.9003186,2.8291996
48.868,92.6,32.453934,358.362,6.661288e-05,-4.691026,3.1641371
48.868,92.6,32.127655,356.50998,6.734234e-05,-4.2704496,3.7122433
48.868,83.34,31.740011,353.732,6.820976e-05,-3.7122447,4.2704487
48.868,74.08,31.344845,351.87997,6.914198e-05,-3.1669621,4.053528
48.868,64.82,30.77942,331.508,6.991588e-05,-2.8016226,4.3141217
48.868,55.56,30.083076,312.525,7.092813e-05,-2.56886,5.0416713
48.868,55.56,29.934786,312.525,7.137252e-05,-2.8261342,6.060661
46.810402,55.56,31.793547,278.263,7.2242554e-05,-2.7199283,6.1090617
43.724,55.56,32.9505,226.87,7.3581316e-05,-1.8432431,6.4281487
34.4648,64.82,43.04772,188.44098,7.501408e-05,-0.50235754,7.1840577
25.720001,74.08,51.667408,150.475,7.663584e-05,0.5741237,8.210352
21.604801,83.34,73.38201,173.162,7.8478086e-05,1.7667387,9.089083
18.004,92.6,70.19688,138.9,8.049559e-05,3.179167,9.78447
18.004,92.6,66.286476,131.492,8.255459e-05,4.9609585,10.171473
18.004,92.6,47.130764,95.68667,8.469088e-05,8.234103,10.539171
