Vmax,Rmax_IBT,Rmax_CK22,R34,fcor,u_trans,v_trans
20.576,74.08,30.688105,74.08,4.7722115e-05,-0.5144,6.1341585e-09
23.148,64.82,30.973442,83.34,4.787237e-05,0.1431813,1.0187877
25.720001,55.56,31.120655,92.600006,4.8202877e-05,0.52780545,1.4501337
26.7488,55.56,31.445688,97.229996,4.8472943e-05,1.090362,1.7449437
28.292,55.56,31.127209,101.86,4.892293e-05,1.8141404,2.4969501
29.3208,46.3,29.99629,101.86,4.968979e-05,2.3011906,3.4116557
30.864,37.04,28.421682,101.86,5.059779e-05,1.9319694,3.6335058
31.8928,37.04,28.055061,104.175,5.145012e-05,0.93195564,3.4781058
33.436,37.04,27.223524,106.490005,5.22651e-05,-0.31383142,3.587098
36.008,31.484,26.101492,111.12,5.3030573e-05,-1.5217645,3.2634327
38.58,27.78,25.033049,115.75001,5.3688025e-05,-1.9839002,2.3643193
38.58,31.484,25.01284,115.75,5.4196596e-05,-2.3293362,2.0248601
38.58,37.04,24.99537,115.75,5.4633376e-05,-2.2936418,2.065205
36.008,31.484,26.042044,111.119995,5.512266e-05,-1.7540995,1.8810419
33.436,27.78,27.166805,106.49,5.5576067e-05,-1.7210038,1.9113686
33.436,27.78,27.728977,108.805,5.5946424e-05,-1.4032797,1.5048335
33.436,27.78,28.289967,111.119995,5.6281307e-05,-1.3226001,1.5762128
34.4648,27.78,26.788546,108.805,5.6615445e-05,-1.4032797,1.5048335
36.008,27.78,24.971003,106.49,5.698501e-05,-2.3985834,1.9423344
33.436,27.78,26.565605,104.175,5.744671e-05,-3.4898872,2.1807244
30.864,27.78,28.375174,101.86,5.7920843e-05,-4.087694,2.173466
29.3208,31.484,26.724413,90.748,5.843008e-05,-4.292491,1.7342775
28.292,37.04,25.46385,83.340004,5.862087e-05,-4.0252733,0.8555973
28.292,37.04,25.46385,83.340004,5.862087e-05,-4.1152,4.9073268e-08
24.1768,46.3,34.44842,95.68667,5.8621237e-05,-4.1152,4.9073268e-08
20.576,55.56,39.092842,92.600006,5.862087e-05,-3.6008,4.293911e-08
