Vmax,Rmax_IBT,Rmax_CK22,R34,fcor,u_trans,v_trans
18.004,148.16,70.80078,148.16,3.4293596e-05,-1.9988195,-1.618612
18.004,138.9,70.75798,148.16,3.392224e-05,-2.6174154,-1.6355432
18.004,129.64,70.71506,148.16,3.3550914e-05,-3.1183844,-1.8003997
19.0328,114.824,67.05798,148.16,3.307389e-05,-3.563868,-2.0575995
20.576,101.86,62.18888,148.16,3.2559245e-05,-3.9261231,-2.4533148
21.604801,87.044,59.26634,148.16,3.196981e-05,-3.563868,-2.0575995
23.148,74.08,55.362244,148.16,3.156599e-05,-2.4168894,-0.8796756
25.720001,68.524,51.438393,152.79001,3.15409e-05,-1.4591242,0.5024168
28.292,64.82,38.131172,125.009995,3.1814445e-05,-1.376803,1.5290949
30.864,50.004,37.518375,134.27,3.231077e-05,-2.143994,2.2201698
33.436,37.04,36.868725,143.53,3.280731e-05,-3.3145537,1.406945
34.4648,37.04,38.481808,155.10501,3.2987296e-05,-4.595092,0.5642054
36.008,37.04,39.29733,166.68,3.305528e-05,-4.6119833,0.4034962
37.0368,37.04,41.53033,182.88501,3.3197626e-05,-4.595092,0.5642054
38.58,37.04,42.8091,199.09,3.330315e-05,-4.62678,0.16156985
42.1808,31.484,41.160534,215.295,3.3284367e-05,-4.6296,5.520743e-08
46.296,27.78,38.781036,231.5,3.330315e-05,-4.6042385,0.4839245
54.012,22.223999,32.68538,245.38998,3.3532237e-05,-4.5109434,1.0414342
61.728,18.52,27.596382,259.28,3.3798577e-05,-4.0252733,0.8555973
65.328804,18.52,25.6987,270.855,3.3959255e-05,-4.084526,0.5015159
69.444,18.52,23.55068,282.43,3.404614e-05,-4.10956,0.21537372
67.9008,18.52,24.484068,282.43,3.404607e-05,-4.1152,4.9073268e-08
66.872,18.52,25.133688,282.43,3.404614e-05,-3.5920286,0.25117946
66.872,22.223999,25.077604,282.43,3.4175686e-05,-3.5657573,0.5011352
66.872,27.78,25.026714,282.43,3.4293596e-05,-3.5958652,0.188452
64.3,27.78,26.585608,278.263,3.4266523e-05,-4.1152,4.9073268e-08
64.3,27.78,26.55389,277.8,3.4293596e-05,-3.9557843,1.1343023
56.584,37.04,31.944569,268.54,3.454095e-05,-4.052681,0.7145969
47.3248,40.744,39.327736,247.70499,3.4611567e-05,-4.6296,5.520743e-08
38.58,46.3,47.950165,226.87,3.454095e-05,-4.62678,-0.16157195
33.436,74.08,61.910595,246.93333,3.452226e-05,-5.144,6.134159e-08
28.292,101.86,68.054375,222.23999,3.454095e-05,-5.1369505,0.26921716
24.1768,161.124,94.94188,259.28,3.466422e-05,-5.115821,0.5376939
20.576,222.24,108.46981,250.01999,3.47882e-05,-5.1314692,0.3588278
19.0328,240.76,121.975716,259.28,3.4824967e-05,-5.6584,6.7475746e-08
18.004,259.28,128.75273,259.28,3.47882e-05,-5.6506453,-0.29613873
