Vmax,Rmax_IBT,Rmax_CK22,R34,fcor,u_trans,v_trans
23.148,37.04,20.342175,55.56,4.093299e-05,-6.1690397,0.21542646
24.1768,31.484,19.534779,55.56,4.0950763e-05,-5.6584,6.7475746e-08
25.720001,27.78,18.439154,55.56,4.093299e-05,-4.628895,-0.08079715
26.7488,27.78,20.7792,64.82,4.0914296e-05,-4.6296,5.520743e-08
28.292,27.78,21.123497,69.45,4.093299e-05,-4.10956,0.21537372
30.864,27.78,20.729599,74.08,4.0999777e-05,-4.084526,0.5015159
33.436,27.78,20.364689,78.71,4.1177245e-05,-3.992961,0.99555725
37.0368,22.223999,20.502218,87.97,4.1488478e-05,-4.3773727,1.5072504
41.152,18.52,20.228455,97.229996,4.1909232e-05,-4.22935,1.883028
44.7528,12.964,18.909285,99.545,4.2377917e-05,-4.087694,2.173466
48.868,9.26,17.541046,101.86,4.288343e-05,-4.1250043,2.1017933
49.8968,9.26,17.458477,104.175,4.3369495e-05,-4.1958427,1.9565531
51.440002,9.26,17.17142,106.490005,4.385554e-05,-4.699278,2.0922532
51.440002,9.26,17.45593,108.80499,4.4322136e-05,-4.735077,2.0099213
51.440002,9.26,17.7331,111.119995,4.4825505e-05,-5.682092,2.4119058
51.440002,12.964,17.69321,111.119995,4.5430497e-05,-5.6391335,2.510704
51.440002,18.52,17.6534,111.119995,4.6034886e-05,-5.723321,2.31237
51.440002,22.223999,17.921368,113.435,4.6553385e-05,-5.836497,2.0096672
51.440002,27.78,18.189373,115.75,4.6999867e-05,-5.8706813,1.9075009
51.440002,27.78,18.158684,115.75,4.743253e-05,-5.9624667,1.5976379
51.440002,27.78,18.138056,115.75,4.7722115e-05,-6.126789,0.75227386
51.440002,27.78,18.131723,115.75,4.7811838e-05,-6.6872,7.974406e-08
51.440002,27.78,18.138056,115.75,4.7722115e-05,-7.174196,-0.6276606
49.8968,27.78,18.817095,115.75,4.7517093e-05,-7.1315145,-1.0022701
48.868,27.78,19.301346,115.75,4.7240763e-05,-7.621003,-1.2070487
48.868,27.78,19.640324,118.065,4.6999365e-05,-7.1315145,-1.0022701
48.868,27.78,19.978065,120.380005,4.675884e-05,-7.1315145,-1.0022701
48.868,27.78,20.630728,125.01,4.6535308e-05,-6.6048694,-1.0461088
48.868,27.78,21.279173,129.64001,4.627635e-05,-6.5410686,-1.3903486
48.868,27.78,21.928926,134.27,4.593141e-05,-5.9624667,-1.5976379
48.868,27.78,22.576666,138.9,4.5551555e-05,-5.9624667,-1.5976379
49.8968,27.78,22.908844,145.845,4.5188062e-05,-5.9624667,-1.5976379
51.440002,27.78,22.885397,152.79001,4.4825505e-05,-5.9894414,-1.4933357
51.440002,27.78,23.457233,157.42001,4.446185e-05,-6.4885616,-1.6177803
51.440002,27.78,24.024992,162.05,4.409823e-05,-5.9894414,-1.4933357
51.440002,27.78,24.073961,162.05,4.373369e-05,-5.9624667,-1.5976379
51.440002,27.78,24.123137,162.05,4.3369746e-05,-5.4392037,-1.5596656
52.4688,27.78,23.555834,162.05,4.2986303e-05,-5.4392037,-1.5596656
54.012,27.78,22.721254,162.05,4.2640077e-05,-5.4903216,-1.3688911
55.040802,27.78,22.65597,166.68001,4.235939e-05,-5.5544395,-1.0796728
56.584,27.78,22.28029,171.31,4.2152973e-05,-6.126789,-0.7522766
57.6128,27.78,22.348608,178.255,4.201284e-05,-6.661753,-0.5828276
59.156002,27.78,22.085224,185.20001,4.1909232e-05,-6.149311,-0.53799474
61.728,27.78,20.946749,187.51498,4.1768282e-05,-6.149311,-0.53799474
64.3,27.78,19.877356,189.82999,4.1665367e-05,-6.1643405,-0.32306045
66.872,27.78,18.97868,194.45999,4.162827e-05,-6.1728,7.3609904e-08
69.444,27.78,18.08986,199.09,4.1665367e-05,-6.6831264,0.23337866
73.0448,27.78,16.893475,206.035,4.1750343e-05,-6.6709104,0.4664761
77.16,27.78,15.534272,212.98001,4.1909232e-05,-7.162149,0.75277144
78.1888,27.78,15.265123,219.925,4.2097578e-05,-7.1315145,1.0022703
79.732,27.78,14.758278,226.87,4.239659e-05,-7.017023,1.6200086
79.732,27.78,14.663979,229.185,4.284359e-05,-6.886925,2.1055422
79.732,27.78,14.543935,231.49998,4.3369746e-05,-5.6391335,2.510704
79.732,27.78,14.362377,231.49998,4.40252e-05,-6.3228717,2.1771395
79.732,27.78,14.275801,231.49998,4.4340795e-05,-8.12907,1.2875189
79.732,27.78,14.275801,231.49998,4.4340795e-05,-7.9115686,2.2686045
79.732,27.78,14.122324,231.49998,4.4904114e-05,-6.8092465,2.3446116
79.732,27.78,14.012908,231.49998,4.5309676e-05,-6.459339,1.7307743
79.732,27.78,14.046473,236.12999,4.5309676e-05,-7.4530835,1.9970473
79.732,27.78,13.883982,236.12999,4.5902936e-05,-7.203507,2.765166
79.732,27.78,13.78263,236.12999,4.627635e-05,-6.1555996,2.6128979
77.16,27.78,14.692531,240.76,4.651767e-05,-6.677208,2.697765
77.16,27.78,14.504396,240.76,4.719587e-05,-7.1026154,3.014882
77.16,27.78,14.294209,240.76,4.796257e-05,-7.1541514,2.8904626
75.6168,27.78,14.734427,240.76,4.858021e-05,-6.7232733,2.5808215
74.588,27.78,14.998763,240.76,4.916265e-05,-6.7232733,2.5808215
74.588,27.78,14.837817,240.76,4.9760634e-05,-6.7232733,2.5808215
74.588,27.78,14.67847,240.76,5.035898e-05,-6.7232733,2.5808215
74.588,27.78,14.516499,240.76,5.0972936e-05,-6.7232733,2.5808215
74.588,27.78,14.365487,240.76,5.155148e-05,-6.8092465,2.3446116
73.0448,27.78,14.896128,240.76,5.2028394e-05,-6.886925,2.1055422
72.016,27.78,15.228487,240.76,5.250265e-05,-6.7672906,2.4630916
70.4728,27.78,15.762011,240.76,5.319945e-05,-6.7672906,2.4630916
69.444,27.78,16.195019,240.76,5.345127e-05,-6.0790215,1.0718954
69.444,55.56,16.195019,240.76,5.345127e-05,-6.6221204,0.9306796
69.444,55.56,16.144344,243.075,5.372519e-05,-7.044228,1.4972953
69.444,55.56,16.048058,245.39,5.4161024e-05,-7.017023,1.6200086
70.4728,55.56,15.472427,245.39,5.4431865e-05,-6.096802,0.9656391
72.016,55.56,14.698998,245.39,5.4633376e-05,-5.627403,0.59146327
73.0448,46.3,14.227588,252.335,5.4694097e-05,-5.6368685,0.49316204
74.588,37.04,13.489546,259.28003,5.4869302e-05,-6.014591,1.3885788
74.588,37.04,13.341556,263.90997,5.5340646e-05,-5.4392037,1.5596656
66.872,27.78,17.20792,282.43,5.5576067e-05,-4.4502573,1.27609
61.728,27.78,20.634613,282.43,5.5888948e-05,-4.892235,1.5895841
56.584,27.78,24.908274,282.43,5.6281307e-05,-4.769434,1.926975
52.4688,27.78,29.34373,289.375,5.6750436e-05,-4.1610575,2.0294824
48.868,27.78,34.204464,296.32,5.721923e-05,-3.7296379,1.7391584
49.8968,27.78,33.00225,305.58,5.7587626e-05,-3.2634332,1.5217636
51.440002,27.78,31.04852,314.84,5.7920843e-05,-2.7500029,1.4011955
55.040802,22.223999,26.661812,328.73,5.818333e-05,-1.9988195,1.618612
59.156002,18.52,22.09324,342.62,5.862087e-05,-1.496316,2.6994264
59.156002,18.52,21.733309,356.51,5.935646e-05,-0.9257185,4.009728
59.156002,18.52,21.156176,370.40002,6.0479695e-05,-0.4483306,5.1244254
59.156002,18.52,20.965866,370.40002,6.0942573e-05,-0.689586,5.6162233
56.0696,20.372,23.996769,378.271,6.178451e-05,-1.0796746,5.554439
51.440002,27.78,29.926205,393.55,6.3016254e-05,-0.78749704,5.603333
51.440002,27.78,29.562288,407.44,6.370404e-05,0.2154276,6.1690397
47.8392,27.78,36.010414,417.62598,6.437748e-05,0.0,6.1728
41.152,27.78,53.86418,439.84998,6.575688e-05,-1.0461079,6.60487
37.0368,31.484,69.54598,442.16498,6.730349e-05,-2.3843749,7.338352
33.436,37.04,87.82875,444.47998,6.8917754e-05,-2.3843749,7.338352
29.3208,55.56,116.5273,449.11,7.049913e-05,-2.2559404,7.3788476
25.720001,74.08,150.40256,453.74,7.2037474e-05,-2.8904645,7.154151
24.1768,92.6,168.73048,458.37,7.3537296e-05,-3.622442,6.812824
23.148,111.12,182.87662,463.0,7.4895885e-05,-3.9222717,6.03977
20.576,111.12,271.8172,574.12,7.603319e-05,-4.1170506,5.269586
18.004,111.12,334.4612,583.38,7.70685e-05,-4.47461,4.9695582
