Vmax,Rmax_IBT,Rmax_CK22,R34,fcor,u_trans,v_trans
23.148,46.3,42.991535,115.74999,3.3798577e-05,-4.6183224,-0.32294488
25.720001,46.3,42.756687,127.325,3.381084e-05,-4.595092,0.5642054
28.292,46.3,42.428925,138.9,3.404614e-05,-3.890998,1.3397782
29.3208,46.3,40.90147,138.9,3.4466382e-05,-3.563868,2.0575995
30.864,46.3,38.778046,138.9,3.5035337e-05,-3.451297,2.241299
31.8928,46.3,38.442173,142.604,3.5578167e-05,-3.8827093,2.5214612
33.436,46.3,37.918236,148.16,3.626943e-05,-5.0564623,3.540572
34.4648,46.3,36.65327,148.16,3.723639e-05,-5.899206,4.130667
36.008,46.3,34.878784,148.16,3.8238195e-05,-6.172977,3.709097
38.58,46.3,32.234356,148.16,3.899257e-05,-5.9583397,3.0359237
41.152,46.3,29.88643,148.16,3.9709896e-05,-5.8487573,3.242019
44.7528,46.3,28.454943,157.42,4.056613e-05,-6.172977,3.709097
48.868,46.3,26.625063,166.68,4.142137e-05,-5.73205,3.4441614
52.4688,46.3,24.171047,166.68,4.2189007e-05,-5.345802,3.0863996
56.584,46.3,21.746471,166.68,4.288343e-05,-5.5000057,2.802391
56.584,46.3,23.235895,185.20001,4.3491025e-05,-5.594457,2.6087375
56.584,46.3,24.545757,203.72,4.409823e-05,-4.9960704,2.6564584
57.6128,46.3,23.306486,197.70099,4.4788583e-05,-4.798595,2.9984958
59.156002,46.3,21.85626,192.14499,4.5551555e-05,-5.1174836,3.451786
59.156002,46.3,22.540754,206.035,4.641489e-05,-5.5439405,3.7394347
59.156002,46.3,23.11669,219.925,4.7240763e-05,-5.345802,3.0863996
59.156002,46.3,22.963985,219.925,4.7860147e-05,-5.548076,2.7059765
59.156002,46.3,22.821154,219.925,4.844305e-05,-4.9489484,2.7432468
59.156002,46.3,22.645988,219.925,4.916216e-05,-4.7455335,3.081786
59.156002,46.3,22.471941,219.925,4.9880902e-05,-4.8501964,2.9142904
57.6128,46.3,23.65941,225.481,5.051372e-05,-4.9960704,2.6564584
56.584,46.3,24.591091,231.5,5.1074945e-05,-5.128252,2.3913426
56.584,46.3,24.45591,231.5,5.1604955e-05,-5.282572,2.0277884
56.584,46.3,24.348486,231.5,5.2027382e-05,-4.9192324,1.5039588
57.6128,46.3,23.874218,240.76,5.2335872e-05,-5.0315914,1.0694966
59.156002,46.3,22.972063,250.02,5.250265e-05,-4.6119833,0.4034962
60.1848,46.3,22.329214,254.65001,5.2520274e-05,-4.6296,5.520743e-08
61.728,46.3,21.324703,259.28,5.250265e-05,-4.62678,0.16156985
62.7568,40.744,20.284626,245.39001,5.2603144e-05,-4.084526,0.5015159
64.3,37.04,18.97495,231.5,5.2740055e-05,-4.084526,0.5015159
64.3,37.04,18.944742,231.5,5.2858544e-05,-4.084526,0.5015159
64.3,37.04,18.914722,231.5,5.2977284e-05,-4.084526,0.5015159
66.872,37.04,17.469555,231.5,5.309549e-05,-4.075151,0.5727259
69.444,37.04,16.152777,231.5,5.321436e-05,-3.5657573,0.5011352
72.016,37.04,14.985583,236.13,5.3332486e-05,-4.075151,0.5727259
74.588,37.04,13.879688,240.76001,5.345127e-05,-4.084526,0.5015159
73.0448,37.04,14.499769,240.76001,5.356952e-05,-4.084526,0.5015159
72.016,37.04,14.9231205,240.76001,5.3688025e-05,-4.584545,0.6443166
72.016,37.04,14.884042,240.76001,5.3841675e-05,-4.084526,0.5015159
72.016,37.04,14.862903,240.76001,5.392461e-05,-4.1145735,-0.071819685
72.016,40.744,14.89312,240.76001,5.3805972e-05,-4.075151,-0.5727258
72.016,46.3,14.9231205,240.76001,5.3688025e-05,-3.6002517,-0.06284223
72.016,37.04,14.906619,241.686,5.3770495e-05,-4.075151,0.5727259
72.016,27.78,14.87325,243.07501,5.392461e-05,-4.075151,0.5727259
70.4728,27.78,15.560106,243.07501,5.4042543e-05,-4.084526,0.5015159
69.444,27.78,16.03048,243.07501,5.4161024e-05,-4.6042385,0.4839245
67.9008,27.78,16.740486,238.445,5.426141e-05,-4.6042385,0.4839245
66.872,27.78,17.180887,233.815,5.439729e-05,-4.572602,0.72422934
67.9008,31.484,16.669756,239.371,5.4579526e-05,-4.5109434,1.0414342
69.444,37.04,15.862627,245.39001,5.4869302e-05,-4.8637476,1.6747227
70.4728,37.04,15.246523,245.39001,5.5305045e-05,-5.282572,2.0277884
72.016,37.04,14.399376,245.39001,5.581132e-05,-5.723321,2.31237
70.4728,40.744,15.010788,256.965,5.629838e-05,-5.8005347,2.1112216
69.444,46.3,15.404604,268.53998,5.6750614e-05,-5.9030786,1.8047506
69.444,46.3,15.206565,289.838,5.71195e-05,-5.9894414,1.4933358
69.444,46.3,14.900934,312.52502,5.7453286e-05,-5.9894414,1.4933358
69.444,46.3,14.795148,312.52502,5.7785746e-05,-5.465595,1.4645014
69.444,46.3,14.678733,312.52502,5.8154368e-05,-5.9030786,1.8047506
70.4728,46.3,13.959065,312.52502,5.8603393e-05,-5.8005347,2.1112216
72.016,46.3,12.994282,312.52502,5.9086666e-05,-4.699278,2.0922532
69.444,46.3,14.102991,322.248,5.9585753e-05,-4.1610575,2.0294824
66.872,46.3,15.400378,333.36,6.0016075e-05,-4.350401,1.5834161
65.328804,55.56,16.374094,333.36,6.0265455e-05,-3.992961,0.99555725
64.3,64.82,17.04923,333.36,6.0479695e-05,-3.4245641,1.1127088
62.7568,59.264,18.139894,333.36,6.077454e-05,-2.6994264,1.4963164
61.728,55.56,18.844173,333.36,6.1173734e-05,-2.2201705,2.1439936
60.1848,55.56,20.077314,314.84,6.173329e-05,-1.8141406,2.49695
59.156002,55.56,20.774855,296.32,6.2326726e-05,-1.9001774,2.4321167
56.584,55.56,22.986607,292.616,6.2769366e-05,-1.7210038,1.9113686
54.012,55.56,25.453297,289.375,6.324571e-05,-1.6355429,2.6174157
52.4688,64.82,27.000883,289.375,6.391562e-05,-1.4645767,3.2894948
51.440002,74.08,28.029696,289.375,6.461839e-05,-1.496316,2.6994264
49.8968,83.34,30.028364,294.931,6.518832e-05,-1.8141406,2.49695
48.868,92.6,31.501112,300.95,6.575688e-05,-1.5896137,2.645561
48.868,96.304,31.864794,321.78497,6.6403496e-05,-1.4645767,3.2894948
48.868,101.86,32.01939,342.62,6.711647e-05,-1.2904117,3.3616364
48.868,101.86,31.882475,354.195,6.787227e-05,-1.4747562,3.84187
48.868,101.86,31.656254,365.77,6.869332e-05,-1.4747562,3.84187
48.868,101.86,31.299692,367.62198,6.957284e-05,-1.8830273,4.2293506
48.868,101.86,30.93218,370.4,7.048288e-05,-2.244474,4.04914
47.3248,101.86,33.438915,370.4,7.135602e-05,-2.8016226,4.3141217
46.296,101.86,35.130745,370.4,7.2258685e-05,-2.572001,4.4548345
46.296,87.044,34.867146,387.531,7.323471e-05,-2.2549818,4.6233964
46.296,74.08,34.46751,405.125,7.423962e-05,-2.0922525,4.6992784
46.296,74.08,34.022213,405.125,7.520644e-05,-2.1739492,4.662047
46.296,74.08,33.568565,405.125,7.620224e-05,-2.829201,4.9003177
46.296,77.784,33.078796,410.681,7.7235905e-05,-3.4517875,5.117482
46.296,83.34,32.52799,416.69998,7.8360856e-05,-3.6421094,5.6083584
46.296,83.34,31.859724,428.27496,7.9570564e-05,-3.8162665,6.107303
46.296,83.34,31.075876,439.84998,8.0919635e-05,-4.4825964,6.9025946
46.296,83.34,30.537304,428.27502,8.2478895e-05,-5.31086,7.5846915
46.296,83.34,30.233187,419.94098,8.34429e-05,-5.262752,6.9839087
43.724,83.34,36.307487,416.7,8.3859915e-05,-5.262752,6.9839087
38.58,83.34,50.599613,370.40002,8.5369305e-05,-5.323083,8.196831
33.436,83.34,66.06302,324.09998,8.7158856e-05,-5.144002,8.909669
29.3208,96.304,81.986694,305.58002,8.8978566e-05,-4.9041877,9.62501
25.720001,111.12,97.20843,287.06,9.098784e-05,-5.3712525,10.5416765
21.604801,240.76,202.80772,463.0,9.309714e-05,-5.4348736,11.655118
18.004,370.4,265.10736,463.0,9.548872e-05,-4.060693,13.281925
