Vmax,Rmax_IBT,Rmax_CK22,R34,fcor,u_trans,v_trans
20.576,46.3,30.465342,74.08,3.872924e-05,-8.637137,1.3679888
21.604801,46.3,32.871143,83.34,3.9096067e-05,-9.118532,1.607843
23.148,46.3,34.32019,92.6,3.9464914e-05,-9.678483,1.360224
23.148,50.004,48.613754,129.64,3.9728115e-05,-9.720059,1.0216184
23.148,55.56,45.02724,120.38,3.995476e-05,-9.700749,1.1911002
23.148,92.6,59.522972,157.42,4.0308634e-05,-8.679619,1.0657214
23.148,129.64,74.217995,194.45999,4.0444127e-05,-8.21912,-0.43074727
23.148,129.64,85.30763,222.24,4.0119205e-05,-7.949956,-2.1301837
23.148,129.64,96.4233,250.01999,3.9464914e-05,-7.4592757,-3.4783168
23.148,129.64,94.44821,245.39,3.8513223e-05,-6.8750057,-3.502992
23.148,129.64,67.87332,179.02666,3.7746686e-05,-7.486802,-1.8666697
23.148,129.64,69.08654,182.11333,3.76484e-05,-8.210351,0.57412446
23.148,129.64,70.3363,185.20001,3.7992504e-05,-7.4530835,1.9970473
23.148,129.64,71.610405,188.28667,3.8605627e-05,-6.7672906,2.4630916
23.148,129.64,72.88744,191.37334,3.9219805e-05,-6.9562116,1.8639108
23.148,129.64,75.36843,197.54665,3.9489027e-05,-7.184057,0.5023589
23.148,129.64,63.11992,166.68,3.9464914e-05,-6.6221204,-0.9306794
23.148,129.64,68.585014,180.56999,3.9059792e-05,-6.5158076,-1.5042936
23.148,129.64,74.07431,194.45999,3.872924e-05,-6.6780353,-0.34998214
24.1768,120.38,75.12287,206.035,3.8876697e-05,-6.515807,1.5042937
25.720001,111.12,74.28311,217.60999,3.9464914e-05,-5.1769457,3.3619483
26.7488,111.12,76.443016,233.815,4.0492418e-05,-3.9678004,4.7286386
28.292,111.12,76.43511,250.01999,4.1665367e-05,-3.0957363,4.1081815
28.292,105.564,81.28676,266.225,4.2499523e-05,-2.9135025,3.5978742
28.292,101.86,86.092064,282.43,4.3369746e-05,-3.6371503,4.334585
28.292,92.6,80.52302,263.91,4.447384e-05,-4.3871984,5.0468936
28.292,83.34,74.93431,245.38998,4.5793287e-05,-5.2904005,6.304851
26.7488,96.304,77.29126,236.12997,4.738585e-05,-5.737106,6.5997844
25.720001,111.12,77.85021,226.86998,4.892293e-05,-5.8197727,5.819771
25.720001,111.12,77.88127,226.86998,5.012002e-05,-6.183509,6.1835065
25.720001,111.12,77.920654,226.87,5.178951e-05,-6.7717505,6.3147593
25.720001,111.12,81.1713,236.13,5.3089785e-05,-7.074693,5.1400633
25.720001,111.12,84.4056,245.39,5.4161024e-05,-7.334007,4.7627606
26.7488,111.12,77.28382,236.12999,5.527493e-05,-7.495758,4.503904
28.292,111.12,69.08226,226.87,5.6281307e-05,-8.175388,4.346932
28.292,111.12,69.05052,226.87,5.7207508e-05,-7.9887724,3.556831
28.292,111.12,69.025345,226.87,5.7920843e-05,-7.3383517,2.384376
26.7488,101.86,74.99992,229.185,5.8304984e-05,-6.515807,1.5042937
25.720001,92.6,79.64156,231.49998,5.862087e-05,-5.9336767,1.7014533
25.720001,92.6,82.05087,238.44499,5.911516e-05,-5.6391335,2.510704
25.720001,92.6,84.45392,245.38998,5.9784e-05,-5.1174836,3.451786
25.720001,83.34,87.64383,254.65,6.0675593e-05,-4.6586723,4.0497203
25.720001,74.08,90.814926,263.90997,6.1635496e-05,-4.72864,3.9677987
26.7488,74.08,86.81402,266.22498,6.247616e-05,-5.0564623,3.540572
28.292,74.08,80.788506,268.53998,6.324571e-05,-5.1174836,3.451786
29.3208,64.82,77.178474,270.85498,6.396665e-05,-4.691026,3.1641371
30.864,55.56,71.791275,273.16998,6.461839e-05,-4.4092693,2.649355
30.864,55.56,72.772736,277.8,6.5188025e-05,-4.499044,2.4938607
30.864,55.56,73.74024,282.43,6.575688e-05,-4.362359,2.7259054
30.864,55.56,73.63982,282.43,6.642039e-05,-4.1081805,3.0957372
30.864,55.56,73.533905,282.43,6.711647e-05,-3.54648,2.9758492
31.8928,64.82,69.5531,282.43,6.779324e-05,-3.3302557,3.2159903
33.436,74.08,64.03918,282.43,6.8468675e-05,-2.58978,3.1981103
34.4648,83.34,60.93053,284.745,6.919199e-05,-2.1164973,2.9131083
36.008,92.6,56.41683,287.06,6.981338e-05,-2.590199,2.5013258
36.008,83.34,56.319866,287.06,7.0216796e-05,-2.672901,1.5431998
36.008,74.08,56.25591,287.06,7.048288e-05,-2.8616605,1.156185
36.008,74.08,56.20243,287.06,7.07056e-05,-2.8814027,1.1060663
36.008,74.08,55.51381,282.43,7.092813e-05,-2.7972286,1.3043687
36.008,70.376,55.46211,282.43,7.115043e-05,-2.6455615,1.589613
34.979202,68.524,58.15446,280.115,7.1261464e-05,-2.0540903,1.5478686
33.436,64.82,61.79014,273.16998,7.159438e-05,-1.5290946,1.3768034
31.8928,74.08,66.03704,268.53998,7.191094e-05,-1.3499072,1.5528904
30.864,83.34,68.65431,263.90997,7.2258685e-05,-1.1801912,1.685487
29.3208,96.304,70.94064,250.02002,7.2667244e-05,-1.4008113,2.1570609
28.292,111.12,70.96541,236.13,7.314133e-05,-1.4382447,2.1322844
28.292,129.64,67.00176,222.23999,7.364175e-05,-1.7702868,2.5282307
28.292,148.16,62.995598,208.35,7.423962e-05,-1.8004006,3.1183841
25.720001,166.68,80.66663,234.58667,7.495581e-05,-1.8039854,3.698717
23.148,185.2,87.70001,222.23999,7.576771e-05,-1.8682618,3.66667
20.576,207.424,141.81325,305.58,7.6587094e-05,-2.1734653,4.087694
18.004,231.5,171.11314,314.84,7.750023e-05,-2.1739492,4.662047
