Vmax,Rmax_IBT,Rmax_CK22,R34,fcor,u_trans,v_trans
20.576,92.6,30.409136,74.08,3.651592e-05,-3.08593,-0.053864766
21.604801,64.82,29.051153,74.08,3.642968e-05,-3.5657573,-0.50113505
23.148,37.04,20.292253,55.56,3.626943e-05,-3.5460958,-0.6252722
24.1768,37.04,19.490875,55.56,3.6127243e-05,-3.5657573,-0.50113505
25.720001,37.04,18.405827,55.56,3.6022833e-05,-4.1051755,-0.2870621
26.7488,37.04,17.749949,55.56,3.5985766e-05,-5.144,6.134159e-08
28.292,37.04,16.853407,55.56,3.6022833e-05,-5.1369505,0.26921716
29.3208,31.484,16.306696,55.56,3.6127327e-05,-5.6368685,0.49316204
30.864,27.78,15.552715,55.56,3.626943e-05,-5.627403,0.59146327
31.8928,22.223999,15.089394,55.56,3.6410936e-05,-6.149311,0.5379949
33.436,18.52,14.446288,55.56,3.651592e-05,-6.1643405,0.32306057
33.436,18.52,14.446169,55.56,3.6552367e-05,-6.1728,7.3609904e-08
33.436,18.52,14.446288,55.56,3.651592e-05,-6.1643405,-0.32306045
33.436,18.52,14.446582,55.56,3.63924e-05,-6.661753,-0.5828276
33.436,18.52,14.446988,55.56,3.626943e-05,-6.6780353,-0.34998214
33.436,18.52,14.447119,55.56,3.6231857e-05,-6.6872,7.974406e-08
33.436,18.52,14.446988,55.56,3.626943e-05,-6.6780353,0.3499823
31.8928,18.52,15.08941,55.56,3.6373858e-05,-7.184057,0.5023589
30.864,18.52,15.552722,55.56,3.651592e-05,-7.174196,0.62766075
30.864,18.52,16.8486,60.19,3.6656926e-05,-7.184057,0.5023589
30.864,18.52,18.14402,64.82,3.67623e-05,-7.197213,0.25133088
30.864,18.52,20.733389,74.08,3.678053e-05,-7.716,9.201238e-08
30.864,18.52,23.320404,83.34,3.67623e-05,-7.2016,8.587822e-08
30.864,18.52,25.9043,92.600006,3.67804e-05,-7.2016,8.587822e-08
30.864,18.52,28.484678,101.86,3.67623e-05,-6.6780353,-0.34998214
29.3208,22.223999,36.353176,123.46667,3.6619975e-05,-6.149311,-0.53799474
28.292,27.78,37.700066,123.46667,3.651592e-05,-5.6575384,-0.098752074
28.292,27.78,41.50185,135.81334,3.656469e-05,-6.149311,0.5379949
28.292,27.78,45.30516,148.15999,3.67623e-05,-6.0790215,1.0718954
28.292,40.744,52.90602,172.85333,3.709412e-05,-6.515807,1.5042937
28.292,55.56,60.490875,197.54668,3.7500762e-05,-6.987682,1.7422252
26.7488,64.82,66.43154,203.72002,3.790622e-05,-7.547387,1.604245
25.720001,74.08,71.53598,209.89333,3.8238195e-05,-7.621003,1.2070489
24.1768,83.34,80.05663,219.15332,3.8452083e-05,-7.697204,0.5382417
23.148,92.6,87.6198,228.41333,3.8483773e-05,-7.7113,-0.26928657
21.604801,92.6,96.95243,234.58667,3.829286e-05,-8.679618,-1.0657252
20.576,92.6,104.79585,240.76001,3.7992504e-05,-8.659697,-1.2170423
20.576,138.9,101.88571,234.58667,3.7709568e-05,-9.190184,-1.1284149
20.576,185.2,98.99837,228.41333,3.7500762e-05,-8.732816,-0.457669
19.0328,148.16,94.69868,203.72,3.7463316e-05,-7.716,9.201238e-08
18.004,111.12,80.643166,166.68,3.7500762e-05,-7.2016,8.587822e-08
18.004,111.12,71.163345,148.16,3.7481506e-05,-6.6872,7.974406e-08
18.004,111.12,61.800728,129.64,3.7500762e-05,-6.1690397,0.21542646
18.004,111.12,52.56103,111.12,3.7586015e-05,-6.149311,0.5379949
18.004,111.12,43.447945,92.6,3.7746686e-05,-6.6221204,0.9306796
18.004,111.12,43.45998,92.6,3.799229e-05,-7.1315145,1.0022703
18.004,111.12,43.471912,92.6,3.8238195e-05,-7.1479206,0.8776529
18.004,92.6,43.478813,92.6,3.8378883e-05,-7.184057,0.5023589
18.004,74.08,43.483894,92.6,3.8483773e-05,-7.184057,0.5023589
