Vmax,Rmax_IBT,Rmax_CK22,R34,fcor,u_trans,v_trans
18.004,277.8,148.20302,296.32,3.330315e-05,-10.492755,4.239345
19.0328,277.8,150.20012,314.84,3.4415025e-05,-9.709134,4.735459
20.576,277.8,147.6872,333.36002,3.5529305e-05,-9.398556,4.1845064
20.576,277.8,147.96388,333.36002,3.6484515e-05,-10.150936,3.6946378
20.576,277.8,148.18283,333.36002,3.7254722e-05,-9.889461,2.8357556
20.576,277.8,148.3513,333.36002,3.785632e-05,-9.560023,2.0320435
20.576,277.8,148.45712,333.36002,3.8238195e-05,-9.208477,0.967849
20.576,277.8,161.77959,361.14,3.834169e-05,-8.732816,0.4576692
20.576,277.8,175.19353,388.91998,3.8483773e-05,-8.659697,1.2170426
21.604801,277.8,178.46944,416.69998,3.8949467e-05,-8.362695,2.55673
23.148,277.8,175.67633,444.47998,3.9709896e-05,-7.9254813,3.6957116
24.1768,222.24,166.15036,444.47998,4.0718514e-05,-7.416011,4.6340394
25.720001,166.68,114.7063,333.36,4.1909232e-05,-7.074693,5.1400633
26.7488,157.42,109.01356,333.36,4.311126e-05,-6.3962226,5.1795588
28.292,148.16,100.99799,333.36,4.4340795e-05,-5.4351177,4.7246733
28.292,148.16,100.89485,333.36,4.539547e-05,-5.643125,5.2622995
28.292,148.16,100.83042,333.36,4.6034886e-05,-7.5039797,7.7705946
30.864,148.16,79.734,296.31998,4.7240763e-05,-7.4005685,7.146645
31.8928,92.6,71.54866,277.80002,4.870951e-05,-6.9839077,5.2627535
33.436,37.04,51.51277,208.34999,4.9641636e-05,-6.875007,3.5029888
34.4648,37.04,50.393917,212.98,5.037504e-05,-7.1026154,3.014882
36.008,37.04,48.269215,217.60999,5.1074945e-05,-6.875007,3.5029888
36.008,37.04,48.148163,217.60999,5.2027382e-05,-6.471182,4.2024355
33.436,37.04,53.27557,217.60999,5.2977284e-05,-5.8262177,4.232993
34.4648,31.484,46.612675,196.775,5.392453e-05,-5.269585,4.1170516
36.008,27.78,39.704178,175.94,5.4869302e-05,-4.5145,4.20984
37.0368,27.78,38.157063,175.94,5.5828277e-05,-3.859019,4.1382923
38.58,27.78,36.004887,175.94,5.6750614e-05,-3.5733235,3.700283
38.58,22.223999,35.9228,175.94,5.7587524e-05,-3.7002842,3.5733225
38.58,18.52,35.844185,175.94,5.83877e-05,-3.5733235,3.700283
37.0368,18.52,34.362034,157.42,5.923377e-05,-3.7002842,3.5733225
36.008,18.52,31.811977,138.9,6.0016075e-05,-4.5777426,3.325923
36.008,18.52,31.800814,138.9,6.0247978e-05,-4.8501964,2.9142904
33.9504,24.076,39.921013,164.21066,6.0649334e-05,-3.3292673,2.418853
30.864,37.04,44.123108,160.50667,6.1173734e-05,-2.7983472,2.2660568
30.864,37.04,44.106087,160.50667,6.173014e-05,-2.6334584,2.4557397
30.864,37.04,44.087746,160.50667,6.2326726e-05,-2.1164973,2.9131083
29.3208,55.56,45.21755,154.33333,6.298156e-05,-1.4645767,3.2894948
28.292,74.08,45.33946,148.15999,6.370404e-05,-1.3488835,3.3386037
28.292,64.82,45.335224,148.15999,6.447008e-05,-1.4747562,3.84187
28.292,55.56,45.33038,148.15999,6.530208e-05,-0.9257185,4.009728
29.3208,55.56,43.400356,148.15999,6.619382e-05,-0.43015632,4.0926566
30.864,55.56,40.70698,148.15999,6.711647e-05,-0.35866448,4.09954
30.864,55.56,40.683624,148.15999,6.800184e-05,-0.43015632,4.0926566
30.864,55.56,40.659187,148.15999,6.8917754e-05,-0.7242285,4.5726023
30.864,55.56,43.04267,157.42,6.989164e-05,-0.8833701,4.5445414
30.864,55.56,45.39022,166.68,7.092813e-05,-0.89324754,5.065851
30.864,55.56,45.348454,166.68,7.2004215e-05,-0.4483306,5.1244254
30.864,55.56,45.303764,166.68,7.314133e-05,0.3588273,5.1314697
31.8928,46.3,44.00637,169.76666,7.425047e-05,1.272863,5.5133758
33.436,37.04,36.375675,148.16,7.5550095e-05,1.98503,6.922622
37.0368,37.04,31.449675,148.16,7.710498e-05,2.702292,8.3168
41.152,37.04,26.774582,148.16,7.900381e-05,4.0466504,10.015812
41.152,37.04,26.598808,148.16,8.121106e-05,4.8121824,10.808338
41.152,37.04,26.58834,148.16,8.134267e-05,3.609504,11.806156
30.864,74.08,39.049084,143.53001,8.365155e-05,4.3542786,12.645743
30.864,83.34,38.97151,143.53001,8.629403e-05,5.34599,13.92678
30.864,92.6,38.88448,143.53001,8.9186324e-05,6.166324,15.262188
29.3208,111.12,43.528072,150.475,9.231372e-05,6.7444167,16.693018
28.292,129.64,47.65901,157.42,9.548872e-05,7.3228865,16.447472
25.720001,175.94,74.46809,217.60999,9.850731e-05,7.391425,15.850961
23.148,222.24,77.10016,194.45999,0.00010131037,6.230755,14.678739
20.576,194.46,82.62738,180.57,0.00010381992,4.6892233,13.618493
18.004,166.68,87.83815,166.68,0.00010613984,4.060692,13.281925
