Vmax,Rmax_IBT,Rmax_CK22,R34,fcor,u_trans,v_trans
20.576,138.9,71.46503,162.04999,6.8468675e-05,-1.3488835,3.3386037
20.576,101.86,76.777664,173.16199,6.919223e-05,-0.8507276,2.966838
20.576,64.82,66.47257,151.24666,6.981338e-05,-1.0049603,2.3675385
20.576,64.82,73.78284,166.68001,7.02319e-05,-1.3499072,1.5528904
20.576,64.82,69.4232,157.42,7.048288e-05,-1.8648189,0.8695792
20.576,64.82,69.43196,157.42,7.0611124e-05,-2.0048637,0.4628596
20.576,64.82,69.43844,157.42,7.07056e-05,-1.9568938,0.6358336
21.604801,64.82,66.322914,158.34601,7.0894326e-05,-1.781934,1.0287998
23.148,64.82,62.008823,159.73499,7.115043e-05,-2.2709413,1.207481
24.1768,64.82,58.99924,159.73499,7.1467104e-05,-3.236378,1.5784862
25.720001,64.82,54.842434,159.73499,7.181604e-05,-3.1793177,1.6904734
28.292,64.82,48.755394,159.73499,7.2147835e-05,-2.672901,1.5431998
30.864,64.82,43.552803,159.73499,7.247968e-05,-2.672901,1.5431998
30.864,59.264,43.542454,159.73499,7.277727e-05,-2.672901,1.5431998
30.864,55.56,43.52971,159.73499,7.314133e-05,-3.0536513,1.9081337
31.8928,55.56,41.861282,160.661,7.362544e-05,-3.7454257,2.7212098
33.436,55.56,39.50188,162.04999,7.423962e-05,-3.3858752,3.1573796
34.4648,46.3,37.804707,162.04999,7.497211e-05,-3.0372913,3.4940033
36.008,37.04,35.43446,162.04999,7.576771e-05,-2.850266,3.648175
37.0368,31.484,34.33401,164.36499,7.6511205e-05,-2.721211,3.745425
38.58,27.78,32.561817,166.68,7.728449e-05,-2.3844206,3.9683416
38.58,27.78,32.48868,166.68,7.8097604e-05,-1.8089286,4.2615695
38.58,27.78,32.40715,166.68,7.900381e-05,-1.0414333,4.510944
37.0368,27.78,36.71535,180.57,7.997473e-05,-0.4483306,5.1244254
36.008,27.78,40.61552,194.45999,8.113127e-05,-0.32305944,6.1643405
36.008,27.78,40.473194,194.45999,8.244818e-05,0.0,7.2016
36.008,27.78,40.297787,194.45999,8.4068044e-05,1.217041,8.659697
34.4648,27.78,45.25794,206.498,8.594906e-05,2.9775453,10.383934
33.436,27.78,49.836792,219.92502,8.8175955e-05,4.817441,11.923585
33.436,27.78,52.463757,237.056,9.0685004e-05,6.539446,13.407851
33.436,27.78,54.872883,254.65,9.335488e-05,6.7649436,13.87019
31.8928,27.78,60.654984,260.206,9.590827e-05,7.0059814,13.750013
30.864,27.78,65.305756,266.225,9.852942e-05,7.969374,14.988212
29.3208,27.78,70.211235,260.20602,0.00010139218,9.272745,15.43244
28.292,27.78,73.252945,254.65002,0.00010402188,9.977773,13.733226
