Vmax,Rmax_IBT,Rmax_CK22,R34,fcor,u_trans,v_trans
20.576,83.34,59.03065,138.9,4.4340795e-05,-1.0414333,4.510944
21.604801,83.34,56.316578,138.9,4.555122e-05,-0.5376954,5.1158204
23.148,83.34,47.109447,125.009995,4.675884e-05,-1.6591008,4.322104
24.1768,83.34,47.51682,131.492,4.758954e-05,-3.4404626,3.0978076
25.720001,83.34,37.50239,111.119995,4.8202877e-05,-5.041672,2.5688584
25.720001,83.34,40.075523,118.52799,4.8756003e-05,-5.282572,2.0277884
25.720001,83.34,42.86588,126.55332,4.916265e-05,-3.890998,1.3397782
28.292,50.004,44.799103,146.308,4.9383267e-05,-2.3675385,1.0049607
30.864,18.52,38.590874,138.90001,4.9641636e-05,-3.0864885,1.8545485
31.8928,18.52,37.168118,138.90001,5.022192e-05,-3.8381126,2.5888395
33.436,18.52,35.180454,138.90001,5.083645e-05,-3.4898872,2.1807244
36.008,18.52,33.61616,145.382,5.1211577e-05,-2.7251294,1.4489772
38.58,18.52,32.274014,152.79,5.155148e-05,-3.1493306,1.7457025
42.1808,18.52,28.758997,152.79,5.200968e-05,-3.5274155,2.119484
46.296,18.52,25.383827,152.79001,5.250265e-05,-2.9131088,2.1164966
44.7528,12.964,28.222532,165.291,5.299481e-05,-2.3293362,2.0248601
43.724,9.26,30.873775,178.255,5.345127e-05,-2.5282311,1.770286
41.152,12.964,34.429485,183.811,5.3798376e-05,-2.5884728,1.6809741
38.58,18.52,38.66877,189.83,5.4161024e-05,-1.6532501,1.970266
38.58,18.52,39.165146,193.071,5.4633376e-05,-1.4032797,1.5048335
38.58,18.52,39.76042,196.77501,5.4869302e-05,-2.8195667,1.255352
41.152,22.223999,36.89446,201.868,5.5185723e-05,-3.974978,1.0650918
43.724,27.78,34.417683,208.34999,5.5340646e-05,-4.0995407,-0.35866317
47.3248,27.78,30.402527,208.34999,5.5040302e-05,-3.2634332,-1.5217636
51.440002,27.78,26.579325,208.34999,5.4633376e-05,-2.2274175,-1.2859998
54.012,22.223999,25.514448,225.01799,5.4426444e-05,-1.4501337,-0.5278054
56.584,18.52,24.238672,243.075,5.439729e-05,-1.4676703,0.47687522
56.584,18.52,24.961481,265.299,5.4632917e-05,-1.8167529,0.9659848
56.584,18.52,25.541763,289.375,5.4869302e-05,-3.0633945,0.37613693
56.584,18.52,25.417696,283.35602,5.4804874e-05,-4.084526,-0.5015177
56.584,18.52,25.328335,277.80002,5.4633376e-05,-4.084526,-0.5015177
56.584,18.52,25.35518,277.80002,5.455052e-05,-3.5657573,-0.50113505
56.584,18.52,25.405153,277.80002,5.439729e-05,-3.493841,-0.8711125
56.584,18.52,25.311565,271.781,5.4147247e-05,-3.2634332,-1.5217636
56.584,18.52,25.280684,266.225,5.3688025e-05,-3.7923467,-2.6554291
56.584,18.52,25.742844,273.633,5.2977284e-05,-2.5335698,-3.2428222
51.440002,18.52,31.799,282.43,5.22651e-05,-1.1060667,-2.8814027
43.724,31.484,40.559288,256.039,5.1757084e-05,-0.8695794,-1.8648188
36.008,46.3,50.87255,231.5,5.131329e-05,-0.57857406,-2.50608
33.436,55.56,64.06094,266.225,5.0609688e-05,0.08976139,-2.5704334
30.864,64.82,80.44918,300.95,5.012002e-05,0.60471344,-0.8323167
28.292,77.784,87.73225,289.375,5.0233604e-05,1.0719968,1.1100851
25.720001,92.6,95.591835,277.8,5.059779e-05,0.95008886,1.2160583
21.604801,114.824,112.576454,265.762,5.0782735e-05,0.46706542,0.9166675
18.004,138.9,130.41147,254.65,5.1074945e-05,-0.26797426,1.5197554
20.576,138.9,116.305305,260.206,5.158128e-05,-0.8796764,2.4168892
23.148,138.9,104.28139,266.22498,5.22651e-05,-1.1127082,3.4245644
24.1768,179.644,101.122826,271.781,5.3113643e-05,-0.93195647,3.4781055
25.720001,222.24,95.611885,277.8,5.392461e-05,-0.8507276,2.966838
25.720001,222.24,97.52408,283.356,5.4361837e-05,-0.46285924,2.004864
25.720001,222.24,99.58875,289.375,5.4869302e-05,0.053865105,3.08593
25.720001,222.24,113.27991,329.656,5.578786e-05,0.4034962,4.6119833
25.720001,222.24,126.825005,370.4,5.698501e-05,0.49316204,5.6368685
25.720001,222.24,126.71608,370.4,5.833508e-05,0.10773021,6.17186
25.720001,222.24,126.59116,370.4,5.9784e-05,-1.3903475,6.5410686
25.720001,203.72,135.58406,398.643,6.12261e-05,-2.396479,6.243039
25.720001,185.2,144.75874,428.27502,6.255676e-05,-1.9352881,5.3171563
26.7488,185.2,135.24927,427.81198,6.358938e-05,-0.8833701,4.5445414
28.292,185.2,122.35004,428.27502,6.461839e-05,-0.08977622,5.1432166
28.292,175.94,123.26913,433.831,6.5864835e-05,0.43059275,6.1577635
28.292,166.68,124.17537,439.84998,6.734234e-05,0.26928452,7.7113
28.292,166.68,127.370514,456.98102,6.919229e-05,0.0,8.2304
28.292,166.68,130.4788,474.575,7.092813e-05,0.96563876,6.0968027
28.292,166.68,125.92337,454.97464,7.1827446e-05,1.8434447,4.8023376
28.292,166.68,120.5301,432.1333,7.2921e-05,1.0030335,8.169052
24.1768,194.46,169.96106,463.0,7.5348136e-05,0.39495063,11.309906
20.576,222.24,173.74686,370.4,7.771575e-05,1.3398694,7.5987763
