Vmax,Rmax_IBT,Rmax_CK22,R34,fcor,u_trans,v_trans
23.148,55.56,23.74958,64.82,3.626943e-05,-6.359905,2.0664594
24.1768,46.3,23.641876,67.134995,3.676201e-05,-6.359905,2.0664594
25.720001,37.04,23.095186,69.45,3.7254722e-05,-6.395002,1.9551464
26.7488,37.04,22.25976,69.45,3.7709357e-05,-6.359905,2.0664594
28.292,37.04,21.111753,69.45,3.8238195e-05,-6.7232733,2.5808215
29.3208,37.04,21.09342,71.765,3.8918934e-05,-6.472756,3.1569724
30.864,37.04,20.730934,74.08,3.9709896e-05,-6.3586354,3.3809469
33.436,27.78,19.778221,76.395004,4.0547402e-05,-6.298661,3.491405
36.008,18.52,18.933165,78.71001,4.142137e-05,-6.7485657,3.740791
38.58,18.52,17.67335,78.71001,4.2310938e-05,-6.8128233,3.6224432
41.152,18.52,16.559189,78.71001,4.3126656e-05,-7.048917,3.13838
43.724,18.52,15.99368,81.024994,4.378797e-05,-6.7232733,2.5808215
46.296,18.52,15.468862,83.34,4.4340795e-05,-6.8491282,2.2254176
44.7528,18.52,16.001055,83.34,4.484296e-05,-7.4170957,2.1268167
43.724,18.52,16.374306,83.34,4.5309676e-05,-7.486802,1.8666699
41.152,18.52,17.414179,83.34,4.5738554e-05,-7.949956,2.1301837
38.58,18.52,18.591627,83.34,4.627635e-05,-7.734046,2.814962
36.008,18.52,22.595459,94.915,4.7029665e-05,-7.397435,3.6079686
33.436,18.52,27.29468,106.49,4.796257e-05,-6.471182,4.2024355
31.8928,18.52,28.69261,106.49,4.9005965e-05,-5.5966945,4.5321136
30.864,18.52,29.702505,106.490005,5.012002e-05,-5.4351177,4.7246733
29.3208,18.52,38.158733,129.64,5.122945e-05,-5.4351177,4.7246733
28.292,18.52,39.688362,129.64,5.22651e-05,-5.196931,4.208391
28.292,27.78,40.63826,132.72667,5.31131e-05,-4.9298167,3.7148848
28.292,37.04,41.586735,135.81334,5.392461e-05,-4.9298167,3.7148848
28.292,37.04,40.641106,132.72667,5.479874e-05,-4.6586723,4.0497203
28.292,37.04,39.69558,129.64,5.581132e-05,-3.8003547,4.8642335
28.292,37.04,39.697075,129.64,5.7084126e-05,-2.8023927,5.5000052
28.292,37.04,39.698036,129.64,5.83877e-05,-2.301478,5.169206
28.292,37.04,39.69845,129.64,5.9470298e-05,-1.9269764,4.769434
28.292,37.04,39.698437,129.64,6.0479695e-05,-1.0414333,4.510944
28.292,37.04,39.69811,129.64,6.151999e-05,-0.40349755,4.611983
28.292,37.04,39.69739,129.64,6.255676e-05,-0.5642067,4.595092
28.292,37.04,39.6963,129.64,6.362381e-05,-0.8833701,4.5445414
28.292,37.04,32.60281,106.490005,6.461839e-05,-1.4306248,4.4030113
28.292,46.3,38.27909,125.01,6.550112e-05,-1.8682618,3.66667
28.292,55.56,43.92026,143.53,6.621089e-05,-2.2168736,2.8374693
28.292,55.56,48.120594,157.42,6.673212e-05,-2.2936418,2.065205
28.292,55.56,52.290733,171.31,6.711647e-05,-1.9411135,1.6873834
28.292,55.56,52.285892,171.31,6.743811e-05,-1.3499072,1.5528904
28.292,55.56,52.280495,171.31,6.7793495e-05,-1.4382447,2.1322844
28.292,55.56,54.344803,178.255,6.828878e-05,-1.4489768,2.7251296
28.292,55.56,56.394264,185.2,6.8917754e-05,-1.4645767,3.2894948
28.292,55.56,57.7451,189.83,6.965127e-05,-1.4747562,3.84187
28.292,55.56,59.08481,194.46,7.048288e-05,-1.3397776,3.8909981
26.7488,55.56,64.365746,196.775,7.1355884e-05,-1.2716665,3.9137878
25.720001,55.56,68.5149,199.09,7.2258685e-05,-1.1982298,4.47185
24.1768,64.82,74.09541,199.09,7.320736e-05,-0.8555985,4.025273
23.148,74.08,78.16995,199.09,7.402041e-05,-0.42954382,3.0563633
23.148,83.34,76.29996,194.46,7.452418e-05,0.0,2.0576
23.148,92.6,74.42446,189.83,7.4895885e-05,0.4277991,2.0126367
21.604801,83.34,73.40758,173.625,7.534845e-05,0.80396837,1.8940308
20.576,74.08,69.77565,157.42001,7.576771e-05,1.5834814,2.0267637
20.576,74.08,74.20431,166.68001,7.612572e-05,2.1068592,1.4752387
20.576,74.08,65.43171,148.16002,7.641916e-05,3.3616364,1.2904115
19.0328,74.08,64.58825,135.81334,7.6651806e-05,4.510944,1.0414333
18.004,74.08,61.55646,123.466675,7.6852295e-05,5.065851,0.8932465
