Vmax,Rmax_IBT,Rmax_CK22,R34,fcor,u_trans,v_trans
18.004,111.12,54.28685,111.12,6.507438e-05,-0.93413097,-1.833335
20.576,101.86,51.8635,120.38,6.469819e-05,-1.0597421,-1.7637076
23.148,92.6,49.61246,129.64,6.43901e-05,-1.0124304,-1.1646677
25.720001,83.34,47.45432,138.9,6.414434e-05,-1.2324542,-0.9287212
28.292,74.08,39.69592,129.64,6.393293e-05,-1.8493588,-0.90199214
29.3208,64.82,39.428894,134.27,6.3738444e-05,-2.349639,-1.0461266
30.864,55.56,27.06719,97.229996,6.3474974e-05,-2.6174154,-1.6355432
31.8928,55.56,28.527521,106.490005,6.306788e-05,-2.2936418,-2.065205
33.436,55.56,29.282072,115.75,6.255676e-05,-2.0652046,-2.2936423
34.4648,46.3,31.959316,131.955,6.199852e-05,-1.8141401,-2.4969504
36.008,37.04,33.647316,148.16,6.14047e-05,-1.5896132,-2.6455615
38.58,37.04,33.227894,162.05,6.0826773e-05,-1.4963166,-2.6994262
41.152,37.04,32.50085,175.94,6.0247978e-05,-1.5896132,-2.6455615
46.296,31.484,28.082027,182.885,5.9650472e-05,-1.8141401,-2.4969504
51.440002,27.78,24.363525,189.83,5.9086666e-05,-1.9838996,-2.3643198
54.012,27.78,23.114176,199.09001,5.8603327e-05,-1.7210038,-1.9113686
56.584,27.78,21.842585,208.35,5.8154368e-05,-2.0248609,-2.3293355
57.6128,27.78,21.638025,217.61,5.7634414e-05,-1.7210038,-1.9113686
59.156002,27.78,20.996025,226.87,5.721923e-05,-2.2274175,-1.2859998
59.156002,27.78,21.185766,231.5,5.7049623e-05,-2.5157955,-0.53474945
59.156002,27.78,21.343563,236.13,5.698501e-05,-1.4834192,-0.42536333
60.1848,31.484,20.835947,243.075,5.6832472e-05,-0.89980876,-0.4987721
61.728,37.04,19.93076,250.02,5.6750614e-05,-1.0231642,-0.107538745
61.728,37.04,20.003645,254.65001,5.6780005e-05,-1.4501337,0.5278054
61.728,37.04,20.019619,259.28,5.698501e-05,-0.8851434,1.2641153
60.1848,31.484,21.062323,261.595,5.742477e-05,-0.42779925,2.0126364
59.156002,27.78,21.763311,263.91,5.7920843e-05,-0.21477191,1.5281817
57.0984,27.78,23.396154,263.91,5.8228325e-05,0.21477194,1.5281817
56.584,27.78,23.805431,263.91,5.83877e-05,1.2059525,2.8410463
56.584,27.78,23.783411,268.54,5.8853857e-05,1.7457025,3.1493306
56.584,27.78,23.577414,268.54,5.9551734e-05,1.8141404,2.4969501
59.156002,27.78,21.23336,268.54,6.0016075e-05,2.2201703,2.1439936
60.1848,27.78,20.289055,270.855,6.0555773e-05,3.242822,2.5335703
61.728,27.78,18.965788,273.16998,6.1173734e-05,3.7923465,2.6554296
65.328804,27.78,16.369745,268.54,6.1795756e-05,4.691026,3.1641371
69.444,27.78,13.889748,263.91,6.255676e-05,6.107303,3.8162665
67.9008,27.78,14.447319,266.225,6.350441e-05,7.4160113,4.6340384
66.872,27.78,14.721853,268.54,6.461839e-05,7.676225,5.177679
62.7568,27.78,16.975483,268.54,6.576785e-05,6.7959867,5.503281
59.156002,27.78,19.26337,268.54,6.711647e-05,6.1956143,6.8809266
56.584,31.484,20.980495,266.225,6.8737165e-05,5.310859,7.584693
54.012,37.04,22.916586,263.91,7.048288e-05,5.323084,8.19683
51.440002,37.04,25.154795,261.595,7.2197814e-05,5.042922,7.7654185
48.868,37.04,27.76518,259.28,7.380098e-05,4.1152,7.1277356
46.296,37.04,31.051188,261.595,7.51953e-05,3.0359251,5.9583387
43.724,37.04,34.987637,263.91,7.641916e-05,2.510704,5.6391335
41.152,37.04,39.871975,268.54,7.753231e-05,2.210913,5.208585
38.58,37.04,45.77391,273.17,7.85754e-05,1.9352866,5.317157
38.58,37.04,45.51207,273.17,7.967642e-05,1.8421948,5.3501225
38.58,37.04,45.267284,273.17,8.070772e-05,1.5072503,4.3773727
38.58,31.484,45.49468,277.8,8.156928e-05,1.8089288,4.2615695
38.58,27.78,45.708168,282.43,8.239592e-05,2.1734657,4.087694
38.58,27.78,45.676014,284.745,8.3322666e-05,3.0817857,4.7455335
38.58,27.78,45.62814,287.06,8.427592e-05,3.2455251,4.63509
38.58,31.484,45.75862,291.69,8.5222804e-05,3.8846688,4.797167
38.58,37.04,45.87496,296.32,8.613512e-05,4.4403405,4.287987
38.58,37.04,45.994564,300.95,8.695306e-05,5.340636,4.024457
38.58,37.04,46.093014,305.58002,8.776991e-05,6.3968544,4.3147326
37.0368,46.3,51.023388,312.525,8.866529e-05,7.9366837,4.768841
36.008,55.56,54.83279,319.47,8.958859e-05,8.629576,4.5884275
36.008,55.56,54.770504,321.785,9.0500835e-05,9.709133,4.735461
36.008,55.56,54.707527,324.09998,9.138516e-05,10.969697,4.432046
36.008,55.56,55.215927,333.36,9.2203954e-05,12.230588,3.9739585
36.008,55.56,55.679546,342.62,9.296319e-05,12.856298,3.686485
34.4648,64.82,62.20881,347.25,9.3655544e-05,13.41555,3.5946863
33.436,74.08,67.18203,351.88,9.4329116e-05,14.474484,3.6088943
31.8928,111.12,76.02092,361.14,9.503189e-05,15.537695,3.5871592
30.864,148.16,83.1005,370.40002,9.568096e-05,16.15837,3.1408699
30.864,148.16,83.58391,375.03003,9.619755e-05,16.25814,2.575037
30.864,148.16,84.07444,379.66003,9.6637836e-05,16.300604,2.2909007
29.3208,166.68,94.81965,381.97498,9.7012075e-05,16.338104,2.0060666
28.292,185.2,102.87703,384.28998,9.7398035e-05,15.79121,2.21931
26.7488,185.2,116.104836,386.605,9.7835655e-05,15.750073,2.494567
25.720001,185.2,126.01387,388.92,9.834162e-05,15.148471,2.9445653
24.1768,185.2,143.66725,395.865,9.889906e-05,15.094774,3.2084928
23.148,185.2,157.6309,402.81,9.9464e-05,14.643522,2.8464134
23.148,185.2,157.56863,402.81,9.995174e-05,13.633623,2.6501088
23.148,185.2,157.51202,402.81,0.000100391015,13.171212,2.3224409
23.148,185.2,157.45908,402.81,0.00010079887,11.651457,2.0544667
23.148,185.2,157.41624,402.81,0.000101127116,9.653271,1.528928
23.148,185.2,156.55879,400.495,0.00010134571,8.169052,1.0030333
23.148,185.2,155.70976,398.18,0.000101493315,7.6737313,0.8065413
23.148,185.2,154.86195,395.86502,0.00010162442,7.1840577,0.5023585
23.148,185.2,154.02281,393.55,0.000101675956,6.6872,-2.923068e-07
21.604801,185.2,171.8045,391.235,0.00010163699,6.149311,-0.5379951
20.576,185.2,184.07703,388.91998,0.000101493315,6.60487,-1.0461085
19.0328,185.2,208.00354,393.55,0.00010126021,6.5158076,-1.5042925
18.004,185.2,226.29095,398.18,0.00010094355,5.870682,-1.9074997
18.004,185.2,233.33693,409.755,0.00010057431,5.2463775,-2.119674
18.004,185.2,240.38818,421.33,0.00010020622,4.769434,-1.9269763
18.004,185.2,211.90591,375.03,9.991361e-05,4.322104,-1.6591002
18.004,185.2,197.70442,351.88,9.965002e-05,3.8418703,-1.4747556
18.004,185.2,130.26541,240.76,9.669482e-05,1.0556113,-2.9002674
18.004,185.2,141.1929,259.28,9.606459e-05,1.0650926,-3.974978
18.004,185.2,135.57562,250.01999,9.5295996e-05,1.1343029,-3.955784
18.004,185.2,129.98222,240.76001,9.452311e-05,1.5415815,-3.8155468
18.004,185.2,129.89543,240.76001,9.38672e-05,1.9611363,-3.019885
18.004,185.2,129.82724,240.76001,9.335488e-05,2.25725,-2.1049197
18.004,185.2,129.78409,240.76001,9.303207e-05,2.5884728,-1.680974
18.004,185.2,129.74854,240.76001,9.2766924e-05,1.9702663,-1.6532499
