Vmax,Rmax_IBT,Rmax_CK22,R34,fcor,u_trans,v_trans
30.864,37.04,54.92506,206.03499,7.533226e-05,-0.42779925,2.0126364
31.8928,37.04,52.228977,206.03499,7.601234e-05,-0.8711119,3.4938412
33.436,37.04,48.46506,206.03499,7.6852295e-05,-0.43882746,3.57396
34.4648,37.04,46.100754,206.03499,7.759182e-05,0.0,3.6008
36.008,37.04,42.81617,206.03499,7.8360856e-05,0.0,3.6008
37.0368,37.04,40.731194,206.03499,7.9153506e-05,0.07182014,4.1145735
38.58,37.04,37.828785,206.03499,8.007058e-05,-0.26921618,5.1369505
38.58,37.04,37.963512,208.34999,8.123677e-05,-0.8851682,5.588736
38.58,37.04,38.089367,210.665,8.239592e-05,-1.8421941,5.3501225
38.58,37.04,37.663967,208.34999,8.335976e-05,-2.4533143,3.9261234
38.58,37.04,37.277004,206.03499,8.4068044e-05,-2.3623376,2.7175581
42.1808,37.04,31.519587,206.03499,8.4379484e-05,-1.5048333,1.4032799
46.296,37.04,26.16553,206.03499,8.469088e-05,-1.5896137,2.645561
46.296,37.04,26.313244,210.665,8.5440326e-05,-1.7342788,4.2924905
46.296,37.04,26.414984,215.295,8.6340384e-05,-1.8089286,4.2615695
46.296,37.04,26.640755,222.24,8.706709e-05,-1.7342788,4.2924905
46.296,37.04,26.795565,229.185,8.7973065e-05,-1.0796746,5.554439
46.296,37.04,27.579624,257.89102,8.925173e-05,-0.37690267,7.1917305
46.296,37.04,27.853043,287.06,9.078879e-05,-0.26928532,7.7113
46.296,37.04,27.466225,287.06,9.229487e-05,0.0,8.744801
46.296,37.04,26.999306,287.06,9.413484e-05,0.37699834,10.79582
44.7528,37.04,28.047964,247.70502,9.640392e-05,0.6999621,13.3560705
43.724,37.04,27.270342,208.35,9.909108e-05,0.80764854,15.410851
