Vmax,Rmax_IBT,Rmax_CK22,R34,fcor,u_trans,v_trans
20.576,55.56,37.214283,90.284996,3.404614e-05,-5.128252,2.3913426
20.576,55.56,37.236446,90.284996,3.4645735e-05,-5.594457,2.6087375
20.576,55.56,37.259956,90.284996,3.5282377e-05,-5.6391335,2.510704
20.576,55.56,37.282593,90.284996,3.589939e-05,-6.1555996,2.6128979
20.576,55.56,37.305157,90.284996,3.651592e-05,-5.594457,2.6087375
21.604801,55.56,35.645267,90.284996,3.716825e-05,-5.594457,2.6087375
23.148,55.56,33.392796,90.284996,3.7746686e-05,-5.2463775,2.1196725
23.148,55.56,34.638435,93.526,3.815193e-05,-4.9192324,1.5039588
23.148,55.56,36.06245,97.229996,3.8483773e-05,-4.9192324,1.5039588
26.7488,50.004,31.330683,97.229996,3.8851693e-05,-4.3773727,1.5072504
30.864,46.3,27.18775,97.229996,3.9219805e-05,-4.322104,1.6590996
33.436,40.744,26.72357,103.712,3.9605602e-05,-3.8418703,1.4747552
36.008,37.04,26.458881,111.119995,3.995476e-05,-3.890998,1.3397782
38.58,37.04,25.27271,114.36099,4.0199273e-05,-3.4434626,1.0527711
41.152,37.04,24.27601,118.064995,4.0444127e-05,-3.4046233,1.1723058
43.724,37.04,23.262363,121.306,4.0755607e-05,-3.2894945,1.4645773
46.296,37.04,22.379631,125.009995,4.1177245e-05,-3.6335058,1.9319696
51.440002,37.04,21.045763,134.73299,4.1695777e-05,-3.8827093,2.5214612
56.584,37.04,19.827957,145.845,4.239659e-05,-3.9405332,3.306499
59.156002,37.04,19.197308,152.327,4.3260203e-05,-3.9306557,4.070311
61.728,37.04,18.546236,159.73499,4.4340795e-05,-3.7148836,4.9298177
60.1848,37.04,19.505196,166.217,4.5617482e-05,-3.8356214,5.477833
59.156002,37.04,20.316109,173.625,4.6999867e-05,-4.3340306,5.751454
56.584,37.04,21.465834,173.625,4.833987e-05,-5.2622986,5.6431255
54.012,37.04,22.774254,173.625,4.9641636e-05,-6.7959867,5.503281
52.4688,46.3,24.441545,183.348,5.0872055e-05,-8.288482,5.1792197
51.440002,55.56,25.966848,194.45999,5.2027382e-05,-8.548183,4.738335
48.868,55.56,27.930693,194.45999,5.311165e-05,-9.1666765,4.670652
46.296,55.56,30.173904,194.45999,5.4161024e-05,-10.256504,4.7826853
43.724,50.004,32.722748,194.45999,5.5311757e-05,-10.8906765,4.622819
41.152,46.3,35.67873,194.45999,5.6281307e-05,-10.273693,3.3381267
39.6088,46.3,36.497353,187.052,5.6835986e-05,-9.560023,2.0320435
38.58,46.3,36.753387,180.57,5.721923e-05,-9.594031,1.8648896
38.58,37.04,36.704945,180.57,5.7686306e-05,-9.560023,2.0320435
38.58,27.78,36.656418,180.57,5.8154368e-05,-9.056865,1.925094
37.0368,27.78,38.772636,180.57,5.8567162e-05,-8.485043,2.1155593
36.008,27.78,40.267612,180.57,5.9086666e-05,-7.781996,2.6795564
34.4648,27.78,43.381317,183.811,5.979484e-05,-7.397435,3.6079686
33.436,27.78,45.963955,187.515,6.0711227e-05,-6.902594,4.482598
31.8928,27.78,50.49682,193.997,6.176141e-05,-5.9108,4.9597487
30.864,27.78,54.596058,201.40501,6.3016254e-05,-5.6131186,6.019334
29.3208,27.78,60.24757,207.88701,6.443526e-05,-4.953178,6.57309
28.292,27.78,65.33132,215.295,6.5983986e-05,-4.4825964,6.9025946
26.7488,40.744,71.43833,218.536,6.75338e-05,-4.1152015,7.127735
25.720001,55.56,76.489655,222.24,6.914198e-05,-3.6079707,7.397434
25.720001,55.56,77.59804,225.481,7.078335e-05,-3.0831623,7.631094
25.720001,55.56,78.85481,229.18501,7.247968e-05,-2.4063365,7.8707705
26.7488,55.56,75.71196,232.42601,7.425579e-05,-1.711197,8.050546
28.292,55.56,70.78886,236.12999,7.5985095e-05,-1.5704358,8.079185
26.7488,55.56,76.76049,236.12999,7.758076e-05,-0.8776549,7.14792
25.720001,55.56,81.12004,236.12999,7.900381e-05,0.69900274,6.650567
24.1768,55.56,89.53487,239.371,8.0287835e-05,2.510704,5.6391335
23.148,55.56,96.383804,243.075,8.134267e-05,4.1304097,4.5872846
23.148,55.56,99.038086,249.557,8.2207735e-05,5.056462,3.5405726
23.148,55.56,102.05258,256.965,8.2815466e-05,4.9960704,2.6564584
23.148,68.524,104.68032,263.447,8.323796e-05,4.350401,1.5834165
23.148,83.34,107.66993,270.85498,8.34429e-05,4.5726023,0.72422916
21.604801,83.34,114.637634,263.447,8.3521205e-05,5.144,-2.2485138e-07
20.576,83.34,118.620705,256.965,8.34429e-05,5.093939,-0.7159063
20.576,87.044,116.559685,252.798,8.3249346e-05,4.5284324,-0.96254766
20.576,92.6,115.177765,250.01999,8.302487e-05,4.0395923,-0.7852173
