Vmax,Rmax_IBT,Rmax_CK22,R34,fcor,u_trans,v_trans
18.004,55.56,31.185532,67.90667,2.6827835e-05,-5.5133753,1.272864
18.004,55.56,31.193777,67.90667,2.7115428e-05,-6.0790215,1.0718954
18.004,55.56,31.19986,67.90667,2.7328068e-05,-6.138985,0.6452327
19.0328,55.56,32.419506,74.08,2.743414e-05,-6.149311,0.5379949
20.576,55.56,32.756935,80.253334,2.7578055e-05,-6.096802,0.9656391
23.148,55.56,29.37294,80.253334,2.7877775e-05,-5.4392037,1.5596656
25.720001,55.56,26.634108,80.253334,2.8327528e-05,-5.2085843,2.2109134
29.3208,55.56,29.399082,100.007996,2.8895003e-05,-4.454835,2.5719995
33.436,55.56,28.154097,108.805,2.9574905e-05,-4.2645693,2.8764882
33.436,55.56,34.252907,132.881,3.0321668e-05,-4.691026,3.1641371
33.436,55.56,40.39691,157.42,3.1068776e-05,-5.5000057,2.802391
31.8928,46.3,53.66461,200.01599,3.1727843e-05,-6.7232733,2.5808215
30.864,37.04,67.32929,243.075,3.231108e-05,-6.243039,2.3964772
29.3208,37.04,71.443665,243.075,3.2843975e-05,-5.317157,1.9352864
28.292,37.04,74.43273,243.075,3.330315e-05,-5.411155,1.6543547
28.292,37.04,69.046364,225.481,3.363732e-05,-5.4392037,1.5596656
28.292,37.04,63.79357,208.35,3.404614e-05,-5.6391335,2.510704
26.7488,37.04,64.81372,199.09,3.4843746e-05,-5.398853,2.9926329
25.720001,37.04,64.42595,189.82999,3.5529305e-05,-5.411155,1.6543547
25.720001,37.04,64.42933,189.82999,3.560344e-05,-4.6296,5.520743e-08
25.720001,37.04,64.42595,189.82999,3.5529305e-05,-2.562213,0.22416456
23.148,37.04,67.41078,178.255,3.572024e-05,-1.071997,1.1100849
20.576,37.04,70.73915,166.68001,3.6022833e-05,-0.053843237,1.02739
19.0328,37.04,70.72653,155.105,3.620773e-05,0.0,1.5432
18.004,37.04,68.73471,143.53,3.67623e-05,-0.43015632,4.0926566
18.004,37.04,71.247986,148.16,3.823706e-05,-2.0664582,6.3599052
18.004,37.04,73.78386,152.79,3.9709896e-05,-5.122693,4.2984486
18.004,74.08,148.0388,291.69,4.02617e-05,-8.079185,1.5704334
18.004,111.12,171.2753,333.36,4.0444127e-05,-8.185313,0.8603102
