Vmax,Rmax_IBT,Rmax_CK22,R34,fcor,u_trans,v_trans
20.576,18.52,13.749545,33.953335,4.5793287e-05,-6.1643405,0.32306057
24.1768,18.52,17.58339,50.003998,4.579212e-05,-5.6584,6.7475746e-08
28.292,18.52,19.722328,64.82,4.5793287e-05,-6.138985,0.6452327
28.292,18.52,20.291647,66.672,4.6074172e-05,-6.6048694,1.0461091
28.292,18.52,21.145273,69.45,4.627635e-05,-7.174196,0.62766075
28.292,18.52,21.145273,69.45,4.627635e-05,-6.637355,0.81496334
25.720001,18.52,20.041904,60.190002,4.647321e-05,-5.3814583,1.7485425
23.148,18.52,18.667778,50.93,4.6999867e-05,-5.7628055,2.2121327
21.604801,18.52,28.159487,71.302,4.7506182e-05,-6.359905,2.0664594
20.576,18.52,38.72135,92.6,4.796257e-05,-5.4392037,1.5596656
21.604801,18.52,38.87724,97.229996,4.8237944e-05,-5.0315914,1.0694966
23.148,18.52,23.919064,64.82,4.844305e-05,-5.0315914,1.0694966
25.720001,18.52,26.682766,79.636,4.8718808e-05,-5.5544395,1.0796729
28.292,18.52,28.988876,94.915,4.892293e-05,-5.6368685,0.49316204
31.8928,18.52,26.483637,98.15599,4.894096e-05,-5.144,6.134159e-08
36.008,18.52,24.134146,101.86,4.892293e-05,-4.6232553,0.24229544
39.6088,18.52,23.7584,112.046005,4.9042195e-05,-4.075151,0.5727259
43.724,18.52,22.987728,122.695,4.916265e-05,-3.587098,0.31383038
46.296,18.52,23.286827,135.196,4.9198494e-05,-4.1152,4.9073268e-08
48.868,18.52,23.39538,148.16,4.916265e-05,-3.5986066,-0.12566707
52.4688,12.964,20.798872,143.53,4.9132366e-05,-3.556468,-0.5632894
56.584,9.26,18.397732,138.9,4.892293e-05,-3.8155465,-1.5415819
56.584,9.26,18.450207,138.9,4.844305e-05,-3.6335058,-1.9319696
51.440002,9.26,20.914898,138.9,4.8202877e-05,-4.087694,-2.173466
46.296,9.26,22.582262,129.64,4.796257e-05,-4.3141212,-2.8016236
38.58,9.26,20.520803,92.59999,4.7308313e-05,-3.2865446,-2.4765897
30.864,9.26,15.550911,55.56,4.675884e-05,-2.4969494,-1.8141412
21.604801,9.26,10.725854,27.78,4.6535275e-05,-1.4591242,-0.5024168
