Vmax,Rmax_IBT,Rmax_CK22,R34,fcor,u_trans,v_trans
23.148,55.56,20.483267,55.560005,5.4633376e-05,2.9182487,-1.0048335
28.292,40.744,19.039877,62.504997,5.4379685e-05,2.9002674,-1.0556108
33.436,27.78,17.925606,69.45,5.4161024e-05,1.9335115,-0.70374054
34.4648,18.52,17.388319,69.45,5.402488e-05,1.4501337,-0.5278054
36.008,9.26,16.637781,69.45,5.392461e-05,1.4501337,-0.5278054
36.008,9.26,16.639135,69.45,5.378865e-05,1.4501337,-0.5278054
36.008,9.26,16.6401,69.45,5.3688025e-05,0.48337787,-0.17593513
36.008,9.26,16.64026,69.45,5.367022e-05,0.0,0.0
36.008,9.26,16.6401,69.45,5.3688025e-05,0.0,0.0
36.008,9.26,17.176208,71.765,5.370568e-05,0.0,0.0
36.008,9.26,17.71146,74.08,5.3688025e-05,-0.99824023,-0.24888928
37.0368,12.964,18.750193,81.025,5.358759e-05,-1.987489,-0.5325459
38.58,18.52,19.41417,87.97,5.345127e-05,-1.987489,-0.5325459
39.6088,18.52,18.87501,87.97,5.3368232e-05,-1.4501337,-0.5278054
41.152,18.52,18.116879,87.97,5.321436e-05,-1.6854874,-1.1801907
42.1808,18.52,18.913372,94.915,5.2840835e-05,-1.9988195,-1.618612
43.724,18.52,19.366665,101.86,5.250265e-05,-1.945499,-0.6698891
44.7528,18.52,18.860653,101.86,5.2502462e-05,-2.572,3.0670794e-08
46.296,18.52,18.142853,101.86,5.250265e-05,-3.0296943,-0.5889124
41.152,22.223999,19.455868,94.915,5.2219497e-05,-3.2634332,-1.5217636
36.008,27.78,20.924814,87.97,5.178951e-05,-2.4649084,-1.8574424
33.436,27.78,22.620195,87.97,5.131329e-05,-2.4557393,-2.6334586
18.004,27.78,31.462046,67.135,5.059779e-05,-2.54615,-2.5461502
