Vmax,Rmax_IBT,Rmax_CK22,R34,fcor,u_trans,v_trans
20.576,55.56,22.516014,55.56,2.9076216e-05,-8.362695,2.55673
21.604801,55.56,27.04941,69.45,2.96808e-05,-8.900515,2.55218
23.148,55.56,27.11574,74.079994,3.0322259e-05,-8.806023,2.8612514
24.1768,46.3,29.377348,83.340004,3.106777e-05,-8.700802,3.1668322
25.720001,37.04,26.160727,78.71,3.1814445e-05,-8.806023,2.8612514
25.720001,37.04,27.734495,83.340004,3.2453212e-05,-8.900515,2.55218
25.720001,37.04,29.311892,87.97,3.305528e-05,-8.900515,2.55218
26.7488,37.04,29.751715,92.6,3.3692544e-05,-8.900515,2.55218
28.292,37.04,29.612648,97.23,3.4293596e-05,-8.984162,2.2400038
28.292,37.04,33.174244,108.80499,3.4805926e-05,-9.021887,2.0828683
28.292,37.04,36.739353,120.38,3.5282377e-05,-9.021887,2.0828683
29.3208,37.04,39.128685,132.881,3.577549e-05,-9.021887,2.0828683
30.864,37.04,40.683567,145.845,3.626943e-05,-8.485043,2.1155593
31.8928,37.04,41.35295,153.716,3.6779806e-05,-8.485043,2.1155593
33.436,37.04,41.311077,162.05,3.7254722e-05,-8.553706,1.8181444
33.436,37.04,42.428852,166.68,3.765985e-05,-8.611947,1.5185186
33.436,37.04,43.544388,171.31,3.7992504e-05,-8.659697,1.2170426
33.436,37.04,45.221626,178.255,3.8219197e-05,-8.679619,1.0657214
33.436,37.04,46.886795,185.2,3.8483773e-05,-8.105362,1.4291939
33.436,37.04,47.97528,189.83,3.891868e-05,-7.949956,2.1301837
33.436,37.04,49.04943,194.45999,3.9464914e-05,-7.8707714,2.406334
33.436,37.04,49.562943,196.775,4.0040133e-05,-7.2956214,2.512084
33.436,37.04,50.06786,199.09,4.0688625e-05,-6.6291075,2.81389
33.436,37.04,50.563957,201.405,4.1402553e-05,-5.904447,3.1394508
33.436,37.04,51.052944,203.71999,4.2152973e-05,-5.234831,3.2710865
33.436,40.744,51.538822,206.03499,4.2882777e-05,-4.6350904,3.2455244
33.436,46.3,52.020073,208.34999,4.3612705e-05,-4.161584,3.0235665
33.436,46.3,52.493538,210.665,4.4376906e-05,-4.2137184,2.9504766
33.436,46.3,52.96846,212.98,4.506766e-05,-4.454835,2.5719995
33.436,46.3,52.922855,212.98,4.5587683e-05,-4.1958427,1.9565531
33.436,46.3,52.883396,212.98,4.6034886e-05,-4.22935,1.883028
33.436,46.3,52.843914,212.98,4.6481266e-05,-4.087694,2.173466
33.436,46.3,52.79782,212.98,4.6999867e-05,-3.7454257,2.7212098
33.436,50.004,52.73489,212.98,4.77037e-05,-3.4404626,3.0978076
33.436,55.56,52.668255,212.98,4.844305e-05,-3.597875,2.9135017
33.436,55.56,52.612404,212.98,4.9060553e-05,-3.8381126,2.5888395
33.436,55.56,52.55947,212.98,4.9641636e-05,-4.0093513,2.3147995
34.4648,55.56,50.411755,212.98,5.020367e-05,-4.4092693,2.649355
36.008,55.56,47.405754,212.98,5.083645e-05,-4.1081805,3.0957372
37.0368,55.56,45.47041,212.98,5.165219e-05,-3.7620835,3.5081997
38.58,55.56,42.772575,212.98,5.250265e-05,-3.9405332,3.306499
41.152,55.56,39.097984,215.29498,5.323198e-05,-4.161584,3.0235665
43.724,55.56,35.770943,217.60999,5.392461e-05,-4.2137184,2.9504766
44.7528,55.56,34.34369,217.60999,5.461538e-05,-4.161584,3.0235665
46.296,55.56,32.366844,217.60999,5.5340646e-05,-4.397403,3.5609465
46.296,55.56,32.646175,222.23999,5.616343e-05,-4.3345866,3.6371489
46.296,55.56,32.904285,226.87,5.698501e-05,-4.5189986,3.4053109
47.3248,55.56,31.721958,229.185,5.7704467e-05,-4.7455335,3.081786
48.868,55.56,29.989088,231.5,5.83877e-05,-4.798595,2.9984958
49.8968,55.56,29.158648,238.445,5.9086597e-05,-4.7455335,3.081786
51.440002,55.56,27.72309,245.39001,5.9784e-05,-4.2137184,2.9504766
54.012,55.56,25.091763,247.70502,6.044465e-05,-3.597875,2.9135017
56.584,55.56,22.672085,250.01999,6.1173734e-05,-2.97585,3.5464787
59.156002,55.56,20.409855,252.33499,6.20959e-05,-2.8764894,4.264569
61.728,55.56,18.33862,254.65,6.3016254e-05,-3.374768,3.882226
60.1848,55.56,19.242758,254.65,6.3755564e-05,-3.54648,2.9758492
59.156002,55.56,19.850443,254.65,6.43901e-05,-3.7923467,2.6554291
56.584,59.264,21.79281,254.65,6.496046e-05,-3.7923467,2.6554291
54.012,64.82,23.996883,254.65,6.552959e-05,-3.0581892,2.7536068
51.440002,68.524,26.590382,257.891,6.6227396e-05,-2.753606,3.0581899
48.868,74.08,29.640924,261.595,6.689037e-05,-3.0581892,2.7536068
46.296,77.784,33.240055,264.836,6.735919e-05,-3.019885,1.9611366
43.724,83.34,37.500072,268.53998,6.7793495e-05,-3.3709748,2.3603814
43.724,87.044,37.526554,270.85498,6.832221e-05,-3.1981113,2.5897794
43.724,92.6,37.528847,273.16998,6.8917754e-05,-3.54648,2.9758492
42.1808,92.6,40.57786,277.8,6.957274e-05,-3.54648,2.9758492
41.152,92.6,42.875847,282.43,7.025991e-05,-4.1081805,3.0957372
41.152,92.6,43.084858,287.06,7.0878355e-05,-4.1081805,3.0957372
41.152,92.6,43.24701,291.69,7.159438e-05,-3.508199,3.7620838
41.152,87.044,44.00265,305.58,7.249052e-05,-2.572001,4.4548345
41.152,83.34,44.57061,319.46997,7.3581316e-05,-1.6543564,5.4111547
41.152,77.784,44.428806,324.09998,7.4830125e-05,-0.85908765,6.1127267
41.152,74.08,44.21812,328.72998,7.620224e-05,-0.5828298,6.661753
41.152,68.524,43.7383,328.72998,7.759182e-05,-0.4664749,6.6709104
41.152,64.82,43.25421,328.72998,7.900381e-05,0.0,6.6872
41.152,59.264,43.00768,333.36,8.035734e-05,0.8149647,6.637355
41.152,55.56,42.7165,337.99,8.176471e-05,1.6200074,7.0170236
41.152,55.56,42.26508,340.305,8.3306804e-05,2.5433335,7.8275757
41.152,55.56,41.787567,342.62,8.489798e-05,3.4168658,8.049631
39.6088,55.56,45.401375,337.99,8.64579e-05,4.1054354,7.7212005
38.58,55.56,47.773136,333.36,8.7973065e-05,4.5039053,7.495757
38.58,55.56,47.54621,337.99,8.9413814e-05,5.1400647,7.0746922
38.58,55.56,47.313965,342.62,9.078879e-05,7.400568,7.1466455
38.58,55.56,47.177826,349.565,9.210029e-05,9.80851,6.615923
38.58,55.56,47.016346,356.51,9.335488e-05,13.407851,6.5394464
38.58,55.56,46.91361,365.77002,9.4539166e-05,15.847714,6.0833683
38.58,55.56,46.76278,375.03003,9.568096e-05,16.434849,5.9817963
38.58,83.34,46.610332,386.60498,9.679915e-05,16.918226,6.1577306
38.58,111.12,46.354607,398.18,9.796507e-05,18.590492,6.0404162
38.58,111.12,46.018646,407.44,9.907063e-05,20.547388,6.6762505
38.58,111.12,45.536987,416.7,0.000100391015,23.202139,8.444888
38.58,120.38,44.82915,416.7,0.00010205279,25.45239,9.770258
38.58,129.64,44.07576,416.7,0.000103843304,24.801054,10.020278
