Vmax,Rmax_IBT,Rmax_CK22,R34,fcor,u_trans,v_trans
23.148,74.08,64.04317,166.68,5.4633376e-05,-0.35882682,5.1314697
24.1768,68.524,61.11275,166.68,5.582862e-05,0.9815215,5.04949
25.720001,64.82,57.024727,166.68,5.698501e-05,2.0922532,4.699278
25.720001,64.82,60.282032,175.94,5.8054975e-05,3.2455251,4.63509
25.720001,64.82,63.53569,185.20001,5.9086666e-05,4.2098393,4.5145
25.720001,64.82,63.553547,185.20001,6.0062004e-05,4.7285643,4.7285643
25.720001,64.82,63.572792,185.20001,6.1173734e-05,5.262299,5.643125
25.720001,59.264,62.520103,182.11334,6.263699e-05,6.1956143,6.8809266
25.720001,55.56,53.924698,157.42,6.416161e-05,6.1835074,6.1835074
26.7488,55.56,74.65237,228.41333,6.5448614e-05,6.599785,5.7371054
28.292,55.56,83.094635,277.8,6.666408e-05,7.2963495,5.700533
28.292,46.3,82.97663,277.8,6.79405e-05,7.907008,5.7447777
28.292,37.04,69.87626,231.49998,6.914198e-05,7.0746922,5.1400647
30.864,37.04,61.422356,231.49998,7.019689e-05,6.2423754,4.535351
33.436,37.04,54.10655,231.49998,7.115043e-05,6.3968544,4.3147326
33.436,37.04,51.266624,217.61,7.20549e-05,6.471182,4.202435
33.436,37.04,48.384018,203.71999,7.2921e-05,4.728639,3.9677992
30.864,37.04,54.47683,203.71999,7.376695e-05,2.8016233,4.3141212
28.292,37.04,61.643223,203.71999,7.467736e-05,0.56420636,4.595092
28.292,37.04,61.60183,203.71999,7.5767006e-05,-1.2444456,4.9912014
28.292,37.04,61.55971,203.71999,7.6852295e-05,-2.7432458,4.948949
26.7488,37.04,64.28443,196.775,7.78934e-05,-3.9306557,4.070311
25.720001,37.04,65.33441,189.82999,7.85754e-05,-4.322104,1.6590996
25.720001,37.04,70.26675,204.183,7.861257e-05,-4.6042385,-0.48392436
25.720001,37.04,75.64317,219.92499,7.8360856e-05,-5.0806684,-0.8046991
25.720001,37.04,75.64412,219.92499,7.826896e-05,-5.115821,-0.53769374
25.720001,37.04,75.64542,219.92499,7.814606e-05,-5.6162233,-0.6895869
26.7488,37.04,73.40549,225.48099,7.799508e-05,-5.5724363,-0.9825706
28.292,37.04,69.38792,231.5,7.771575e-05,-5.9030776,-1.8047534
30.864,37.04,60.742073,231.5,7.7240824e-05,-5.6391335,-2.510704
33.436,37.04,53.399567,231.5,7.663584e-05,-5.5000043,-2.8023937
33.436,37.04,56.13762,245.853,7.603374e-05,-5.345802,-3.0863996
33.436,37.04,59.07468,261.595,7.533226e-05,-4.72864,-3.9677987
36.008,37.04,51.854168,261.595,7.439248e-05,-3.9306552,-4.0703125
38.58,37.04,45.695423,261.595,7.3581316e-05,-3.105781,-2.699814
38.58,37.04,45.76611,261.595,7.326115e-05,-2.8814027,-1.1060663
38.58,37.04,45.792603,261.595,7.314133e-05,-3.5221138,-0.7486492
39.6088,37.04,44.363014,269.466,7.293789e-05,-5.031591,-1.0694989
41.152,37.04,41.837402,277.8,7.270045e-05,-4.9687223,-1.3313649
41.152,37.04,41.925,277.8,7.236871e-05,-4.9192314,-1.5039612
41.152,37.04,42.012497,277.8,7.2037474e-05,-4.9447303,-1.4178778
43.724,37.04,37.057186,277.8,7.176609e-05,-5.031591,-1.0694989
46.296,37.04,32.75416,277.8,7.159438e-05,-4.595092,-0.56420743
46.296,37.04,32.21524,266.225,7.1526396e-05,-4.1152,4.9073268e-08
46.296,37.04,31.584307,254.65,7.159438e-05,-5.115821,0.5376939
48.868,37.04,28.537708,266.225,7.1766604e-05,-5.5724363,0.98257077
51.440002,37.04,25.564814,277.8,7.2037474e-05,-5.4903216,1.3688912
51.440002,37.04,25.472828,277.8,7.2368144e-05,-5.4392037,1.5596656
51.440002,37.04,25.380772,277.8,7.270045e-05,-5.4903216,1.3688912
51.440002,37.04,25.306139,277.8,7.297035e-05,-5.5724363,0.98257077
51.440002,37.04,25.258968,277.8,7.314133e-05,-5.644616,0.39471057
52.4688,37.04,23.476513,248.16798,7.315702e-05,-5.144,6.134159e-08
54.012,37.04,21.25905,219.925,7.314133e-05,-5.654953,0.19747426
55.040802,37.04,20.397932,219.925,7.3235264e-05,-5.115821,0.5376939
56.584,37.04,19.182093,219.925,7.336144e-05,-4.084526,0.5015159
54.012,37.04,21.344322,225.01799,7.347024e-05,-3.048401,0.48281956
51.440002,37.04,23.910866,231.5,7.3581316e-05,-3.0563633,0.42954442
49.8968,37.04,25.4961,231.5,7.3658375e-05,-3.5657573,0.5011352
48.868,37.04,26.604275,231.5,7.380098e-05,-3.4781058,0.9319554
47.3248,31.484,28.378307,231.5,7.4031246e-05,-2.672901,1.5431998
46.296,27.78,29.587515,231.5,7.4458614e-05,-1.942335,2.398583
44.7528,27.78,31.534779,231.5,7.512494e-05,-1.2315469,3.383645
43.724,27.78,32.850834,231.5,7.5985095e-05,-0.14361884,4.1126933
42.1808,27.78,35.072273,231.5,7.687935e-05,0.80392164,4.559266
41.152,27.78,36.589577,231.5,7.793102e-05,0.89324623,5.065851
41.152,27.78,36.372902,231.5,7.908931e-05,0.85908777,6.1127267
41.152,27.78,36.110497,231.5,8.049559e-05,1.2070484,7.6210036
39.6088,31.484,38.591747,231.5,8.2212006e-05,1.6685866,8.584134
38.58,37.04,40.279095,231.5,8.4068044e-05,2.0828667,9.021888
37.0368,37.04,45.28809,248.168,8.582619e-05,2.5521815,8.900515
36.008,37.04,49.77976,266.225,8.756649e-05,3.1668327,8.700802
34.4648,37.04,52.341927,254.18701,8.925485e-05,4.1305017,8.857889
33.436,37.04,53.412342,243.07501,9.098784e-05,5.6032467,8.6282425
31.8928,37.04,61.091656,259.74298,9.262843e-05,7.600711,9.728466
30.864,37.04,68.09558,277.8,9.47168e-05,8.917113,13.220165
30.864,46.3,67.6017,277.8,9.761852e-05,9.7736,16.928371
30.864,55.56,67.0307,277.8,0.00010094355,9.341309,18.333351
30.864,64.82,73.916756,323.637,0.00010412279,8.369013,18.797112
30.864,74.08,79.31485,370.4,0.00010752601,9.41514,21.14675
