Vmax,Rmax_IBT,Rmax_CK22,R34,fcor,u_trans,v_trans
20.576,101.86,47.54859,111.12,6.255676e-05,-2.9504778,4.2137175
21.604801,101.86,45.30439,111.12,6.338362e-05,-3.54648,2.9758492
23.148,101.86,42.219433,111.12,6.393293e-05,-3.7296379,1.7391584
24.1768,77.784,40.34209,111.12,6.4132815e-05,-3.048401,0.48281956
25.720001,55.56,37.764046,111.12,6.416161e-05,-3.0633945,0.37613693
26.7488,40.744,36.192104,111.12,6.429277e-05,-2.5247452,0.49076045
28.292,27.78,28.331896,92.600006,6.43901e-05,-2.5469694,0.3579537
29.3208,27.78,30.661533,104.175,6.445906e-05,-2.572,3.0670794e-08
30.864,27.78,32.104042,115.75,6.43901e-05,-2.9947207,-0.74666786
33.9504,22.223999,27.634787,111.12,6.413069e-05,-3.2894945,-1.4645773
36.008,20.372,25.286922,108.805,6.393293e-05,-3.599235,-1.9950885
36.008,18.52,24.792631,106.490005,6.370404e-05,-4.499044,-2.4938607
34.4648,27.78,25.458347,103.712,6.313143e-05,-4.499044,-2.4938607
33.436,37.04,25.91346,101.86,6.255676e-05,-4.087694,-2.173466
36.008,37.04,23.721632,101.396996,6.215934e-05,-3.2634332,-1.5217636
38.58,37.04,22.002634,101.85999,6.186609e-05,-2.86166,-1.1561865
41.152,31.484,21.22337,106.49,6.163513e-05,-2.9002674,-1.0556108
43.724,27.78,20.462254,111.119995,6.14047e-05,-2.841046,-1.2059529
44.7528,27.78,22.398834,128.25099,6.1058105e-05,-3.2634332,-1.5217636
46.296,27.78,23.694397,145.845,6.0711227e-05,-3.3145537,-1.406945
47.3248,22.223999,26.12462,174.088,6.042739e-05,-3.443462,-1.0527729
48.868,18.52,27.486643,203.72,6.0247978e-05,-3.556468,-0.5632894
49.8968,18.52,26.532358,203.72,6.0195747e-05,-3.0864,3.6804952e-08
51.440002,18.52,25.15681,203.72,6.0247978e-05,-3.0746555,0.26899746
51.440002,37.04,25.300528,206.035,6.0311475e-05,-3.0395107,0.5359477
51.440002,55.56,25.420975,208.35,6.0479695e-05,-2.8814027,1.1060663
51.440002,55.56,25.803879,215.29501,6.077449e-05,-2.6994264,1.4963164
51.440002,55.56,26.13658,222.23999,6.1173734e-05,-3.1183844,1.8003997
57.6128,50.004,21.620668,246.31601,6.1600585e-05,-3.599235,1.9950885
64.3,46.3,16.934904,270.855,6.20965e-05,-4.087694,2.173466
69.444,40.744,13.736017,280.115,6.263734e-05,-4.499044,2.4938607
74.588,37.04,11.018155,289.375,6.324571e-05,-4.4092693,2.649355
75.6168,37.04,10.198839,303.265,6.3864216e-05,-4.1081805,3.0957372
77.16,37.04,9.138491,317.155,6.461839e-05,-3.4420075,3.8227372
74.588,37.04,9.743016,327.341,6.5574735e-05,-2.9142919,4.8501954
72.016,37.04,10.414152,337.99,6.666408e-05,-2.3913443,5.1282516
67.9008,37.04,12.448964,331.04498,6.7726236e-05,-1.9352881,5.3171563
64.3,37.04,14.517338,324.09998,6.8917754e-05,-0.75227565,6.126789
59.670403,37.04,17.82354,312.525,7.027605e-05,0.0,6.6872
56.584,37.04,20.373852,303.728,7.137252e-05,0.25133222,7.197213
56.584,37.04,20.250563,300.94998,7.181604e-05,0.0,7.716
54.012,40.744,22.184052,264.373,7.336144e-05,0.0,7.716
52.9832,40.744,23.150507,261.595,7.350949e-05,0.0,8.744801
41.152,46.3,36.141224,222.24,7.533226e-05,0.8603111,8.185313
33.436,50.004,43.469677,181.496,7.6995304e-05,2.2686057,7.911568
25.720001,55.56,48.457554,141.215,7.85754e-05,2.406336,7.8707705
23.148,55.56,53.306828,137.51099,8.0176695e-05,2.2686057,7.911568
20.576,55.56,59.17038,134.26999,8.176471e-05,2.2686057,7.911568
18.004,55.56,32.024906,66.672,8.335353e-05,2.5433335,7.8275757
