Vmax,Rmax_IBT,Rmax_CK22,R34,fcor,u_trans,v_trans
20.576,111.12,39.126984,92.600006,5.9632806e-05,-4.892235,1.5895841
20.576,111.12,33.683167,80.253334,6.0016075e-05,-4.350401,1.5834161
21.604801,111.12,32.13279,80.253334,6.032855e-05,-3.8155472,1.5415801
23.148,111.12,30.032291,80.253334,6.0711227e-05,-3.599235,1.9950885
23.148,111.12,30.042107,80.253334,6.125436e-05,-3.7923467,2.6554291
23.148,111.12,30.053082,80.253334,6.186609e-05,-3.7923467,2.6554291
24.1768,83.34,28.785706,80.253334,6.244165e-05,-3.7923467,2.6554291
25.720001,55.56,27.048351,80.253334,6.3016254e-05,-3.3292673,2.418853
26.7488,46.3,27.007603,83.340004,6.355485e-05,-3.2428217,2.5335703
28.292,37.04,22.629694,74.08,6.416161e-05,-3.3302557,3.2159903
30.864,31.484,21.964203,78.71001,6.490886e-05,-3.097807,3.4404635
33.436,27.78,21.315964,83.340004,6.575688e-05,-3.508199,3.7620838
36.008,22.223999,19.64049,83.340004,6.663048e-05,-3.7862084,4.205011
38.58,18.52,18.16767,83.340004,6.756802e-05,-2.8016226,4.3141217
39.6088,18.52,17.61419,83.340004,6.853012e-05,-1.8434454,4.8023376
41.152,18.52,16.835789,83.340004,6.958979e-05,-1.1571481,5.01216
43.724,18.52,15.658766,83.340004,7.080009e-05,-0.8851682,5.588736
46.296,18.52,14.597594,83.340004,7.2037474e-05,-0.9825723,5.5724363
46.296,18.52,15.238158,87.97,7.3141324e-05,-0.89324754,5.065851
46.296,18.52,15.857367,92.6,7.423962e-05,0.089775175,5.1432166
43.724,18.52,16.993032,92.6,7.5375705e-05,1.272863,5.5133758
41.152,18.52,18.278631,92.6,7.663584e-05,1.955148,6.395001
38.58,18.52,19.74316,92.6,7.808101e-05,2.6390274,7.2506685
36.008,18.52,21.427353,92.6,7.9644604e-05,3.60797,7.3974347
34.4648,18.52,22.554098,92.6,8.115694e-05,4.768841,7.9366837
33.436,18.52,23.357767,92.6,8.2815466e-05,5.6032467,8.6282425
31.8928,27.78,25.272783,94.915,8.4731764e-05,6.615923,9.80851
30.864,37.04,26.876394,97.23001,8.675015e-05,7.2565618,9.987801
29.3208,37.04,31.661964,108.03333,8.867959e-05,7.600711,9.728466
28.292,37.04,33.984756,111.119995,9.058944e-05,8.6050205,9.556843
28.292,37.04,36.76637,120.380005,9.244228e-05,9.647971,9.990767
28.292,37.04,39.5192,129.64,9.4329116e-05,9.472138,10.157625
26.7488,46.3,45.454365,138.90001,9.624862e-05,9.449349,10.870234
25.720001,55.56,50.99009,148.16,9.834162e-05,8.977635,11.913726
25.720001,55.56,58.92193,171.31,0.000100615245,9.441527,13.483898
25.720001,55.56,57.33117,166.68001,0.000103125865,10.835077,14.378634
24.1768,55.56,62.283424,166.68001,0.00010574704,12.351154,15.808757
23.148,55.56,65.929886,166.68001,0.00010855189,12.698983,17.478651
