Vmax,Rmax_IBT,Rmax_CK22,R34,fcor,u_trans,v_trans
20.576,74.08,38.07525,92.6,3.0820032e-05,-10.776086,0.75353837
21.604801,74.08,32.64598,83.34,3.110537e-05,-11.289232,0.78942114
23.148,74.08,31.769575,86.42667,3.131743e-05,-10.787596,0.565356
25.720001,55.56,29.809162,89.51333,3.1441246e-05,-9.236645,0.64589
28.292,37.04,29.5918,97.229996,3.156599e-05,-8.711524,0.7621595
29.3208,37.04,27.22358,92.6,3.1776064e-05,-8.679619,1.0657214
30.864,37.04,24.619724,87.97,3.206281e-05,-8.12907,1.2875189
31.8928,31.484,25.105064,92.6,3.241579e-05,-7.574236,1.4722813
33.436,27.78,25.162077,97.229996,3.280731e-05,-8.584134,1.6685855
34.4648,27.78,36.254612,145.845,3.3178716e-05,-9.089083,1.7667376
36.008,27.78,45.39269,194.46,3.3550914e-05,-8.611947,1.5185186
36.008,31.484,45.359703,194.46,3.3921664e-05,-8.611947,1.5185186
36.008,37.04,45.326496,194.46,3.4293596e-05,-8.079185,1.5704334
37.0368,37.04,43.817,194.46,3.468241e-05,-8.019455,1.8514384
38.58,37.04,41.706505,194.46,3.5035337e-05,-8.019455,1.8514384
39.6088,37.04,39.086536,187.51501,3.5281835e-05,-8.050547,1.7111946
41.152,37.04,36.082664,180.56999,3.5529305e-05,-8.105362,1.4291939
41.152,37.04,36.04191,180.56999,3.5880497e-05,-8.12907,1.2875189
41.152,37.04,35.996674,180.56999,3.626943e-05,-7.621003,1.2070489
42.1808,40.744,36.064,187.515,3.660147e-05,-7.069287,1.3741292
43.724,46.3,35.51421,194.45999,3.700857e-05,-6.9562116,1.8639108
47.3248,40.744,32.60356,199.09,3.7567792e-05,-6.3228717,2.1771395
51.440002,37.04,29.535984,203.72,3.8238195e-05,-6.578989,2.9291546
52.4688,37.04,28.122095,199.09,3.8955717e-05,-6.4166737,3.2694561
54.012,37.04,26.419786,194.45999,3.9709896e-05,-6.472756,3.1569724
55.040802,40.744,25.584034,194.45999,4.0443807e-05,-6.060662,2.8261323
56.584,46.3,24.447672,194.45999,4.1177245e-05,-6.010416,2.9314744
56.584,50.004,25.032555,203.72,4.189066e-05,-5.904447,3.1394508
56.584,55.56,25.551878,212.98001,4.2640077e-05,-5.73205,3.4441614
55.040802,55.56,26.638865,215.295,4.347244e-05,-5.0564623,3.540572
54.012,55.56,27.402454,217.61,4.4340795e-05,-4.993901,3.6282797
54.012,55.56,27.201653,217.61,4.5188634e-05,-4.9298167,3.7148848
54.012,55.56,27.002182,217.61,4.6034886e-05,-4.3345866,3.6371489
55.040802,55.56,26.012007,217.61,4.6824578e-05,-4.138292,3.8590195
56.584,55.56,24.649641,217.61,4.7722115e-05,-4.209839,4.5145006
56.584,55.56,24.629675,222.24,4.894091e-05,-4.1304092,4.5872846
56.584,55.56,24.594095,226.87,5.012002e-05,-4.001094,4.0010924
56.584,74.08,24.753542,233.815,5.0889634e-05,-3.9405332,3.306499
56.584,92.6,24.90666,240.76001,5.155148e-05,-4.1081805,3.0957372
55.040802,83.34,26.307512,247.70499,5.2419644e-05,-4.5777426,3.325923
54.012,74.08,27.366907,254.65,5.321436e-05,-3.7454257,2.7212098
54.012,74.08,27.107313,252.33499,5.3740598e-05,-3.3709748,2.3603814
54.012,74.08,26.880129,250.01999,5.4161024e-05,-4.0093513,2.3147995
55.040802,74.08,25.799349,250.01999,5.461592e-05,-4.1250043,2.1017933
56.584,74.08,24.308773,250.01999,5.510506e-05,-3.9683423,2.3844194
56.584,74.08,24.236172,252.33499,5.565811e-05,-3.1981113,2.5897794
56.584,74.08,24.138353,254.65,5.6281307e-05,-2.9098864,2.9098854
55.040802,74.08,25.33214,254.65,5.694963e-05,-2.6998143,3.1057808
54.012,74.08,26.101538,254.65,5.768715e-05,-2.58978,3.1981103
52.4688,74.08,27.431854,254.65,5.8486687e-05,-2.5335698,3.2428222
51.440002,74.08,28.301985,254.65,5.9319285e-05,-2.65543,3.7923458
51.440002,74.08,28.395704,261.595,6.0132003e-05,-2.5888405,3.8381116
51.440002,74.08,28.454218,268.54,6.0942573e-05,-2.721211,3.745425
51.440002,74.08,28.224775,268.54,6.173324e-05,-2.850266,3.648175
51.440002,74.08,27.987312,268.54,6.255676e-05,-2.850266,3.648175
51.440002,74.08,27.821285,270.855,6.342314e-05,-3.0957363,4.1081815
51.440002,74.08,27.619476,273.16998,6.43901e-05,-3.3259244,4.5777416
49.8968,74.08,29.191643,273.16998,6.549518e-05,-3.3259244,4.5777416
48.868,74.08,30.203726,273.16998,6.666408e-05,-4.1170506,5.269586
48.868,83.34,30.75861,298.635,6.781033e-05,-4.6291003,5.5167446
48.868,92.6,31.009731,324.1,6.8917754e-05,-4.47461,4.9695582
46.296,111.12,35.19577,328.72998,6.990811e-05,-4.560659,4.890709
43.724,129.64,40.210117,333.36,7.092813e-05,-4.2984505,5.1226916
43.724,129.64,39.182976,319.47,7.211473e-05,-4.024457,5.340636
43.724,129.64,38.121845,305.58002,7.336144e-05,-3.7394364,5.543939
42.1808,129.64,41.02653,305.58002,7.450201e-05,-3.3436012,5.7912846
41.152,129.64,42.988045,305.58002,7.576771e-05,-2.9291534,6.5789895
41.152,120.38,42.514763,305.58002,7.7311575e-05,-2.543333,7.8275757
41.152,111.12,41.999588,305.58002,7.900381e-05,-1.711197,8.050546
41.152,111.12,41.513454,305.58002,8.0612124e-05,-0.5741229,8.210352
41.152,111.12,40.978325,305.58002,8.239592e-05,0.0,9.2592
39.6088,101.86,44.81531,314.84,8.444638e-05,1.1829277,11.254806
38.58,92.6,47.616848,324.1,8.675015e-05,2.986671,11.978883
37.0368,92.6,51.785313,324.1,8.916686e-05,4.9773006,12.966311
36.008,92.6,54.589516,324.1,9.1781345e-05,5.5882316,13.831359
36.008,111.12,54.500084,333.36,9.449816e-05,5.973626,14.785245
36.008,129.64,54.296177,343.546,9.7398035e-05,8.210871,15.442401
36.008,129.64,53.32748,343.546,0.000100390935,10.646168,16.39366
36.008,129.64,52.33556,343.546,0.00010348522,11.176209,17.885674
34.4648,129.64,56.30421,324.09998,0.0001066032,11.0596,19.155788
33.436,129.64,58.072407,305.57996,0.0001097337,11.657166,19.400782
31.8928,129.64,68.99458,347.25,0.00011278618,12.327143,18.982134
30.864,129.64,78.61326,388.91998,0.00011570424,12.6565485,18.764105
