Vmax,Rmax_IBT,Rmax_CK22,R34,fcor,u_trans,v_trans
20.576,111.12,79.8754,185.2,4.2787233e-05,-8.210351,0.57412446
20.576,111.12,79.88651,185.2,4.288343e-05,-8.225387,0.2872353
20.576,111.12,79.88651,185.2,4.288343e-05,-8.2304,9.8146536e-08
20.576,111.12,79.886505,185.2,4.2883155e-05,-7.716,9.201238e-08
20.576,111.12,79.88651,185.2,4.288343e-05,-8.744801,1.042807e-07
20.576,185.2,149.67538,333.36,4.288343e-05,-9.720059,1.0216184
20.576,185.2,149.73901,333.36,4.3139557e-05,-8.079185,1.5704334
20.576,185.2,149.85553,333.36,4.3612705e-05,-6.987682,1.7422252
21.604801,185.2,141.92337,333.36,4.399421e-05,-7.547387,1.604245
23.148,185.2,130.90524,333.36,4.4340795e-05,-7.5987763,1.3398693
23.148,166.68,130.93393,333.36,4.458272e-05,-7.1315145,1.0022703
23.148,148.16,130.96243,333.36,4.4825505e-05,-7.092191,1.2505447
23.148,129.64,108.32767,277.8,4.5177072e-05,-7.017023,1.6200086
23.148,111.12,70.909134,185.20001,4.5551555e-05,-7.574236,1.4722813
23.148,111.12,70.93004,185.20001,4.5846053e-05,-7.5987763,1.3398693
23.148,111.12,70.94342,185.20001,4.6034886e-05,-6.4281497,1.8432412
23.148,111.12,70.96042,185.20001,4.627635e-05,-8.050547,1.7111946
23.148,101.86,68.51227,179.02667,4.6624133e-05,-9.65327,1.5289285
23.148,92.6,66.06834,172.85333,4.6999867e-05,-10.525535,2.430013
25.720001,74.08,58.949436,172.85333,4.7703612e-05,-9.78447,3.1791682
28.292,55.56,52.92669,172.85333,4.844305e-05,-8.900515,2.55218
28.292,50.004,52.92534,172.85333,4.889654e-05,-8.485043,2.1155593
28.292,46.3,52.923683,172.85333,4.9402213e-05,-8.362695,2.55673
28.292,46.3,52.922024,172.85333,4.9880902e-05,-8.854618,2.7071257
27.2632,46.3,73.72253,230.574,5.003534e-05,-8.611947,1.5185186
25.720001,46.3,89.168594,259.28,5.035898e-05,-9.021887,2.0828683
25.720001,46.3,90.78541,263.91,5.0992265e-05,-9.241119,3.181973
25.720001,46.3,92.39978,268.53998,5.178951e-05,-9.124441,3.5025434
25.720001,50.004,92.40768,268.53998,5.2584353e-05,-8.523138,3.6178584
25.720001,55.56,92.41463,268.53998,5.345127e-05,-8.85789,4.130501
26.7488,55.56,87.79661,268.53998,5.443236e-05,-8.784453,4.2844625
28.292,55.56,81.34095,268.53998,5.5340646e-05,-8.049631,3.4168665
29.3208,74.08,77.32597,268.53998,5.5962748e-05,-7.2506685,2.6390269
30.864,92.6,51.971577,189.82999,5.6516048e-05,-6.7232733,2.5808215
31.8928,83.34,51.46009,196.77498,5.718338e-05,-6.5268664,3.0435271
33.436,74.08,49.759075,203.71999,5.7920843e-05,-6.3586354,3.3809469
34.4648,64.82,47.618305,203.71999,5.8701364e-05,-6.2367687,3.6007993
36.008,55.56,44.6276,203.71999,5.9551734e-05,-6.5435386,4.088858
37.0368,55.56,42.708042,203.71999,6.0479415e-05,-6.5435386,4.088858
38.58,55.56,40.043064,203.71999,6.14047e-05,-6.613904,3.9740324
42.1808,55.56,34.70126,203.71999,6.221096e-05,-6.172977,3.709097
46.296,55.56,29.623316,203.71999,6.3016254e-05,-5.608358,3.6421106
48.868,55.56,27.171738,208.34999,6.389803e-05,-5.340635,4.0244584
51.440002,55.56,24.847282,212.98,6.4846485e-05,-5.674938,4.433748
56.584,40.744,20.8555,224.55501,6.580258e-05,-4.8907084,4.5606594
61.728,27.78,17.24239,236.12999,6.689037e-05,-3.7394364,5.543939
64.3,27.78,15.393143,231.50002,6.81756e-05,-2.2871585,6.283912
66.872,27.78,13.742657,226.87001,6.958979e-05,-1.7307763,6.4593387
66.872,27.78,13.45668,212.98,7.100589e-05,-1.275979,6.5643373
66.872,27.78,13.14148,199.09,7.247968e-05,-0.7527735,7.1621485
55.040802,31.484,18.438951,171.31,7.39709e-05,0.0,7.2016
43.724,37.04,24.102215,143.53001,7.5550095e-05,0.9403439,7.658486
36.008,46.3,28.209686,125.01,7.7252254e-05,1.7111964,8.050547
28.292,55.56,32.606205,106.490005,7.900381e-05,1.8181463,8.553706
23.148,55.56,40.80973,106.490005,8.0802914e-05,1.7111964,8.050547
18.004,55.56,52.767605,106.490005,8.239592e-05,1.8639113,6.9562116
