Vmax,Rmax_IBT,Rmax_CK22,R34,fcor,u_trans,v_trans
20.576,74.08,27.787268,67.90667,3.577612e-05,-7.8707714,2.406334
21.604801,68.524,26.565474,67.90667,3.6355057e-05,-7.827575,2.5433345
23.148,64.82,24.917868,67.90667,3.700857e-05,-7.734046,2.814962
24.1768,55.56,30.62502,86.42667,3.7709124e-05,-8.163975,3.1338549
25.720001,46.3,30.972647,92.6,3.8483773e-05,-7.9887724,3.556831
26.7488,46.3,29.821894,92.6,3.9360046e-05,-7.9887724,3.556831
28.292,46.3,28.229256,92.6,4.0199502e-05,-8.163975,3.1338549
28.292,46.3,31.794037,104.175,4.082841e-05,-7.827575,2.5433345
28.292,46.3,35.361294,115.75,4.142137e-05,-7.781996,2.6795564
29.3208,46.3,34.08549,115.75,4.2152224e-05,-7.6837406,2.9495103
30.864,46.3,32.309227,115.75,4.288343e-05,-7.734046,2.814962
30.864,46.3,37.408802,134.26999,4.3508902e-05,-7.827575,2.5433345
30.864,46.3,42.469223,152.79001,4.409823e-05,-7.827575,2.5433345
30.864,50.004,48.10836,173.625,4.4667133e-05,-7.2956214,2.512084
30.864,55.56,53.67672,194.46,4.5309676e-05,-7.6310945,3.0831602
30.864,55.56,54.875477,199.09,4.6101006e-05,-7.397435,3.6079686
30.864,55.56,56.060345,203.72,4.6999867e-05,-6.6822524,3.8579993
30.864,64.82,59.658432,217.61,4.794359e-05,-6.471182,4.2024355
30.864,74.08,63.198902,231.5,4.892293e-05,-6.3968544,4.3147326
29.3208,83.34,67.50433,231.5,4.9880335e-05,-6.471182,4.2024355
28.292,92.6,70.63031,231.5,5.083645e-05,-6.5435386,4.088858
26.7488,101.86,80.32419,245.38998,5.1772084e-05,-6.471182,4.2024355
25.720001,111.12,89.20363,259.28,5.2740055e-05,-4.9695573,4.4746113
25.720001,111.12,87.61187,254.65,5.3805616e-05,-3.3259244,4.5777416
25.720001,111.12,86.01967,250.01999,5.4869302e-05,-2.1739492,4.662047
25.720001,111.12,86.02971,250.01999,5.5881403e-05,-1.5072497,4.377373
25.720001,111.12,86.0368,250.01999,5.6750614e-05,-1.8682618,3.66667
25.720001,111.12,86.0415,250.01999,5.7459245e-05,-2.4557393,2.6334586
25.720001,111.12,86.04406,250.01999,5.7920843e-05,-2.2046347,1.3246775
25.720001,111.12,86.04482,250.01999,5.8072626e-05,-1.987489,0.5325459
25.720001,111.12,86.0452,250.01999,5.8154368e-05,-1.3497132,0.7481582
26.7488,111.12,80.99536,247.705,5.845177e-05,-1.0597425,1.7637073
28.292,111.12,74.41627,245.39,5.8853857e-05,0.10768647,2.05478
29.3208,111.12,71.42588,247.70499,5.9319344e-05,0.8369013,1.8797112
30.864,111.12,66.89131,250.01999,5.9784e-05,0.9019925,1.8493587
30.864,101.86,66.29157,247.70499,6.014943e-05,0.42536357,1.4834191
30.864,92.6,65.695595,245.38998,6.0479695e-05,0.13449873,1.5373278
30.864,92.6,65.09643,243.075,6.084426e-05,0.0,1.5432
30.864,92.6,64.50079,240.76,6.1173734e-05,-0.2414095,1.5242007
30.864,92.6,63.346893,236.13,6.1422e-05,-0.43478987,0.93240935
30.864,92.6,62.192535,231.5,6.1635496e-05,-0.66130006,0.7881064
30.864,92.6,62.172676,231.5,6.186616e-05,-1.0326023,1.1468211
30.864,92.6,62.152805,231.5,6.20965e-05,-0.46706545,0.9166675
31.8928,92.6,61.34027,240.76,6.23267e-05,0.1431813,1.0187877
33.436,92.6,58.9251,250.01999,6.255676e-05,0.1431813,1.0187877
34.4648,83.34,56.12769,250.01999,6.2786596e-05,0.1431813,1.0187877
36.008,74.08,52.235233,250.01999,6.3016254e-05,0.23142964,1.002432
36.008,50.004,52.572052,252.33499,6.3245716e-05,0.4347897,0.9324094
36.008,27.78,52.905113,254.65,6.3474974e-05,0.46706542,0.9166675
34.4648,27.78,58.074158,261.595,6.3704036e-05,0.4347897,0.9324094
33.436,27.78,62.3155,268.54,6.393293e-05,0.41845065,0.9398556
33.436,27.78,62.27283,268.54,6.417874e-05,0.4347897,0.9324094
33.436,27.78,62.23605,268.54,6.43901e-05,0.5144,0.89096695
33.436,27.78,62.213203,268.54,6.452139e-05,0.33064994,0.39405325
33.436,27.78,62.196297,268.54,6.461839e-05,0.3442008,0.3822737
33.436,27.78,60.40608,259.28,6.4732456e-05,0.33064994,0.39405325
33.436,27.78,58.588326,250.01999,6.4846485e-05,0.35081995,0.37620834
33.436,40.744,58.57143,250.01999,6.496046e-05,0.33064994,0.39405325
33.436,55.56,58.554585,250.01999,6.507438e-05,0.150396,0.49192315
33.436,55.56,58.540222,250.01999,6.517117e-05,0.0,0.5144
33.436,55.56,58.52083,250.01999,6.530208e-05,-0.026921619,0.513695
31.8928,55.56,63.022274,250.01999,6.549548e-05,0.1431813,1.0187877
30.864,55.56,66.252754,250.01999,6.575688e-05,0.0,1.5432
30.864,55.56,66.76176,252.33499,6.6080436e-05,0.0,1.5432
30.864,55.56,67.26337,254.65,6.643758e-05,-0.13449918,1.5373276
30.864,92.6,67.22575,254.65,6.676028e-05,-0.4253638,1.483419
30.864,129.64,67.184135,254.65,6.711647e-05,-0.5671517,1.9778919
29.3208,129.64,72.60642,254.65,6.753419e-05,-0.42779925,2.0126364
28.292,129.64,76.517456,254.65,6.801876e-05,-0.53474903,2.5157955
28.292,129.64,76.48106,254.65,6.853048e-05,-0.44662377,2.5329256
28.292,129.64,76.437164,254.65,6.914198e-05,-0.2152961,3.0788817
28.292,129.64,76.382645,254.65,6.9891576e-05,0.0,3.6008
28.292,129.64,76.322655,254.65,7.07056e-05,-0.25117877,3.5920289
28.292,129.64,76.26573,254.65,7.1466864e-05,-0.43882746,3.57396
28.292,129.64,76.20574,254.65,7.2258685e-05,-0.25117877,3.5920289
28.292,138.9,79.32728,266.22498,7.3091775e-05,0.07182014,4.1145735
28.292,148.16,82.380066,277.8,7.402041e-05,0.16157071,4.62678
28.292,148.16,82.27214,277.8,7.506509e-05,0.44832912,5.124426
28.292,148.16,82.15298,277.8,7.620224e-05,0.6895855,5.6162233
28.292,148.16,81.41447,275.485,7.7360004e-05,0.88516885,5.588736
28.292,148.16,80.672585,273.16998,7.85754e-05,1.0718955,6.0790215
28.292,148.16,80.542244,273.16998,7.9825724e-05,1.2833973,6.0379095
28.292,148.16,80.40412,273.16998,8.113127e-05,1.3903471,6.541069
29.3208,148.16,78.8775,287.06,8.248475e-05,1.6177802,6.4885616
30.864,148.16,74.475655,300.95,8.3859915e-05,2.3964782,6.243039
31.8928,148.16,69.69146,300.95,8.5084146e-05,3.5029907,6.8750067
33.436,148.16,63.07497,300.95,8.6545406e-05,3.766056,8.4587
33.436,148.16,62.61707,300.95,8.848467e-05,4.055578,10.565143
33.436,148.16,62.072193,300.95,9.078879e-05,4.398379,12.084448
33.436,120.38,61.4925,300.95,9.323739e-05,4.926184,13.534581
33.436,92.6,60.868134,300.95,9.587293e-05,4.609792,14.187482
33.436,138.9,65.85939,351.88,9.8447475e-05,4.9277086,15.165928
33.436,185.2,69.060356,402.81,0.00010131037,7.2357154,17.046278
33.436,185.2,67.74827,402.81,0.00010455568,8.5782385,19.267038
33.436,185.2,67.87174,430.58997,0.00010786928,9.130584,19.580599
31.8928,185.2,76.63304,430.58997,0.00011112894,9.696419,19.880606
30.864,185.2,82.88407,430.58997,0.00011429543,10.275439,20.166685
29.3208,185.2,94.40796,430.58997,0.000117322765,10.275439,20.166685
28.292,185.2,102.80174,430.58997,0.00012019222,10.275439,20.166685
