Vmax,Rmax_IBT,Rmax_CK22,R34,fcor,u_trans,v_trans
18.004,277.8,117.182785,222.24,8.007058e-05,-2.2916684,-1.167664
18.004,277.8,117.16342,222.24,7.993218e-05,-2.5247452,-0.49076036
18.004,277.8,145.97267,271.62668,7.9857724e-05,-2.9668384,-0.85072666
18.004,277.8,204.91208,370.4,7.959666e-05,-2.9182484,-1.0048336
18.004,277.8,204.87294,370.4,7.943125e-05,-3.0845199,-0.10771463
18.004,277.8,204.90442,370.4,7.956447e-05,-2.384717,0.9634875
18.004,277.8,204.97362,370.4,7.9857724e-05,-2.1068592,1.4752383
18.004,277.8,205.05597,370.4,8.020827e-05,-2.080792,1.5117832
18.004,277.8,205.12311,370.4,8.049559e-05,-2.8814027,1.1060663
18.004,250.02,193.98007,351.88,8.063908e-05,-3.6008,4.293911e-08
18.004,222.24,182.81561,333.36,8.049559e-05,-3.6987176,-1.8039843
18.004,222.24,182.68254,333.36,7.987393e-05,-2.8586583,-2.960227
18.004,222.24,182.54086,333.36,7.921766e-05,0.0,2.0576
18.004,222.24,182.48985,333.36,7.898291e-05,2.524745,-0.49076083
18.004,222.24,182.49442,333.36,7.900381e-05,2.4843612,0.6656827
18.004,222.24,182.54776,333.36,7.924937e-05,1.2160583,0.95008886
18.004,222.24,182.58713,333.36,7.943125e-05,1.542965,-0.026932467
20.576,222.24,92.25935,203.72,7.921766e-05,5.398853,2.9926326
23.148,148.16,80.26659,203.72,7.91361e-05,7.547387,-1.6042461
25.720001,74.08,70.108284,203.72,7.85754e-05,9.3465395,-2.8575242
26.7488,74.08,83.20226,256.965,7.79656e-05,10.161338,-1.6093978
28.292,74.08,90.3796,310.21,7.793102e-05,9.889461,2.8357577
28.292,74.08,102.07018,358.825,7.912237e-05,7.6384506,7.6384506
28.292,74.08,112.48194,407.44,8.113127e-05,4.0465083,11.117691
29.3208,74.08,105.80791,419.01498,8.358945e-05,-0.41290414,11.823993
30.864,74.08,95.04088,430.59,8.592957e-05,-4.7354617,9.709133
31.8928,175.94,92.19504,481.52002,8.754523e-05,-7.487013,6.2823477
33.436,277.8,83.15173,532.45,8.837856e-05,-6.886925,2.1055422
33.436,277.8,83.1563,532.45,8.837178e-05,-5.031591,-1.0694989
33.436,277.8,83.425896,532.45,8.7973065e-05,-3.9137876,-1.2716672
33.436,277.8,83.51591,532.45,8.7840126e-05,-3.5657573,-0.50113505
33.436,277.8,83.56346,532.45,8.776991e-05,-3.5958652,-0.18845193
31.8928,231.5,97.40683,550.97,8.77692e-05,-3.6008,4.293911e-08
30.864,185.2,108.62886,569.49,8.776991e-05,-4.1126933,-0.14361951
28.292,185.2,146.93796,638.94,8.771444e-05,-4.6042385,-0.48392436
25.720001,185.2,201.96902,708.39,8.756649e-05,-3.9557843,-1.1343023
25.720001,185.2,202.22383,708.39,8.727485e-05,-3.2634332,-1.5217636
25.720001,185.2,202.50345,708.39,8.695463e-05,-3.867023,-1.407481
24.1768,185.2,213.85127,620.42,8.6719716e-05,-4.510944,-1.0414339
23.148,185.2,205.54027,532.45,8.6545406e-05,-4.075151,-0.5727258
23.148,175.94,178.68881,456.055,8.647192e-05,-4.084526,-0.5015177
23.148,166.68,150.3306,379.65997,8.6340384e-05,-5.5133758,-1.2728637
21.604801,166.68,156.7183,356.51,8.599263e-05,-6.359905,-2.0664594
20.576,166.68,156.30464,333.36,8.551773e-05,-5.72332,-2.312373
20.576,166.68,156.2657,333.36,8.5047366e-05,-4.499044,-2.4938607
20.576,166.68,156.21826,333.36,8.448353e-05,-3.3302557,-3.2159903
20.576,148.16,156.15428,333.36,8.373913e-05,-2.6554294,-3.7923465
20.576,129.64,156.09145,333.36,8.302487e-05,-2.753606,-3.0581899
21.604801,129.64,136.82971,312.525,8.254315e-05,-2.949603,-2.0653336
23.148,129.64,116.01814,291.69,8.2185776e-05,-2.4969494,-1.8141412
23.148,148.16,116.01484,291.69,8.183802e-05,-1.5290946,-1.3768034
23.148,166.68,116.01197,291.69,8.155382e-05,-1.6854874,-1.1801907
23.148,166.68,114.15238,287.06,8.131104e-05,-2.3116984,-1.1274902
23.148,166.68,112.289764,282.43,8.113127e-05,-1.9209352,-0.7373776
23.148,138.9,104.819565,263.91,8.100945e-05,-1.4757694,-0.45118836
23.148,111.12,97.31183,245.39,8.0919635e-05,-1.4834192,-0.42536333
23.148,111.12,97.30875,245.39,8.081365e-05,-1.4757694,-0.45118836
23.148,111.12,97.30565,245.39,8.070772e-05,-1.987489,-0.5325459
23.148,111.12,90.710434,229.18498,8.061761e-05,-1.4757694,-0.45118836
23.148,111.12,84.097595,212.97998,8.049559e-05,-1.3625647,-0.7244886
24.1768,101.86,77.78593,208.35,8.029899e-05,-1.2160581,-0.95008886
25.720001,92.6,70.10163,203.72,8.007058e-05,-1.7058278,-1.1505953
25.720001,92.6,70.10263,203.72,7.987377e-05,-1.7637072,-1.0597428
25.720001,92.6,70.10373,203.72,7.9644604e-05,-1.5762132,-1.3225996
25.720001,92.6,70.105064,203.72,7.935627e-05,-1.3225998,-1.5762131
25.720001,92.6,70.106575,203.72,7.900381e-05,-1.7540995,-1.8810419
25.720001,92.6,70.10816,203.72,7.8607634e-05,-2.2201705,-2.1439936
25.720001,92.6,70.10982,203.72,7.814606e-05,-2.182414,-2.1824145
26.7488,92.6,66.51149,203.72,7.765639e-05,-2.3145494,-2.758373
28.292,92.6,61.55121,203.72,7.70685e-05,-2.1164968,-2.9131088
28.292,92.6,64.23208,212.98,7.635958e-05,-2.1194842,-3.5274153
28.292,92.6,66.90488,222.23999,7.5550095e-05,-1.8089287,-4.2615695
29.3208,92.6,70.75667,250.02,7.4660726e-05,-1.2716666,-3.9137878
30.864,92.6,71.48987,277.8,7.380098e-05,-1.5415813,-3.8155468
30.864,92.6,71.60611,277.8,7.304234e-05,-1.8003999,-3.1183844
30.864,92.6,71.69193,277.8,7.247968e-05,-1.4752384,-2.1068592
31.8928,92.6,68.78849,282.43,7.217568e-05,-1.0124304,-1.1646677
33.436,92.6,64.12493,287.06,7.2037474e-05,-0.40198416,-0.9470154
36.008,74.08,55.928764,287.06,7.18437e-05,0.0,0.5144
38.58,55.56,48.88079,287.06,7.181604e-05,-0.15039603,0.49192315
38.58,55.56,48.334236,282.43,7.204855e-05,-0.4253638,1.483419
38.58,55.56,47.7327,277.8,7.247968e-05,-0.46285924,2.004864
38.58,55.56,47.60821,277.8,7.298162e-05,-0.44662377,2.5329256
38.58,55.56,47.45965,277.8,7.3581316e-05,-0.482819,3.0484014
37.0368,55.56,52.6588,289.375,7.419031e-05,-0.42954382,3.0563633
36.008,55.56,56.951035,300.95,7.4895885e-05,-0.50113446,3.5657573
34.4648,55.56,64.48551,319.46997,7.568615e-05,-0.43015632,4.0926566
33.436,55.56,70.96456,337.99,7.663584e-05,-0.32294413,4.618323
31.8928,111.12,79.64898,349.565,7.772647e-05,-0.49316368,5.636868
30.864,166.68,86.74401,361.13998,7.900381e-05,-0.81496525,6.637355
29.3208,166.68,95.57207,361.13998,8.051134e-05,-1.2505466,7.092191
28.292,166.68,101.96467,361.13998,8.197536e-05,-2.0664582,6.3599052
28.292,166.68,105.858604,379.66,8.313519e-05,-2.48048,5.085736
28.292,166.68,109.61426,398.18002,8.4068044e-05,-1.6591008,4.322104
28.292,166.68,109.36561,398.18002,8.490284e-05,-0.37638676,3.5810742
28.292,166.68,109.181786,398.18002,8.551773e-05,0.31344795,2.5528288
26.7488,166.68,123.07067,402.81003,8.5888285e-05,0.72448856,1.3625647
25.720001,166.68,133.79108,407.44,8.613512e-05,1.5290949,1.376803
25.720001,166.68,133.72633,407.44,8.6427564e-05,2.0540907,1.5478681
25.720001,166.68,133.65465,407.44,8.675015e-05,2.4649088,1.8574418
25.720001,166.68,134.8633,412.06998,8.7128195e-05,2.3643196,1.9838996
25.720001,166.68,136.04428,416.7,8.756649e-05,2.4094055,2.675916
25.720001,166.68,135.91171,416.7,8.811888e-05,2.501326,2.5901988
25.720001,166.68,135.80031,416.7,8.858091e-05,3.7880614,1.6079371
25.720001,166.68,135.75381,416.7,8.8773304e-05,5.115821,0.5376942
25.720001,166.68,135.75145,416.7,8.8782996e-05,5.6575384,-0.09875238
25.720001,166.68,135.76126,416.7,8.874252e-05,5.6368685,-0.49316218
25.720001,166.68,135.80031,416.7,8.858091e-05,5.5724363,-0.98257095
25.720001,166.68,134.57889,412.07,8.835276e-05,4.9192314,-1.5039601
25.720001,166.68,133.38074,407.44,8.7973065e-05,3.9683418,-2.3844204
25.720001,166.68,133.51472,407.44,8.737679e-05,3.5464795,-2.9758496
25.720001,166.68,133.65465,407.44,8.675015e-05,3.8381126,-2.5888393
25.720001,129.64,125.81112,379.66,8.629411e-05,4.699278,-2.092253
25.720001,92.6,117.66466,351.87997,8.592957e-05,4.833779,-1.7593514
24.1768,92.6,128.04074,344.935,8.560521e-05,4.377373,-1.5072502
23.148,92.6,134.31044,337.99,8.5311396e-05,3.8909981,-1.339778
23.148,92.6,134.31769,337.99,8.5046864e-05,3.815547,-1.541581
23.148,92.6,134.3272,337.99,8.469088e-05,4.0491395,-2.2444744
23.148,92.6,134.34187,337.99,8.411449e-05,4.691026,-3.164137
23.148,92.6,134.35796,337.99,8.34429e-05,4.798595,-2.9984958
24.1768,92.6,122.449585,328.72998,8.284671e-05,5.2911224,-3.179227
25.720001,92.6,108.14327,319.47,8.2185776e-05,4.9939003,-3.6282809
26.7488,92.6,101.478584,319.47,8.137402e-05,4.658672,-4.049721
28.292,92.6,92.30164,319.47,8.049559e-05,4.5145,-4.2098393
28.292,92.6,92.43336,319.47,7.96923e-05,3.8590193,-4.138292
28.292,92.6,92.580154,319.47,7.878973e-05,3.361948,-5.1769457
28.292,92.6,92.76795,319.47,7.762374e-05,2.6087384,-5.5944567
28.292,92.6,92.959724,319.47,7.641916e-05,2.3014784,-5.1692057
29.3208,92.6,87.548164,319.47,7.540841e-05,2.1739488,-4.6620474
30.864,92.6,80.05227,319.47,7.4458614e-05,2.1739488,-4.6620474
31.8928,64.82,71.690445,298.635,7.348793e-05,1.8434446,-4.802338
33.436,37.04,62.436577,277.8,7.247968e-05,0.8046988,-5.080669
33.436,37.04,61.424755,270.85498,7.1339105e-05,0.08977544,-5.1432166
33.436,37.04,60.358727,263.91,7.025991e-05,0.32294452,-4.618323
33.436,37.04,60.509613,263.91,6.937719e-05,0.8711122,-3.493841
33.436,37.04,60.626167,263.91,6.869332e-05,1.1060667,-2.8814027
33.436,37.04,62.00713,270.855,6.812548e-05,1.4382445,-2.1322844
33.436,37.04,63.33651,277.8,6.7793495e-05,1.8167529,-0.9659847
34.4648,37.04,58.95066,270.85498,6.7657966e-05,2.572,-1.1242569e-07
36.008,37.04,53.51581,263.91,6.7793495e-05,3.4245644,1.1127083
36.008,37.04,53.448982,263.91,6.812481e-05,4.125004,2.1017947
36.008,37.04,53.33432,263.91,6.869332e-05,5.345802,3.0863998
36.008,37.04,56.509716,287.06003,6.9426766e-05,6.2367687,3.6007998
36.008,37.04,59.37778,310.21,7.025991e-05,7.33334,3.7365239
37.0368,37.04,55.92501,310.21,7.100405e-05,7.9887733,3.5568306
38.58,37.04,51.17758,310.21,7.181604e-05,9.398556,4.1845064
39.6088,55.56,47.91256,307.89502,7.2759154e-05,10.338411,4.602957
41.152,74.08,43.59535,305.58002,7.380098e-05,11.278267,5.0214076
41.152,74.08,43.27242,305.58002,7.4844655e-05,11.837692,5.0248036
41.152,74.08,42.921227,305.58002,7.5985095e-05,12.121323,5.652266
39.6088,74.08,46.69544,310.21,7.731209e-05,12.4831705,6.0884495
38.58,74.08,49.507603,314.84,7.85754e-05,13.446546,5.161646
38.58,74.08,49.22642,314.84,7.948902e-05,14.339718,4.111849
38.58,74.08,48.982574,314.84,8.028322e-05,15.472723,3.8577833
37.0368,74.08,52.78714,307.895,8.104843e-05,16.470964,4.106673
36.008,74.08,55.08263,300.95,8.197536e-05,17.21731,5.2638617
34.4648,74.08,60.042473,300.95,8.319146e-05,17.288416,6.6364017
33.436,74.08,63.512245,300.95,8.469088e-05,17.38733,7.741337
33.436,74.08,63.128624,300.95,8.631804e-05,17.416681,8.874244
33.436,74.08,62.689976,300.95,8.8175955e-05,16.14073,10.085848
31.8928,74.08,68.57479,300.95,9.0269255e-05,14.378634,10.835077
30.864,74.08,72.779396,300.95,9.2373535e-05,12.792445,10.3591175
25.720001,74.08,102.66892,305.58,9.4218005e-05,11.593153,9.38795
20.576,74.08,143.4506,305.58002,9.587293e-05,10.793625,8.740504
