Vmax,Rmax_IBT,Rmax_CK22,R34,fcor,u_trans,v_trans
20.576,37.04,14.903113,37.04,2.807779e-05,-6.6709104,0.4664761
21.604801,37.04,17.879015,46.3,2.8183467e-05,-6.6709104,0.4664761
23.148,37.04,17.928583,49.38667,2.8327528e-05,-6.650567,0.699002
24.1768,37.04,30.434748,86.42667,2.852066e-05,-6.6048694,1.0461091
25.720001,37.04,41.295914,123.466675,2.882674e-05,-6.4885616,1.6177806
26.7488,31.484,44.811817,138.90001,2.9287581e-05,-6.395002,1.9551464
28.292,27.78,47.133053,154.33333,2.9824112e-05,-6.886925,2.1055422
28.292,27.78,60.442898,197.54668,3.0322046e-05,-7.4530835,1.9970473
28.292,27.78,73.72338,240.76,3.0820032e-05,-7.4530835,1.9970473
28.292,27.78,78.45055,256.19333,3.1317068e-05,-7.4530835,1.9970473
28.292,27.78,83.16247,271.62665,3.1814445e-05,-7.4170957,2.1268167
29.3208,27.78,84.183975,287.06,3.231047e-05,-6.9226227,1.985029
30.864,27.78,65.429184,236.13,3.280731e-05,-6.9226227,1.985029
33.436,31.484,60.03443,238.445,3.328394e-05,-6.9226227,1.985029
36.008,37.04,55.260235,240.76001,3.3798577e-05,-7.3383517,2.384376
37.0368,37.04,52.33106,236.13,3.4398345e-05,-7.2956214,2.512084
38.58,37.04,48.733,231.5,3.5035337e-05,-7.734046,2.814962
39.6088,37.04,48.212852,238.445,3.5726185e-05,-7.2956214,2.512084
41.152,37.04,46.843216,245.38998,3.626943e-05,-7.574236,1.4722813
42.1808,37.04,46.298485,252.33499,3.6447887e-05,-7.697204,0.5382417
43.724,37.04,44.97002,259.28,3.651592e-05,-7.184057,0.5023589
46.296,37.04,41.376755,259.28,3.668805e-05,-6.6048694,1.0461091
48.868,37.04,38.113533,259.28,3.700857e-05,-5.9030786,1.8047506
51.440002,37.04,37.259174,284.745,3.7512622e-05,-5.041672,2.5688584
54.012,37.04,35.731262,310.21,3.8238195e-05,-4.5189986,3.4053109
56.584,37.04,32.498264,310.21,3.9109276e-05,-3.9306557,4.070311
59.156002,37.04,29.444868,310.21,4.0199502e-05,-3.4517875,5.117482
61.728,37.04,26.888588,324.1,4.1506435e-05,-2.8979535,5.450259
64.3,37.04,24.24806,337.99,4.288343e-05,-2.992632,5.398853
64.3,37.04,23.680708,342.62,4.4152643e-05,-3.4517875,5.117482
64.3,37.04,23.15652,347.25,4.5309676e-05,-3.88467,4.797166
62.7568,37.04,24.05693,356.51,4.6330544e-05,-3.859019,4.1382923
61.728,37.04,24.60869,365.77002,4.7240763e-05,-4.0703125,3.9306548
59.156002,37.04,26.838953,368.08502,4.810066e-05,-3.7620835,3.5081997
56.584,37.04,29.43698,370.4,4.892293e-05,-3.7620835,3.5081997
55.040802,37.04,30.965397,368.085,4.9743336e-05,-3.508199,3.7620838
54.012,37.04,31.89017,365.77002,5.059779e-05,-2.65543,3.7923458
52.4688,37.04,33.549088,361.14,5.1515526e-05,-1.9565544,4.1958423
51.440002,37.04,34.507412,356.51,5.250265e-05,-1.5834175,4.350401
52.4688,37.04,32.322163,349.565,5.35519e-05,-1.3535643,4.4273086
54.012,37.04,29.601372,342.62,5.4633376e-05,-0.9625483,4.528432
56.584,37.04,26.002668,340.305,5.5693657e-05,-0.40349755,4.611983
59.156002,37.04,22.840475,337.99,5.6750614e-05,-0.24229458,4.6232553
62.7568,37.04,19.187586,337.99,5.7780097e-05,0.0,4.6296
66.872,37.04,15.73118,337.99,5.8853857e-05,0.0,5.144
72.016,37.04,12.297831,337.99,6.0016075e-05,0.0,4.6296
66.872,37.04,15.025892,337.99,6.0942573e-05,0.32294455,4.618323
61.728,37.04,18.51778,337.99,6.197342e-05,0.8833693,4.5445414
56.584,37.04,23.08944,337.99,6.3016254e-05,1.5072503,4.3773727
51.440002,37.04,29.27871,344.935,6.395013e-05,1.883028,4.22935
46.296,37.04,37.868267,351.87997,6.4846485e-05,2.029483,4.161057
46.296,40.744,37.924156,368.085,6.5722736e-05,1.883028,4.22935
46.296,46.3,37.824432,384.29,6.666408e-05,1.9269763,4.769434
46.296,46.3,37.314278,384.29,6.775964e-05,1.9352866,5.317157
46.296,46.3,36.78093,384.29,6.8917754e-05,1.8421948,5.3501225
46.296,46.3,36.389793,395.865,7.003661e-05,1.8421948,5.3501225
46.296,46.3,35.93206,407.44,7.115043e-05,2.027789,5.2825713
46.296,46.3,35.41069,421.33002,7.225833e-05,2.3014786,5.1692057
46.296,46.3,34.81075,435.22003,7.336144e-05,2.7432468,4.9489484
46.296,50.004,34.100513,456.055,7.439238e-05,3.5405726,5.056462
46.296,55.56,33.192917,476.89,7.5550095e-05,4.535351,6.2423754
44.7528,55.56,36.45871,476.89,7.695402e-05,5.1400647,7.0746922
43.724,55.56,38.5119,476.89,7.85754e-05,6.1914725,8.216363
43.724,55.56,37.368916,488.46503,8.0356105e-05,7.2742987,8.669171
43.724,55.56,36.148277,500.04004,8.2185776e-05,8.365921,8.365921
43.724,55.56,34.827183,518.56,8.38278e-05,9.174569,8.2608185
43.724,55.56,33.393414,537.08,8.551773e-05,9.556844,8.60502
43.724,64.82,32.031677,548.65497,8.733827e-05,9.820865,9.820865
43.724,74.08,30.528708,560.23,8.938759e-05,10.912072,10.912072
42.1808,74.08,34.224884,560.23,9.164546e-05,11.7919655,12.2109375
41.152,74.08,36.496216,560.23,9.413484e-05,12.629518,13.543501
38.58,111.12,45.878345,560.23,9.675389e-05,13.07963,14.5264
36.008,148.16,58.223106,560.23,9.9464e-05,13.681977,14.672125
34.4648,148.16,66.8219,560.23,0.000102063495,13.423831,14.908673
33.436,148.16,72.83696,560.23,0.00010473298,11.791912,16.230175
31.8928,148.16,84.46357,574.12,0.000107618136,10.067552,16.75522
30.864,148.16,93.22115,588.01,0.00011040168,9.2592,16.037405
30.864,148.16,91.546326,588.01,0.00011278945,8.995486,14.395786
30.864,148.16,90.065216,588.01,0.00011492507,9.204762,13.646623
30.864,148.16,88.550476,583.38,0.000117027295,9.373058,12.900908
30.864,148.16,87.33816,578.75,0.000118732234,7.9174075,10.133819
30.864,148.16,86.11127,555.6,0.000119994955,7.030539,6.789313
30.864,148.16,85.16643,532.44995,0.00012062309,7.4530835,1.997048
29.3208,148.16,98.76146,493.095,0.00012057345,7.985922,-1.9911138
28.292,148.16,105.805145,453.74,0.00012004786,7.648375,-4.239563
26.7488,148.16,116.37984,416.7,0.00011940596,6.8233113,-4.6023808
25.720001,148.16,116.82307,370.4,0.000118732234,6.6585336,-4.8377075
