Vmax,Rmax_IBT,Rmax_CK22,R34,fcor,u_trans,v_trans
21.604801,64.82,28.926771,74.08,3.099288e-05,-7.1315145,1.0022703
23.148,55.56,24.828072,67.90667,3.131743e-05,-6.4885616,1.6177806
25.720001,46.3,25.639034,77.166664,3.1758027e-05,-6.359905,2.0664594
28.292,37.04,26.283186,86.42667,3.231108e-05,-6.7232733,2.5808215
29.3208,37.04,26.316328,89.513336,3.2949505e-05,-6.677208,2.697765
30.864,37.04,23.324326,83.340004,3.3550914e-05,-6.886925,2.1055422
31.8928,31.484,25.72039,94.91499,3.3940916e-05,-6.515807,1.5042937
33.436,27.78,27.500282,106.490005,3.4293596e-05,-5.9030786,1.8047506
36.008,22.223999,27.127974,113.435,3.4787576e-05,-5.2463775,2.1196725
38.58,18.52,26.722614,120.380005,3.5282377e-05,-4.802338,1.843444
39.6088,18.52,25.978035,120.380005,3.5689798e-05,-4.9192324,1.5039588
41.152,18.52,24.935802,120.380005,3.6022833e-05,-4.4718504,1.1982284
46.296,18.52,25.658993,143.53,3.6250534e-05,-3.4613113,0.9925145
51.440002,18.52,25.625645,166.68,3.651592e-05,-3.2894945,1.4645773
54.012,18.52,24.305613,168.995,3.697151e-05,-3.5274155,2.119484
56.584,18.52,23.05258,171.31,3.7500762e-05,-3.4898872,2.1807244
65.328804,18.52,19.30463,175.93999,3.7966707e-05,-3.5274155,2.119484
74.588,18.52,16.134975,180.56999,3.8483773e-05,-4.0491395,2.2444746
74.588,18.52,16.08299,180.56999,3.872924e-05,-4.5833383,2.335326
72.5304,18.52,16.758692,181.95898,3.9024882e-05,-3.6666706,1.8682607
69.444,18.52,17.933046,185.2,3.9464914e-05,-3.6666706,1.8682607
70.4728,12.964,17.55855,187.515,3.9932504e-05,-4.1250043,2.1017933
72.016,9.26,16.982254,189.83,4.0444127e-05,-3.9683423,2.3844194
73.0448,9.26,16.480333,189.83,4.1054955e-05,-3.8827093,2.5214612
74.588,9.26,15.815844,189.83,4.1665367e-05,-4.0093513,2.3147995
75.6168,9.26,15.660973,199.09001,4.2119602e-05,-4.087694,2.173466
77.16,9.26,15.24623,208.35,4.2640077e-05,-3.8381126,2.5888395
77.16,9.26,15.0667095,208.35,4.3369746e-05,-4.0535274,3.1669629
72.016,27.78,16.792381,208.35,4.409823e-05,-4.798595,2.9984958
69.958405,27.78,17.48271,208.35,4.4763085e-05,-5.4502587,2.8979545
69.444,27.78,17.631437,208.35,4.506766e-05,-5.234831,3.2710865
59.156002,27.78,22.873686,208.35,4.5551555e-05,-4.362359,2.7259054
54.012,31.484,26.278564,208.35,4.6117857e-05,-4.087694,2.173466
48.868,37.04,30.534164,208.35,4.651767e-05,-3.1183844,1.8003997
48.868,37.04,30.67028,210.66501,4.6999565e-05,-2.949603,2.0653336
48.868,37.04,30.800657,212.97998,4.748151e-05,-2.949603,2.0653336
49.8968,37.04,29.729385,212.97998,4.794442e-05,-2.949603,2.0653336
51.440002,37.04,28.236385,212.97998,4.844305e-05,-2.837469,2.216874
51.440002,40.744,28.114742,212.97998,4.9006638e-05,-3.1057816,2.6998134
51.440002,46.3,27.978325,212.97998,4.9641636e-05,-3.3858752,3.1573796
52.4688,46.3,27.447042,219.92499,5.0394934e-05,-3.4404626,3.0978076
54.012,46.3,26.425241,226.87,5.1074945e-05,-2.837469,2.216874
55.040802,46.3,25.342724,224.555,5.1467858e-05,-2.5884728,1.6809741
56.584,46.3,23.942726,222.24,5.178951e-05,-2.5587418,1.725893
56.584,40.744,23.964565,224.55501,5.2193795e-05,-2.3293362,2.0248601
56.584,37.04,23.946693,226.87001,5.2740055e-05,-2.2168736,2.8374693
56.584,40.744,23.766233,226.87001,5.3480817e-05,-1.931969,3.633506
56.584,46.3,23.544512,226.87001,5.439729e-05,-1.6591008,4.322104
56.584,46.3,23.29818,226.87,5.542293e-05,-1.3535643,4.4273086
56.584,46.3,23.038158,226.87,5.6516048e-05,-1.674722,4.8637476
55.040802,46.3,24.218899,231.5,5.7605368e-05,-1.9269764,4.769434
54.012,46.3,25.07246,236.13,5.862087e-05,-1.8089286,4.2615695
52.4688,40.744,26.854544,247.705,5.9470338e-05,-1.4747562,3.84187
51.440002,37.04,28.26094,259.28,6.0247978e-05,-1.1127082,3.4245644
51.440002,37.04,28.332693,266.225,6.104078e-05,-0.93195647,3.4781055
51.440002,37.04,28.360023,273.16998,6.186609e-05,-0.9955565,3.9929612
51.440002,37.04,28.611195,289.375,6.278662e-05,-0.9257185,4.009728
51.440002,37.04,28.727716,305.58002,6.370404e-05,-0.71459806,4.052681
51.440002,37.04,28.460287,305.58002,6.448708e-05,-0.43882746,3.57396
51.440002,37.04,28.184156,305.58002,6.530208e-05,-0.64375865,4.064535
49.8968,37.04,30.126883,312.52502,6.6290275e-05,-0.8833701,4.5445414
48.868,37.04,31.47237,319.47,6.734234e-05,-1.0694981,5.031591
48.868,37.04,31.101234,319.47,6.839001e-05,-0.8833701,4.5445414
48.868,37.04,30.758627,319.47,6.936598e-05,-0.71459806,4.052681
47.3248,37.04,33.05498,321.785,7.019854e-05,-0.43882746,3.57396
46.296,37.04,34.692417,324.09998,7.092813e-05,-0.2152961,3.0788817
44.7528,37.04,37.424652,324.09998,7.161101e-05,0.053865105,3.08593
43.724,37.04,39.337044,324.09998,7.2258685e-05,0.0,3.0864
41.152,37.04,45.495697,331.04498,7.2937524e-05,0.053865105,3.08593
38.58,37.04,53.010216,337.99,7.3581316e-05,-0.17941341,2.5657349
37.0368,83.34,57.621082,335.675,7.413005e-05,-0.44662377,2.5329256
36.008,129.64,60.7977,333.36,7.467736e-05,-0.5359485,3.0395107
36.008,129.64,59.565376,324.1,7.531592e-05,-0.42954382,3.0563633
36.008,129.64,58.309578,314.84,7.5985095e-05,-0.2152961,3.0788817
36.008,129.64,58.12173,314.84,7.6635835e-05,0.053865105,3.08593
36.008,129.64,57.934616,314.84,7.728449e-05,0.0,3.0864
34.4648,129.64,64.769516,326.415,7.7914876e-05,0.0,3.0864
33.436,129.64,70.38705,337.99,7.85754e-05,0.0,3.6008
33.436,138.9,70.16379,337.99,7.9324476e-05,0.0,3.6008
33.436,148.16,69.94124,337.99,8.007058e-05,0.0,3.6008
33.436,148.16,69.42782,335.675,8.073952e-05,0.0,3.0864
33.436,148.16,68.93669,333.36,8.134267e-05,0.17941365,2.5657349
33.436,148.16,68.77903,333.36,8.1885875e-05,0.40234947,2.5403345
33.436,148.16,68.6309,333.36,8.239592e-05,0.44662312,2.5329256
33.436,138.9,68.16918,331.04498,8.29202e-05,0.40234947,2.5403345
33.436,129.64,67.70977,328.72998,8.34429e-05,0.40234947,2.5403345
33.436,129.64,67.56702,328.72998,8.394837e-05,0.40234947,2.5403345
33.436,129.64,67.41587,328.72998,8.448353e-05,0.5889129,3.029694
33.436,129.64,67.24471,328.72998,8.508923e-05,0.7988191,2.9812334
33.436,129.64,67.065414,328.72998,8.5723776e-05,1.1723058,3.4046233
33.436,129.64,66.8695,328.72998,8.6416796e-05,1.6904733,3.1793177
33.436,129.64,66.7175,328.72998,8.695463e-05,2.5587418,1.725893
31.8928,129.64,73.37832,326.41504,8.713285e-05,3.5657573,0.5011345
30.864,129.64,78.05304,324.1,8.7158856e-05,4.618323,0.32294473
30.864,129.64,78.02545,324.1,8.727606e-05,5.124426,0.44832942
30.864,129.64,78.00506,324.1,8.7362794e-05,5.654953,0.19747528
29.3208,129.64,86.25332,324.1,8.736103e-05,5.6584,-2.4733652e-07
28.292,129.64,92.23527,324.1,8.7362794e-05,6.6831264,0.23337989
28.292,129.64,91.67295,321.785,8.744781e-05,7.1840577,0.5023585
28.292,129.64,91.10331,319.47,8.756649e-05,8.210352,0.574124
26.7488,148.16,101.94776,324.1,8.768119e-05,9.2465105,0.48458925
25.720001,166.68,110.4253,328.72998,8.776991e-05,9.772111,0.17057261
25.720001,166.68,110.430916,328.72998,8.7721106e-05,10.802401,-4.7218793e-07
25.720001,166.68,110.4253,328.72998,8.776991e-05,11.289233,0.7894205
25.720001,166.68,111.095695,331.04498,8.806557e-05,12.193605,1.9312776
25.720001,166.68,111.73577,333.36,8.858091e-05,13.082138,2.7806938
25.720001,166.68,111.66028,333.36,8.9194175e-05,13.912423,3.727823
25.720001,166.68,111.56145,333.36,8.998974e-05,13.698257,4.4508333
25.720001,166.68,109.350464,326.415,9.095321e-05,13.446546,5.161646
25.720001,166.68,107.13091,319.47,9.197902e-05,13.534581,4.9261847
25.720001,166.68,107.035,319.47,9.2832095e-05,13.618493,4.6892233
25.720001,166.68,106.931046,319.47,9.374543e-05,12.784707,5.4267874
24.1768,166.68,115.98479,312.525,9.4891395e-05,12.4831705,6.0884495
23.148,166.68,121.39012,305.58002,9.606459e-05,12.020831,5.8629518
23.148,166.68,121.36499,305.58002,9.701256e-05,11.278267,5.0214076
23.148,166.68,121.33812,305.58002,9.796507e-05,11.655118,5.434871
23.148,166.68,121.306786,305.58002,9.901394e-05,11.916677,6.0718513
23.148,166.68,121.26891,305.58002,0.00010020622,13.171459,7.0033903
23.148,166.68,121.22433,305.58002,0.00010152449,14.534023,7.7278786
23.148,166.68,121.1731,305.58002,0.000102945734,15.442401,8.210872
23.148,166.68,121.11576,305.58002,0.00010444133,16.041681,8.173646
23.148,166.68,121.061066,305.58002,0.000105790044,16.099262,6.833733
21.604801,166.68,142.57611,324.09998,0.00010679703,15.655151,5.0866666
20.576,166.68,153.05531,324.09998,0.00010752601,15.472723,3.8577833
20.576,166.68,153.07474,324.09998,0.00010807131,15.750073,2.494567
20.576,166.68,153.08554,324.09998,0.00010838173,16.420704,1.148248
18.004,166.68,85.34544,162.04999,0.0001084678,16.9752,-7.420096e-07
