Vmax,Rmax_IBT,Rmax_CK22,R34,fcor,u_trans,v_trans
20.576,138.9,45.991295,111.12,3.1068776e-05,-8.900515,2.55218
21.604801,105.564,49.26845,124.084,3.1727024e-05,-9.440572,2.5295932
23.148,74.08,51.82678,138.9,3.231108e-05,-9.594031,1.8648896
23.148,74.08,54.350925,145.38199,3.2613887e-05,-10.231642,1.0753878
23.148,74.08,57.236713,152.79,3.280731e-05,-10.248852,0.89665824
23.148,74.08,61.58336,163.90201,3.309102e-05,-11.273737,0.9863241
23.148,74.08,66.30853,175.94,3.330315e-05,-11.814985,0.61919945
23.148,74.08,75.4257,199.09,3.3377026e-05,-12.3456,1.4721981e-07
23.148,74.08,84.59097,222.23999,3.330315e-05,-12.328681,-0.6461209
21.604801,74.08,90.808266,222.23999,3.3017426e-05,-11.786179,-1.0311565
20.576,74.08,95.36546,222.23999,3.280731e-05,-11.315077,-0.19750415
20.576,74.08,92.026985,214.832,3.2961227e-05,-10.231642,1.0753878
20.576,74.08,89.14414,208.35,3.330315e-05,-9.145204,1.4484587
20.576,83.34,89.196045,208.35,3.3636396e-05,-8.079185,1.5704334
20.576,92.6,89.25951,208.35,3.404614e-05,-7.486802,1.8666699
20.576,92.6,91.437775,212.98001,3.452184e-05,-7.4530835,1.9970473
20.576,92.6,93.63077,217.61,3.5035337e-05,-7.4170957,2.1268167
21.604801,92.6,89.166115,217.61,3.5491765e-05,-6.9226227,1.985029
23.148,92.6,83.04116,217.61,3.6022833e-05,-6.7232733,2.5808215
23.148,92.6,83.11538,217.61,3.6743517e-05,-6.5268664,3.0435271
23.148,92.6,69.07487,182.11334,3.7500762e-05,-6.010416,2.9314744
23.148,101.86,79.92351,209.276,3.8114875e-05,-5.594457,2.6087375
23.148,111.12,91.366394,237.67334,3.872924e-05,-4.9960704,2.6564584
23.148,111.12,85.73099,223.47467,3.9390867e-05,-4.798595,2.9984958
23.148,111.12,80.36434,209.89333,4.0199502e-05,-5.340635,4.0244584
23.148,129.64,107.881546,277.8,4.124446e-05,-5.5167465,4.6290984
23.148,148.16,108.01759,277.8,4.239659e-05,-5.180398,5.0026517
23.148,148.16,108.15089,277.8,4.3563825e-05,-4.287988,4.4403396
23.148,148.16,108.263596,277.8,4.458322e-05,-3.7620835,3.5081997
23.148,129.64,119.66851,305.58,4.5279037e-05,-3.2865446,2.4765897
23.148,111.12,91.4548,236.12999,4.5793287e-05,-3.451297,2.241299
24.1768,111.12,87.0843,236.12999,4.6294295e-05,-3.5274155,2.119484
25.720001,111.12,81.0205,236.12999,4.675884e-05,-3.563868,2.0575995
25.720001,111.12,83.295235,242.612,4.7222646e-05,-3.5274155,2.119484
25.720001,111.12,72.96592,212.97998,4.7722115e-05,-3.2865446,2.4765897
25.720001,111.12,75.57082,220.38799,4.8322774e-05,-3.1057816,2.6998134
25.720001,111.12,78.38875,228.41333,4.892293e-05,-2.7583733,2.3145492
25.720001,111.12,78.401794,228.41333,4.941985e-05,-2.949603,2.0653336
25.720001,111.12,78.41357,228.41333,4.9880902e-05,-3.4898872,2.1807244
25.720001,111.12,78.426285,228.41333,5.0394814e-05,-4.087694,2.173466
25.720001,111.12,78.436806,228.41333,5.083645e-05,-4.350401,1.5834161
25.720001,148.16,75.2138,219.15332,5.1111027e-05,-3.974978,1.0650918
25.720001,185.2,71.986855,209.89333,5.131329e-05,-2.384717,0.9634875
25.720001,161.124,80.60389,234.58667,5.155108e-05,-1.0524597,1.1286252
25.720001,138.9,89.19113,259.28,5.178951e-05,-0.61914724,0.82163626
24.1768,138.9,99.82575,268.54,5.200954e-05,-1.0524597,1.1286252
23.148,138.9,109.00839,277.80002,5.22651e-05,-0.9500887,1.2160584
23.148,138.9,137.39218,347.25,5.2585743e-05,-1.0597425,1.7637073
23.148,138.9,131.75972,333.36,5.2977284e-05,-0.9659845,1.816753
23.148,161.124,131.7929,333.36,5.339793e-05,-0.86957973,1.8648187
23.148,185.2,131.83339,333.36,5.392461e-05,-1.0461262,2.3496392
23.148,185.2,120.54595,305.58,5.456246e-05,-1.5217645,3.2634327
23.148,185.2,109.25766,277.8,5.5340646e-05,-1.931969,3.633506
23.148,185.2,109.32599,277.8,5.624614e-05,-2.3148007,4.009351
23.148,185.2,86.71292,222.23999,5.721923e-05,-2.6493561,4.4092684
24.1768,148.16,82.42312,222.23999,5.815441e-05,-2.3148007,4.009351
25.720001,111.12,76.43443,222.23999,5.9086666e-05,-2.0294836,4.1610565
25.720001,101.86,76.444626,222.23999,5.9963815e-05,-1.3397776,3.8909981
25.720001,92.6,76.45475,222.23999,6.0942573e-05,-0.7242285,4.5726023
26.7488,92.6,90.49321,277.8,6.210789e-05,0.0,5.6584
28.292,92.6,83.37784,277.8,6.3474974e-05,1.0461086,6.60487
29.3208,111.12,85.92206,305.58,6.4989035e-05,1.8666694,7.486802
30.864,129.64,84.62424,333.36,6.666408e-05,2.2686057,7.911568
30.864,129.64,84.23541,333.36,6.835064e-05,2.263321,8.446829
30.864,129.64,83.79044,333.36,7.025991e-05,2.5295937,9.440572
30.864,129.64,83.288216,333.36,7.239117e-05,2.7377818,10.980643
30.864,129.64,82.69098,333.36,7.4895885e-05,2.8928707,12.530399
31.8928,96.304,76.94553,333.36,7.77672e-05,3.860959,14.409295
33.436,64.82,51.132465,222.23999,8.0919635e-05,6.3590217,15.739132
34.4648,55.56,48.14961,222.23999,8.4140534e-05,8.728512,15.746654
36.008,46.3,44.082336,222.23999,8.7362794e-05,9.813257,15.7044935
36.008,46.3,43.647663,222.23999,9.0383e-05,10.916766,15.590757
36.008,46.3,43.219437,222.23999,9.335488e-05,12.895347,15.368077
34.4648,55.56,48.599857,236.13,9.6236814e-05,15.085257,16.176958
33.436,64.82,53.196693,250.01999,9.92777e-05,15.523931,17.85824
31.8928,96.304,63.45156,284.745,0.000102741775,15.862398,19.58843
30.864,129.64,72.80942,319.47,0.00010613984,15.862398,19.58843
