Vmax,Rmax_IBT,Rmax_CK22,R34,fcor,u_trans,v_trans
20.576,37.04,46.86805,111.12,4.796257e-05,-1.464503,5.4655943
24.1768,27.78,33.11732,92.6,4.9264298e-05,-0.49316368,5.636868
28.292,18.52,16.89721,55.56,5.059779e-05,-0.689586,5.6162233
28.292,18.52,21.165836,69.45,5.1825034e-05,-1.4178793,4.94473
28.292,18.52,25.443184,83.34,5.2977284e-05,-2.1739492,4.662047
28.292,18.52,24.022156,78.71,5.4042943e-05,-2.998495,4.7985954
28.292,18.52,22.601295,74.08,5.510506e-05,-2.998495,4.7985954
29.3208,18.52,20.44046,69.450005,5.624606e-05,-2.7432458,4.948949
30.864,18.52,18.127062,64.82,5.7453286e-05,-2.705978,5.5480757
31.8928,18.52,20.632631,76.395004,5.873739e-05,-2.4119048,5.6820927
33.436,18.52,22.525957,87.97,6.0016075e-05,-1.6543564,5.4111547
33.436,22.223999,25.936115,101.86,6.1173545e-05,-0.89324754,5.065851
33.436,27.78,29.287317,115.75,6.2326726e-05,-0.78749704,5.603333
30.864,31.484,30.227234,108.80499,6.3606654e-05,-0.8851682,5.588736
28.292,37.04,31.180756,101.86,6.4846485e-05,-1.0694981,5.031591
26.7488,46.3,35.185017,108.033325,6.592148e-05,-1.3535643,4.4273086
25.720001,55.56,33.505573,98.77334,6.689037e-05,-1.6591008,4.322104
24.1768,64.82,40.42515,111.119995,6.784425e-05,-1.8830273,4.2293506
23.148,74.08,42.353504,111.119995,6.869332e-05,-1.5415812,3.815547
21.604801,83.34,61.73008,148.16,6.9466296e-05,-1.4645767,3.2894948
20.576,92.6,56.40108,129.64,7.003676e-05,-2.143994,2.2201698
19.0328,111.12,61.035854,129.64,7.0393085e-05,-2.9353406,0.95375043
18.004,129.64,64.441574,129.64,7.048288e-05,-4.62678,-0.16157195
