Vmax,Rmax_IBT,Rmax_CK22,R34,fcor,u_trans,v_trans
20.576,55.56,47.131973,111.12,5.345127e-05,-3.599235,1.9950885
21.604801,55.56,44.931984,111.12,5.393594e-05,-3.8381126,2.5888395
23.148,55.56,31.111748,83.340004,5.4633376e-05,-4.2704496,3.7122433
23.148,55.56,31.132038,83.340004,5.5652374e-05,-4.9114785,5.266917
23.148,55.56,31.158396,83.340004,5.698501e-05,-5.0671396,6.4856443
24.1768,55.56,37.901333,104.94666,5.8603484e-05,-5.140065,7.074692
25.720001,55.56,39.853443,117.293335,6.0247978e-05,-4.837708,6.658533
26.7488,50.004,41.27369,126.55332,6.158905e-05,-4.3340306,5.751454
28.292,46.3,34.02175,111.12,6.278661e-05,-3.3619473,5.176946
29.3208,46.3,33.370544,113.435,6.394965e-05,-2.6564574,4.996071
30.864,46.3,32.095856,115.75,6.507438e-05,-2.48048,5.085736
31.8928,46.3,30.876896,115.75,6.619376e-05,-2.301478,5.169206
33.436,46.3,29.171745,115.75,6.734234e-05,-1.9352881,5.3171563
33.436,37.04,31.22232,124.547,6.85808e-05,-1.9074998,5.870682
33.436,27.78,33.45101,134.26999,6.981338e-05,-2.1112232,5.8005342
36.008,27.78,30.34196,134.26999,7.101147e-05,-2.301478,5.169206
38.58,27.78,27.609964,134.26999,7.2037474e-05,-2.3148007,4.009351
38.58,27.78,27.569418,134.26999,7.275013e-05,-2.1164973,2.9131083
38.58,27.78,27.534533,134.26999,7.336144e-05,-1.8004006,3.1183841
39.6088,27.78,27.033787,137.511,7.412997e-05,-1.2315469,3.383645
41.152,27.78,26.098322,141.215,7.4895885e-05,-0.68706566,3.5346432
42.1808,27.78,26.185514,149.086,7.556635e-05,0.053865105,3.08593
43.724,27.78,25.714111,157.42,7.620224e-05,0.26899746,3.0746555
44.7528,27.78,24.706285,157.42,7.686851e-05,0.42954388,3.0563633
46.296,27.78,23.310183,157.42,7.750023e-05,0.48281938,3.0484014
48.868,27.78,21.22849,157.42,7.807081e-05,0.44662312,2.5329256
51.440002,27.78,19.371254,157.42,7.85754e-05,0.2863626,2.0375755
48.868,27.78,21.127306,157.42,7.900362e-05,0.4277991,2.0126367
46.296,27.78,23.109663,157.42,7.943125e-05,1.2074809,2.2709413
43.724,27.78,26.353996,166.68,7.9964244e-05,2.3145494,2.7583728
41.152,27.78,30.231619,175.94,8.049559e-05,2.5901988,2.501326
39.6088,27.78,32.17635,175.94,8.091932e-05,2.3985834,1.9423344
38.58,27.78,33.55476,175.94,8.134267e-05,2.7983472,2.2660568
36.008,31.484,37.432384,175.94,8.186915e-05,3.286545,2.476589
33.436,37.04,41.93075,175.94,8.239592e-05,4.623397,2.2549813
34.4648,37.04,46.745937,212.97998,8.2768165e-05,5.317157,1.9352869
36.008,37.04,48.57591,250.01999,8.3234e-05,6.0104156,2.9314759
37.0368,46.3,49.32345,281.04102,8.399091e-05,6.471182,4.202435
38.58,55.56,47.41514,312.525,8.489798e-05,5.435117,4.7246747
38.58,55.56,47.134262,312.525,8.584074e-05,4.1304097,4.5872846
38.58,55.56,46.864082,312.525,8.675015e-05,3.7862089,4.2050104
37.0368,68.524,52.22529,323.174,8.7494685e-05,3.700284,3.5733228
36.008,83.34,56.679893,335.675,8.8175955e-05,3.700284,3.5733228
34.4648,83.34,62.577236,335.675,8.886826e-05,3.700284,3.5733228
33.436,83.34,66.82039,335.675,8.958859e-05,3.9306552,4.0703125
33.436,96.304,67.864204,346.787,9.043486e-05,3.9306552,4.0703125
33.436,111.12,68.94902,358.82498,9.1186645e-05,3.4940035,3.0372908
33.436,111.12,68.791435,358.82498,9.165703e-05,3.019885,1.9611363
33.436,111.12,68.68357,358.82498,9.197902e-05,2.6994264,1.4963163
31.8928,111.12,76.59426,358.82498,9.227336e-05,3.2363777,1.5784869
30.864,111.12,82.35277,358.82498,9.257037e-05,4.350401,1.5834165
29.3208,111.12,89.58122,346.787,9.291979e-05,5.836497,2.009667
28.292,111.12,93.73283,335.675,9.335488e-05,6.1555996,2.6128979
28.292,101.86,89.55393,317.61798,9.389607e-05,5.904447,3.1394508
28.292,92.6,85.578384,300.94998,9.452311e-05,5.2348313,3.2710857
26.7488,92.6,94.57553,300.94998,9.5169155e-05,5.056462,3.5405726
25.720001,92.6,101.09346,300.94998,9.587293e-05,5.4778337,3.8356204
25.720001,92.6,101.02325,300.94998,9.659484e-05,5.8992057,4.130668
25.720001,92.6,100.9443,300.94998,9.7398035e-05,5.6749387,4.433748
25.720001,101.86,104.33941,312.525,9.822754e-05,5.1803975,5.002652
25.720001,111.12,107.634186,324.09998,9.92777e-05,5.503281,6.7959867
