Vmax,Rmax_IBT,Rmax_CK22,R34,fcor,u_trans,v_trans
25.720001,129.64,97.204124,283.97333,3.4293596e-05,-7.069287,1.3741292
26.7488,120.38,93.8947,287.06,3.4682645e-05,-7.044228,1.4972953
28.292,111.12,88.72841,290.14664,3.5035337e-05,-7.112936,1.1265789
28.292,101.86,87.79051,287.05997,3.5195262e-05,-7.184057,0.5023589
28.292,92.6,86.85434,283.97333,3.5282377e-05,-7.1917305,0.376904
29.3208,83.34,82.25394,280.88666,3.540562e-05,-7.697204,0.5382417
30.864,74.08,64.040115,231.5,3.5529305e-05,-7.184057,0.5023589
31.8928,64.82,60.9846,229.185,3.567087e-05,-7.184057,0.5023589
33.436,55.56,57.047634,226.87,3.577612e-05,-6.6780353,0.3499823
34.4648,50.004,54.972126,226.87,3.5830974e-05,-6.1728,7.3609904e-08
36.008,46.3,52.083916,226.87,3.577612e-05,-6.149311,-0.53799474
39.6088,40.744,45.800037,224.555,3.5566092e-05,-6.0790215,-1.0718952
43.724,37.04,40.006783,222.23999,3.5282377e-05,-6.0790215,-1.0718952
47.3248,31.484,36.077606,222.23999,3.5053774e-05,-5.5544395,-1.0796728
51.440002,27.78,32.286724,222.23999,3.47882e-05,-4.9447303,-1.4178778
56.584,22.223999,28.57905,224.555,3.4398356e-05,-3.8418703,-1.4747552
61.728,18.52,25.485086,226.87,3.404614e-05,-3.443462,-1.0527729
67.9008,12.964,22.184572,226.87,3.386654e-05,-3.5657573,-0.50113505
74.588,9.26,19.238195,226.87,3.3798577e-05,-3.0821702,-0.16153023
73.0448,9.26,19.782724,224.555,3.3779852e-05,-3.0864,3.6804952e-08
72.016,9.26,20.109756,222.23999,3.3798577e-05,-3.08593,0.053864837
70.4728,9.26,20.886023,224.555,3.3798693e-05,-3.0864,3.6804952e-08
69.444,9.26,21.466375,226.87,3.3798577e-05,-2.0572867,-0.035909843
67.9008,9.26,22.329926,229.185,3.377985e-05,-1.0288,1.2268317e-08
66.872,9.26,22.965307,231.5,3.3798577e-05,-0.9889461,0.28357556
66.872,9.26,22.815811,229.185,3.3885168e-05,-0.91666764,0.4670652
66.872,9.26,22.642609,226.87,3.404614e-05,-1.3750014,0.70059776
65.328804,9.26,23.114113,222.24,3.4256518e-05,-1.8333353,0.9341304
64.3,9.26,23.292429,217.61,3.454095e-05,-2.1570606,1.4008118
65.328804,12.964,22.65354,217.61,3.491174e-05,-2.0267637,1.5834814
66.872,18.52,21.778755,217.61,3.5282377e-05,-2.1811795,1.3629527
67.9008,18.52,21.215826,217.61002,3.55293e-05,-1.8333353,0.9341304
69.444,18.52,20.435074,217.60999,3.577612e-05,-1.7256485,1.1206495
67.9008,18.52,21.164532,219.925,3.6109155e-05,-1.4293294,1.4801131
66.872,18.52,21.663485,222.23999,3.651592e-05,-0.7373781,1.920935
65.328804,18.52,22.4442,224.555,3.6971596e-05,0.0,2.0576
64.3,18.52,22.97109,226.87,3.7500762e-05,0.13460809,2.5684752
64.3,18.52,22.796726,226.87,3.8096932e-05,0.0897615,2.5704334
64.3,18.52,22.613155,226.87,3.872924e-05,0.22416456,2.562213
64.3,22.223999,22.670635,231.49998,3.930557e-05,0.49076074,2.524745
64.3,27.78,22.689234,236.12999,3.995476e-05,1.0048335,2.9182484
65.328804,27.78,21.85951,236.12999,4.0737592e-05,1.541581,3.815547
66.872,27.78,20.729273,236.13,4.1665367e-05,1.4306251,4.4030113
66.872,27.78,20.417582,236.13,4.2714117e-05,0.962548,4.5284324
66.872,27.78,20.082853,236.13,4.385554e-05,0.80469894,5.080669
66.872,27.78,19.718655,236.13,4.511671e-05,0.6268959,5.1056576
66.872,27.78,19.52585,236.13,4.5793287e-05,0.0,4.1152
64.3,27.78,20.906027,236.13,4.6034886e-05,0.1436184,4.1126933
62.7568,27.78,21.476933,233.815,4.703724e-05,0.0,4.6296
61.728,27.78,21.719254,231.5,4.8202877e-05,0.16157071,4.62678
60.1848,27.78,22.461151,231.5,4.9216553e-05,0.07182014,4.1145735
59.156002,27.78,22.933165,231.5,5.012002e-05,-0.12566648,3.5986066
57.6128,27.78,23.64252,226.87,5.085424e-05,-0.482819,3.0484014
56.584,27.78,23.9995,222.23999,5.155148e-05,-1.2315469,3.383645
55.040802,27.78,24.867151,219.92499,5.23482e-05,-1.931969,3.633506
54.012,27.78,25.354258,217.61,5.321436e-05,-2.5214605,3.8827095
54.012,27.78,25.006279,215.295,5.414335e-05,-2.9504778,4.2137175
54.012,27.78,24.657612,212.98,5.510506e-05,-2.9504778,4.2137175
54.012,22.223999,24.457254,212.98,5.6046167e-05,-2.9504778,4.2137175
54.012,18.52,24.2586,212.98,5.698501e-05,-3.0957363,4.1081815
55.040802,18.52,23.258762,212.98,5.7903126e-05,-3.237225,3.997638
56.584,18.52,21.910542,212.98,5.8853857e-05,-3.5609474,4.397402
59.156002,18.52,20.01657,215.295,5.9865142e-05,-3.88467,4.797166
61.728,18.52,18.240564,217.61,6.0942573e-05,-3.8003547,4.8642335
61.728,18.52,18.097574,222.24,6.2079125e-05,-3.628281,4.9939
61.728,18.52,17.928974,226.87,6.324571e-05,-3.4517875,5.117482
60.1848,22.223999,18.792938,233.815,6.438977e-05,-3.2710857,5.2348313
59.156002,27.78,19.36752,240.76001,6.552959e-05,-3.2710857,5.2348313
57.6128,31.484,20.269754,240.76001,6.663005e-05,-3.2710857,5.2348313
56.584,37.04,20.816542,240.76001,6.7793495e-05,-3.1394498,5.9044476
55.040802,37.04,21.797735,240.76001,6.917552e-05,-2.7199283,6.1090617
54.012,37.04,22.417532,240.76001,7.048288e-05,-2.3913443,5.1282516
52.4688,37.04,23.675285,240.76001,7.140574e-05,-1.8830273,4.2293506
51.440002,37.04,24.523434,240.76001,7.2258685e-05,-0.5642067,4.595092
49.8968,37.04,26.034737,243.07501,7.334488e-05,0.44832912,5.124426
48.868,37.04,27.075397,245.38998,7.4458614e-05,0.3588273,5.1314697
46.296,37.04,30.541498,252.33499,7.543374e-05,0.0,4.6296
43.724,37.04,34.69994,259.28,7.641916e-05,0.53769445,5.115821
43.724,37.04,34.441406,259.28,7.750023e-05,3.0817857,4.7455335
41.152,46.3,39.669506,268.54,7.8360856e-05,4.2098393,4.5145
38.58,46.3,45.112858,268.54,7.943125e-05,4.024457,5.340636
36.008,46.3,53.28608,282.43,8.049559e-05,5.5439405,3.7394347
36.008,59.264,54.00282,289.375,8.099375e-05,7.417095,2.1268184
36.008,74.08,54.723995,296.32,8.134267e-05,6.578989,2.9291544
36.008,83.34,55.783108,307.895,8.2199185e-05,5.340636,4.024457
36.008,92.6,56.756634,319.47,8.302487e-05,5.904447,3.1394508
34.4648,92.6,63.97869,333.36,8.3431405e-05,6.4885616,1.6177802
33.436,92.6,70.05527,347.25,8.365155e-05,6.60487,1.0461087
31.8928,101.86,78.534546,354.195,8.389054e-05,7.1315145,1.002269
30.864,111.12,85.2505,361.14,8.4068044e-05,7.162149,0.75277185
29.3208,120.38,94.6191,361.14,8.418972e-05,7.1840577,0.5023585
28.292,129.64,101.43122,361.14,8.427592e-05,7.1917305,0.37690276
