Vmax,Rmax_IBT,Rmax_CK22,R34,fcor,u_trans,v_trans
23.148,111.12,108.58981,277.8,4.7722115e-05,2.1824143,2.1824143
24.1768,87.044,97.84176,263.91,4.840676e-05,0.9537501,2.935341
25.720001,64.82,71.39058,208.34999,4.916265e-05,0.48281938,3.0484014
28.292,64.82,63.700005,208.34999,4.9743267e-05,0.49076074,2.524745
30.864,64.82,57.1043,208.34999,5.035898e-05,1.0048335,2.9182484
31.8928,59.264,54.68782,208.34999,5.114065e-05,1.541581,3.815547
33.436,55.56,51.30417,208.34999,5.2027382e-05,0.8555982,4.0252733
36.008,50.004,45.817577,206.03499,5.292387e-05,0.07182014,4.1145735
38.58,46.3,41.041023,203.71999,5.392461e-05,-0.16157119,4.62678
41.152,40.744,38.788975,215.295,5.5069493e-05,-0.4483306,5.1244254
43.724,37.04,36.367867,226.87,5.6281307e-05,-1.7485415,5.3814583
43.724,37.04,36.86928,233.815,5.747122e-05,-2.7432458,4.948949
43.724,37.04,37.332436,240.76001,5.862087e-05,-2.6564574,4.996071
44.7528,31.484,35.3909,238.445,5.966776e-05,-1.9269764,4.769434
46.296,27.78,32.883553,236.13,6.0711227e-05,-1.4178793,4.94473
48.868,27.78,29.505522,236.13,6.1848725e-05,-0.89324754,5.065851
51.440002,27.78,26.467506,236.13,6.3016254e-05,-0.6268964,5.1056576
54.012,27.78,23.745573,236.13,6.414444e-05,-0.4483306,5.1244254
56.584,27.78,21.289074,236.13,6.530208e-05,-0.5376954,5.1158204
59.156002,27.78,19.066696,236.13,6.6499866e-05,-0.49316368,5.636868
61.728,27.78,17.041456,236.13,6.7793495e-05,0.3230594,6.1643405
62.7568,22.223999,16.056938,231.5,6.9257105e-05,1.3903471,6.541069
64.3,18.52,14.85611,226.87,7.07056e-05,2.5688598,5.0416713
68.4152,18.52,12.657633,206.035,7.153124e-05,3.8356204,5.4778337
72.016,18.52,11.022808,189.82999,7.2921e-05,4.738335,8.548183
69.444,27.78,11.896989,189.82999,7.336144e-05,4.2844644,8.784453
55.040802,27.78,17.936007,164.36499,7.513788e-05,3.9740338,6.613903
41.152,27.78,25.666426,138.9,7.620224e-05,4.433748,5.6749387
33.436,31.484,37.638256,154.33333,7.760768e-05,5.621049,6.698906
25.720001,37.04,50.884064,148.16,7.900381e-05,6.314759,6.7717505
24.1768,129.64,103.91448,277.8,8.035659e-05,6.431981,6.660511
23.148,222.24,117.86707,296.32,8.176471e-05,6.539815,7.2632
23.148,231.5,132.54268,333.36,8.339834e-05,7.367219,7.900376
23.148,240.76,146.87822,370.4,8.489798e-05,8.216363,6.1914725
24.1768,231.5,149.51962,407.44,8.593294e-05,9.709133,4.735461
25.720001,222.24,82.46607,240.76001,8.675015e-05,10.150936,3.6946387
28.292,157.42,72.88256,246.93335,8.74176e-05,11.117691,4.046509
30.864,92.6,58.58611,226.87003,8.837856e-05,14.567761,6.485985
30.864,92.6,57.410492,222.24002,9.001401e-05,17.875017,9.107777
30.864,92.6,56.209793,217.61002,9.197902e-05,18.446081,10.224829
30.864,129.64,66.91268,270.855,9.390288e-05,17.81934,10.287999
30.864,166.68,75.98042,324.1,9.587293e-05,17.196148,10.332488
31.8928,194.46,77.050095,377.345,9.780036e-05,17.373856,10.030799
33.436,222.24,71.57698,430.59,9.965002e-05,18.791685,9.574842
33.436,222.24,70.84588,430.59,0.00010125343,21.462452,8.671394
33.436,222.24,70.16015,430.59,0.00010276526,24.318739,8.373613
33.436,222.24,69.83681,437.535,0.00010426612,27.055773,8.271782
33.436,222.24,69.53393,444.48,0.00010561469,26.8311,7.1893725
33.436,222.24,69.003365,444.48,0.000106743064,26.06323,6.0171704
33.436,222.24,68.556305,444.48,0.00010769781,26.257349,5.1039133
33.436,222.24,68.546844,453.74002,0.00010847035,25.911411,4.103965
33.436,222.24,68.57224,463.0,0.00010906038,25.017721,3.0717895
33.436,194.46,68.6799,474.575,0.00010951464,23.572357,2.0623152
33.436,166.68,68.84678,486.15002,0.0001097337,21.077553,0.7360443
31.8928,166.68,80.61214,490.78,0.000109736495,18.493021,-0.96917796
30.864,166.68,89.83634,495.40997,0.000109397704,16.663319,-3.2390215
29.3208,166.68,105.114784,495.40997,0.000108638495,14.887247,-5.7146783
28.292,166.68,116.73913,495.40997,0.00010752601,12.345952,-7.4181967
28.292,166.68,113.6558,467.62997,0.0001061847,9.994099,-8.09306
28.292,166.68,110.13212,439.85,0.00010473298,8.652792,-8.068858
26.7488,166.68,126.26362,439.85,0.00010339368,7.6384506,-7.6384506
25.720001,166.68,138.1015,439.85,0.00010204031,5.8819,-7.805543
21.604801,166.68,174.82315,398.18,0.00010058744,4.058966,-8.322114
18.004,166.68,191.96133,342.62,9.909108e-05,2.4103937,-8.406042
18.004,166.68,191.70282,342.62,9.7583164e-05,1.145451,-8.150302
18.004,166.68,191.43726,342.62,9.606459e-05,0.7173277,-8.19908
