Vmax,Rmax_IBT,Rmax_CK22,R34,fcor,u_trans,v_trans
20.576,27.78,20.39281,49.38667,6.552959e-05,-1.7258937,2.558741
21.604801,27.78,19.47962,49.38667,6.601787e-05,-0.836901,1.8797114
23.148,27.78,17.075489,46.300003,6.643758e-05,-0.70374113,1.9335114
23.148,27.78,17.077852,46.300003,6.677723e-05,-0.4253638,1.483419
23.148,27.78,17.080175,46.300003,6.711647e-05,-0.2414095,1.5242007
23.148,31.484,17.961645,48.615,6.755103e-05,0.0,2.0576
23.148,37.04,18.84595,50.93,6.801876e-05,0.6358334,1.9568939
24.1768,37.04,20.613487,57.875,6.846868e-05,1.4382441,2.1322846
25.720001,37.04,21.784883,64.82,6.8917754e-05,1.618612,1.9988195
29.3208,27.78,19.085167,64.82,6.936591e-05,1.6873839,1.9411131
33.436,18.52,16.666529,64.82,6.981338e-05,2.1824143,2.1824143
37.0368,18.52,15.980292,69.450005,7.0259804e-05,2.2936423,2.0652046
41.152,18.52,15.111899,74.08,7.07056e-05,2.3985834,1.9423344
44.7528,18.52,14.859829,81.025,7.113372e-05,2.875727,2.1670153
48.868,18.52,14.31099,87.97,7.159438e-05,2.7583728,2.3145494
49.8968,18.52,13.925158,87.97,7.2148156e-05,2.5901988,2.501326
51.440002,18.52,13.382882,87.97,7.270045e-05,2.1439936,2.2201703
49.8968,22.223999,14.174374,90.285,7.3174226e-05,1.6873839,1.9411131
48.868,27.78,14.832246,92.600006,7.3581316e-05,1.2382945,1.6432725
47.3248,27.78,16.053078,97.23,7.3927105e-05,0.7716,1.3364503
46.296,27.78,17.1305,101.86,7.423962e-05,0.42536357,1.4834191
46.296,27.78,17.114586,101.86,7.4584364e-05,0.0,1.5432
46.296,27.78,17.100286,101.86,7.4895885e-05,-0.5530336,1.4407012
46.296,27.78,17.089474,101.86,7.513058e-05,-1.0124304,1.1646677
46.296,27.78,17.080133,101.86,7.533226e-05,-1.071997,1.1100849
44.7528,27.78,17.848494,101.86,7.553371e-05,-1.0124304,1.1646677
43.724,27.78,18.38747,101.86,7.576771e-05,-1.0326023,1.1468211
42.1808,27.78,18.504162,97.23,7.606118e-05,-1.3226001,1.5762128
41.152,27.78,18.285267,92.600006,7.641916e-05,-1.090362,1.7449437
41.152,27.78,18.272451,92.600006,7.6836004e-05,-0.80396825,1.8940308
41.152,27.78,18.258709,92.600006,7.728449e-05,-0.7707906,1.9077735
42.1808,22.223999,17.693264,92.600006,7.769958e-05,-0.80396825,1.8940308
43.724,18.52,16.896664,92.600006,7.814606e-05,-0.8796764,2.4168892
44.7528,18.52,16.38538,92.600006,7.8682584e-05,-0.837361,2.4318738
46.296,18.52,15.666668,92.600006,7.921766e-05,-0.837361,2.4318738
46.296,18.52,15.649101,92.600006,7.967652e-05,-0.80396825,1.8940308
46.296,18.52,15.634049,92.600006,8.007058e-05,-1.0597425,1.7637073
44.7528,18.52,16.321768,92.600006,8.0437225e-05,-1.3226001,1.5762128
43.724,18.52,16.807531,92.600006,8.070772e-05,-1.18216,0.9919497
43.724,18.52,17.83576,99.545006,8.08611e-05,-1.4308302,0.5780925
43.724,18.52,18.835438,106.49,8.0919635e-05,-2.0463283,0.21507755
42.1808,18.52,19.771858,106.49,8.095152e-05,-2.572,3.0670794e-08
41.152,18.52,20.437258,106.49,8.0919635e-05,-2.5579104,-0.26884687
39.6088,18.52,22.689894,113.435,8.084508e-05,-2.5247452,-0.49076036
38.58,18.52,24.737398,120.38,8.070772e-05,-2.9353406,-0.95375043
37.0368,22.223999,26.154625,120.38,8.044769e-05,-3.443462,-1.0527729
36.008,27.78,27.162636,120.38,8.028322e-05,-3.6002517,-0.06284223
36.008,27.78,27.157692,120.38,8.041544e-05,-3.974978,1.0650918
36.008,27.78,27.146725,120.38,8.070772e-05,-4.4718504,1.1982284
34.4648,27.78,28.751837,120.38,8.0914615e-05,-4.892235,1.5895841
33.436,27.78,29.893526,120.38,8.134267e-05,-4.798595,2.9984958
31.8928,27.78,28.254725,106.49,8.208617e-05,-3.9678004,4.7286386
30.864,27.78,25.661879,92.6,8.3234e-05,-1.8432431,6.4281487
29.3208,31.484,37.863014,129.64,8.47577e-05,0.0,8.2304
28.292,37.04,39.589016,129.64,8.6545406e-05,0.45766753,8.732816
25.720001,37.04,44.508465,129.64,8.831717e-05,0.8069924,9.223967
23.148,37.04,50.39144,129.64,9.0189926e-05,2.1985815,9.523103
21.604801,37.04,54.504883,129.64,9.2101865e-05,3.8712342,10.084909
20.576,37.04,57.55525,129.64,9.413484e-05,5.2174764,11.188913
