Vmax,Rmax_IBT,Rmax_CK22,R34,fcor,u_trans,v_trans
23.148,55.56,39.836338,106.49,4.5309676e-05,-5.73205,3.4441614
24.1768,46.3,44.185333,122.69499,4.613724e-05,-5.6710668,3.5436769
25.720001,37.04,47.103344,138.9,4.6999867e-05,-5.6710668,3.5436769
26.7488,37.04,47.48431,145.845,4.7841888e-05,-5.6710668,3.5436769
28.292,37.04,46.78612,152.79,4.868306e-05,-5.73205,3.4441614
29.3208,31.484,48.970547,166.68001,4.9503687e-05,-5.6710668,3.5436769
30.864,27.78,49.78761,180.57,5.035898e-05,-5.5439405,3.7394347
30.864,27.78,52.203773,189.83,5.1259103e-05,-5.269585,4.1170516
30.864,27.78,54.587986,199.09,5.22651e-05,-5.4351177,4.7246733
30.864,27.78,58.726555,215.295,5.338013e-05,-5.180398,5.0026517
30.864,27.78,62.769154,231.5,5.4633376e-05,-4.95975,5.910798
30.864,27.78,66.70121,247.705,5.601069e-05,-4.425717,6.320576
30.864,27.78,70.51298,263.90997,5.7453286e-05,-4.202434,6.4711823
30.864,27.78,71.45766,268.53998,5.8853708e-05,-3.7090986,6.1729755
30.864,27.78,72.378876,273.16998,6.0247978e-05,-3.6008012,6.2367682
30.864,27.78,72.19963,273.16998,6.160091e-05,-2.7199283,6.1090617
30.864,27.78,72.009544,273.16998,6.3016254e-05,-1.3903475,6.5410686
30.864,27.78,71.79371,273.16998,6.460098e-05,0.0,7.2016
30.864,27.78,71.57126,273.16998,6.621089e-05,0.8776543,7.14792
31.8928,27.78,67.65596,273.16998,6.769768e-05,1.3903471,6.541069
33.436,27.78,62.24416,273.16998,6.914198e-05,1.4972969,7.044228
34.4648,31.484,58.36588,270.855,7.066021e-05,1.8639113,6.9562116
36.008,37.04,53.321316,268.54,7.2037474e-05,3.242019,5.8487573
36.008,37.04,53.723373,273.16998,7.319599e-05,4.8907084,4.560659
36.008,37.04,54.173714,277.8,7.402041e-05,5.9583387,3.0359256
36.008,37.04,53.440304,273.17,7.449665e-05,6.5158076,1.5042926
36.008,37.04,52.766647,268.54,7.467736e-05,7.174196,0.62766117
36.008,37.04,52.753017,268.54,7.474214e-05,7.2016,-3.1479195e-07
36.008,37.04,52.766647,268.54,7.467736e-05,6.6780353,-0.34998092
36.008,37.04,52.142265,263.91,7.458166e-05,7.1840577,-0.50235826
36.008,37.04,51.512314,259.28,7.4458614e-05,8.210352,-0.57412374
34.4648,37.04,56.5324,263.91,7.4331416e-05,9.2465105,-0.48458898
33.436,37.04,60.48886,268.54,7.423962e-05,10.2817335,-0.35904565
33.436,37.04,60.497974,268.54,7.4189236e-05,10.802401,-4.7218793e-07
33.436,37.04,60.48886,268.54,7.423962e-05,10.787596,0.56535417
33.436,37.04,60.45827,268.54,7.4409436e-05,10.743224,1.1291579
33.436,37.04,60.409863,268.54,7.467736e-05,9.16909,1.2886317
31.8928,46.3,65.56028,268.54,7.493626e-05,8.079185,1.5704349
30.864,55.56,69.25188,268.54,7.533226e-05,7.8707705,2.4063368
30.864,64.82,69.671936,270.855,7.59035e-05,7.6310935,3.0831625
30.864,74.08,70.06197,273.17,7.663584e-05,6.6822524,3.8579998
29.3208,74.08,76.23307,273.17,7.749908e-05,5.2695856,4.1170516
28.292,74.08,80.69479,273.17,7.8360856e-05,4.2704487,3.7122445
28.292,74.08,81.23421,275.48502,7.906724e-05,3.4404635,3.097807
28.292,74.08,81.781746,277.8,7.9644604e-05,2.7175584,2.3623374
26.7488,74.08,89.39071,277.8,8.010208e-05,2.3985834,1.9423344
25.720001,74.08,94.903625,277.8,8.049559e-05,2.4321165,1.9001777
25.720001,83.34,96.390236,282.43,8.0919475e-05,2.3985834,1.9423344
25.720001,92.6,97.86791,287.06,8.134267e-05,2.4321165,1.9001777
25.720001,92.6,97.844086,287.06,8.173296e-05,2.3985834,1.9423344
25.720001,92.6,97.816124,287.06,8.2185776e-05,2.54615,2.54615
25.720001,111.12,107.35979,317.155,8.278409e-05,2.5897794,3.1981113
25.720001,129.64,116.60071,347.25,8.34429e-05,2.0135417,2.9851987
25.720001,129.64,116.51935,347.25,8.4067855e-05,1.7457025,3.1493306
25.720001,129.64,116.43736,347.25,8.469088e-05,1.5784868,3.2363777
25.720001,129.64,116.354935,347.25,8.531141e-05,1.1561857,2.8616602
25.720001,129.64,116.272064,347.25,8.592957e-05,0.5889129,3.029694
25.720001,129.64,114.789024,342.62,8.657606e-05,0.053865105,3.08593
25.720001,129.64,113.313866,337.99,8.7158856e-05,-0.13460809,2.5684752
25.720001,129.64,113.25291,337.99,8.764269e-05,0.0,2.0576
25.720001,129.64,113.211044,337.99,8.7973065e-05,0.72448856,1.3625647
25.720001,161.124,114.57771,342.62,8.818083e-05,1.4757695,0.45118815
25.720001,194.46,115.96453,347.25,8.8175955e-05,2.4956007,-0.6222231
25.720001,194.46,113.91241,340.305,8.7947505e-05,2.7251294,-1.4489771
25.720001,194.46,111.859024,333.36,8.756649e-05,3.527415,-2.1194847
25.720001,194.46,114.01422,340.305,8.7158645e-05,3.599235,-1.9950883
25.720001,194.46,116.1609,347.25,8.675015e-05,4.22935,-1.8830277
26.7488,188.904,112.1894,361.14,8.642768e-05,4.350401,-1.5834162
28.292,185.2,104.05826,375.02997,8.613512e-05,3.8418703,-1.4747556
28.292,157.42,107.617226,391.235,8.585698e-05,3.263433,-1.521764
28.292,129.64,111.10878,407.44,8.551773e-05,3.599235,-1.9950883
28.292,129.64,111.247314,407.44,8.5079446e-05,3.242822,-2.5335703
28.292,129.64,111.435196,407.44,8.448353e-05,1.7457024,-3.1493306
26.7488,129.64,123.02484,400.495,8.3729225e-05,0.43015566,-4.0926566
25.720001,129.64,130.49722,393.55,8.2815466e-05,0.1615705,-4.62678
25.720001,129.64,129.32982,388.91998,8.181204e-05,0.4483298,-5.1244254
25.720001,129.64,128.1571,384.28998,8.070772e-05,0.8851687,-5.588736
24.1768,129.64,140.77048,379.65997,7.9490055e-05,1.2728634,-5.5133758
23.148,129.64,148.9754,375.02997,7.8360856e-05,1.1200014,-4.492081
23.148,129.64,145.38844,365.77,7.755941e-05,0.81000394,-3.5085118
23.148,129.64,141.77025,356.50998,7.6852295e-05,1.1343029,-3.955784
23.148,129.64,139.04384,349.565,7.5952565e-05,1.2716669,-3.9137876
23.148,129.64,136.29803,342.62,7.511419e-05,1.0527725,-3.4434621
23.148,129.64,135.37914,340.305,7.445303e-05,0.8373612,-2.4318738
23.148,129.64,134.4569,337.99,7.402041e-05,1.2094269,-1.6646334
23.148,114.824,134.45625,337.99,7.382843e-05,1.4407014,-0.55303335
23.148,101.86,134.45619,337.99,7.380098e-05,1.5316973,-0.1880687
24.1768,83.34,126.22233,337.99,7.375159e-05,1.5432,-6.745542e-08
25.720001,64.82,114.805084,337.99,7.380098e-05,1.4308301,0.578093
25.720001,59.264,111.0868,326.41498,7.397098e-05,1.0124303,1.1646678
25.720001,55.56,107.33357,314.84,7.423962e-05,-0.4511881,1.4757695
25.720001,55.56,105.80993,310.21,7.456815e-05,-1.9411135,1.6873834
25.720001,55.56,104.28409,305.58,7.4895885e-05,-2.1322846,1.4382441
24.1768,74.08,114.2754,305.58,7.51304e-05,-1.781934,1.0287998
23.148,92.6,121.50007,305.58,7.533226e-05,-1.8333353,0.9341304
23.148,92.6,117.778015,296.32,7.554987e-05,-2.3310237,1.086974
23.148,92.6,114.04796,287.06,7.576771e-05,-2.9002674,1.0556108
23.148,92.6,108.43522,273.16998,7.596882e-05,-2.9353406,0.95375043
23.148,92.6,102.8075,259.27997,7.620224e-05,-3.338604,1.3488826
23.148,83.34,99.053444,250.01999,7.651107e-05,-3.2083368,1.6347281
23.148,74.08,95.29579,240.76,7.6852295e-05,-3.1493306,1.7457025
21.604801,74.08,100.744644,233.815,7.7224904e-05,-3.2083368,1.6347281
20.576,74.08,103.36017,226.87,7.750023e-05,-2.9947207,0.7466679
20.576,74.08,103.36616,226.87,7.756504e-05,-3.0864,3.6804952e-08
20.576,74.08,103.36017,226.87,7.750023e-05,-2.5528288,-0.31344858
20.576,74.08,103.35472,226.87,7.744068e-05,-1.9676925,-0.6015845
20.576,74.08,103.34028,226.87,7.728449e-05,-1.1468209,-1.0326025
20.576,74.08,99.93445,219.925,7.6992736e-05,-0.7481583,-1.3497131
20.576,74.08,96.52986,212.98,7.663584e-05,-0.93413097,-1.833335
20.576,74.08,92.01578,203.71999,7.631074e-05,-0.77159995,-1.3364505
20.576,74.08,87.516655,194.45999,7.5985095e-05,-0.62767583,-1.4097834
20.576,92.6,83.035484,185.2,7.567523e-05,-0.42536348,-1.4834191
20.576,111.12,78.57009,175.94,7.533226e-05,-0.3926085,-2.0197961
21.604801,92.6,74.42119,175.94,7.492862e-05,-0.4277993,-2.0126364
23.148,74.08,68.73781,175.94,7.4458614e-05,-0.6656827,-2.4843612
24.1768,74.08,65.26503,175.94,7.39436e-05,-0.83736104,-2.4318738
25.720001,74.08,60.500225,175.94,7.336144e-05,-1.1060667,-2.8814027
25.720001,74.08,59.689556,173.625,7.27004e-05,-1.4069445,-3.314554
25.720001,74.08,58.877666,171.31,7.2037474e-05,-1.4489769,-2.7251296
25.720001,74.08,58.871483,171.31,7.145012e-05,-1.7702862,-2.528231
25.720001,74.08,58.865814,171.31,7.092813e-05,-2.0248609,-2.3293355
25.720001,74.08,58.860218,171.31,7.0432616e-05,-2.2936418,-2.065205
25.720001,74.08,58.855682,171.31,7.003676e-05,-2.5884728,-1.6809741
26.7488,64.82,58.35232,178.255,6.974616e-05,-2.8814027,-1.1060663
28.292,55.56,56.379044,185.20001,6.958979e-05,-3.0395107,-0.5359476
28.292,55.56,56.38061,185.20001,6.952259e-05,-3.0864,3.6804952e-08
28.292,55.56,56.379044,185.20001,6.958979e-05,-3.0563633,0.42954442
29.3208,55.56,52.479156,180.57,6.97296e-05,-2.9353406,0.95375043
30.864,55.56,47.787617,175.94002,7.003676e-05,-2.5587418,1.725893
31.8928,50.004,44.00618,168.995,7.054392e-05,-2.3623376,2.7175581
33.436,46.3,39.672756,162.05,7.115043e-05,-1.8574418,2.4649088
33.436,46.3,39.64508,162.05,7.165514e-05,-1.7702868,2.5282307
33.436,46.3,39.611816,162.05,7.2258685e-05,-2.119485,3.5274146
33.436,46.3,37.52133,152.79,7.3075345e-05,-2.1734653,4.087694
33.436,46.3,35.4056,143.53,7.402041e-05,-1.9565544,4.1958423
33.436,46.3,35.367336,143.53,7.493943e-05,-1.8434454,4.8023376
33.436,46.3,35.32352,143.53,7.5985095e-05,-1.6543564,5.4111547
33.436,40.744,35.27079,143.53,7.723578e-05,-1.8432431,6.4281487
33.436,37.04,35.213913,143.53,7.85754e-05,-1.9551483,6.395001
34.4648,37.04,33.71732,143.53,7.985769e-05,-2.1771386,6.322872
36.008,37.04,31.632174,143.53,8.113127e-05,-2.1771386,6.322872
37.0368,46.3,30.2963,143.53,8.2427294e-05,-2.1771386,6.322872
38.58,55.56,28.444916,143.53,8.365155e-05,-2.1112232,5.8005342
38.58,50.004,28.37185,143.53,8.475269e-05,-2.119674,5.2463775
38.58,46.3,28.307327,143.53,8.5723776e-05,-2.4149613,4.5418825
39.6088,46.3,27.128307,143.53,8.663771e-05,-2.9504778,4.2137175
41.152,46.3,25.503942,143.53,8.7362794e-05,-2.6452003,3.1524255
41.152,46.3,26.653812,152.79001,8.793734e-05,-2.36432,1.9838994
41.152,46.3,27.771166,162.04999,8.8175955e-05,-2.5657346,0.1794139
39.6088,50.004,29.622438,162.04999,8.800867e-05,-2.0540903,-1.5478686
38.58,55.56,30.96958,162.04999,8.756649e-05,-1.0049604,-2.3675385
36.008,55.56,35.409836,166.68,8.708724e-05,0.08976139,-2.5704334
33.436,55.56,40.698128,171.31,8.6545406e-05,0.13460833,-2.5684752
31.8928,55.56,44.258705,173.625,8.603238e-05,0.08976139,-2.5704334
30.864,55.56,47.042843,175.93999,8.551773e-05,-0.044887558,-2.5716083
29.3208,55.56,50.67685,175.93999,8.501688e-05,0.08976139,-2.5704334
28.292,55.56,53.291893,175.93999,8.448353e-05,0.53594804,-3.0395107
28.292,55.56,53.30948,175.94,8.3828505e-05,1.1561861,-2.8616602
28.292,55.56,53.3252,175.94,8.3234e-05,1.9838998,-2.3643196
28.292,64.82,53.33508,175.94,8.285751e-05,2.6455612,-1.5896136
28.292,74.08,53.341618,175.94,8.2605824e-05,2.774038,-1.3529886
28.292,68.524,48.597977,159.735,8.2348255e-05,2.384717,-0.96348816
28.292,64.82,43.78868,143.53,8.2185776e-05,3.0395107,-0.5359478
28.292,50.004,43.097157,141.215,8.213829e-05,3.6008,-1.5739597e-07
28.292,37.04,42.403595,138.9,8.2185776e-05,3.587098,0.31383058
26.7488,37.04,44.708298,136.58499,8.225918e-05,3.5657573,0.5011345
25.720001,37.04,46.07208,134.27,8.239592e-05,3.522114,0.7486483
24.1768,55.56,49.543156,134.27,8.257322e-05,3.974978,1.0650922
23.148,74.08,52.070957,134.27,8.2815466e-05,4.4718504,1.1982288
23.148,83.34,55.840584,143.53,8.308206e-05,5.4392033,1.5596668
23.148,92.6,59.621964,152.79,8.34429e-05,5.870682,1.9075
21.604801,101.86,67.63311,159.735,8.3869665e-05,6.2002635,2.5050695
20.576,111.12,74.75725,166.68,8.448353e-05,6.3586354,3.3809469
20.576,129.64,83.74514,185.2,8.52894e-05,6.741949,4.7207637
20.576,148.16,92.81572,203.72,8.6340384e-05,7.092959,5.951699
20.576,148.16,92.90911,203.72,8.7610315e-05,7.2632003,6.539814
20.576,148.16,93.008316,203.72,8.898478e-05,7.524167,7.016399
