Vmax,Rmax_IBT,Rmax_CK22,R34,fcor,u_trans,v_trans
20.576,46.3,31.193838,74.08,6.958979e-05,0.23353271,0.45833376
23.148,46.3,27.780273,74.08,6.9589776e-05,0.0,0.0
25.720001,46.3,24.978994,74.08,6.958979e-05,0.33747676,0.38822263
25.720001,46.3,29.786217,87.97,6.968485e-05,0.33064994,0.39405325
25.720001,46.3,34.61484,101.86,6.981338e-05,0.6749535,0.77644527
26.7488,46.3,34.706684,106.490005,6.994185e-05,0.33064994,0.39405325
28.292,46.3,34.027298,111.119995,7.003676e-05,0.3997639,0.32372242
29.3208,40.744,32.669033,111.119995,7.002e-05,0.0,0.0
30.864,37.04,30.786518,111.119995,7.003676e-05,0.24938606,0.44990438
31.8928,31.484,35.49494,134.27,7.0192975e-05,0.4347897,0.9324094
33.436,27.78,38.680984,157.42,7.048288e-05,0.5780929,1.4308301
34.4648,27.78,37.09006,157.42,7.091142e-05,0.8369013,1.8797112
36.008,27.78,34.8671,157.42,7.137252e-05,0.9975442,1.7996175
37.0368,27.78,33.47757,157.42,7.170492e-05,1.349907,1.5528905
38.58,27.78,31.53478,157.42,7.2037474e-05,1.9988195,1.618612
38.58,27.78,31.502302,157.42,7.2445924e-05,3.019885,1.9611363
38.58,27.78,31.46458,157.42,7.2921e-05,4.583338,2.3353274
38.58,27.78,32.174564,162.05,7.3389536e-05,5.548076,2.7059777
38.58,27.78,32.854824,166.68001,7.402041e-05,5.056462,3.5405726
38.58,27.78,32.776966,166.68001,7.488856e-05,4.810369,4.6453195
38.58,27.78,32.67856,166.68001,7.5985095e-05,5.819772,5.819772
39.6088,27.78,38.16115,219.925,7.729965e-05,6.988007,6.0745816
41.152,27.78,39.96488,273.17,7.85754e-05,7.584693,5.310859
38.58,27.78,46.432495,282.43,7.952084e-05,8.784453,4.2844644
36.008,27.78,54.45162,291.69,8.028322e-05,11.806156,3.6095052
34.4648,27.78,60.27792,298.635,8.097495e-05,14.088456,2.9945931
33.436,27.78,64.93907,305.58,8.155382e-05,12.530399,2.8928707
30.864,31.484,75.71313,305.58,8.213553e-05,9.982403,2.4888926
28.292,37.04,88.52012,305.58,8.2605824e-05,10.638288,1.8758177
28.292,37.04,84.97956,291.69,8.2911334e-05,10.761294,0.94149184
28.292,37.04,81.40266,277.8,8.302487e-05,8.743469,0.15261762
25.720001,37.04,94.7724,277.8,8.2957115e-05,7.6972046,-0.53824097
23.148,37.04,110.45389,277.8,8.2815466e-05,10.776087,-0.7535374
23.148,101.86,105.41588,265.29898,8.2641316e-05,13.366253,-0.46675938
23.148,166.68,101.11105,254.65,8.2605824e-05,10.776087,0.7535377
