Vmax,Rmax_IBT,Rmax_CK22,R34,fcor,u_trans,v_trans
20.576,83.34,59.473892,138.9,5.059779e-05,0.9937445,-0.266273
21.604801,83.34,56.61791,138.9,5.0496263e-05,0.35081995,-0.37620834
23.148,83.34,56.414112,148.15999,5.035898e-05,0.30957368,-0.41081807
24.1768,87.044,59.00507,161.74133,5.025744e-05,0.35081995,-0.37620834
25.720001,92.6,60.094875,175.93999,5.012002e-05,0.5752978,-0.8529138
26.7488,68.524,57.472794,175.93999,4.9898845e-05,0.4670655,-0.91666746
28.292,46.3,46.78711,152.79001,4.9641636e-05,0.21389946,-1.0063183
30.864,46.3,44.24021,159.73499,4.9366263e-05,0.14318137,-1.0187877
33.436,46.3,41.889313,166.68,4.916265e-05,0.67495346,-0.7764453
33.436,50.004,42.658775,169.921,4.9090824e-05,1.0288,-4.4970278e-08
33.436,55.56,43.52736,173.625,4.916265e-05,0.26493558,0.44092688
30.864,64.82,44.114975,159.272,4.938422e-05,-0.46706545,0.9166675
28.292,74.08,44.65752,145.845,4.9641636e-05,-0.6884015,0.76454747
26.7488,74.08,47.514496,145.845,4.9797152e-05,-0.90837646,0.4829924
25.720001,74.08,49.58966,145.845,4.9880902e-05,-1.0131702,0.17864923
24.1768,96.304,50.376793,138.9,4.9898845e-05,-1.5432,1.8402476e-08
23.148,120.38,49.97121,131.955,4.9880902e-05,-1.5422599,-0.053857315
23.148,120.38,49.971233,131.955,4.9880822e-05,-1.5432,1.8402476e-08
23.148,120.38,49.97121,131.955,4.9880902e-05,-1.542965,-0.026932383
23.148,114.824,49.970425,131.955,4.9862963e-05,-2.0576,2.4536634e-08
23.148,111.12,49.97121,131.955,4.9880902e-05,-2.0322676,0.3218797
24.1768,111.12,48.989277,135.196,5.0000424e-05,-1.987489,0.5325459
25.720001,111.12,47.17759,138.9,5.012002e-05,-2.0322676,0.3218797
26.7488,83.34,47.366344,145.382,5.013783e-05,-2.0576,2.4536634e-08
28.292,55.56,46.78729,152.79,5.012002e-05,-2.0576,2.4536634e-08
28.292,55.56,46.787346,152.79,5.013776e-05,-2.572,3.0670794e-08
28.292,55.56,46.78729,152.79,5.012002e-05,-3.0563633,-0.42954433
26.7488,55.56,44.91259,137.974,4.9946335e-05,-3.556468,-0.5632894
25.720001,55.56,42.345448,125.01,4.9880902e-05,-4.084526,0.5015159
23.148,55.56,37.465405,100.007996,5.0171926e-05,-4.892235,1.5895841
20.576,55.56,31.757605,76.395,5.059779e-05,-4.802338,1.843444
20.576,68.524,31.76783,76.395,5.1003626e-05,-4.350401,1.5834161
20.576,74.08,31.769669,76.395,5.1074945e-05,-3.0694926,0.32261634
18.004,83.34,27.422535,58.801,5.1074945e-05,-3.08593,-0.053864766
