Vmax,Rmax_IBT,Rmax_CK22,R34,fcor,u_trans,v_trans
20.576,111.12,41.820892,98.77334,5.8154368e-05,-2.0540903,1.5478686
21.604801,111.12,39.86883,98.77334,5.8504098e-05,-1.9988195,1.618612
23.148,111.12,37.214027,98.77334,5.8853857e-05,-2.080792,1.5117832
23.148,111.12,37.222866,98.77334,5.9202983e-05,-2.1570606,1.4008118
23.148,111.12,37.231705,98.77334,5.9551734e-05,-2.1322846,1.4382441
23.148,111.12,37.240444,98.77334,5.9899652e-05,-2.1570606,1.4008118
23.148,111.12,37.2492,98.77334,6.0247978e-05,-3.236378,1.5784862
23.148,111.12,37.25749,98.77334,6.057823e-05,-3.8155472,1.5415801
23.148,111.12,37.26658,98.77334,6.0942573e-05,-3.7594223,1.6738026
24.1768,74.08,35.65355,98.77334,6.1352766e-05,-3.599235,1.9950885
25.720001,37.04,29.700663,87.97,6.186609e-05,-3.1981113,2.5897794
25.720001,37.04,29.708324,87.97,6.253914e-05,-2.753606,3.0581899
25.720001,37.04,29.716362,87.97,6.324571e-05,-2.8586588,2.9602263
26.7488,37.04,28.53685,87.97,6.383579e-05,-2.6334584,2.4557397
28.292,37.04,26.906933,87.97,6.43901e-05,-1.9839002,2.3643193
29.3208,37.04,25.905134,87.97,6.494311e-05,-1.4489768,2.7251296
30.864,37.04,24.513685,87.97,6.552959e-05,-1.2553515,2.819567
34.4648,31.484,22.258665,90.285,6.626196e-05,-1.4645767,3.2894948
38.58,27.78,20.032114,92.600006,6.689037e-05,-1.0461262,2.3496392
42.1808,27.78,19.21042,99.545006,6.720112e-05,-0.43478987,0.93240935
46.296,27.78,18.09467,106.490005,6.734234e-05,-0.12444456,0.49912015
42.1808,27.78,20.35051,106.490005,6.7489054e-05,0.0,0.5144
38.58,27.78,22.715986,106.490005,6.756802e-05,0.0,0.5144
34.4648,27.78,26.003506,106.490005,6.765259e-05,0.0,0.0
30.864,27.78,29.559656,106.490005,6.756802e-05,-0.23142964,-1.002432
29.3208,31.484,31.330553,106.490005,6.7218134e-05,-0.4277993,-2.0126364
28.292,37.04,32.605686,106.490005,6.666408e-05,-0.44662327,-2.5329256
26.7488,37.04,34.675236,106.490005,6.601803e-05,-0.4295439,-3.0563633
25.720001,37.04,36.16853,106.490005,6.530208e-05,-0.4295439,-3.0563633
23.148,46.3,40.40393,106.490005,6.460127e-05,-0.4295439,-3.0563633
20.576,55.56,45.512424,106.490005,6.393293e-05,-0.4828191,-3.0484014
20.576,55.56,45.488144,106.490005,6.334317e-05,-0.44662327,-2.5329256
20.576,55.56,45.465153,106.490005,6.278661e-05,-0.53474915,-2.5157955
21.604801,55.56,47.247257,115.75,6.219438e-05,-0.44662327,-2.5329256
23.148,55.56,47.66768,125.01,6.1635496e-05,0.0,2.0576
23.148,55.56,46.73026,122.695,6.117374e-05,0.42779893,-2.0126367
23.148,55.56,45.7946,120.380005,6.0711227e-05,0.57857424,-2.50608
25.720001,55.56,43.345234,127.325005,6.007987e-05,0.44662338,-2.5329256
28.292,55.56,41.115807,134.26999,5.9551734e-05,0.39940968,-1.4906167
28.292,55.56,41.115917,134.26999,5.9330912e-05,0.33064997,-0.39405325
28.292,55.56,41.115902,134.26999,5.9319285e-05,0.49687225,0.13313653
28.292,55.56,43.239044,141.215,5.9383223e-05,0.33064994,0.39405325
28.292,55.56,45.35754,148.16,5.9551734e-05,0.57529765,0.8529139
26.7488,55.56,48.4027,148.16,5.9714337e-05,0.4347897,0.9324094
25.720001,55.56,50.615677,148.16,6.0016075e-05,0.21507777,2.0463283
25.720001,64.82,51.433926,150.475,6.052601e-05,0.0897615,2.5704334
25.720001,74.08,52.254715,152.79,6.1173734e-05,0.0,3.0864
25.720001,74.08,52.267006,152.79,6.18488e-05,0.053865105,3.08593
25.720001,74.08,52.27962,152.79,6.255676e-05,-0.2152961,3.0788817
25.720001,74.08,52.291924,152.79,6.326289e-05,-0.42954382,3.0563633
25.720001,74.08,52.303356,152.79,6.393293e-05,-0.79881984,2.9812334
25.720001,74.08,49.887325,145.845,6.455567e-05,-0.8796764,2.4168892
25.720001,74.08,47.469517,138.9,6.507438e-05,-0.6698888,1.9454991
25.720001,64.82,47.47554,138.9,6.544993e-05,-0.4253638,1.483419
25.720001,55.56,47.480442,138.9,6.575688e-05,-0.5278058,1.4501336
28.292,55.56,42.513603,138.9,6.6131404e-05,-1.0288004,1.7819338
30.864,55.56,38.277493,138.9,6.643758e-05,-1.2641156,0.885143
33.436,50.004,37.300762,150.475,6.656789e-05,-1.9778922,0.5671511
36.008,46.3,36.08,162.05,6.666408e-05,-1.945499,0.6698891
37.0368,46.3,34.673916,162.05,6.6873465e-05,-1.7996175,0.9975442
38.58,46.3,32.702847,162.05,6.711647e-05,-1.2641156,0.885143
41.152,46.3,29.75414,162.05,6.730839e-05,-1.0326023,1.1468211
43.724,46.3,27.143824,162.05,6.756802e-05,-0.6521848,1.398614
46.296,50.004,26.00598,173.625,6.79343e-05,-0.42779925,2.0126364
48.868,55.56,24.658838,185.2,6.8468675e-05,0.0,3.0864
51.440002,55.56,23.51983,203.72002,6.9169946e-05,0.43882716,3.57396
54.012,55.56,21.959446,222.23999,7.003676e-05,0.92571855,4.009728
56.584,37.04,20.000933,236.13,7.098935e-05,1.2760907,4.4502573
59.156002,18.52,17.946478,250.01999,7.2037474e-05,1.2444463,4.9912014
60.1848,22.223999,16.955854,250.01999,7.312421e-05,1.3313652,4.9687223
61.728,27.78,15.663168,250.01999,7.423962e-05,2.5688598,5.0416713
59.156002,31.484,17.227468,256.965,7.524299e-05,4.1170516,5.2695856
56.584,37.04,19.032887,263.90997,7.641916e-05,5.0671406,6.485644
54.012,37.04,21.046108,263.90997,7.793102e-05,5.951699,7.092959
48.868,37.04,26.509989,263.90997,7.943125e-05,7.3762293,6.4120584
46.296,40.744,30.516636,284.745,8.0596954e-05,7.676225,5.177679
43.724,46.3,35.576435,305.58,8.155382e-05,7.334007,4.7627597
41.152,46.3,40.93336,305.58,8.254635e-05,6.8233113,4.602381
38.58,46.3,47.33221,305.58,8.34429e-05,6.543539,4.088857
37.0368,59.264,56.132725,361.14,8.418364e-05,6.8128233,3.6224432
36.008,74.08,63.676956,416.7,8.489798e-05,8.4587,3.7660556
34.4648,74.08,71.10529,416.7,8.570963e-05,10.015811,4.046651
33.436,74.08,76.46309,416.7,8.6545406e-05,10.015811,4.046651
33.436,83.34,76.707664,423.64502,8.7362794e-05,9.470154,4.0198426
33.436,92.6,76.91301,430.59003,8.8175955e-05,7.7916746,3.9700568
36.008,92.6,63.262463,451.42502,8.899659e-05,6.543539,4.088857
38.58,92.6,50.946472,472.26,8.9789304e-05,6.03977,3.9222727
38.58,114.824,50.2152,534.765,9.056375e-05,6.172976,3.7090983
38.58,138.9,48.608753,597.26996,9.1186645e-05,5.6391335,2.5107038
38.58,138.9,48.17947,604.21497,9.154295e-05,5.4111547,1.6543565
38.58,138.9,47.821766,611.16,9.1781345e-05,4.892235,1.5895833
38.58,138.9,46.938595,631.995,9.215151e-05,4.3773727,1.5072503
38.58,138.9,46.093197,652.82996,9.2373535e-05,3.5920289,0.25117925
37.0368,138.9,55.103493,652.82996,9.2249385e-05,2.9002674,-1.0556108
36.008,138.9,62.17165,652.82996,9.197902e-05,2.7500029,-1.4011959
36.008,138.9,62.694946,638.93994,9.1677335e-05,3.4245644,-1.1127081
36.008,138.9,63.005226,625.0499,9.1583395e-05,3.522114,0.7486483
34.4648,138.9,74.148026,631.995,9.194447e-05,3.1981113,2.5897794
33.436,138.9,82.434105,638.93994,9.257037e-05,2.9758494,3.5464795
33.436,138.9,81.81606,631.995,9.325693e-05,2.2412987,3.451297
33.436,138.9,81.207794,625.05,9.3940274e-05,1.634729,3.2083364
33.436,138.9,80.665955,611.16,9.448398e-05,1.3043691,2.7972283
33.436,138.9,80.19046,597.27,9.491022e-05,0.9975442,1.7996175
33.436,138.9,80.01316,597.27,9.5140305e-05,1.454943,1.454943
33.436,138.9,79.74516,597.27,9.548872e-05,3.7454252,2.7212105
33.436,138.9,79.07734,583.38,9.6151656e-05,5.5966945,4.5321136
33.436,138.9,78.10757,569.49,9.720843e-05,6.314759,6.7717505
31.8928,124.084,89.165504,534.76495,9.863999e-05,6.3494916,8.739326
30.864,111.12,95.1382,500.04,0.000100391015,7.600711,9.728466
29.3208,111.12,107.52058,486.15,0.000102084865,8.048914,10.681272
28.292,111.12,115.21225,472.26,0.000104200124,6.5218453,13.986141
28.292,111.12,113.96291,472.26,0.00010693396,4.0500183,17.542559
28.292,111.12,112.530304,472.26,0.000110068366,1.7484835,19.98526
26.7488,111.12,128.54185,472.26,0.00011349518,0.0,20.576
25.720001,111.12,140.3738,472.26,0.000116474606,0.27830303,15.943972
25.720001,111.12,139.67886,472.26,0.00011829731,1.5034037,10.697272
25.720001,111.12,139.17596,472.26,0.000119612596,2.3644478,9.483282
25.720001,111.12,138.64764,472.26,0.00012099103,2.8357573,9.889461
25.720001,111.12,138.1397,472.26,0.0001223134,2.3142962,10.02432
25.720001,111.12,137.62129,472.26,0.00012366028,1.4318129,10.187878
25.720001,111.12,137.1005,472.26,0.00012501099,1.0753889,10.231642
