Vmax,Rmax_IBT,Rmax_CK22,R34,fcor,u_trans,v_trans
20.576,83.34,34.324333,83.34,3.6022833e-05,1.3625647,-0.72448856
23.148,77.784,35.63446,96.30399,3.591793e-05,0.9166676,-0.4670653
25.720001,74.08,30.140835,90.285,3.577612e-05,1.0719969,-1.1100851
28.292,50.004,30.189455,99.08201,3.535021e-05,1.4293293,-1.4801134
30.864,27.78,30.424433,108.80499,3.5035337e-05,2.0263405,-0.35729852
31.8928,27.78,31.299377,115.74999,3.5171357e-05,2.3847167,0.9634883
33.436,27.78,31.574568,122.69499,3.5529305e-05,2.0807917,1.5117837
34.4648,22.223999,34.16162,137.511,3.5843732e-05,1.4293292,1.4801135
36.008,18.52,36.01143,152.79001,3.626943e-05,2.1824143,2.1824143
37.0368,18.52,35.464718,155.568,3.681139e-05,3.105781,2.699814
38.58,18.52,34.65206,159.73499,3.7500762e-05,3.597875,2.9135017
39.6088,18.52,34.698235,165.754,3.8250055e-05,4.397403,3.5609465
41.152,18.52,34.450775,173.625,3.9219805e-05,5.5966945,4.5321136
44.7528,18.52,30.85069,173.162,4.041985e-05,6.599785,5.7371054
48.868,18.52,27.422699,173.625,4.1909232e-05,6.314759,6.7717505
54.012,18.52,23.311825,169.45801,4.3678036e-05,6.6129985,7.8810654
59.156002,18.52,20.036594,166.68,4.5551555e-05,7.6384506,7.6384506
52.4688,22.223999,23.442362,166.68,4.724116e-05,8.794806,7.121893
46.296,27.78,27.593592,166.68,4.892293e-05,8.669171,7.2742987
41.152,31.484,31.490131,162.97601,5.0662482e-05,8.276584,7.7180386
36.008,37.04,36.56369,159.73502,5.250265e-05,7.8613105,8.140625
34.4648,50.004,39.238117,162.97601,5.43724e-05,7.7619653,8.92912
33.436,64.82,41.510654,166.68001,5.6516048e-05,7.9174075,10.133819
34.4648,64.82,38.868973,162.513,5.9011363e-05,8.054167,11.940795
36.008,64.82,35.95226,159.735,6.186609e-05,7.2448854,13.625647
37.0368,46.3,34.380653,159.735,6.509009e-05,6.4859853,14.56776
38.58,27.78,32.223057,159.735,6.8243826e-05,6.067535,13.627906
36.008,27.78,33.91197,152.327,7.097143e-05,5.838318,11.458344
33.436,27.78,35.964,145.845,7.314133e-05,5.6032467,8.6282425
30.864,31.484,37.970192,138.437,7.463824e-05,5.399628,6.211562
28.292,37.04,40.359833,131.955,7.576771e-05,5.163012,5.7341056
26.7488,37.04,43.168602,131.955,7.705749e-05,4.629099,5.5167456
25.720001,37.04,45.219864,131.955,7.814606e-05,4.2098393,4.5145
23.148,37.04,46.09475,119.76267,7.888527e-05,3.4404635,3.097807
20.576,37.04,43.988583,101.86001,7.943125e-05,3.242822,2.5335703
