Vmax,Rmax_IBT,Rmax_CK22,R34,fcor,u_trans,v_trans
20.576,92.6,47.871777,111.12,7.003676e-05,-1.1274909,2.3116982
21.604801,92.6,42.36193,103.712006,7.02821e-05,-0.33065003,0.3940532
23.148,92.6,28.692533,76.395004,7.025991e-05,0.0,0.0
23.148,59.264,28.693068,76.395004,7.029332e-05,0.0,0.0
23.148,27.78,28.692533,76.395004,7.025991e-05,-0.9538866,-0.38539547
24.1768,27.78,30.391117,84.26601,7.01653e-05,-1.4407014,-0.5530332
25.720001,27.78,31.397167,92.600006,7.003676e-05,-0.8323165,-0.60471374
26.7488,27.78,30.111637,92.600006,6.9908274e-05,0.0,0.5144
28.292,27.78,28.34354,92.600006,6.981338e-05,0.39976394,-0.3237224
29.3208,27.78,32.670086,111.119995,6.97966e-05,0.5144,-2.2485139e-08
30.864,27.78,35.75101,129.64,6.981338e-05,1.0231642,-0.10753893
31.8928,31.484,31.996521,120.38,6.9763155e-05,1.0288,-4.4970278e-08
33.436,37.04,28.012125,111.12,6.981338e-05,0.4987721,0.89980876
30.864,37.04,30.160969,108.80501,7.008136e-05,0.0,1.5432
28.292,37.04,32.608856,106.490005,7.048288e-05,0.21507777,2.0463283
28.292,37.04,33.31836,108.80501,7.089453e-05,0.8369013,1.8797112
28.292,37.04,34.02703,111.12,7.137252e-05,1.8141404,2.4969501
30.864,31.484,32.38078,117.13899,7.19264e-05,2.5901988,2.501326
33.436,27.78,31.218151,125.009995,7.247968e-05,4.0093513,2.3147998
31.8928,27.78,33.68568,127.325,7.288881e-05,4.6620474,2.1739483
30.864,27.78,35.68436,129.64,7.336144e-05,3.6973631,2.7861626
30.864,40.744,38.829937,141.67801,7.409673e-05,2.7212105,3.7454252
30.864,55.56,42.28211,155.105,7.4895885e-05,1.8682617,3.66667
31.8928,55.56,44.190815,170.847,7.563139e-05,1.4069446,3.314554
33.436,55.56,44.777927,187.515,7.620224e-05,1.4752387,2.1068592
34.4648,50.004,44.584663,197.23799,7.65005e-05,1.781934,1.0287999
36.008,46.3,43.403362,208.35,7.663584e-05,1.8940307,0.80396855
36.008,46.3,43.758698,210.665,7.679279e-05,1.4407012,0.5530335
36.008,46.3,44.123394,212.98,7.6852295e-05,0.513147,-0.035882734
37.0368,40.744,42.755875,217.61,7.677647e-05,0.0,0.5144
38.58,37.04,40.41794,222.23999,7.663584e-05,0.3166963,-0.40535274
37.0368,37.04,43.792034,224.555,7.654386e-05,0.89096695,-0.51440006
36.008,37.04,46.36826,226.87,7.641916e-05,0.0,1.0288
34.4648,37.04,50.800674,231.5,7.62185e-05,-1.0124304,-1.1646677
33.436,37.04,54.351974,236.13,7.5985095e-05,-1.128625,-1.05246
31.8928,37.04,59.275253,238.445,7.5735035e-05,-1.2160581,-0.95008886
30.864,37.04,63.033634,240.76001,7.5550095e-05,-1.4407014,-0.5530332
30.864,40.744,63.04249,240.76001,7.546851e-05,-1.5432,1.8402476e-08
30.864,46.3,63.033634,240.76001,7.5550095e-05,-1.3364505,0.7715999
29.3208,46.3,67.088264,236.13,7.5843665e-05,-1.3226001,1.5762128
28.292,46.3,69.47959,231.5,7.620224e-05,-1.4801137,1.429329
29.3208,59.264,65.8426,231.5,7.645167e-05,-1.781934,1.0287998
30.864,74.08,60.801983,231.5,7.663584e-05,-1.9077736,0.77079004
30.864,77.784,60.78971,231.5,7.676038e-05,-1.9778922,0.5671511
30.864,83.34,60.780582,231.5,7.6852295e-05,-1.4676703,0.47687522
30.864,83.34,60.771503,231.5,7.694412e-05,-0.8818539,0.529871
30.864,83.34,60.759163,231.5,7.70685e-05,-0.6047135,0.83231664
30.864,83.34,58.60098,222.23999,7.726827e-05,-0.43478987,0.93240935
30.864,83.34,56.412952,212.98001,7.750023e-05,-0.43478987,0.93240935
30.864,83.34,56.396965,212.98001,7.769959e-05,-0.43478987,0.93240935
30.864,83.34,56.378345,212.98001,7.793102e-05,-0.34714442,1.5036479
31.8928,83.34,52.54983,208.35,7.823735e-05,0.0,1.5432
33.436,83.34,47.837494,203.72,7.85754e-05,0.24140969,1.5242007
34.4648,83.34,44.264805,196.775,7.886462e-05,0.42536357,1.4834191
36.008,83.34,40.047573,189.83,7.921766e-05,0.8369013,1.8797112
37.0368,74.08,38.202724,189.83,7.971932e-05,1.4011962,2.7500026
38.58,64.82,35.63027,189.83,8.028322e-05,1.0556109,2.9002674
38.58,59.264,35.564354,189.83,8.084518e-05,0.8373613,2.4318738
38.58,55.56,35.506004,189.83,8.134267e-05,1.618612,1.9988195
38.58,55.56,34.828102,185.2,8.1691134e-05,2.6455612,1.5896136
38.58,55.56,34.14951,180.56999,8.197536e-05,2.6994264,1.4963163
37.0368,55.56,36.48671,180.56999,8.230659e-05,2.6455612,1.5896136
36.008,55.56,38.156334,180.56999,8.2605824e-05,2.249522,1.2469302
34.4648,55.56,40.87471,180.56999,8.2862614e-05,2.3116984,1.1274906
33.436,55.56,42.829155,180.56999,8.302487e-05,1.4407012,0.5530335
33.436,55.56,42.8256,180.56999,8.307159e-05,1.0288,-4.4970278e-08
33.436,55.56,42.829155,180.56999,8.302487e-05,1.4834191,-0.42536357
31.8928,55.56,44.967308,175.94,8.2904786e-05,1.9964805,-0.49777845
30.864,55.56,46.04482,171.31,8.2815466e-05,1.5242007,-0.24140966
29.3208,64.82,47.214848,162.97598,8.2794264e-05,1.4308301,0.578093
28.292,74.08,47.218544,155.105,8.302487e-05,1.3629524,2.1811798
26.7488,83.34,50.766506,155.105,8.361465e-05,1.7391587,3.7296376
25.720001,92.6,53.343784,155.105,8.448353e-05,2.4149618,4.5418825
26.7488,59.264,50.760155,155.105,8.5486885e-05,3.361948,5.1769457
28.292,27.78,47.159626,155.105,8.6545406e-05,3.6282809,4.9939003
28.292,31.484,49.044365,161.58699,8.740261e-05,3.8846688,4.797167
28.292,37.04,51.17771,168.995,8.837856e-05,4.3340306,5.751454
26.7488,55.56,58.47892,179.181,8.972827e-05,5.1400647,7.0746922
25.720001,74.08,65.28877,189.82999,9.1186645e-05,5.951699,7.092959
25.720001,74.08,65.277985,189.82999,9.243995e-05,6.547243,6.547243
25.720001,74.08,65.265656,189.82999,9.374543e-05,8.027748,7.228216
25.720001,74.08,65.24999,189.82999,9.52534e-05,9.317343,8.0994425
25.720001,74.08,65.232025,189.82999,9.682832e-05,9.705566,8.436919
24.1768,92.6,70.11062,187.51498,9.833968e-05,9.174569,8.2608185
23.148,111.12,73.302925,185.2,9.983573e-05,8.510653,8.218642
