Vmax,Rmax_IBT,Rmax_CK22,R34,fcor,u_trans,v_trans
20.576,129.64,73.37356,166.68,6.4846485e-05,-2.6493561,4.4092684
21.604801,129.64,73.82848,175.94,6.57629e-05,-5.608358,3.6421106
23.148,129.64,72.15444,185.2,6.643758e-05,-6.6291075,2.81389
24.1768,92.6,72.136505,194.46,6.6945526e-05,-7.017023,1.6200086
25.720001,55.56,57.203632,166.68,6.711647e-05,-8.229147,0.14363956
25.720001,64.82,58.0101,168.995,6.703356e-05,-8.611948,-1.5185183
25.720001,74.08,58.80918,171.31,6.643758e-05,-7.495756,-4.503907
26.7488,59.264,53.0277,162.05,6.5106775e-05,-5.507212,-6.1163797
28.292,46.3,46.744507,152.79,6.370404e-05,-4.560659,-4.890709
28.292,46.3,44.63955,145.845,6.2923275e-05,-4.362359,-2.7259054
28.292,46.3,42.52538,138.9,6.255676e-05,-4.4718504,-1.1982284
29.3208,40.744,40.780678,138.9,6.2417275e-05,-5.144,6.134159e-08
30.864,37.04,38.35837,138.9,6.255676e-05,-6.585606,1.16122
31.8928,31.484,33.90733,127.325005,6.2936626e-05,-8.079185,1.5704334
33.436,27.78,29.266489,115.75,6.324571e-05,-8.225387,0.2872353
33.436,27.78,25.90501,101.86,6.306784e-05,-7.6409082,-1.0738609
33.436,27.78,22.494564,87.97001,6.278661e-05,-6.637355,-0.8149663
34.4648,27.78,21.762838,87.97001,6.271687e-05,-5.144,6.134159e-08
36.008,27.78,20.73748,87.97001,6.278661e-05,-4.084526,0.5015159
37.0368,22.223999,20.097105,87.97001,6.292951e-05,-2.9002674,1.0556108
38.58,18.52,19.194397,87.97001,6.324571e-05,-2.4321163,1.9001777
41.152,18.52,17.831635,87.97001,6.3715444e-05,-1.8141406,2.49695
43.724,18.52,16.612978,87.97001,6.43901e-05,-0.93195647,3.4781055
46.296,18.52,15.514266,87.97001,6.521662e-05,0.07182014,4.1145735
48.868,18.52,14.514772,87.97001,6.621089e-05,0.32294455,4.618323
47.3248,18.52,16.342632,97.229996,6.7308385e-05,0.44832912,5.124426
46.296,18.52,18.037693,106.49,6.8468675e-05,1.0694978,5.0315914
44.7528,18.52,20.750437,120.380005,6.953928e-05,1.8421948,5.3501225
43.724,18.52,23.274166,134.27,7.07056e-05,2.3123715,5.7233205
41.152,18.52,28.65267,157.42,7.208088e-05,3.0435278,6.526866
38.58,18.52,35.038563,180.56999,7.3581316e-05,4.361448,6.979775
37.0368,27.78,39.073605,192.145,7.5114476e-05,5.8270035,7.19575
36.008,37.04,42.64519,203.72,7.663584e-05,5.8514137,6.498653
36.008,37.04,44.72098,217.61,7.787432e-05,6.1956143,6.8809266
36.008,37.04,46.610294,231.5,7.943125e-05,7.9355984,9.457278
36.008,37.04,52.142414,275.48502,8.177256e-05,9.287209,12.324544
36.008,37.04,56.327305,319.47,8.448353e-05,8.917113,13.220165
36.008,46.3,61.019905,388.92,8.7110624e-05,7.716,13.364504
36.008,55.56,63.084957,458.37003,8.9789304e-05,7.2448854,13.625647
37.0368,101.86,56.68746,567.175,9.245553e-05,7.0059814,13.750013
38.58,148.16,43.239307,675.98,9.5103336e-05,6.7649436,13.87019
38.58,148.16,40.034523,708.39,9.769335e-05,6.7649436,13.87019
38.58,148.16,36.80975,740.8,0.00010020622,7.2448854,13.625647
36.008,148.16,49.471863,761.635,0.0001026489,7.9480677,13.227806
33.436,148.16,68.24015,782.47,0.00010490995,9.287209,12.324544
31.8928,148.16,83.265594,782.47,0.000106899,9.981823,11.0859375
30.864,148.16,94.68513,782.47,0.000108721724,10.719969,11.100852
30.864,148.16,92.861206,782.47,0.00011050806,10.912072,10.912072
30.864,148.16,91.14819,782.47,0.000112210764,10.362637,10.7308235
30.864,148.16,89.36868,784.785,0.00011393761,10.005304,10.360795
30.864,148.16,87.86798,787.10004,0.00011539363,8.652792,8.068858
30.864,148.16,86.83505,789.41504,0.0001163766,7.3947263,5.572325
30.864,148.16,86.070076,791.73,0.00011708451,7.495757,4.5039053
31.8928,148.16,71.97562,805.62,0.00011768386,8.250008,4.2035894
33.436,148.16,54.5717,819.51,0.00011828717,9.709133,4.735461
34.4648,148.16,41.22927,891.275,0.000119045486,10.446329,5.554413
36.008,148.16,26.6452,963.04,0.00011990313,10.691604,6.1727996
34.4648,148.16,32.67406,1023.23004,0.000120813456,10.469663,6.5421715
33.436,148.16,36.677868,1083.42,0.00012175588,10.353891,6.723896
30.864,148.16,61.852104,1125.09,0.0001226891,9.80851,6.615923
28.292,148.16,106.04494,1166.76,0.00012354596,8.323167,6.047135
26.7488,148.16,150.59944,1083.4199,0.00012425208,6.57309,4.953178
25.720001,148.16,183.02748,1000.08,0.0001248797,6.6585336,4.8377075
24.1768,148.16,229.13606,888.96,0.00012546667,6.8233113,4.602381
23.148,148.16,248.20413,777.83997,0.00012604757,6.2423754,4.535351
21.604801,148.16,271.61407,673.66504,0.00012661335,5.910799,4.959749
20.576,148.16,262.897,569.49,0.0001273087,6.547243,6.547243
20.576,148.16,233.37277,500.04,0.0001282257,7.228217,8.027748
20.576,148.16,217.09494,463.0,0.0001292457,7.424489,8.540897
