Vmax,Rmax_IBT,Rmax_CK22,R34,fcor,u_trans,v_trans
20.576,27.78,20.599024,50.93,2.857718e-05,0.38227367,-0.34420082
21.604801,27.78,19.699038,50.93,2.838371e-05,0.4670655,-0.91666746
23.148,27.78,18.49463,50.93,2.807779e-05,0.26797402,-1.5197554
24.1768,22.223999,17.773746,50.93,2.7703023e-05,0.0,1.5432
25.720001,18.52,16.800476,50.93,2.7328068e-05,0.0,1.5432
26.7488,18.52,22.172739,69.45,2.7059232e-05,0.14318137,-1.0187877
28.292,18.52,26.716764,87.97,2.6827835e-05,-0.23142964,-1.002432
29.3208,18.52,26.518814,90.284996,2.6521271e-05,-0.46706548,-0.9166675
30.864,18.52,25.919708,92.6,2.6327272e-05,-0.9784469,-0.3179168
30.864,18.52,25.91956,92.6,2.639613e-05,-0.91666764,0.4670652
30.864,18.52,25.919506,92.6,2.6577594e-05,-0.8818539,0.529871
30.864,18.52,25.919378,92.6,2.6683903e-05,-0.91666764,0.4670652
30.864,18.52,25.919386,92.6,2.6827835e-05,-1.3750014,0.70059776
30.864,18.52,25.91907,92.6,2.7059263e-05,-1.8333353,0.9341304
30.864,18.52,25.91885,92.6,2.7328068e-05,-1.8167529,0.9659848
30.864,22.223999,25.9186,92.6,2.757789e-05,-1.8333353,0.9341304
30.864,27.78,25.918375,92.6,2.7827968e-05,-2.8616605,1.156185
31.8928,27.78,25.12483,92.6,2.8115317e-05,-3.4613113,0.9925145
33.436,27.78,24.021784,92.6,2.8327528e-05,-3.556468,0.56328946
37.0368,22.223999,21.796854,92.6,2.8383663e-05,-3.6008,4.293911e-08
41.152,18.52,19.722881,92.6,2.8327528e-05,-3.0694926,-0.32261625
43.724,18.52,18.624203,92.6,2.8221266e-05,-3.0395107,-0.5359476
46.296,18.52,17.648745,92.6,2.807779e-05,-3.0189548,-0.6416993
48.868,18.52,16.776215,92.6,2.7933034e-05,-3.0395107,-0.5359476
51.440002,18.52,15.990086,92.6,2.7827968e-05,-3.5920286,-0.25117934
51.440002,18.52,15.990527,92.6,2.7816463e-05,-4.6296,5.520743e-08
51.440002,18.52,15.990086,92.6,2.7827968e-05,-5.1432166,0.08977473
48.868,18.52,15.999264,87.97,2.7827968e-05,-5.1408668,-0.17952439
41.152,18.52,18.313246,85.655,2.7782615e-05,-5.115821,-0.53769374
33.436,18.52,21.647408,83.34,2.7578055e-05,-5.4903216,-1.3688911
30.864,18.52,23.328619,83.34,2.7145134e-05,-5.9336767,-1.7014533
30.864,18.52,23.328718,83.34,2.707799e-05,-7.0921917,-1.2505444
30.864,27.78,19.440706,69.45,2.6827835e-05,-7.069287,-1.374129
29.3208,27.78,20.375843,69.45,2.6468408e-05,-6.5158076,-1.5042936
28.292,27.78,21.05235,69.45,2.6076874e-05,-6.4885616,-1.6177803
26.7488,27.78,22.161034,69.45,2.5700689e-05,-6.5158076,-1.5042936
25.720001,27.78,22.969202,69.45,2.53252e-05,-7.0170236,-1.6200085
24.1768,27.78,24.306055,69.45,2.494873e-05,-7.0442276,-1.4972984
23.148,27.78,25.289522,69.45,2.4572832e-05,-7.5473866,-1.6042483
21.604801,40.744,26.934551,69.45,2.4195982e-05,-7.574236,-1.4722811
20.576,55.56,28.158401,69.45,2.3819783e-05,-8.079185,-1.5704331
18.004,55.56,15.723713,34.725,2.3443954e-05,-8.079185,-1.5704331
