Vmax,Rmax_IBT,Rmax_CK22,R34,fcor,u_trans,v_trans
25.720001,111.12,88.18476,259.28,9.413484e-05,-4.0491395,-2.2444746
25.720001,111.12,91.1894,268.54,9.330586e-05,-6.0746493,-6.290483
25.720001,111.12,94.22794,277.8,9.1781345e-05,-2.6939685,-9.394987
25.720001,92.6,96.33025,283.97336,8.96685e-05,2.5457268,-11.0267515
25.720001,74.08,90.02163,263.91,8.756649e-05,6.967318,-8.917761
24.1768,74.08,72.601395,194.46,8.61107e-05,9.800636,-5.6584005
23.148,74.08,42.775112,111.12,8.5311396e-05,9.483282,-2.3644476
23.148,74.08,42.772068,111.12,8.518078e-05,7.6972046,0.5382412
23.148,74.08,42.77991,111.12,8.551773e-05,5.903078,1.8047526
23.148,64.82,42.789436,111.12,8.59278e-05,4.699278,2.0922532
23.148,55.56,42.79894,111.12,8.6340384e-05,3.7880614,1.6079371
20.576,46.3,15.286784,37.04,8.610851e-05,1.9423348,-2.398583
20.576,37.04,15.283137,37.04,8.551773e-05,2.6334584,-2.4557395
20.576,37.04,19.26176,46.3,8.507366e-05,3.599235,-1.9950883
20.576,37.04,23.293785,55.56,8.469088e-05,4.22935,-1.8830277
20.576,37.04,23.2892,55.56,8.433167e-05,4.4030113,-1.4306247
20.576,37.04,23.285843,55.56,8.4068044e-05,5.5133758,-1.2728628
21.604801,37.04,23.497381,58.646667,8.383605e-05,6.6709104,-0.46647552
23.148,37.04,23.153925,61.733334,8.3859915e-05,8.711524,0.76216006
24.1768,27.78,22.168467,61.733334,8.4145824e-05,10.4815235,2.6133373
25.720001,18.52,17.104307,50.93,8.489798e-05,11.364184,4.8238115
26.7488,18.52,20.261007,62.505,8.602954e-05,11.77837,7.3599424
28.292,18.52,22.675411,74.08,8.776991e-05,12.609704,10.580798
29.3208,18.52,22.481972,76.395,9.014392e-05,12.50663,12.950994
30.864,18.52,21.84123,78.71,9.2766924e-05,10.134281,12.971288
31.8928,18.52,21.01331,78.71,9.514082e-05,7.4181967,12.345952
33.436,18.52,19.85443,78.71,9.7398035e-05,6.5203967,12.263082
34.4648,18.52,19.118975,78.71,9.960333e-05,5.637453,11.558492
36.008,18.52,18.094894,78.71,0.000101493315,3.518703,9.667558
33.436,18.52,18.136925,71.76501,0.000102952756,1.1265786,7.1129365
30.864,18.52,18.016983,64.82,0.00010402188,-0.9825723,5.5724363
26.7488,18.52,18.799364,57.875,0.0001048928,-2.1734653,4.087694
23.148,18.52,19.128714,50.93,0.00010543897,-1.9839002,2.3643193
20.576,55.56,27.713459,64.82,0.000105706604,-1.1100852,1.0719968
18.004,92.6,46.285854,92.6,0.000105790044,-0.19269764,0.47694337
18.004,92.6,46.288918,92.6,0.00010587666,0.92467934,0.45099628
18.004,92.6,46.292065,92.6,0.000105965104,2.9947207,0.74666774
