Vmax,Rmax_IBT,Rmax_CK22,R34,fcor,u_trans,v_trans
18.004,92.6,52.947067,111.12,4.3369746e-05,-0.7005982,1.3750013
19.0328,92.6,54.69294,120.38,4.371589e-05,-0.4511881,1.4757695
20.576,92.6,46.676224,111.119995,4.409823e-05,-0.5530336,1.4407012
21.604801,92.6,52.320496,129.64,4.444377e-05,-1.090362,1.7449437
23.148,92.6,53.694202,141.98668,4.4825505e-05,-1.5478681,2.0540907
24.1768,83.34,51.35931,141.98668,4.5309498e-05,-2.1049194,2.2572503
25.720001,74.08,39.05525,115.75,4.5793287e-05,-2.5587418,1.725893
25.720001,74.08,39.062946,115.75,4.6173736e-05,-3.2894945,1.4645773
25.720001,74.08,39.069874,115.75,4.651767e-05,-3.8155472,1.5415801
25.720001,83.34,43.88628,129.64,4.6879388e-05,-3.8155472,1.5415801
25.720001,92.6,48.71872,143.53,4.7240763e-05,-3.8155472,1.5415801
25.720001,92.6,53.56334,157.42,4.758341e-05,-3.2894945,1.4645773
25.720001,92.6,58.41828,171.31,4.796257e-05,-3.6666706,1.8682607
25.720001,101.86,66.51665,194.45999,4.8424947e-05,-4.087694,2.173466
25.720001,111.12,74.61781,217.60999,4.892293e-05,-4.087694,2.173466
25.720001,111.12,74.63097,217.60999,4.9402006e-05,-4.087694,2.173466
25.720001,111.12,74.64382,217.60999,4.9880902e-05,-4.087694,2.173466
25.720001,111.12,74.65628,217.60999,5.0358878e-05,-4.087694,2.173466
25.720001,111.12,74.66843,217.60999,5.083645e-05,-3.599235,1.9950885
25.720001,111.12,74.67973,217.60999,5.129524e-05,-3.5274155,2.119484
25.720001,111.12,74.691635,217.60999,5.178951e-05,-2.8757265,2.167016
24.1768,111.12,81.25548,219.92499,5.236575e-05,-3.0581892,2.7536068
23.148,111.12,86.41267,222.23999,5.2977284e-05,-3.1524265,2.6451993
23.148,111.12,86.45643,222.23999,5.35696e-05,-3.2865446,2.4765897
23.148,111.12,86.49948,222.23999,5.4161024e-05,-3.2428217,2.5335703
24.1768,92.6,82.26326,222.23999,5.475106e-05,-3.2428217,2.5335703
25.720001,74.08,76.37854,222.23999,5.5340646e-05,-3.3292673,2.418853
26.7488,74.08,72.750984,222.23999,5.591086e-05,-3.8381126,2.5888395
28.292,74.08,67.70212,222.23999,5.6516048e-05,-4.362359,2.7259054
28.292,74.08,67.682205,222.23999,5.714894e-05,-4.7455335,3.081786
28.292,74.08,67.657196,222.23999,5.7920843e-05,-4.797167,3.8846688
28.292,74.08,67.62503,222.23999,5.8882262e-05,-4.728565,4.728564
28.292,74.08,67.58569,222.23999,6.0016075e-05,-5.0026526,5.180396
29.3208,74.08,64.98998,224.555,6.127156e-05,-5.8197727,5.819771
30.864,74.08,60.97644,226.87,6.255676e-05,-6.0193334,5.6131196
30.864,74.08,60.87862,226.87,6.3738364e-05,-5.8233404,5.06215
30.864,74.08,60.78572,226.87,6.4846485e-05,-5.4351177,4.7246733
30.864,74.08,60.69464,226.87,6.592062e-05,-4.8907084,4.5606594
30.864,74.08,60.61151,226.87,6.689037e-05,-4.72864,3.9677987
30.864,74.08,60.538807,226.87,6.773057e-05,-4.993901,3.6282797
30.864,74.08,60.4745,226.87,6.8468675e-05,-5.291123,3.179226
31.8928,55.56,59.03209,233.815,6.9175585e-05,-5.904447,3.1394508
33.436,37.04,56.07729,240.75998,6.981338e-05,-5.548076,2.7059765
33.436,37.04,55.99752,240.75998,7.038753e-05,-5.594457,2.6087375
33.436,37.04,55.92228,240.75998,7.092813e-05,-5.0857368,2.4804783
34.4648,37.04,53.109287,240.75998,7.146592e-05,-4.9960704,2.6564584
36.008,37.04,49.20261,240.75998,7.2037474e-05,-4.9960704,2.6564584
37.0368,37.04,45.403954,231.50002,7.2667404e-05,-5.345802,3.0863996
38.58,37.04,40.94399,222.24,7.336144e-05,-5.1769457,3.3619483
38.58,40.744,40.82844,222.24,7.408024e-05,-4.397403,3.5609465
38.58,46.3,40.69741,222.24,7.4895885e-05,-3.9306557,4.070311
39.6088,40.744,38.676796,222.24,7.581066e-05,-3.40531,4.5189996
41.152,37.04,35.876167,222.24,7.6852295e-05,-3.0864012,5.3458014
43.724,37.04,31.75981,222.24,7.793102e-05,-2.8023927,5.5000052
43.724,37.04,31.747627,222.24,7.799754e-05,-1.7014552,5.933676
43.724,37.04,31.524664,222.24,7.921766e-05,-0.2961378,5.6506453
44.7528,37.04,30.506025,231.49998,8.028265e-05,2.210913,5.208585
46.296,37.04,28.65419,240.76,8.134267e-05,3.7394347,5.5439405
46.296,37.04,29.07543,256.965,8.257444e-05,4.6436043,6.162272
46.296,37.04,29.31457,273.16998,8.3859915e-05,4.7504444,6.0802913
46.296,37.04,29.248596,282.43,8.5085165e-05,5.399628,6.211562
46.296,37.04,29.11332,291.69,8.6340384e-05,7.8810654,6.6129985
46.296,37.04,28.86056,298.63498,8.76842e-05,10.353891,6.723896
46.296,37.04,28.583,305.58,8.898478e-05,11.24761,6.2346516
44.7528,37.04,31.22103,317.155,9.0088644e-05,11.458344,5.838319
43.724,37.04,33.148727,328.72998,9.1186645e-05,10.797706,5.9852653
43.724,55.56,32.7517,328.72998,9.245102e-05,10.905899,6.814762
43.724,74.08,32.349125,328.72998,9.374543e-05,11.24761,6.2346516
42.1808,74.08,35.79292,349.565,9.488999e-05,12.4831705,6.0884495
41.152,74.08,38.34674,370.40002,9.606459e-05,13.986141,6.5218453
39.6088,74.08,42.570747,370.40002,9.732653e-05,14.794869,7.2159405
38.58,74.08,45.504356,370.40002,9.871694e-05,14.846846,8.22974
37.0368,74.08,51.05313,381.97504,0.00010026453,13.95955,8.722896
36.008,74.08,55.241993,393.55,0.00010185829,13.95955,8.722896
34.4648,74.08,62.68634,405.125,0.00010338651,13.668733,8.213003
33.436,74.08,68.51605,416.7,0.00010473298,11.905025,7.1532607
31.8928,74.08,77.81416,416.7,0.000105907,9.800637,5.6583996
30.864,74.08,84.76086,416.7,0.0001066621,8.268372,2.8470285
29.3208,74.08,94.49064,400.495,0.00010685386,7.2016,-3.1479195e-07
28.292,74.08,100.16874,384.28998,0.0001066621,6.0145917,-1.3885776
26.7488,74.08,110.78927,372.71503,0.00010639102,5.282572,-2.027789
25.720001,74.08,117.00191,361.14,0.000105965104,4.623397,-2.254981
24.1768,74.08,128.42265,351.88,0.00010557076,4.1615834,-3.0235674
23.148,74.08,135.07184,342.62,0.00010490995,2.7432466,-4.9489484
23.148,74.08,135.1498,342.62,0.00010382446,1.3741302,-7.0692863
23.148,74.08,135.24861,342.62,0.00010240341,0.7621607,-8.711524
21.604801,101.86,174.81308,398.18,0.0001008147,0.323141,-9.25356
20.576,129.64,175.1234,370.4,9.909108e-05,0.323141,-9.25356
20.576,129.64,175.06256,370.4,9.7412194e-05,0.48458996,-9.2465105
20.576,129.64,174.99223,370.4,9.568096e-05,0.34109327,-9.767646
20.576,120.38,138.77466,296.32,9.37845e-05,0.34109327,-9.767646
20.576,111.12,102.27905,222.24,9.197902e-05,0.0,8.744801
20.576,111.12,102.170265,222.24,9.048447e-05,0.0,7.2016
20.576,111.12,102.07361,222.24,8.9186324e-05,1.1612208,-6.585606
20.576,111.12,101.97203,222.24,8.78514e-05,2.50507,-6.2002635
20.576,111.12,101.886566,222.24,8.675015e-05,2.9984958,-4.798595
19.0328,111.12,111.21405,222.24,8.5981366e-05,2.8065596,-3.0096667
18.004,111.12,117.92368,222.24,8.551773e-05,2.3643196,-1.9838998
18.004,101.86,101.84626,194.46,8.5249165e-05,1.1992918,-0.97116715
18.004,92.6,80.83354,157.42,8.510482e-05,0.7400569,-0.71466446
18.004,92.6,80.818405,157.42,8.4928906e-05,0.4019842,-0.9470154
18.004,92.6,80.79789,157.42,8.469088e-05,-0.32084948,-1.5094774
18.004,96.304,80.7647,157.42,8.430653e-05,-1.3246776,-2.2046344
18.004,101.86,80.726006,157.42,8.3859915e-05,-2.8757265,-2.167016
18.004,101.86,80.69257,157.42,8.347512e-05,-3.6335058,-1.9319696
18.004,101.86,80.653305,157.42,8.302487e-05,-3.3709748,-2.3603814
18.004,101.86,85.78748,166.68,8.245877e-05,-2.5897794,-3.1981113
18.004,101.86,80.54275,157.42,8.176471e-05,-1.6079366,-3.7880616
18.004,101.86,80.465034,157.42,8.088617e-05,0.071820356,-4.1145735
18.004,101.86,80.39243,157.42,8.007058e-05,3.0978074,-3.440463
18.004,101.86,80.337204,157.42,7.9453275e-05,5.8364973,-2.009667
18.004,101.86,80.31604,157.42,7.921766e-05,7.2005033,0.12568508
19.0328,101.86,63.980164,134.26999,7.9500016e-05,7.417095,2.1268184
20.576,101.86,48.27981,111.12,8.007058e-05,7.8275757,2.5433333
23.148,77.784,38.02579,99.545,8.055327e-05,7.8275757,2.5433333
25.720001,55.56,29.897295,87.97,8.113127e-05,7.5761228,3.2158742
25.720001,55.56,33.67028,98.77334,8.190072e-05,7.3974347,3.6079702
25.720001,55.56,33.677067,98.77334,8.2605824e-05,6.677207,2.6977673
23.148,55.56,34.07795,89.513336,8.3044724e-05,6.4885616,1.6177802
20.576,55.56,34.261753,80.253334,8.3234e-05,5.6506453,0.29613787
19.0328,55.56,36.97747,80.253334,8.315959e-05,5.6368685,-0.49316218
18.004,55.56,38.98989,80.253334,8.302487e-05,5.654953,-0.19747512
18.004,55.56,38.991665,80.253334,8.308169e-05,5.6368685,0.49316236
18.004,55.56,38.996407,80.253334,8.3234e-05,5.6162233,0.6895854
19.0328,50.004,33.969223,74.079994,8.336435e-05,5.554439,1.079674
20.576,46.3,28.735115,67.90667,8.365155e-05,5.246377,2.1196742
21.604801,40.744,27.396107,67.90667,8.421301e-05,4.691026,3.1641371
23.148,37.04,26.181042,69.45,8.489798e-05,4.397403,3.5609465
23.148,37.04,26.189892,69.45,8.5610314e-05,3.597875,2.9135017
23.148,37.04,26.196396,69.45,8.613512e-05,3.1493306,1.7457024
21.604801,37.04,29.065252,71.765,8.627335e-05,2.0576,-8.9940556e-08
20.576,37.04,31.544603,74.08,8.613512e-05,1.2641153,-0.8851433
19.0328,37.04,52.4932,111.12,8.590344e-05,0.3733338,-1.4973603
18.004,37.04,65.46979,129.64,8.551773e-05,-0.8695794,-1.8648188
18.004,37.04,65.441124,129.64,8.507829e-05,-2.501326,-2.5901988
18.004,37.04,65.402176,129.64,8.448353e-05,-3.8822262,-3.3747678
18.004,37.04,65.35158,129.64,8.371405e-05,-5.196931,-4.208391
18.004,37.04,65.29215,129.64,8.2815466e-05,-5.5167465,-4.6290984
18.004,37.04,65.22397,129.64,8.179019e-05,-6.080291,-4.7504444
18.004,37.04,65.16572,129.64,8.0919635e-05,-6.472756,-3.1569724
