Vmax,Rmax_IBT,Rmax_CK22,R34,fcor,u_trans,v_trans
23.148,111.12,23.770695,64.82,3.7746686e-05,-3.215991,3.3302548
26.7488,74.08,22.166115,69.141335,3.8569528e-05,-2.97585,3.5464787
30.864,37.04,18.14302,64.82,3.9464914e-05,-3.0957363,4.1081815
31.8928,31.484,18.961117,69.913,4.042568e-05,-3.0235677,4.1615834
33.436,27.78,19.77238,76.395,4.142137e-05,-2.9504778,4.2137175
33.436,27.78,19.647799,75.932,4.239648e-05,-3.0235677,4.1615834
33.436,27.78,19.75932,76.395,4.3369746e-05,-3.0235677,4.1615834
36.008,22.223999,18.356773,76.395,4.4359065e-05,-3.0235677,4.1615834
38.58,18.52,17.12599,76.395,4.5309676e-05,-2.3844206,3.9683416
42.1808,18.52,16.616291,81.48799,4.615549e-05,-1.5415812,3.815547
46.296,18.52,16.152615,87.96999,4.6999867e-05,-0.9257185,4.009728
46.296,18.52,16.118845,87.96999,4.796252e-05,-0.50151706,4.084526
46.296,18.52,16.085112,87.96999,4.892293e-05,-0.21537295,4.10956
44.7528,12.964,16.412548,86.581,4.9797156e-05,0.0,3.6008
43.724,9.26,16.63674,85.655,5.059779e-05,0.31383038,3.587098
43.724,9.26,16.614529,85.655,5.1349027e-05,0.48281938,3.0484014
43.724,9.26,16.594463,85.655,5.2027382e-05,0.53594774,3.0395107
41.152,9.26,17.159395,82.877,5.2656953e-05,0.49076074,2.524745
38.58,9.26,17.971556,81.024994,5.321436e-05,0.7089393,2.4723651
38.58,9.26,17.962484,81.024994,5.370569e-05,0.8695794,1.8648188
38.58,9.26,17.95396,81.024994,5.4161024e-05,1.4382441,2.1322846
37.0368,9.26,18.733597,81.024994,5.4633172e-05,1.7540997,1.8810418
36.008,9.26,19.28864,81.024994,5.510506e-05,2.3293357,2.0248606
33.436,9.26,20.835209,81.024994,5.562368e-05,3.4898875,2.180724
30.864,9.26,22.633232,81.024994,5.6046403e-05,4.9192314,1.5039605
28.292,9.26,24.742939,81.024994,5.6281307e-05,4.5284324,0.96254784
25.720001,9.26,24.861479,74.08,5.6516048e-05,5.080669,0.804699
23.148,12.964,24.913216,67.135,5.6674875e-05,7.1840577,0.5023585
20.576,18.52,24.90215,60.190002,5.6750614e-05,6.6831264,0.23337989
18.004,18.52,13.799573,30.095001,5.676711e-05,5.144,-2.2485138e-07
