Vmax,Rmax_IBT,Rmax_CK22,R34,fcor,u_trans,v_trans
20.576,46.3,23.57108,57.875,3.5035337e-05,-0.9217227,2.4011688
21.604801,40.744,22.725918,58.337994,3.5634203e-05,-0.9217227,2.4011688
23.148,37.04,22.018406,60.190002,3.626943e-05,-0.9634882,2.384717
24.1768,37.04,22.811827,64.82,3.6848494e-05,-0.9217227,2.4011688
25.720001,37.04,23.097612,69.450005,3.7500762e-05,-0.9537499,2.935341
26.7488,37.04,26.785976,83.34,3.834259e-05,-0.93195647,3.4781055
28.292,37.04,29.646873,97.23,3.9219805e-05,-0.74864864,3.5221138
30.864,31.484,27.185354,97.23,3.9991453e-05,-0.482819,3.0484014
33.436,27.78,25.072132,97.23,4.0688625e-05,-0.42954382,3.0563633
33.436,22.223999,23.893347,92.600006,4.131758e-05,-0.49076116,2.524745
33.436,18.52,22.713856,87.97,4.1909232e-05,-0.9217227,2.4011688
33.436,18.52,23.294237,90.284996,4.255494e-05,-1.5432006,2.6729007
33.436,18.52,23.873798,92.6,4.3126656e-05,-1.3629524,2.1811798
33.436,18.52,24.336878,94.451996,4.354586e-05,-1.090362,1.7449437
33.436,18.52,25.033628,97.229996,4.385554e-05,-0.9500887,1.2160584
34.4648,18.52,24.259584,97.229996,4.411642e-05,-1.071997,1.1100849
36.008,18.52,23.178148,97.229996,4.4340795e-05,-1.0912074,1.091207
34.4648,18.52,26.376802,106.02699,4.4583205e-05,-1.071997,1.1100849
33.436,18.52,29.654715,115.75,4.4825505e-05,-1.1100852,1.0719968
31.8928,18.52,31.18831,115.75,4.5031335e-05,-1.071997,1.1100849
30.864,18.52,32.291454,115.75,4.5309676e-05,-1.1801912,1.685487
29.3208,22.223999,32.313923,109.731,4.5757064e-05,-0.86957973,1.8648187
28.292,27.78,31.826502,104.174995,4.627635e-05,-0.49777824,1.9964806
28.292,27.78,31.829016,104.174995,4.674073e-05,0.0,2.0576
28.292,27.78,31.831587,104.174995,4.7240763e-05,0.26884723,2.5579104
26.7488,27.78,46.616093,143.22133,4.782433e-05,0.49076074,2.524745
25.720001,27.78,56.816067,166.68001,4.844305e-05,0.57857406,2.50608
24.1768,27.78,81.94889,222.24,4.8970887e-05,0.49076074,2.524745
23.148,27.78,86.155075,222.24,4.9641636e-05,0.5011345,3.5657573
21.604801,27.78,84.878784,203.72,5.052023e-05,0.48392498,4.6042385
20.576,27.78,80.86616,185.2,5.178951e-05,0.8149647,6.637355
19.0328,31.484,83.03802,175.94,5.3599382e-05,1.0030335,8.169052
18.004,37.04,82.942825,166.68,5.5576067e-05,0.43074587,8.21912
18.004,37.04,75.19862,151.864,5.7254187e-05,-0.50235754,7.1840577
18.004,37.04,68.4599,138.9,5.8853857e-05,-1.2505466,7.092191
18.004,37.04,68.598114,138.9,6.0462415e-05,-1.9970496,7.453083
18.004,37.04,68.73694,138.9,6.20965e-05,-1.8666683,7.4868026
18.004,74.08,68.87867,138.9,6.378397e-05,-1.851437,8.019456
18.004,111.12,69.02355,138.9,6.552959e-05,-1.851437,8.019456
18.004,111.12,69.16646,138.9,6.727223e-05,-2.7022915,8.3168
18.004,111.12,69.31792,138.9,6.914198e-05,-5.658402,9.800635
18.004,111.12,61.536896,124.084,7.147912e-05,-8.43692,9.705565
18.004,111.12,54.756523,111.12,7.336144e-05,-9.59719,5.9969916
