Vmax,Rmax_IBT,Rmax_CK22,R34,fcor,u_trans,v_trans
18.004,74.08,25.429188,55.56,2.8327528e-05,-5.5887356,0.8851692
18.004,64.82,28.474077,62.042,2.8608118e-05,-5.4392037,1.5596656
18.004,55.56,31.97914,69.45,2.9076216e-05,-5.1692057,2.3014786
19.0328,55.56,33.327087,75.932,2.9767834e-05,-5.234831,3.2710865
20.576,55.56,28.317318,69.45,3.0571195e-05,-4.691026,3.1641371
20.576,55.56,28.335087,69.45,3.1335792e-05,-4.691026,3.1641371
20.576,55.56,28.351807,69.45,3.206281e-05,-4.362359,2.7259054
21.604801,55.56,29.709139,75.932,3.2683096e-05,-4.454835,2.5719995
23.148,55.56,30.654001,83.34,3.330315e-05,-4.362359,2.7259054
23.148,46.3,33.12074,89.822,3.4027376e-05,-4.691026,3.1641371
23.148,37.04,35.953636,97.229996,3.47882e-05,-4.691026,3.1641371
23.148,37.04,35.976303,97.229996,3.5547877e-05,-4.691026,3.1641371
23.148,37.04,35.99759,97.229996,3.626943e-05,-3.6973627,2.7861636
24.1768,37.04,34.538025,97.229996,3.69221e-05,-3.1057816,2.6998134
25.720001,37.04,32.53632,97.229996,3.7500762e-05,-2.6759155,2.409406
25.720001,37.04,33.653713,100.471,3.8066184e-05,-2.36432,1.9838994
25.720001,37.04,34.928978,104.175,3.8483773e-05,-2.1570606,1.4008118
24.1768,59.264,38.139687,106.953,3.8661627e-05,-1.4591242,0.5024168
23.148,83.34,41.401646,111.119995,3.872924e-05,-1.4757696,0.45118764
23.148,83.34,42.655807,114.361,3.8851806e-05,-1.4591242,0.5024168
23.148,83.34,44.091393,118.064995,3.897458e-05,-1.987489,0.5325459
21.604801,83.34,44.09878,110.657005,3.909718e-05,-2.5157957,0.5347483
20.576,83.34,43.404655,104.174995,3.9219805e-05,-2.5247452,0.49076045
19.0328,96.304,47.680603,106.181335,3.934218e-05,-3.0395107,0.5359477
18.004,111.12,48.092884,101.85999,3.9464914e-05,-3.5657573,0.5011352
19.0328,138.9,54.513634,120.38,4.112188e-05,-4.735077,2.0099213
20.576,138.9,50.62235,120.38,4.1665367e-05,-5.1692057,2.3014786
20.576,124.084,50.65477,120.38,4.221992e-05,-5.594457,2.6087375
20.576,111.12,50.69341,120.38,4.288343e-05,-5.345802,3.0863996
21.604801,111.12,48.375103,120.38,4.36611e-05,-4.993901,3.6282797
23.148,111.12,45.21227,120.38,4.458322e-05,-4.5145,4.20984
23.148,111.12,43.325947,115.44134,4.5617715e-05,-3.9678004,4.7286386
23.148,111.12,41.682816,111.119995,4.675884e-05,-3.628281,4.9939
23.148,111.12,43.409363,115.44132,4.7944373e-05,-3.3619473,5.176946
23.148,111.12,45.38731,120.38,4.916265e-05,-3.1792274,5.291122
21.604801,83.34,46.610207,115.44134,5.0358758e-05,-2.992632,5.398853
20.576,55.56,47.04175,111.119995,5.155148e-05,-2.992632,5.398853
20.576,55.56,44.899582,106.181335,5.2775507e-05,-2.992632,5.398853
20.576,55.56,43.02797,101.85999,5.392461e-05,-2.9142919,4.8501954
21.604801,55.56,41.051308,101.85999,5.4922e-05,-2.9504778,4.2137175
23.148,55.56,33.82823,90.284996,5.581132e-05,-3.374768,3.882226
23.148,46.3,33.847553,90.284996,5.666866e-05,-3.7002842,3.5733225
23.148,37.04,33.86512,90.284996,5.7453286e-05,-3.7620835,3.5081997
24.1768,37.04,32.433926,90.284996,5.822407e-05,-3.3858752,3.1573796
25.720001,37.04,30.464928,90.284996,5.8853857e-05,-3.3709748,2.3603814
26.7488,37.04,31.401796,96.767,5.9255246e-05,-3.2634332,1.5217636
28.292,37.04,31.880224,104.174995,5.9551734e-05,-2.7972286,1.3043687
29.3208,46.3,32.57152,110.657,5.9882183e-05,-2.6994264,1.4963164
30.864,55.56,32.78091,118.064995,6.0247978e-05,-3.1493306,1.7457025
30.864,50.004,34.532143,124.547,6.069373e-05,-3.599235,1.9950885
30.864,46.3,36.522625,131.95499,6.1173734e-05,-4.1250043,2.1017933
30.864,46.3,37.385517,135.19598,6.1600564e-05,-4.1610575,2.0294824
30.864,46.3,38.367645,138.9,6.20965e-05,-4.4092693,2.649355
28.292,46.3,42.524773,138.9,6.2786545e-05,-4.691026,3.1641371
25.720001,46.3,47.44311,138.9,6.3474974e-05,-4.362359,2.7259054
23.148,50.004,53.310623,138.9,6.401787e-05,-4.1610575,2.0294824
20.576,55.56,60.37023,138.9,6.43901e-05,-4.4718504,1.1982284
20.576,55.56,61.8849,142.14099,6.459012e-05,-5.115821,0.5376939
20.576,55.56,63.60754,145.845,6.461839e-05,-4.628895,0.080797255
21.604801,55.56,60.44673,145.845,6.462357e-05,-4.084526,-0.5015177
23.148,55.56,56.11781,145.845,6.43901e-05,-3.7296379,-1.7391584
24.1768,55.56,50.659576,138.437,6.3806656e-05,-3.54648,-2.9758492
25.720001,55.56,45.010456,131.95499,6.3016254e-05,-3.7002842,-3.5733225
26.7488,55.56,41.84148,128.25099,6.2211395e-05,-3.7002842,-3.5733225
28.292,55.56,38.280598,125.009995,6.14047e-05,-3.7620835,-3.5081997
29.3208,46.3,36.761803,125.009995,6.0675964e-05,-3.54648,-2.9758492
30.864,37.04,34.66684,125.009995,6.0016075e-05,-4.2137184,-2.9504766
31.8928,37.04,33.384777,125.009995,5.9348124e-05,-4.499044,-2.4938607
33.436,37.04,31.59998,125.009995,5.8853857e-05,-4.9192314,-1.5039612
33.436,37.04,31.605858,125.009995,5.863243e-05,-5.115821,-0.53769374
33.436,37.04,31.606173,125.009995,5.862087e-05,-5.1432166,0.08977473
31.8928,31.484,31.479275,117.60199,5.8684578e-05,-4.6042385,0.4839245
30.864,27.78,30.903763,111.119995,5.8853857e-05,-4.559266,0.8039215
30.864,27.78,29.889505,107.41599,5.9051687e-05,-3.992961,0.99555725
30.864,27.78,28.999949,104.174995,5.9319285e-05,-3.3836453,1.2315458
30.864,27.78,27.982046,100.47099,5.9632643e-05,-2.6994264,1.4963164
30.864,27.78,27.089565,97.229996,6.0016075e-05,-2.5282311,1.770286
30.864,27.78,27.086864,97.229996,6.04449e-05,-2.3293362,2.0248601
30.864,27.78,27.083735,97.229996,6.0942573e-05,-1.9001774,2.4321167
29.3208,31.484,30.532244,103.71199,6.153735e-05,-1.496316,2.6994264
28.292,37.04,34.020638,111.119995,6.20965e-05,-0.80396825,1.8940308
28.292,37.04,34.021275,111.119995,6.245896e-05,-0.4253638,1.483419
28.292,37.04,34.02175,111.119995,6.278661e-05,-0.13449918,1.5373276
29.3208,37.04,32.697052,111.119995,6.319409e-05,0.0,2.0576
30.864,37.04,30.855843,111.119995,6.370404e-05,0.0,2.572
31.8928,27.78,29.712208,111.119995,6.43042e-05,0.42954388,3.0563633
33.436,18.52,28.112633,111.119995,6.507438e-05,1.541581,3.815547
34.4648,18.52,27.103857,111.119995,6.6063556e-05,2.9142914,4.8501954
36.008,18.52,25.690475,111.119995,6.711647e-05,3.1641371,4.691026
38.58,18.52,24.101467,113.89801,6.808593e-05,3.1669629,4.0535274
41.152,18.52,22.863575,118.064995,6.8917754e-05,3.7620835,3.5081995
41.152,18.52,23.359148,121.306,6.956143e-05,3.9261234,2.4533143
41.152,18.52,23.929075,125.009995,7.003676e-05,4.735077,2.0099213
41.152,18.52,24.4222,128.251,7.040453e-05,4.9192314,1.5039605
41.152,18.52,24.983858,131.95499,7.07056e-05,4.9687223,1.3313653
41.152,18.52,25.959015,138.437,7.102178e-05,5.4392033,1.5596668
41.152,18.52,27.04254,145.845,7.137252e-05,5.903078,1.8047526
38.58,31.484,29.620808,145.845,7.179857e-05,6.3599052,2.0664582
36.008,46.3,32.574375,145.845,7.2258685e-05,6.428149,1.8432425
34.4648,46.3,33.763474,142.14099,7.2632116e-05,6.922622,1.9850304
33.436,46.3,34.392456,138.9,7.314133e-05,8.268372,2.8470285
31.8928,46.3,36.54483,138.9,7.385336e-05,9.398556,4.1845064
30.864,46.3,38.085052,138.9,7.4895885e-05,11.0000105,5.604786
30.864,50.004,38.896362,142.14099,7.620776e-05,11.905025,7.1532607
30.864,55.56,39.807465,145.845,7.793102e-05,12.068593,8.768346
28.292,64.82,49.598797,162.97598,7.990462e-05,11.662458,10.875418
25.720001,74.08,62.147156,180.56999,8.239592e-05,10.767674,13.781994
24.1768,92.6,77.51468,207.424,8.545393e-05,10.085848,16.14073
23.148,111.12,93.75132,236.12999,8.8782996e-05,9.7736,16.928371
