Vmax,Rmax_IBT,Rmax_CK22,R34,fcor,u_trans,v_trans
25.720001,203.72,110.97735,333.36,9.452311e-05,13.341821,-0.93295103
28.292,194.46,99.01934,361.14,9.431319e-05,11.786179,-1.0311573
30.864,185.2,86.19619,388.92,9.413484e-05,9.236646,-0.64588916
31.8928,185.2,82.76532,416.7,9.405536e-05,7.2016,-3.1479195e-07
33.436,185.2,65.219955,333.36002,9.413484e-05,7.6866384,0.6724941
34.4648,175.94,65.37336,388.92,9.432441e-05,8.079185,1.5704349
36.008,166.68,60.11327,444.47998,9.47168e-05,7.338352,2.384375
36.008,166.68,60.309906,463.0,9.526299e-05,6.2367687,3.6007998
36.008,166.68,60.217922,481.51996,9.606459e-05,3.361948,5.1769457
34.4648,175.94,69.66217,523.19,9.723435e-05,0.43059275,6.1577635
33.436,185.2,77.23733,564.86,9.834162e-05,-2.48048,5.085736
31.8928,194.46,91.683136,620.42,9.9079254e-05,-3.8381126,2.5888395
30.864,203.72,104.17109,675.98,9.92777e-05,-1.7996175,-0.9975442
29.3208,203.72,126.87272,708.39,9.867707e-05,1.0527725,-3.4434621
28.292,203.72,146.05243,740.8,9.796507e-05,4.623397,-2.254981
28.292,203.72,146.68436,750.06,9.786648e-05,6.149311,0.5379953
28.292,203.72,146.87363,759.32,9.815349e-05,3.1981113,2.5897794
28.292,203.72,147.09955,777.84,9.876497e-05,-1.6079365,3.7880616
28.292,203.72,147.07661,796.36,9.9464e-05,-4.2704496,3.7122433
26.7488,203.72,180.35292,824.13995,0.000100155514,-6.359905,2.0664594
25.720001,203.72,208.4372,851.92,0.00010020622,-7.6837406,-2.9495103
25.720001,194.46,209.87036,851.92,9.904264e-05,-7.8613105,-8.140625
25.720001,185.2,212.13803,851.92,9.720843e-05,-6.6159234,-9.808509
25.720001,175.94,214.39563,851.92,9.53903e-05,-3.8539531,-9.538867
25.720001,166.68,216.68954,851.92,9.35503e-05,0.0,9.7736
24.1768,129.64,172.95749,484.6067,9.1726666e-05,3.5568304,-7.9887733
23.148,92.6,47.88936,123.466675,9.038981e-05,4.8103695,-4.645319
23.148,87.044,47.877483,123.466675,8.9904286e-05,5.04949,-0.98152167
23.148,83.34,47.879578,123.466675,8.998974e-05,5.627403,0.5914636
23.148,83.34,46.63112,120.38,9.012183e-05,5.9894414,1.4933355
23.148,83.34,50.401592,129.64,9.058944e-05,8.108038,3.2758603
21.604801,83.34,54.478745,129.64,9.1384216e-05,9.166676,4.670655
20.576,83.34,57.478542,129.64,9.2373535e-05,7.676225,5.177679
20.576,87.044,53.136578,120.38,9.337994e-05,5.8233395,5.0621514
20.576,92.6,48.812386,111.12,9.4329116e-05,5.9964585,4.855836
20.576,92.6,48.842464,111.12,9.5178446e-05,6.7485657,3.7407908
20.576,92.6,48.860172,111.12,9.568096e-05,7.6210036,1.2070485
19.0328,92.6,52.92971,111.12,9.561766e-05,8.169052,-1.003033
18.004,92.6,55.900105,111.12,9.529617e-05,8.105362,-1.4291941
18.004,101.86,55.889732,111.12,9.508502e-05,8.679618,-1.0657227
18.004,111.12,83.39809,160.50667,9.491022e-05,9.736408,-0.8518256
18.004,138.9,97.52719,185.2,9.480218e-05,10.273901,-0.5384322
18.004,166.68,97.51882,185.2,9.47168e-05,10.79582,-0.37699798
