Vmax,Rmax_IBT,Rmax_CK22,R34,fcor,u_trans,v_trans
18.004,129.64,81.1072,166.68,4.093299e-05,0.25075823,-2.042263
18.004,129.64,81.05093,166.68,4.0511353e-05,-0.45118815,-1.4757695
18.004,129.64,81.00917,166.68,4.0199502e-05,-0.9919498,-1.1821599
18.004,129.64,80.98781,166.68,4.004042e-05,-0.9166674,-0.4670656
18.004,129.64,80.97627,166.68,3.995476e-05,-1.43083,-0.57809323
18.004,129.64,80.9574,166.68,3.9813895e-05,-1.4591242,-0.5024168
18.004,129.64,80.94339,166.68,3.9709896e-05,-2.042263,-0.25075886
19.0328,105.564,69.53541,151.864,3.96915e-05,-2.572,3.0670794e-08
20.576,83.34,52.54327,125.009995,3.9709896e-05,-3.08593,0.053864837
20.576,105.564,52.54321,125.009995,3.970994e-05,-3.0864,3.6804952e-08
20.576,129.64,52.54327,125.009995,3.9709896e-05,-2.5716083,-0.044887304
21.604801,120.38,50.10661,125.009995,3.969139e-05,-2.572,3.0670794e-08
23.148,111.12,46.813183,125.009995,3.9709896e-05,-2.5579104,0.26884696
24.1768,68.524,44.82958,125.009995,3.981391e-05,-2.5157957,0.5347483
25.720001,27.78,40.52538,120.38,3.995476e-05,-2.5157957,0.5347483
26.7488,27.78,40.370552,124.70133,4.005858e-05,-2.5157957,0.5347483
28.292,27.78,39.629692,129.64,4.0199502e-05,-2.9947207,0.7466679
29.3208,27.78,39.086742,132.72667,4.040726e-05,-3.4434626,1.0527711
30.864,27.78,33.60579,120.380005,4.0688625e-05,-3.890998,1.3397782
31.8928,27.78,32.46559,120.380005,4.1036546e-05,-4.3773727,1.5072504
33.436,27.78,30.875612,120.380005,4.142137e-05,-4.892235,1.5895841
36.008,27.78,29.03126,122.69499,4.180566e-05,-5.4392037,1.5596656
38.58,27.78,27.383686,125.009995,4.2152973e-05,-5.4903216,1.3688912
39.6088,27.78,26.583723,125.009995,4.2414547e-05,-5.0315914,1.0694966
41.152,27.78,25.460701,125.009995,4.2640077e-05,-4.4718504,1.1982284
42.1808,27.78,24.332268,122.695,4.2954332e-05,-4.5109434,1.0414342
43.724,27.78,22.964088,120.38,4.3126656e-05,-5.1056576,0.6268949
43.724,27.78,22.964088,120.38,4.3126656e-05,-5.627403,0.59146327
38.58,27.78,24.489597,111.119995,4.3264125e-05,-5.0121593,1.1571491
33.436,27.78,26.201643,101.86001,4.3612705e-05,-4.3773727,1.5072504
26.7488,27.78,32.154045,99.545006,4.3960914e-05,-3.8418703,1.4747552
20.576,27.78,40.604233,97.23,4.4340795e-05,-3.8155472,1.5415801
18.004,31.484,22.430944,48.615,4.4686112e-05,-3.8155472,1.5415801
