Vmax,Rmax_IBT,Rmax_CK22,R34,fcor,u_trans,v_trans
20.576,92.6,54.70007,129.64,4.142137e-05,-1.8141406,2.49695
23.148,64.82,48.715706,129.64,4.196409e-05,-2.143994,2.2201698
25.720001,37.04,37.390316,111.12,4.239659e-05,-2.0540903,1.5478686
29.3208,27.78,36.405216,123.621,4.269488e-05,-1.8167529,0.9659848
33.436,18.52,34.857132,136.585,4.288343e-05,-1.387019,0.6764941
36.008,18.52,32.08831,136.585,4.302319e-05,-0.90837646,0.4829924
38.58,18.52,29.670351,136.585,4.3126656e-05,-0.9398556,0.41845065
42.1808,18.52,26.759672,136.585,4.3266456e-05,-1.4591242,0.5024168
46.296,18.52,23.972992,136.585,4.3369746e-05,-1.5197554,0.26797384
47.3248,18.52,23.35072,136.585,4.3387903e-05,-1.5432,1.8402476e-08
48.868,18.52,22.469685,136.585,4.3369746e-05,-1.5410851,-0.08076511
49.8968,18.52,22.750542,143.067,4.3351527e-05,-2.0576,2.4536634e-08
51.440002,18.52,22.789812,150.47499,4.3369746e-05,-2.042263,0.25075796
51.440002,18.52,22.777592,150.47499,4.3472974e-05,-1.987489,0.5325459
51.440002,18.52,22.761278,150.47499,4.3612705e-05,-1.987489,0.5325459
51.440002,18.52,23.072828,153.253,4.3715878e-05,-1.987489,0.5325459
51.440002,18.52,23.534462,157.42,4.385554e-05,-1.9335115,0.7037405
47.3248,18.52,26.17378,157.42,4.406179e-05,-1.8167529,0.9659848
43.724,18.52,28.887934,157.42,4.4340795e-05,-2.1068592,1.4752383
42.1808,18.52,29.0193,150.475,4.46861e-05,-2.0267637,1.5834814
41.152,18.52,28.65396,143.53,4.506766e-05,-2.1068592,1.4752383
41.152,18.52,28.627354,143.53,4.543068e-05,-2.6174154,1.6355432
41.152,18.52,28.600677,143.53,4.5793287e-05,-2.1570606,1.4008118
37.0368,22.223999,29.665462,130.566,4.6137506e-05,-2.0267637,1.5834814
33.436,27.78,30.195509,118.064995,4.651767e-05,-1.29489,1.5990552
31.8928,22.223999,31.774725,118.064995,4.6963636e-05,-0.86957973,1.8648187
30.864,18.52,32.91189,118.064995,4.748151e-05,-0.9634882,2.384717
30.864,22.223999,31.24927,112.046005,4.802868e-05,-0.9217227,2.4011688
30.864,27.78,29.711832,106.49,4.868306e-05,-0.79881984,2.9812334
29.3208,27.78,28.221563,95.841,4.943524e-05,-0.50113446,3.5657573
28.292,27.78,26.144876,85.655,5.035898e-05,-0.28706145,4.105176
25.720001,29.632,28.773779,85.655,5.1074945e-05,0.21537293,4.10956
25.720001,31.484,27.9827,83.34,5.1365405e-05,0.6942889,3.0072958
25.720001,37.04,26.402706,78.71,5.2027382e-05,0.7988191,2.9812334
23.148,37.04,32.50247,87.044,5.2676573e-05,0.87967575,2.4168894
20.576,37.04,26.827404,64.82,5.321436e-05,1.4752387,2.1068592
