Vmax,Rmax_IBT,Rmax_CK22,R34,fcor,u_trans,v_trans
23.148,55.56,56.66462,148.15999,5.5576067e-05,-3.4613113,0.9925145
24.1768,55.56,54.08477,148.15999,5.5811077e-05,-3.974978,1.0650918
25.720001,55.56,50.53645,148.15999,5.6046403e-05,-3.992961,0.99555725
26.7488,55.56,50.407944,154.33333,5.626305e-05,-4.492081,1.1200019
28.292,55.56,43.950645,143.53,5.6516048e-05,-4.9687223,1.3313649
29.3208,50.004,42.846355,145.845,5.6867644e-05,-5.465595,1.4645014
30.864,46.3,40.94802,148.16,5.721923e-05,-6.014591,1.3885788
30.864,46.3,41.437683,150.012,5.74697e-05,-6.0790215,1.0718954
30.864,46.3,42.17408,152.79001,5.768715e-05,-7.1315145,1.0022703
30.864,55.56,42.168274,152.79001,5.7920905e-05,-7.6409082,1.0738611
30.864,64.82,42.162403,152.79001,5.8154368e-05,-7.6409082,1.0738611
33.436,64.82,39.165512,156.957,5.8387086e-05,-7.1315145,1.0022703
36.008,64.82,36.634327,162.05,5.862087e-05,-6.6048694,1.0461091
39.6088,64.82,33.515873,169.921,5.8853162e-05,-6.0790215,1.0718954
43.724,64.82,30.155106,178.255,5.9086666e-05,-5.5544395,1.0796729
46.296,50.004,27.625229,178.255,5.933547e-05,-5.0494905,0.9815209
48.868,37.04,25.37016,178.255,5.9551734e-05,-5.603333,0.7874981
52.4688,31.484,22.620481,178.255,5.970273e-05,-6.149311,0.5379949
56.584,27.78,19.949316,178.255,5.9784e-05,-6.1690397,0.21542646
59.156002,27.78,19.22264,193.997,5.978363e-05,-5.6584,6.7475746e-08
61.728,27.78,18.30468,210.66501,5.9784e-05,-5.1408668,0.17952205
67.9008,31.484,15.278855,226.407,5.9864953e-05,-4.6042385,0.4839245
74.588,37.04,12.303692,243.075,6.0016075e-05,-4.052681,0.7145969
75.6168,40.744,11.804262,250.946,6.0184117e-05,-3.4434626,1.0527711
77.16,46.3,11.062977,259.28,6.0479695e-05,-3.236378,1.5784862
79.732,31.484,10.042934,259.28,6.0942573e-05,-3.2634332,1.5217636
79.732,18.52,9.991778,259.28,6.1173734e-05,-2.774038,1.3529882
75.6168,18.52,11.399189,259.28,6.1588136e-05,-3.4898872,2.1807244
72.016,18.52,12.802012,259.28,6.20965e-05,-3.5274155,2.119484
67.9008,18.52,14.717704,259.28,6.2556646e-05,-3.599235,1.9950885
64.3,18.52,16.68092,259.28,6.3016254e-05,-3.6335058,1.9319696
62.7568,22.223999,17.569107,261.595,6.345754e-05,-3.599235,1.9950885
61.728,27.78,18.159815,263.91,6.393293e-05,-3.4898872,2.1807244
60.1848,31.484,19.172695,268.54,6.446978e-05,-3.7923467,2.6554291
59.156002,37.04,19.845655,273.16998,6.507438e-05,-3.6481745,2.8502665
59.156002,37.04,19.689098,277.8,6.5722554e-05,-3.54648,2.9758492
59.156002,37.04,19.501717,282.43,6.643758e-05,-3.8227363,3.4420085
57.6128,37.04,20.613316,282.43,6.719543e-05,-3.637358,3.6373568
56.584,37.04,21.318314,282.43,6.801876e-05,-3.4420075,3.8227372
55.040802,37.04,22.489668,275.485,6.890071e-05,-3.1669621,4.053528
54.012,37.04,23.17195,268.54,6.981338e-05,-3.0957363,4.1081815
52.4688,37.04,24.58282,268.54,7.0629554e-05,-2.8016226,4.3141217
51.440002,37.04,25.483725,268.54,7.159438e-05,-2.0099206,4.735077
51.440002,37.04,24.615595,243.53801,7.2258685e-05,-2.0096662,5.8364973
45.7816,37.04,30.12449,224.555,7.279763e-05,-2.4119048,5.6820927
33.436,37.04,43.49315,180.56999,7.402041e-05,-1.464503,5.4655943
28.292,37.04,51.465393,168.995,7.522453e-05,0.0,5.6584
23.148,37.04,61.268917,157.42,7.641916e-05,0.39471,5.6446166
20.576,46.3,52.471794,120.38,7.7624056e-05,0.49316204,5.6368685
18.004,55.56,40.45045,83.34,7.878973e-05,0.88516885,5.588736
