Vmax,Rmax_IBT,Rmax_CK22,R34,fcor,u_trans,v_trans
18.004,111.12,63.89277,129.64,6.3016254e-05,-3.9353857,1.203167
18.004,111.12,68.844185,138.9,6.337152e-05,-4.1610575,2.0294824
18.004,111.12,49.412613,101.86,6.393293e-05,-4.2645693,2.8764882
20.576,83.34,47.643566,111.12,6.471514e-05,-4.45888,3.483659
23.148,55.56,34.94889,92.600006,6.552959e-05,-4.6350904,3.2455244
24.1768,55.56,38.06466,104.94666,6.614827e-05,-4.499044,2.4938607
25.720001,55.56,39.95117,117.293335,6.666408e-05,-4.5833383,2.335326
25.720001,55.56,44.267513,129.64,6.715028e-05,-4.1250043,2.1017933
25.720001,55.56,48.586884,141.98666,6.756802e-05,-3.2083368,1.6347281
25.720001,55.56,51.827206,151.24666,6.792261e-05,-2.672901,1.5431998
25.720001,55.56,55.06523,160.50667,6.8243826e-05,-2.6174154,1.6355432
26.7488,64.82,57.596687,175.94,6.859776e-05,-2.1322846,1.4382441
28.292,74.08,46.70384,152.79,6.8917754e-05,-2.1570606,1.4008118
30.864,74.08,42.46492,155.105,6.915864e-05,-1.781934,1.0287998
33.436,74.08,38.737637,157.42,6.936598e-05,-1.781934,1.0287998
36.008,50.004,34.984272,157.42,6.9606496e-05,-1.781934,1.0287998
38.58,27.78,31.711266,157.42,6.981338e-05,-1.8940307,0.80396855
38.58,27.78,31.701088,157.42,6.9941845e-05,-1.9778922,0.5671511
38.58,27.78,31.69359,157.42,7.003676e-05,-1.4906167,0.39940947
37.0368,37.04,34.00951,159.735,7.013161e-05,-1.4407014,0.5530332
36.008,46.3,35.827106,162.05,7.025991e-05,-0.7995278,0.64744484
36.008,46.3,36.252983,164.36499,7.044938e-05,-0.43478987,0.93240935
36.008,46.3,36.670727,166.68,7.07056e-05,-0.18806891,1.5316973
36.008,40.744,36.64684,166.68,7.1022616e-05,0.0,1.5432
36.008,37.04,36.620422,166.68,7.137252e-05,0.24140969,1.5242007
37.0368,37.04,35.52916,168.995,7.170525e-05,0.42536357,1.4834191
38.58,37.04,33.765842,171.31,7.2037474e-05,0.451188,1.4757695
43.724,37.04,27.719452,171.31,7.229869e-05,0.42536357,1.4834191
48.868,37.04,22.978285,171.31,7.270045e-05,0.96348816,2.384717
48.868,37.04,22.288774,163.90201,7.340793e-05,1.4069446,3.314554
48.868,37.04,22.114094,162.05,7.3581316e-05,1.2059525,2.8410463
43.724,37.04,26.470865,162.04999,7.402041e-05,1.3529887,2.774038
37.0368,37.04,34.077057,162.04999,7.467527e-05,1.8004,3.1183844
30.864,37.04,44.041508,162.04999,7.533226e-05,2.065334,2.9496028
24.1768,46.3,60.59492,163.59334,7.58926e-05,2.3145494,2.7583728
18.004,55.56,71.574295,141.98666,7.641916e-05,2.4557395,2.6334584
