Vmax,Rmax_IBT,Rmax_CK22,R34,fcor,u_trans,v_trans
23.148,55.56,27.053959,74.08,2.707799e-05,-8.12907,1.2875189
24.1768,46.3,29.302692,83.34,2.7327853e-05,-7.6409082,1.0738611
25.720001,37.04,26.623598,80.253334,2.7578055e-05,-7.1315145,1.0022703
28.292,31.484,21.532793,70.99333,2.7808459e-05,-6.6221204,0.9306796
30.864,27.78,15.551537,55.559998,2.807779e-05,-6.5643377,1.2759771
31.8928,27.78,17.608604,64.82,2.8451874e-05,-6.515807,1.5042937
33.436,27.78,19.25414,74.08,2.882674e-05,-7.069287,1.3741292
33.436,27.78,19.252756,74.08,2.9076416e-05,-7.112936,1.1265789
33.436,27.78,19.251444,74.08,2.9325609e-05,-6.5643377,1.2759771
34.4648,27.78,19.293259,76.395,2.966156e-05,-5.9894414,1.4933358
36.008,27.78,19.06876,78.71,3.0073232e-05,-5.9030786,1.8047506
39.6088,27.78,17.434313,78.71,3.0552346e-05,-5.3501225,1.8421949
43.724,27.78,15.883147,78.71,3.1068776e-05,-5.282572,2.0277884
46.296,27.78,15.0412035,78.71,3.1621505e-05,-4.802338,1.843444
48.868,27.78,14.28508,78.71,3.206281e-05,-4.4502573,1.27609
51.440002,27.78,13.609712,78.71,3.2205382e-05,-4.559266,0.8039215
54.012,27.78,12.998391,78.71,3.231108e-05,-4.492081,1.1200019
56.584,27.78,15.293995,99.545,3.264614e-05,-4.3773727,1.5072504
59.156002,27.78,17.116102,120.380005,3.305528e-05,-3.7880614,1.6079371
61.728,22.223999,16.315691,120.380005,3.342666e-05,-3.236378,1.5784862
64.3,18.52,15.572946,120.380005,3.3798577e-05,-3.236378,1.5784862
64.3,18.52,15.531753,120.380005,3.4207027e-05,-3.2894945,1.4645773
64.3,18.52,15.497884,120.380005,3.454095e-05,-2.9182484,1.0048336
65.328804,18.52,15.215376,120.380005,3.4683133e-05,-2.9812334,0.79881895
66.872,18.52,14.817386,120.380005,3.47882e-05,-2.401169,0.921722
67.9008,18.52,15.166833,127.325005,3.496105e-05,-1.7058278,1.1505953
69.444,18.52,15.311841,134.27,3.5282377e-05,-1.7210038,1.9113686
67.9008,18.52,15.649378,134.27,3.584387e-05,-1.8574418,2.4649088
66.872,18.52,15.849034,134.27,3.651592e-05,-1.9839002,2.3643193
62.7568,18.52,17.435871,138.9,3.715009e-05,-2.590199,2.5013258
59.156002,18.52,19.103575,143.53,3.7746686e-05,-2.7583733,2.3145492
56.584,18.52,20.095158,143.53,3.8238166e-05,-2.837469,2.216874
54.012,18.52,21.19254,143.53,3.872924e-05,-3.1981113,2.5897794
54.012,18.52,21.126074,143.53,3.930551e-05,-3.0581892,2.7536068
54.012,18.52,21.05142,143.53,3.995476e-05,-2.9602275,2.858658
54.012,22.223999,22.25412,155.10501,4.068844e-05,-2.9098864,2.9098854
54.012,27.78,23.375618,166.68,4.142137e-05,-3.0581892,2.7536068
56.584,27.78,21.870785,166.68,4.208607e-05,-3.2428217,2.5335703
59.156002,27.78,20.501211,166.68,4.2640077e-05,-2.949603,2.0653336
59.156002,27.78,20.439709,166.68,4.3022996e-05,-2.5884728,1.6809741
59.156002,27.78,20.384094,166.68,4.3369746e-05,-3.0536513,1.9081337
59.156002,22.223999,21.545956,182.885,4.3837295e-05,-3.019885,1.9611366
59.156002,18.52,22.564865,199.09,4.4340795e-05,-2.9851987,2.0135417
59.156002,18.52,22.464535,199.09,4.4807224e-05,-2.9131088,2.1164966
59.156002,18.52,22.35705,199.09,4.5309676e-05,-2.7983472,2.2660568
59.156002,22.223999,21.479677,187.515,4.5895787e-05,-3.1057816,2.6998134
59.156002,27.78,20.563543,175.93999,4.651767e-05,-3.1981113,2.5897794
59.156002,27.78,20.463005,175.93999,4.710221e-05,-3.2865446,2.4765897
59.156002,27.78,20.356785,175.93999,4.7722115e-05,-3.54648,2.9758492
59.156002,27.78,20.699934,182.885,4.8424874e-05,-3.3858752,3.1573796
59.156002,27.78,20.999922,189.83,4.916265e-05,-3.4404626,3.0978076
61.728,27.78,19.82481,196.775,4.9862687e-05,-3.4940042,3.03729
64.3,27.78,18.626236,203.72,5.059779e-05,-3.8227363,3.4420085
64.3,27.78,18.545015,206.035,5.1360857e-05,-3.7002842,3.5733225
64.3,27.78,18.426262,208.35,5.22651e-05,-3.9678004,4.7286386
64.3,27.78,18.17838,208.35,5.3397773e-05,-3.628281,4.9939
64.3,27.78,17.91148,208.35,5.4633376e-05,-4.024457,5.340636
64.3,27.78,17.671328,208.35,5.5758417e-05,-4.024457,5.340636
64.3,27.78,17.412827,208.35,5.698501e-05,-3.3436012,5.7912846
64.3,27.78,17.11523,208.35,5.841654e-05,-2.8138888,6.629108
64.3,27.78,16.788074,208.35,6.0016075e-05,-2.765168,7.2035065
65.328804,27.78,16.082163,217.60999,6.16645e-05,-2.6795552,7.7819963
66.872,27.78,15.002998,226.87,6.3474974e-05,-1.8181468,8.553705
66.872,27.78,14.57182,226.87,6.551238e-05,-1.1284134,9.190184
66.872,27.78,14.148319,226.87,6.756802e-05,-0.7621621,8.711524
66.872,31.484,13.704113,250.01999,6.941613e-05,-0.28723767,8.225387
66.872,37.04,13.095461,273.16998,7.115043e-05,0.5741237,8.210352
65.328804,37.04,13.578538,273.16998,7.2843846e-05,1.5704343,8.079185
64.3,37.04,13.8206005,273.16998,7.4458614e-05,1.8666694,7.486802
62.7568,37.04,14.430088,273.16998,7.6032935e-05,2.25594,7.3788476
61.728,37.04,14.777636,273.16998,7.750023e-05,3.6224427,6.8128233
60.1848,37.04,15.572058,273.16998,7.8774574e-05,4.8377075,6.6585336
59.156002,37.04,16.04286,273.16998,8.007058e-05,5.0158114,7.1633215
57.6128,37.04,16.507626,307.89502,8.167458e-05,4.7627597,7.334007
56.584,37.04,16.427994,342.62,8.3234e-05,4.7207637,6.741949
54.012,37.04,18.785748,342.62,8.4487816e-05,4.5321136,5.5966945
51.440002,37.04,21.664291,342.62,8.551773e-05,4.560659,4.8907084
48.868,37.04,25.104544,347.25,8.641674e-05,4.5872846,4.1304092
46.296,37.04,29.353456,351.88,8.7158856e-05,4.63509,3.2455251
44.7528,37.04,32.27076,351.88,8.778373e-05,4.9489484,2.7432466
43.724,37.04,34.34428,351.88,8.837856e-05,5.4502587,2.8979545
43.724,37.04,34.192524,368.08502,8.907052e-05,6.298661,3.4914048
43.724,37.04,33.924957,384.29,8.9789304e-05,6.2367687,3.6007998
44.7528,37.04,31.23676,386.605,9.0411326e-05,6.613903,3.9740338
46.296,37.04,27.598246,388.92,9.1186645e-05,7.676225,5.177679
46.296,37.04,27.209223,388.92,9.225368e-05,9.155483,6.6518483
46.296,37.04,26.742842,388.92,9.35503e-05,9.859635,7.429767
44.7528,37.04,29.428139,398.18,9.48287e-05,10.539171,8.234103
43.724,37.04,31.0984,409.292,9.644705e-05,11.821598,9.919498
42.1808,55.56,34.258465,419.015,9.855055e-05,12.997308,11.7028265
41.152,74.08,36.20833,430.59003,0.00010094355,12.791084,11.927878
39.6088,83.34,39.37216,495.41,0.000103249615,11.358626,12.615032
38.58,92.6,40.575874,560.23,0.000105790044,7.6669364,15.719549
37.0368,101.86,46.600025,560.23,0.00010868009,4.2814484,18.54499
36.008,111.12,50.643246,560.23,0.000111721456,2.7204444,19.356966
