Vmax,Rmax_IBT,Rmax_CK22,R34,fcor,u_trans,v_trans
20.576,74.08,42.062164,101.86,3.1814445e-05,1.4676704,0.476875
20.576,92.6,50.040073,120.380005,3.2075233e-05,1.4293292,1.4801135
20.576,111.12,58.129158,138.9,3.2559245e-05,1.2469304,2.249522
20.576,111.12,68.37367,162.04999,3.3123397e-05,0.92172235,2.4011688
20.576,111.12,78.777626,185.2,3.3798577e-05,1.2059525,2.8410463
21.604801,111.12,79.08065,194.45999,3.4503864e-05,1.5784868,3.2363777
23.148,111.12,77.44189,203.72,3.5282377e-05,1.5784868,3.2363777
25.720001,111.12,74.12776,217.61,3.6090674e-05,1.6079367,3.7880616
28.292,111.12,46.73255,152.79001,3.700857e-05,1.203168,3.9353852
29.3208,96.304,46.352486,157.41998,3.8060058e-05,0.962548,4.5284324
30.864,83.34,45.090393,162.04999,3.9219805e-05,0.9815215,5.04949
31.8928,77.784,47.651085,178.255,4.040744e-05,0.9815215,5.04949
33.436,74.08,48.902943,194.46,4.1665367e-05,0.7874971,5.603333
36.008,59.264,46.92045,206.035,4.2957497e-05,0.9825709,5.5724363
38.58,46.3,44.763306,217.61,4.4340795e-05,1.804752,5.903078
38.58,42.596,44.690792,217.61,4.4825505e-05,2.1771393,6.3228717
40.1232,37.04,44.64935,233.352,4.5791407e-05,1.1778258,6.059388
43.724,27.78,42.093773,259.28,4.7240763e-05,1.7307748,6.459339
47.8392,22.223999,38.052498,287.06003,4.8764417e-05,2.1771393,6.3228717
51.440002,18.52,34.001457,310.21002,4.9880902e-05,1.2833973,6.0379095
51.440002,18.52,33.906166,310.21002,5.012002e-05,2.406336,7.8707705
48.868,27.78,38.18365,337.99,5.2027382e-05,2.4103937,8.406042
48.868,37.04,38.373627,365.77002,5.392461e-05,1.8181463,8.553706
47.3248,37.04,41.39252,398.18,5.5827146e-05,1.0030335,8.169052
46.296,37.04,43.455097,430.59003,5.768715e-05,-1.0030341,8.169052
42.1808,37.04,54.669662,453.74002,5.955786e-05,-2.8149645,7.7340455
38.58,37.04,68.55924,476.89,6.1173734e-05,-2.8261342,6.060661
37.0368,46.3,74.53951,469.945,6.234947e-05,-2.3353271,4.583338
36.008,55.56,78.594444,463.0,6.324571e-05,-2.3844206,3.9683416
34.4648,92.6,86.75101,465.31497,6.409878e-05,-2.2412982,3.4512973
33.436,129.64,92.780136,467.62997,6.4846485e-05,-2.119485,3.5274146
33.436,148.16,92.64109,469.94498,6.5563625e-05,-1.4645767,3.2894948
33.436,166.68,92.53311,472.25998,6.621089e-05,-0.40234917,2.5403345
31.8928,138.9,105.475044,493.095,6.677719e-05,0.44662312,2.5329256
30.864,111.12,116.29358,513.93,6.734234e-05,0.85072714,2.9668381
30.864,120.38,117.873795,527.82,6.79849e-05,0.85072714,2.9668381
30.864,129.64,119.300735,541.71,6.869332e-05,1.231546,3.3836453
33.436,133.344,98.56886,557.915,6.9427086e-05,1.8682617,3.66667
36.008,138.9,80.21733,574.12,7.025991e-05,3.0235674,4.1615834
36.008,138.9,79.61522,581.065,7.124519e-05,4.0497212,4.6586714
36.008,138.9,78.95084,588.01,7.2258685e-05,4.287987,4.4403405
34.4648,151.864,90.19494,608.84503,7.3157666e-05,3.9306552,4.0703125
33.436,166.68,99.00947,629.68,7.402041e-05,3.7862089,4.2050104
33.436,166.68,97.75021,620.42,7.4911666e-05,3.7122445,4.2704487
33.436,166.68,96.54101,611.16,7.576771e-05,3.5733228,3.700284
33.436,175.94,95.86196,611.16,7.652716e-05,3.8227372,3.4420075
33.436,185.2,95.18758,611.16,7.728449e-05,4.205011,3.7862084
33.436,203.72,94.94265,622.735,7.808135e-05,4.5145,4.2098393
33.436,222.24,94.504234,634.31,7.900381e-05,4.560659,4.8907084
34.4648,222.24,84.748375,645.885,8.0081605e-05,4.3340306,5.751454
36.008,222.24,71.448166,657.46,8.134267e-05,3.491405,6.298661
38.58,203.72,53.10531,675.98,8.273637e-05,2.126818,7.417095
41.152,185.2,38.378025,694.5,8.427592e-05,0.26928452,7.7113
42.1808,194.46,32.919334,696.81506,8.592607e-05,-2.1155577,8.485044
43.724,203.72,26.45508,699.13,8.756649e-05,-6.1914725,8.216363
42.1808,203.72,29.243557,733.855,8.910004e-05,-8.794806,7.121893
41.152,203.72,30.834448,768.58,9.038981e-05,-7.805543,5.8819003
38.58,175.94,42.31089,768.58,9.138516e-05,-5.2904005,6.304851
36.008,151.864,56.962162,796.36,9.257037e-05,-3.9901757,7.1984706
36.008,148.16,56.771183,796.36,9.2766924e-05,-6.1073027,3.8162675
31.8928,148.16,97.90011,754.69,9.341201e-05,-6.886925,2.1055422
28.292,148.16,148.70677,713.02,9.35503e-05,-7.1315145,1.0022703
26.7488,101.86,191.92111,870.44,9.376e-05,-6.096802,0.9656391
25.720001,55.56,220.30713,888.95996,9.3940274e-05,-5.5133753,1.272864
23.148,55.56,304.3981,902.85,9.421611e-05,-4.350401,1.5834161
20.576,55.56,403.035,888.95996,9.452311e-05,-3.8155472,1.5415801
