Vmax,Rmax_IBT,Rmax_CK22,R34,fcor,u_trans,v_trans
18.004,74.08,34.288162,74.08,3.2559245e-05,-8.743469,-0.15261684
18.004,74.08,38.72441,83.34,3.2559226e-05,-8.744801,1.042807e-07
18.004,74.08,37.242218,80.253334,3.2559245e-05,-7.716,9.201238e-08
19.0328,83.34,43.863792,98.77334,3.253988e-05,-6.6872,7.974406e-08
20.576,92.6,48.735485,117.293335,3.2559245e-05,-5.6575384,0.0987522
21.604801,83.34,51.616177,129.64,3.2608445e-05,-5.6368685,0.49316204
23.148,74.08,53.047985,141.98666,3.280731e-05,-4.9912014,1.2444466
24.1768,55.56,55.39914,154.33333,3.324693e-05,-5.2463775,2.1196725
25.720001,37.04,45.141697,134.27,3.3798577e-05,-5.2463775,2.1196725
26.7488,37.04,51.794666,159.735,3.429375e-05,-5.282572,2.0277884
28.292,37.04,56.686264,185.2,3.47882e-05,-4.735077,2.0099213
28.292,37.04,58.11254,189.83,3.526354e-05,-4.1250043,2.1017933
28.292,37.04,59.537556,194.46,3.577612e-05,-3.451297,2.241299
30.864,37.04,53.37033,192.145,3.633698e-05,-3.1057816,2.6998134
33.436,37.04,48.091347,189.83,3.700857e-05,-2.8065593,3.009667
37.0368,37.04,42.553345,189.83,3.7832568e-05,-2.97585,3.5464787
41.152,37.04,37.29723,189.83,3.872924e-05,-3.0372913,3.4940033
42.1808,37.04,37.522964,199.09,3.958717e-05,-3.5733235,3.700283
43.724,37.04,37.012497,208.34999,4.0444127e-05,-4.20501,3.7862093
43.724,37.04,39.43492,226.87,4.131761e-05,-4.397403,3.5609465
43.724,37.04,41.69749,245.39001,4.2152973e-05,-4.5777426,3.325923
43.724,37.04,42.684265,254.65,4.288318e-05,-4.6350904,3.2455244
43.724,37.04,43.617046,263.91,4.3612705e-05,-4.5777426,3.325923
44.7528,37.04,41.82346,263.91,4.4425535e-05,-4.397403,3.5609465
46.296,37.04,39.347904,263.91,4.5309676e-05,-4.138292,3.8590195
48.868,37.04,36.057976,268.54,4.6257806e-05,-3.859019,4.1382923
51.440002,37.04,32.958477,273.16998,4.7240763e-05,-4.3648295,4.364828
55.040802,37.04,29.089201,280.115,4.8221e-05,-4.5145,4.20984
59.156002,37.04,25.110085,287.06,4.916265e-05,-4.001094,4.0010924
60.1848,37.04,23.923798,287.06,5.0018007e-05,-3.508199,3.7620838
61.728,37.04,22.385511,287.06,5.083645e-05,-3.4420075,3.8227372
60.1848,40.744,23.335506,287.06,5.168819e-05,-3.508199,3.7620838
59.156002,46.3,23.929737,287.06,5.250265e-05,-3.3302557,3.2159903
57.6128,46.3,25.079891,287.06,5.3196414e-05,-3.3858752,3.1573796
56.584,46.3,25.809345,287.06,5.392461e-05,-3.215991,3.3302548
55.040802,46.3,27.06731,287.06,5.4798376e-05,-3.237225,3.997638
54.012,46.3,27.824219,287.06,5.581132e-05,-3.2455256,4.6350894
54.012,46.3,27.569538,291.69,5.6967267e-05,-3.3619473,5.176946
54.012,46.3,27.28389,296.32,5.8154368e-05,-3.4517875,5.117482
52.4688,46.3,29.04099,307.89502,5.920268e-05,-3.2455256,4.6350894
51.440002,46.3,30.291481,319.46997,6.0247978e-05,-3.5405736,5.0564613
51.440002,46.3,29.851347,319.46997,6.142161e-05,-3.628281,4.9939
51.440002,46.3,29.430634,319.46997,6.255676e-05,-4.1304092,4.5872846
51.440002,46.3,29.075111,319.46997,6.352626e-05,-4.5872836,4.13041
51.440002,46.3,28.761427,319.46997,6.43901e-05,-4.8642325,3.8003554
49.8968,50.004,30.807873,326.415,6.522211e-05,-5.0564623,3.540572
48.868,55.56,32.283592,333.36,6.5983986e-05,-5.1769457,3.3619483
47.3248,55.56,34.648106,333.36,6.669823e-05,-4.798595,2.9984958
46.296,55.56,36.294567,333.36,6.734234e-05,-4.2645693,2.8764882
44.7528,55.56,39.133373,333.36,6.7922236e-05,-3.1981113,2.5897794
43.724,55.56,41.12709,333.36,6.8468675e-05,-3.1981113,2.5897794
42.1808,55.56,44.48266,333.36,6.903001e-05,-3.1981113,2.5897794
41.152,55.56,46.846233,333.36,6.958979e-05,-2.6334584,2.4557397
41.152,55.56,46.65447,333.36,7.011473e-05,-1.7702868,2.5282307
41.152,55.56,46.439148,333.36,7.07056e-05,-0.482819,3.0484014
41.152,55.56,45.88912,328.72998,7.143325e-05,0.8711124,3.493841
41.152,55.56,45.310055,324.09998,7.2258685e-05,1.8682617,3.66667
41.152,83.34,45.06329,324.09998,7.297563e-05,2.8016233,4.3141212
41.152,111.12,44.705185,324.09998,7.402041e-05,4.3147326,6.3968544
41.152,111.12,45.486675,349.565,7.561716e-05,4.738335,8.548183
41.152,111.12,45.675064,375.03003,7.771575e-05,3.8705733,10.634314
42.1808,111.12,41.76573,375.03003,8.007525e-05,1.7181755,12.225453
43.724,111.12,36.646812,375.03003,8.2815466e-05,-0.5206183,14.908513
44.7528,120.38,32.781666,409.75497,8.6067346e-05,-3.0427191,15.6534195
46.296,129.64,27.389841,444.47998,8.898478e-05,-4.817441,11.923585
46.296,129.64,23.468515,548.65497,9.076071e-05,-5.744778,7.9070077
46.296,129.64,19.109816,652.83,9.197902e-05,-4.6436043,6.162272
43.724,129.64,25.037914,652.83,9.315818e-05,-2.7199283,6.1090617
41.152,129.64,33.03253,652.83,9.4329116e-05,-1.4972973,7.0442276
37.0368,129.64,52.38361,652.83,9.574729e-05,0.0,7.716
33.436,129.64,78.45556,652.83,9.720843e-05,1.8666694,7.486802
31.8928,129.64,92.29455,627.365,9.848731e-05,3.2609227,6.9930706
30.864,129.64,101.46763,601.9,9.983573e-05,3.9700563,7.7916746
29.3208,129.64,103.91934,453.74,0.00010135517,4.5099626,9.246794
28.292,129.64,85.231094,305.58,0.000103125865,5.2174764,11.188913
26.7488,120.38,92.683784,298.635,0.00010519577,6.088449,12.4831705
25.720001,111.12,97.1732,291.69,0.00010735388,6.9444,12.028053
24.1768,111.12,107.80442,291.69,0.000109224566,7.3599424,11.77837
23.148,111.12,115.54298,291.69,0.000111229085,7.730968,13.947036
21.604801,111.12,158.45572,361.14,0.00011361171,7.6669364,15.719549
20.576,111.12,184.09126,388.92,0.000116167525,7.532112,16.9174
