Vmax,Rmax_IBT,Rmax_CK22,R34,fcor,u_trans,v_trans
20.576,64.82,38.463852,92.600006,4.093299e-05,-0.57857406,-2.50608
21.604801,64.82,40.516487,101.86,4.0493032e-05,-0.45118815,-1.4757695
23.148,64.82,30.808962,83.340004,4.0199502e-05,-0.62767583,-1.4097834
25.720001,50.004,32.57813,97.229996,3.991805e-05,-0.46706548,-0.9166675
28.292,37.04,33.92408,111.12,3.9709896e-05,0.0,1.0288
29.3208,37.04,32.03231,108.805,3.945871e-05,0.0,0.5144
30.864,37.04,29.761969,106.49,3.9464914e-05,-0.9287209,1.2324544
31.8928,31.484,35.056896,130.103,3.9985167e-05,-1.9001774,2.4321167
33.436,27.78,39.474106,155.105,4.0688625e-05,-3.1057816,2.6998134
36.008,27.78,38.16678,163.902,4.126906e-05,-4.087694,2.173466
38.58,27.78,37.0164,173.625,4.1665367e-05,-4.0252733,0.8555973
52.4688,22.223999,26.710098,190.293,4.166536e-05,-3.6008,4.293911e-08
66.872,18.52,19.626074,208.35,4.1665367e-05,-2.4318738,0.83736134
72.016,18.52,17.344402,210.202,4.209778e-05,-2.143994,2.2201698
77.16,18.52,15.346971,212.98001,4.2640077e-05,-2.3293362,2.0248601
79.732,18.52,14.587475,227.79599,4.3059812e-05,-2.7251294,1.4489772
82.304,18.52,13.749843,243.07498,4.3369746e-05,-2.9812334,0.79881895
77.16,12.964,15.80415,271.781,4.345469e-05,-3.0395107,0.5359477
72.016,9.26,18.391693,300.95,4.3612705e-05,-2.6994264,1.4963164
70.4728,9.26,19.059162,303.265,4.420114e-05,-3.1057816,2.6998134
69.444,9.26,19.446978,305.58002,4.4825505e-05,-3.0864885,1.8545485
67.9008,9.26,20.31233,305.58002,4.5122237e-05,-3.4434626,1.0527711
66.872,9.26,20.92572,305.58002,4.5309676e-05,-2.9668384,0.85072666
66.872,27.78,20.78006,299.56097,4.5533292e-05,-2.3675385,1.0049607
66.872,46.3,20.62152,294.00497,4.5793287e-05,-1.7256485,1.1206495
66.872,46.3,20.464262,290.301,4.6101166e-05,-1.4032797,1.5048335
66.872,46.3,20.273663,287.06,4.651767e-05,-1.4008113,2.1570609
66.872,40.744,20.061651,287.06,4.7102254e-05,-1.5432006,2.6729007
66.872,37.04,19.839159,287.06,4.7722115e-05,-1.3629524,2.1811798
66.872,37.04,19.674454,287.06,4.818483e-05,-1.4752389,2.1068587
66.872,37.04,19.49848,287.06,4.868306e-05,-1.4489768,2.7251296
65.328804,37.04,20.24559,286.597,4.943811e-05,-1.5217645,3.2634327
64.3,37.04,20.723751,287.06,5.012002e-05,-1.5478681,2.0540907
62.7568,37.04,21.762293,287.06,5.0363484e-05,-1.2641156,0.885143
61.728,37.04,22.469286,287.06,5.059779e-05,-1.0597425,1.7637073
65.8432,31.484,19.289934,287.06,5.1221283e-05,-0.7519801,2.4596157
66.872,29.632,18.593012,287.06,5.131329e-05,-0.11571481,0.501216
61.728,27.78,22.219221,287.06,5.131329e-05,-0.40198413,0.9470154
59.156002,27.78,24.195768,287.06,5.1737978e-05,-0.9341309,1.833335
59.156002,27.78,24.177685,287.06,5.178951e-05,-1.0098981,0.19630417
56.584,27.78,26.549976,287.06,5.178951e-05,-0.93240947,0.4347896
54.012,31.484,29.147545,287.06,5.1959756e-05,-0.46706545,0.9166675
51.440002,37.04,32.02744,287.06,5.22651e-05,-0.2414095,1.5242007
47.3248,46.3,37.509624,287.06,5.260356e-05,0.0,1.5432
43.724,55.56,43.304703,287.06,5.2977284e-05,0.16130833,1.5347463
43.724,55.56,43.18741,287.06,5.33506e-05,0.451188,1.4757695
43.724,55.56,43.08151,287.06,5.3688025e-05,0.46706542,0.9166675
43.724,55.56,43.60649,293.542,5.3871092e-05,1.0524598,1.128625
43.724,55.56,44.15441,300.95,5.4161024e-05,2.2936423,2.0652046
43.724,55.56,44.856056,312.062,5.4781096e-05,3.3858752,3.1573794
43.724,55.56,45.488052,324.1,5.5576067e-05,3.2736216,3.2736216
44.7528,55.56,43.06597,323.637,5.6345158e-05,3.5081995,3.7620835
46.296,55.56,39.817635,324.09998,5.721923e-05,4.0703125,3.9306552
47.3248,55.56,37.595272,324.09998,5.821857e-05,5.351832,4.818811
48.868,55.56,34.597836,324.09998,5.9319285e-05,5.2669168,4.911479
52.4688,55.56,29.030651,329.656,6.0421044e-05,5.734106,5.1630116
56.584,55.56,23.611832,335.675,6.1635496e-05,7.092959,5.951699
54.5264,55.56,25.496693,346.787,6.300236e-05,8.848808,6.1960025
54.012,55.56,25.875492,352.34302,6.370404e-05,11.808894,6.2789016
48.868,55.56,33.40282,358.825,6.43901e-05,11.514338,7.766518
51.440002,59.264,28.453047,358.825,6.621987e-05,10.157625,9.472138
54.012,64.82,23.981474,358.825,6.8468675e-05,10.5338335,9.822958
55.040802,64.82,21.776596,370.40002,7.057654e-05,12.423124,10.799256
56.584,64.82,18.851927,381.97498,7.314133e-05,15.290949,13.76803
54.012,64.82,19.869625,422.25598,7.641043e-05,17.681791,16.488537
51.440002,64.82,21.07232,463.0,8.007058e-05,17.823051,17.823051
48.868,64.82,23.671614,474.112,8.366963e-05,17.509283,18.131392
46.296,64.82,27.040295,486.15,8.7362794e-05,17.891817,19.186625
42.1808,74.08,36.385315,486.15,9.13108e-05,17.540997,18.810417
38.58,83.34,48.250904,486.15,9.47168e-05,15.800752,14.734438
