Vmax,Rmax_IBT,Rmax_CK22,R34,fcor,u_trans,v_trans
20.576,129.64,54.892025,129.64,4.4340795e-05,-0.890967,-0.5143999
21.604801,129.64,52.31638,129.64,4.4371056e-05,-0.35081992,0.37620836
23.148,129.64,48.832108,129.64,4.458322e-05,-0.4184505,0.9398557
24.1768,129.64,57.129932,157.42,4.4807333e-05,-0.46706545,0.9166675
25.720001,129.64,45.98408,135.81334,4.506766e-05,-0.40198413,0.9470154
26.7488,111.12,45.14578,138.90001,4.529148e-05,-0.46706545,0.9166675
28.292,92.6,39.662422,129.64,4.5551555e-05,-0.86294687,1.2793705
30.864,74.08,36.109676,129.64,4.5877645e-05,-1.4032797,1.5048335
33.436,55.56,33.056488,129.64,4.627635e-05,-2.4969504,1.8141398
33.436,55.56,33.044884,129.64,4.6722613e-05,-3.5274155,2.119484
33.436,55.56,33.031322,129.64,4.7240763e-05,-4.0093513,2.3147995
34.4648,46.3,34.07053,138.90001,4.782431e-05,-4.454835,2.5719995
36.008,37.04,34.35458,148.16,4.844305e-05,-4.454835,2.5719995
36.008,37.04,36.297554,157.42,4.8983427e-05,-4.4092693,2.649355
36.008,37.04,38.200237,166.68001,4.9641636e-05,-5.1769457,3.3619483
37.5512,37.04,36.15697,166.68001,5.0574894e-05,-5.9703975,4.0270834
38.58,37.04,34.900463,166.68001,5.083645e-05,-6.993071,3.260922
33.436,37.04,42.866806,171.31001,5.131329e-05,-6.4166737,3.2694561
31.8928,37.04,45.41006,171.31001,5.208076e-05,-5.1174836,3.451786
30.864,37.04,47.237778,171.31001,5.2977284e-05,-5.122693,4.2984486
29.3208,37.04,50.24148,171.31001,5.3989428e-05,-4.8103695,4.6453195
28.292,37.04,52.423664,171.31001,5.510506e-05,-4.3871984,5.0468936
28.292,46.3,52.415268,171.31001,5.6228087e-05,-3.628281,4.9939
28.292,55.56,52.405113,171.31001,5.7453286e-05,-3.6421094,5.6083584
30.864,55.56,45.825363,166.68,5.87492e-05,-3.380946,6.358636
33.436,55.56,40.250355,162.05,6.0247978e-05,-2.3843749,7.338352
37.0368,50.004,35.044266,162.05,6.1957886e-05,-0.86031264,8.185313
41.152,46.3,30.076023,162.05,6.393293e-05,0.96784997,9.208477
44.7528,46.3,26.631744,164.365,6.605609e-05,2.795867,10.434318
48.868,46.3,23.124706,166.68,6.8468675e-05,4.019334,11.672994
51.440002,46.3,20.897451,166.68,7.115043e-05,5.2174764,11.188913
43.724,37.04,23.081553,134.27,7.336144e-05,7.5643826,11.648128
37.0368,37.04,33.700634,160.50667,7.607848e-05,10.450977,13.376641
30.864,37.04,43.512184,160.50667,7.900381e-05,13.458222,13.458222
26.7488,37.04,57.535088,175.93999,8.1666374e-05,16.619463,12.984548
23.148,37.04,75.40308,191.37334,8.427592e-05,19.61702,13.231846
23.148,101.86,164.1998,416.7,8.696499e-05,22.274176,12.86
23.148,166.68,193.68677,500.04,8.938759e-05,24.436245,10.879717
23.148,203.72,193.23898,500.04,9.128368e-05,25.777863,8.87603
23.148,240.76,177.89888,456.82666,9.2766924e-05,26.701542,7.6565456
