Vmax,Rmax_IBT,Rmax_CK22,R34,fcor,u_trans,v_trans
26.0,41.0,23.533188,70.666664,2.7952854e-05,-1.9964805,0.49777862
28.0,37.0,21.077118,69.75,2.807779e-05,-1.9964805,0.49777862
31.0,31.0,20.734703,74.25,2.820267e-05,-1.9964805,0.49777862
33.0,28.0,20.442444,79.0,2.8327528e-05,-1.4906167,0.39940947
36.0,28.0,21.276218,88.0,2.8433558e-05,-1.4591242,0.5024168
39.0,28.0,21.958096,97.25,2.857718e-05,-1.8648189,0.8695792
42.0,28.0,20.597795,99.5,2.882678e-05,-1.8333353,0.9341304
46.0,28.0,19.212086,101.75,2.9076216e-05,-1.8797112,0.8369013
54.0,28.0,16.83961,104.0,2.9219578e-05,-1.4591242,0.5024168
62.0,28.0,15.012512,106.5,2.9325609e-05,-1.4973603,0.37333396
