Vmax,Rmax_IBT,Rmax_CK22,R34,fcor,u_trans,v_trans
32.0,41.0,33.753853,125.0,3.1261487e-05,-2.3985834,1.9423344
33.0,37.0,34.503033,134.25,3.1814445e-05,-2.3145502,2.7583723
36.0,37.0,31.89212,134.25,3.2559197e-05,-1.9611359,3.019885
39.0,37.0,29.592201,134.25,3.330315e-05,-1.6809736,2.588473
40.0,37.0,29.188904,136.5,3.381705e-05,-1.5117838,2.0807917
41.0,37.0,28.385242,139.0,3.4293596e-05,-1.8574418,2.4649088
42.0,37.0,30.022678,152.75,3.4893248e-05,-1.9001774,2.4321167
44.0,37.0,30.980492,166.75,3.5529305e-05,-1.8574418,2.4649088
46.0,37.0,30.782997,180.75,3.6164547e-05,-1.9001774,2.4321167
49.0,37.0,30.301384,194.5,3.67623e-05,-2.1049194,2.2572503
50.0,37.0,29.356693,194.5,3.731008e-05,-2.36432,1.9838994
51.0,37.0,28.07412,194.5,3.7746686e-05,-2.6174154,1.6355432
51.0,37.0,28.440208,196.75,3.8047583e-05,-2.384717,0.9634875
51.0,37.0,28.758808,199.0,3.8238195e-05,-2.9947207,0.7466679
51.0,37.0,28.222769,194.25,3.8397855e-05,-3.5657573,0.5011352
51.0,37.0,27.67221,189.75,3.8483773e-05,-3.5958652,0.188452
54.0,37.0,25.884268,189.75,3.850221e-05,-3.6008,4.293911e-08
57.0,37.0,24.271065,189.75,3.8483773e-05,-3.08593,-0.053864766
