Vmax,Rmax_IBT,Rmax_CK22,R34,fcor,u_trans,v_trans
27.0,41.0,42.020477,129.5,4.107341e-05,-0.3007921,-0.9838463
28.0,37.0,39.637386,129.5,4.142137e-05,0.4768751,-1.4676703
29.0,37.0,38.448387,130.75,4.1701976e-05,0.8851433,-1.2641153
31.0,37.0,36.787506,132.0,4.1909232e-05,0.61914736,-0.82163614
34.0,37.0,37.317814,152.0,4.2031115e-05,0.28016233,-0.43141213
39.0,37.0,36.9518,173.5,4.2152973e-05,0.68840164,-0.76454735
42.0,31.0,39.538982,215.5,4.2378335e-05,1.0719969,-1.1100851
46.0,28.0,39.372887,257.0,4.2640077e-05,0.9287211,-1.2324542
49.0,28.0,36.546417,262.75,4.2865162e-05,0.4670655,-0.91666746
51.0,28.0,33.888027,268.75,4.3126656e-05,0.70059824,-1.3750012
