Vmax,Rmax_IBT,Rmax_CK22,R34,fcor,u_trans,v_trans
23.0,37.0,33.55517,90.5,3.6410933e-05,-4.595092,-0.56420743
23.0,37.0,33.558178,90.5,3.651592e-05,-4.075151,-0.5727258
26.0,37.0,38.504086,114.5,3.6638812e-05,-4.0395923,-0.78521657
28.0,37.0,42.452927,139.0,3.67623e-05,-4.0395923,-0.78521657
28.0,37.0,42.453316,139.0,3.686711e-05,-3.5460958,-0.6252722
28.0,37.0,42.453762,139.0,3.700857e-05,-3.0072958,-0.6942893
28.0,37.0,42.454365,139.0,3.721757e-05,-1.9209352,-0.7373776
28.0,37.0,42.45524,139.0,3.7500762e-05,-1.2942364,-0.84048706
29.0,37.0,40.836456,139.0,3.7851205e-05,-1.1100852,-1.0719968
31.0,37.0,38.586445,139.0,3.8238195e-05,-0.9500887,-1.2160584
32.0,37.0,42.1494,157.5,3.8606482e-05,-0.70059824,-1.3750013
33.0,37.0,44.495216,175.75,3.897458e-05,-0.45118815,-1.4757695
33.0,37.0,46.688908,185.25,3.9323986e-05,-0.32084948,-1.5094774
33.0,37.0,48.84447,194.25,3.9709896e-05,-0.3218794,-2.0322676
33.0,37.0,48.810097,194.25,4.0181138e-05,0.07180911,-2.0563467
33.0,37.0,48.77277,194.25,4.0688625e-05,0.77079076,-1.9077734
33.0,37.0,48.736713,194.25,4.1177267e-05,1.4382445,-2.1322844
33.0,37.0,48.700394,194.25,4.1665367e-05,1.2860001,-2.2274172
