Vmax,Rmax_IBT,Rmax_CK22,R34,fcor,u_trans,v_trans
23.0,46.0,48.37652,129.75,3.4646007e-05,-0.9166674,-0.4670656
23.0,46.0,48.38341,129.75,3.47882e-05,-0.9398556,-0.41845065
23.0,46.0,43.3927,116.5,3.4893255e-05,-1.43083,-0.57809323
23.0,46.0,38.610245,104.25,3.5035337e-05,-1.3087077,-0.8177716
23.0,46.0,38.6179,104.25,3.5263838e-05,-1.0719968,-1.1100851
23.0,46.0,38.62678,104.25,3.5529305e-05,-0.36868888,-0.9604676
23.0,41.0,39.34229,106.25,3.575761e-05,0.30079216,-0.9838463
23.0,37.0,40.415985,108.75,3.6022833e-05,0.0,1.5432
23.0,37.0,42.917778,115.25,3.63742e-05,0.0,2.0576
23.0,37.0,45.793453,122.75,3.67623e-05,0.7037408,-1.9335115
24.0,41.0,43.882797,122.75,3.713167e-05,1.2948899,-1.5990553
26.0,46.0,41.265633,122.75,3.7500762e-05,0.6764943,-1.387019
27.0,46.0,39.67386,122.75,3.7888036e-05,-0.24140956,-1.5242007
28.0,46.0,37.476784,122.75,3.8238195e-05,-0.9500887,-1.2160584
29.0,41.0,36.128273,122.75,3.8520604e-05,-1.18216,-0.9919497
31.0,37.0,34.259003,122.75,3.872924e-05,-0.42137185,-0.29504767
36.0,31.0,29.122461,122.75,3.88703e-05,0.0,0.0
41.0,28.0,25.21674,122.75,3.897458e-05,-0.3940533,-0.3306499
44.0,28.0,23.592207,122.75,3.909715e-05,-1.3087077,-0.8177716
