Vmax,Rmax_IBT,Rmax_CK22,R34,fcor,u_trans,v_trans
23.0,37.0,24.867758,68.0,3.330315e-05,-0.64744484,-0.7995278
26.0,37.0,24.623808,74.0,3.3055276e-05,-0.46706548,-0.9166675
28.0,37.0,21.101341,69.75,3.280731e-05,-0.26627305,-0.9937445
31.0,37.0,24.61588,88.0,3.2664677e-05,0.0,0.5144
33.0,37.0,27.520945,106.5,3.2559245e-05,-0.30235666,-0.4161584
36.0,37.0,27.7221,115.5,3.2453794e-05,-0.35081992,-0.37620836
39.0,37.0,27.817402,125.25,3.231108e-05,-0.33494443,-0.97274953
42.0,31.0,25.798931,127.5,3.208143e-05,0.14318137,-1.0187877
46.0,28.0,23.785213,129.75,3.1814445e-05,0.12537912,-1.0211315
52.0,28.0,21.467949,134.25,3.154735e-05,0.14318137,-1.0187877
