Vmax,Rmax_IBT,Rmax_CK22,R34,fcor,u_trans,v_trans
33.0,37.0,27.493023,106.75,3.280731e-05,-5.836497,2.0096672
34.0,37.0,32.783672,131.75,3.330267e-05,-5.836497,2.0096672
36.0,37.0,36.85472,157.5,3.3798577e-05,-6.3228717,2.1771395
37.0,41.0,37.1205,164.5,3.433012e-05,-6.359905,2.0664594
39.0,46.0,36.7042,171.25,3.47882e-05,-7.017023,1.6200086
41.0,37.0,34.392773,173.5,3.5091012e-05,-7.6409082,1.0738611
44.0,28.0,32.333847,176.0,3.5282377e-05,-7.162149,0.75277144
46.0,28.0,30.086843,176.0,3.5424033e-05,-6.661753,0.58282787
49.0,28.0,28.076502,176.0,3.5529305e-05,-5.6368685,0.49316204
51.0,28.0,27.239536,182.75,3.5652087e-05,-5.115821,0.5376939
54.0,28.0,26.391407,190.0,3.577612e-05,-5.115821,0.5376939
