Vmax,Rmax_IBT,Rmax_CK22,R34,fcor,u_trans,v_trans
41.0,37.0,27.216972,136.75,4.796257e-05,-3.5460956,0.62527233
41.0,37.0,34.142914,177.75,4.810061e-05,-3.5657573,0.5011352
41.0,37.0,40.57001,220.0,4.8202877e-05,-3.0189548,0.641698
44.0,37.0,37.062443,220.0,4.8322712e-05,-2.9947207,0.7466679
46.0,37.0,33.94975,220.0,4.844305e-05,-4.075151,0.5727259
46.0,37.0,35.041904,230.25,4.8563088e-05,-4.6119833,0.4034962
46.0,37.0,36.120987,241.0,4.868306e-05,-4.075151,0.5727259
47.0,31.0,35.66697,249.5,4.873088e-05,-2.9515393,0.9023753
49.0,28.0,34.49398,259.25,4.892293e-05,-2.774038,1.3529882
50.0,28.0,33.386627,263.5,4.9521535e-05,-2.672901,1.5431998
