Vmax,Rmax_IBT,Rmax_CK22,R34,fcor,u_trans,v_trans
59.0,37.0,27.135336,176.0,1.231145e-05,-4.833779,1.7593513
59.0,28.0,28.9632,189.5,1.2710968e-05,-5.317157,1.9352864
60.0,22.0,28.38616,189.5,1.319883e-05,-5.3501225,1.8421949
62.0,19.0,27.592932,189.5,1.3724946e-05,-5.8706813,1.9075009
63.0,22.0,28.42595,201.25,1.4250639e-05,-6.395002,1.9551464
64.0,28.0,28.909494,213.0,1.4738254e-05,-5.8706813,1.9075009
65.0,28.0,28.31618,213.0,1.5155669e-05,-5.9030786,1.8047506
67.0,28.0,27.542688,213.0,1.5497764e-05,-7.069287,1.3741292
68.0,28.0,26.999998,212.75,1.5769778e-05,-8.169052,1.0030318
69.0,28.0,26.369413,213.0,1.600387e-05,-8.185313,0.8603102
69.0,22.0,25.32408,203.25,1.6294598e-05,-7.174196,0.62766075
69.0,19.0,24.386662,194.5,1.6509784e-05,-7.184057,0.5023589
67.0,22.0,22.894356,172.0,1.6528425e-05,-6.6780353,0.3499823
64.0,28.0,21.159199,150.75,1.6509784e-05,-7.174196,0.62766075
62.0,28.0,21.96507,150.75,1.656012e-05,-7.6409082,1.0738611
59.0,28.0,22.81821,150.75,1.6762664e-05,-7.112936,1.1265789
62.0,22.0,23.845829,166.25,1.7211067e-05,-7.092191,1.2505447
64.0,19.0,24.71697,182.75,1.777367e-05,-7.486802,1.8666699
68.0,13.0,24.049679,190.75,1.8335253e-05,-7.949956,2.1301837
