Vmax,Rmax_IBT,Rmax_CK22,R34,fcor,u_trans,v_trans
34.0,46.0,42.113216,170.0,3.0013085e-05,-3.9137876,-1.2716672
35.0,46.0,42.565216,177.75,3.0058203e-05,-4.4718504,-1.1982284
36.0,46.0,42.506622,180.75,3.0073232e-05,-3.4613113,-0.9925145
39.0,46.0,42.576305,196.75,3.0247422e-05,-3.4613113,-0.9925145
39.0,46.0,42.66559,197.25,3.0260335e-05,-4.4030113,-1.4306257
41.0,46.0,42.245865,213.0,3.0571195e-05,-4.1958427,-1.9565531
45.0,37.0,40.124786,227.0,3.1167572e-05,-4.454835,-2.5719995
47.0,30.0,38.47802,236.0,3.1639276e-05,-4.0491395,-2.2444746
49.0,28.0,37.387707,241.0,3.1814445e-05,-4.29249,-1.7342796
50.0,28.0,36.783592,250.0,3.2196363e-05,-4.322104,-1.6590996
51.0,28.0,36.204906,254.5,3.231108e-05,-4.9192314,-1.5039612
51.0,22.0,32.635494,222.0,3.2559245e-05,-4.4502573,-1.27609
52.0,26.0,31.693602,222.0,3.287988e-05,-4.4030113,-1.4306257
52.0,26.0,31.686903,222.0,3.290549e-05,-3.5274143,-2.1194856
54.0,31.0,30.353241,222.0,3.330315e-05,-4.261569,-1.8089292
59.0,30.0,27.62658,236.0,3.3674718e-05,-5.4111543,-1.6543573
64.0,28.0,24.977852,250.0,3.404614e-05,-5.4903216,-1.3688911
64.0,30.0,24.845036,250.0,3.44168e-05,-5.4903216,-1.3688911
64.0,31.0,24.712654,250.0,3.47882e-05,-5.465595,-1.4645014
