Vmax,Rmax_IBT,Rmax_CK22,R34,fcor,u_trans,v_trans
33.0,28.0,35.72676,138.75,3.0820032e-05,-4.0535274,3.1669629
34.0,28.0,36.12942,145.25,3.144152e-05,-3.54648,2.9758492
36.0,28.0,36.066154,153.0,3.206281e-05,-3.54648,2.9758492
37.0,24.0,35.628693,156.0,3.26271e-05,-3.597875,2.9135017
39.0,22.0,34.73507,159.75,3.330315e-05,-4.2704496,3.7122433
42.0,15.0,30.992313,158.25,3.4256824e-05,-4.5872836,4.13041
46.0,9.0,27.488022,157.25,3.5282377e-05,-3.637358,3.6373568
49.0,15.0,26.521929,163.0,3.6164136e-05,-2.753606,3.0581899
51.0,22.0,25.48634,168.75,3.700857e-05,-3.273622,3.273621
54.0,22.0,22.18619,153.75,3.7832742e-05,-4.138292,3.8590195
57.0,22.0,19.287119,138.75,3.872924e-05,-3.9306557,4.070311
58.0,17.0,19.344711,144.0,3.9813585e-05,-4.0497217,4.658671
59.0,13.0,19.234095,150.25,4.093299e-05,-4.5145,4.20984
60.0,11.0,18.80124,152.25,4.1873067e-05,-5.046895,4.3871965
62.0,9.0,18.20418,155.0,4.288343e-05,-3.88467,4.797166
64.0,9.0,17.631172,163.75,4.4194112e-05,-2.992632,5.398853
