Vmax,Rmax_IBT,Rmax_CK22,R34,fcor,u_trans,v_trans
39.0,28.0,41.0933,189.75,3.231108e-05,-0.578093,-1.4308301
39.0,28.0,42.860573,199.0,3.277624e-05,-0.60297626,-1.4205232
39.0,28.0,44.613796,208.25,3.305528e-05,-1.0161338,-0.16093983
39.0,28.0,44.64898,208.25,3.2788892e-05,-1.4591242,0.5024168
39.0,28.0,44.679207,208.25,3.2559245e-05,-0.89980876,-0.4987721
39.0,28.0,44.193863,206.0,3.2980843e-05,0.3208492,-1.5094774
39.0,28.0,43.679104,204.0,3.3550914e-05,0.8039684,-1.8940308
40.0,22.0,37.93519,180.5,3.3798617e-05,0.6029763,-1.4205232
41.0,19.0,32.034832,157.5,3.404614e-05,0.080764994,-1.5410851
44.0,19.0,33.97574,182.25,3.446675e-05,-0.46285927,-2.004864
46.0,19.0,35.267147,208.25,3.5035337e-05,-0.44662327,-2.5329256
47.0,19.0,33.327812,202.0,3.5776127e-05,-0.37613717,-3.0633945
49.0,19.0,31.098183,196.75,3.651592e-05,-0.22416475,-2.562213
50.0,19.0,31.075062,204.25,3.702702e-05,-0.21507771,-2.0463283
51.0,19.0,30.66704,213.0,3.7500762e-05,-0.2507581,-2.042263
52.0,19.0,29.692524,213.0,3.8096918e-05,-0.49076062,-2.524745
54.0,19.0,28.346273,213.0,3.872924e-05,-0.6942889,-3.0072958
57.0,13.0,26.622213,217.0,3.9397408e-05,-0.92172223,-2.401169
59.0,9.0,25.12629,222.0,3.995476e-05,-1.7540995,-1.8810419
