Vmax,Rmax_IBT,Rmax_CK22,R34,fcor,u_trans,v_trans
24.0,46.0,35.39565,99.5,3.5955003e-05,-1.1206491,1.7256486
26.0,46.0,34.117188,102.0,3.626943e-05,-0.647445,0.7995276
26.0,46.0,34.12023,102.0,3.642965e-05,-0.35081992,0.37620836
26.0,46.0,34.121902,102.0,3.651592e-05,-0.28764895,0.42645687
26.0,46.0,34.124645,102.0,3.665756e-05,0.0,0.5144
26.0,46.0,34.126625,102.0,3.67623e-05,0.988946,0.28357577
26.0,46.0,34.126667,102.0,3.6762343e-05,1.5432,-6.745542e-08
26.0,46.0,34.126625,102.0,3.67623e-05,1.5347463,0.16130826
26.0,41.0,34.128277,102.0,3.6848538e-05,1.4591242,0.50241673
26.0,37.0,34.131317,102.0,3.700857e-05,1.1992917,0.9711672
28.0,37.0,31.772636,104.25,3.7254686e-05,0.46706542,0.9166675
31.0,37.0,29.764,106.75,3.7500762e-05,0.26627302,0.9937445
32.0,37.0,30.025154,111.25,3.7642178e-05,0.0,0.5144
33.0,37.0,29.760204,115.75,3.7746686e-05,-0.14178793,0.49447298
36.0,37.0,28.606167,120.25,3.7851172e-05,0.0,0.5144
