Vmax,Rmax_IBT,Rmax_CK22,R34,fcor,u_trans,v_trans
39.0,37.0,25.014908,111.0,2.6327272e-05,-5.1369505,-0.26921704
36.0,31.0,25.801992,106.75,2.6345855e-05,-5.1408668,-0.17952439
33.0,28.0,27.006315,104.0,2.6327272e-05,-5.115821,-0.53769374
29.0,28.0,27.474886,93.75,2.6114158e-05,-5.0806684,-0.8046991
26.0,28.0,27.649826,83.75,2.5826394e-05,-5.5724363,-0.9825706
24.0,28.0,29.284994,83.75,2.5575695e-05,-5.5724363,-0.9825706
23.0,28.0,30.48737,83.75,2.53252e-05,-5.5544395,-1.0796728
23.0,28.0,30.481152,83.75,2.5074349e-05,-5.5347505,-1.1764487
23.0,28.0,30.474922,83.75,2.4823696e-05,-5.5544395,-1.0796728
26.0,28.0,22.963818,69.5,2.4535208e-05,-5.065851,-0.893246
28.0,28.0,16.812393,56.0,2.432189e-05,-4.0926566,-0.43015498
28.0,28.0,16.812256,56.0,2.4265117e-05,-3.0864,3.6804952e-08
28.0,28.0,16.812393,56.0,2.432189e-05,-3.0746555,0.26899746
28.0,28.0,16.812735,56.0,2.4409659e-05,-3.048401,0.48281956
28.0,28.0,16.813366,56.0,2.4572832e-05,-2.9668384,0.85072666
33.0,22.0,15.67888,60.5,2.4823676e-05,-2.8814027,1.1060663
39.0,19.0,14.841212,65.0,2.5074483e-05,-2.9515393,0.9023753
40.0,19.0,14.49852,65.0,2.5218602e-05,-2.5247452,0.49076045
41.0,19.0,14.009466,65.0,2.53252e-05,-2.5403342,0.40234962
