Vmax,Rmax_IBT,Rmax_CK22,R34,fcor,u_trans,v_trans
44.0,19.0,27.114185,139.0,2.9325609e-05,-4.1051755,0.28706223
44.0,19.0,27.520859,141.25,2.9450128e-05,-4.084526,0.5015159
44.0,19.0,27.921665,143.5,2.9574905e-05,-4.1051755,0.28706223
42.0,19.0,29.004332,143.5,2.9574683e-05,-4.1152,4.9073268e-08
41.0,19.0,29.769903,143.5,2.9574905e-05,-4.1126933,0.14361764
40.0,19.0,30.984953,143.5,2.9661955e-05,-4.6042385,0.4839245
39.0,19.0,31.842182,143.5,2.9824112e-05,-4.559266,0.8039215
41.0,19.0,31.235806,151.0,3.0073004e-05,-5.0315914,1.0694966
44.0,19.0,30.678726,160.0,3.0322259e-05,-5.0806684,0.80469924
46.0,19.0,30.233427,169.0,3.046513e-05,-5.6368685,0.49316204
49.0,19.0,29.719185,178.0,3.0571195e-05,-5.6368685,0.49316204
47.0,19.0,30.833431,178.0,3.0695533e-05,-6.149311,0.5379949
46.0,19.0,31.612665,178.0,3.0820032e-05,-5.6368685,0.49316204
46.0,19.0,31.592037,178.0,3.0962572e-05,-5.6368685,0.49316204
46.0,19.0,31.576729,178.0,3.1068776e-05,-5.654953,0.19747426
49.0,19.0,29.778107,179.0,3.1050153e-05,-6.1728,7.3609904e-08
51.0,19.0,28.203068,180.5,3.1068776e-05,-5.644616,0.39471057
55.0,19.0,25.268621,174.5,3.12423e-05,-5.0315914,1.0694966
59.0,19.0,22.515755,169.0,3.156599e-05,-5.3814583,1.7485425
