Vmax,Rmax_IBT,Rmax_CK22,R34,fcor,u_trans,v_trans
27.0,41.0,25.391165,79.25,3.429362e-05,-2.6174154,1.6355432
28.0,37.0,29.61922,97.0,3.47882e-05,-3.2083368,1.6347281
31.0,37.0,29.002407,104.0,3.5356363e-05,-2.6994264,1.4963164
33.0,37.0,28.646372,111.0,3.577612e-05,-3.3616366,1.2904108
37.0,31.0,25.801975,111.0,3.585017e-05,-3.5657573,0.5011352
41.0,28.0,23.145409,111.0,3.577612e-05,-3.08593,-0.053864766
46.0,19.0,25.008724,139.25,3.5794386e-05,-3.0864,3.6804952e-08
51.0,9.0,25.92424,169.0,3.577612e-05,-3.5986066,-0.12566707
59.0,13.0,23.423317,186.75,3.567133e-05,-3.5920286,-0.25117934
