Vmax,Rmax_IBT,Rmax_CK22,R34,fcor,u_trans,v_trans
50.0,37.0,32.133846,210.0,3.528182e-05,-4.1610575,2.0294824
51.0,46.0,31.047724,213.0,3.577612e-05,-4.5833383,2.335326
52.0,46.0,31.90378,231.5,3.6355603e-05,-4.9003186,2.8291996
54.0,46.0,31.857819,250.0,3.700857e-05,-4.362359,2.7259054
55.0,46.0,30.714632,250.0,3.7727877e-05,-4.2645693,2.8764882
57.0,46.0,29.164507,250.0,3.8483773e-05,-4.2137184,2.9504766
57.0,37.0,29.041391,250.0,3.92198e-05,-4.5189986,3.4053109
57.0,28.0,28.806509,250.0,3.995476e-05,-4.397403,3.5609465
57.0,28.0,28.579361,250.0,4.0669896e-05,-4.3345866,3.6371489
57.0,28.0,28.34227,250.0,4.142137e-05,-3.9405332,3.306499
54.0,28.0,30.335579,250.0,4.2256146e-05,-3.6481745,2.8502665
51.0,28.0,32.58135,250.0,4.3126656e-05,-4.2645693,2.8764882
51.0,28.0,32.165558,247.75,4.394069e-05,-5.1769457,3.3619483
51.0,28.0,31.731018,245.5,4.4825505e-05,-5.122693,4.2984486
51.0,28.0,31.425257,245.5,4.591315e-05,-4.728565,4.728564
51.0,28.0,31.121803,245.5,4.6999867e-05,-5.5966945,4.5321136
55.0,28.0,27.45881,245.5,4.7878428e-05,-6.172977,3.709097
59.0,28.0,23.890837,245.5,4.868306e-05,-5.8487573,3.242019
60.0,28.0,22.465773,234.25,4.9539914e-05,-5.73205,3.4441614
