Vmax,Rmax_IBT,Rmax_CK22,R34,fcor,u_trans,v_trans
28.0,37.0,51.02381,166.5,4.1035913e-05,1.2382947,-1.6432723
29.0,37.0,49.04101,166.5,4.12444e-05,1.1206493,-1.7256485
30.0,37.0,48.094685,166.5,4.136352e-05,0.9659847,-1.8167529
31.0,37.0,46.28367,166.5,4.1665367e-05,0.8369012,-1.8797113
32.0,37.0,44.577953,166.5,4.1867454e-05,0.37613735,-3.0633945
34.0,37.0,40.715748,166.5,4.2341748e-05,0.21529634,-3.0788817
36.0,37.0,38.640076,166.5,4.2600364e-05,-0.12566571,-3.5986066
39.0,37.0,35.510952,166.5,4.3126656e-05,0.0,3.6008
39.0,35.0,35.093857,167.5,4.3388893e-05,-0.871112,-3.493841
41.0,31.0,33.522503,171.0,4.3910208e-05,-1.3488836,-3.3386035
42.0,30.0,33.12862,172.0,4.4155786e-05,-2.1164968,-2.9131088
44.0,28.0,31.654762,176.0,4.458322e-05,-2.0652046,-2.2936423
45.0,28.0,30.680824,176.0,4.474586e-05,-1.9113681,-1.7210042
47.0,28.0,28.442373,176.0,4.500104e-05,-1.5762132,-1.3225996
49.0,28.0,27.215824,176.0,4.5107077e-05,-1.5762132,-1.3225996
51.0,28.0,25.329136,176.0,4.5309676e-05,-1.5290946,-1.3768034
52.0,28.0,24.619312,176.0,4.543065e-05,-1.5048333,-1.4032799
55.0,28.0,22.968304,176.0,4.5672485e-05,-1.4549428,-1.4549431
57.0,28.0,22.053326,176.0,4.5793335e-05,-0.9287209,-1.2324544
