Vmax,Rmax_IBT,Rmax_CK22,R34,fcor,u_trans,v_trans
33.0,37.0,49.905857,199.25,3.5529305e-05,-3.0581892,-2.7536068
33.0,37.0,49.860912,199.25,3.6041132e-05,-2.501326,-2.5901988
33.0,37.0,49.81905,199.25,3.651592e-05,-1.9838996,-2.3643198
34.0,37.0,49.02451,203.75,3.709467e-05,-1.9001774,-2.4321167
36.0,37.0,47.271862,208.5,3.7746686e-05,-2.3623376,-2.7175581
37.0,37.0,46.477757,213.0,3.844688e-05,-2.8586583,-2.960227
39.0,37.0,44.82794,217.75,3.9219805e-05,-2.753606,-3.0581899
37.0,41.0,48.907803,224.75,4.0077077e-05,-2.9135017,-3.597875
36.0,46.0,51.852676,231.5,4.093299e-05,-2.6998143,-3.1057808
36.0,46.0,51.743332,231.5,4.1647105e-05,-2.3145494,-2.758373
36.0,46.0,51.62815,231.5,4.239659e-05,-1.9319692,-3.633506
36.0,46.0,51.48072,231.5,4.3351436e-05,-1.2716666,-3.9137878
36.0,46.0,51.32737,231.5,4.4340795e-05,-1.2031684,-3.9353852
39.0,46.0,46.38855,231.5,4.520678e-05,-1.3397777,-3.8909981
41.0,46.0,42.014687,231.5,4.6034886e-05,-1.1723055,-3.4046235
