Vmax,Rmax_IBT,Rmax_CK22,R34,fcor,u_trans,v_trans
28.0,28.0,31.130733,102.0,4.9641636e-05,-3.6008,4.293911e-08
27.0,22.0,36.0718,111.0,4.9844886e-05,-4.075151,0.5727259
24.0,19.0,80.217804,217.75,4.940198e-05,-3.2894945,-1.4645773
26.0,19.0,74.619095,217.75,4.916265e-05,-3.2894945,-1.4645773
27.0,31.0,70.44144,215.5,4.892294e-05,-3.3386033,-1.3488841
28.0,46.0,65.10282,212.75,4.868306e-05,-3.8418703,-1.4747552
29.0,37.0,64.01485,219.0,4.8497153e-05,-3.8155465,-1.5415819
31.0,28.0,62.046,227.25,4.8202877e-05,-3.599235,-1.9950885
32.0,28.0,59.494934,227.25,4.7547273e-05,-2.4969494,-1.8141412
33.0,28.0,55.938618,227.25,4.6999867e-05,-2.249522,-1.2469304
37.0,28.0,48.646126,227.25,4.7011974e-05,-2.0263405,-0.3572984
41.0,28.0,41.801132,227.25,4.7240763e-05,-2.5579104,0.26884696
