Vmax,Rmax_IBT,Rmax_CK22,R34,fcor,u_trans,v_trans
32.0,37.0,38.27481,141.75,3.0732863e-05,-5.6368685,-0.49316186
33.0,37.0,39.245255,153.0,3.0571195e-05,-4.559266,-0.8039214
34.0,31.0,38.807312,156.25,3.0321922e-05,-3.992961,-0.9955571
36.0,28.0,37.89897,160.0,3.0073232e-05,-3.5085118,-0.81000423
37.0,28.0,37.9917,165.5,2.9911202e-05,-3.5657573,-0.50113505
39.0,28.0,37.583855,171.25,2.9824112e-05,-3.0788815,-0.21529658
40.0,28.0,37.408295,175.75,2.9805224e-05,-3.0864,3.6804952e-08
41.0,28.0,36.678833,180.75,2.9824112e-05,-3.0864,3.6804952e-08
42.0,22.0,34.86501,175.75,2.9805313e-05,-3.6008,4.293911e-08
44.0,19.0,32.708134,171.25,2.9824112e-05,-4.10956,0.21537372
46.0,31.0,31.729235,178.0,2.9892644e-05,-4.084526,0.5015159
49.0,46.0,30.7406,185.5,3.0073232e-05,-3.9557843,1.1343023
49.0,46.0,30.680183,185.5,3.0427811e-05,-3.2894945,1.4645773
49.0,46.0,30.613434,185.5,3.0820032e-05,-3.867023,1.407481
50.0,46.0,31.02548,194.5,3.1087366e-05,-3.992961,0.99555725
51.0,46.0,30.955875,203.5,3.131743e-05,-4.0097275,0.9257192
55.0,46.0,28.354603,203.5,3.1528478e-05,-3.992961,0.99555725
59.0,46.0,25.74775,203.5,3.1814445e-05,-4.322104,1.6590996
60.0,46.0,25.039322,203.5,3.2329495e-05,-4.6620474,2.173948
