Vmax,Rmax_IBT,Rmax_CK22,R34,fcor,u_trans,v_trans
23.0,37.0,42.954517,116.25,2.7740498e-05,-0.45118815,-1.4757695
23.0,37.0,38.411457,104.0,2.807779e-05,-0.1786493,-1.0131702
25.0,31.0,37.272198,107.25,2.8164925e-05,0.9166676,-0.4670653
26.0,26.0,36.401764,111.25,2.8327528e-05,2.774038,-1.3529886
27.0,26.0,38.936234,120.75,2.8858363e-05,4.4548345,-2.5720003
28.0,26.0,41.025467,131.75,2.9574905e-05,4.1615834,-3.0235674
28.0,26.0,41.6167,133.75,3.037794e-05,3.4940038,-3.0372906
28.0,26.0,42.49689,136.25,3.1068776e-05,3.7296376,-1.739159
28.0,26.0,42.49918,136.25,3.1242995e-05,3.992961,-0.9955569
28.0,26.0,42.50341,136.25,3.156599e-05,3.1981115,-2.5897791
28.0,31.0,44.55264,143.0,3.256531e-05,2.4804792,-5.0857363
28.0,37.0,47.04023,151.0,3.404614e-05,2.2559412,-7.3788476
27.0,31.0,51.574276,158.75,3.6010435e-05,1.9911137,-7.985922
26.0,26.0,55.496887,167.0,3.7746686e-05,1.759352,-4.833779
26.0,31.0,56.14183,169.0,3.842233e-05,1.5117837,-2.0807917
26.0,37.0,56.93263,171.5,3.872924e-05,0.63583344,-1.9568938
26.0,37.0,54.420456,164.0,3.937908e-05,0.08976139,-2.5704334
26.0,37.0,52.235443,157.5,3.995476e-05,0.42779893,-2.0126367
29.0,37.0,47.829132,162.75,4.0236224e-05,1.0719969,-1.1100851
