Vmax,Rmax_IBT,Rmax_CK22,R34,fcor,u_trans,v_trans
46.0,46.0,34.201614,192.0,2.7827968e-05,-5.1692057,2.3014786
46.0,46.0,34.075977,192.0,2.8577677e-05,-6.1555996,2.6128979
46.0,46.0,33.950684,192.0,2.9325609e-05,-6.060662,2.8261323
45.0,41.0,35.236492,192.0,2.9860636e-05,-5.0857368,2.4804783
44.0,37.0,36.136887,192.0,3.0322259e-05,-6.1555996,2.6128979
44.0,37.0,36.05909,192.0,3.083878e-05,-7.2956214,2.512084
44.0,37.0,35.98705,192.0,3.131743e-05,-6.9226227,1.985029
44.0,37.0,35.9339,192.0,3.1670792e-05,-6.515807,1.5042937
44.0,37.0,35.874832,192.0,3.206281e-05,-6.886925,2.1055422
45.0,31.0,33.812984,186.0,3.2664768e-05,-7.203507,2.765166
46.0,28.0,31.4591,180.5,3.330315e-05,-6.8491282,2.2254176
47.0,31.0,31.423782,186.0,3.3798133e-05,-6.4885616,1.6177806
49.0,37.0,30.956146,192.0,3.4293596e-05,-5.8706813,1.9075009
50.0,28.0,31.338627,203.25,3.487415e-05,-5.128252,2.3913426
51.0,19.0,31.159466,215.25,3.5529305e-05,-5.291123,3.179226
54.0,24.0,27.51977,200.75,3.626912e-05,-5.608358,3.6421106
57.0,31.0,24.385952,187.5,3.700857e-05,-5.4502587,2.8979545
59.0,31.0,25.205425,217.25,3.7605216e-05,-5.2463775,2.1196725
62.0,31.0,24.83532,247.75,3.8238195e-05,-5.041672,2.5688584
