Vmax,Rmax_IBT,Rmax_CK22,R34,fcor,u_trans,v_trans
27.0,46.0,45.56169,141.25,2.803992e-05,-6.9226227,1.985029
28.0,46.0,50.92227,166.5,2.857718e-05,-6.8491282,2.2254176
29.0,46.0,49.07505,166.5,2.9163102e-05,-7.2506685,2.6390269
31.0,46.0,46.49882,166.5,2.9824112e-05,-7.1541514,2.8904626
32.0,46.0,44.891956,166.5,3.0533283e-05,-7.048917,3.13838
33.0,46.0,42.6398,166.5,3.131743e-05,-7.4592757,3.4783168
54.0,37.0,25.614391,185.25,3.7992504e-05,-5.9583397,3.0359237
57.0,41.0,24.595459,192.0,3.8728747e-05,-5.345802,3.0863996
59.0,46.0,23.524134,199.0,3.9464914e-05,-5.291123,3.179226
62.0,46.0,21.932697,199.0,4.019932e-05,-4.798595,2.9984958
