Vmax,Rmax_IBT,Rmax_CK22,R34,fcor,u_trans,v_trans
39.0,37.0,48.72306,231.5,3.5035308e-05,0.6029763,-1.4205232
39.0,37.0,48.68207,231.5,3.5282377e-05,0.8851433,-1.2641153
39.0,37.0,49.074265,234.0,3.5510766e-05,1.164668,-1.0124302
39.0,37.0,49.453407,236.25,3.577612e-05,1.0719969,-1.1100851
39.0,37.0,49.142517,234.75,3.610902e-05,1.3499069,-1.5528907
39.0,37.0,48.903553,234.0,3.651592e-05,2.293642,-2.0652049
40.0,37.0,47.01436,232.75,3.695338e-05,2.7983475,-2.2660565
41.0,37.0,44.731297,234.0,3.7500762e-05,2.590199,-2.5013256
42.0,37.0,42.972744,233.0,3.818266e-05,2.216874,-2.8374693
44.0,37.0,40.839382,233.75,3.897458e-05,2.6451998,-3.152426
45.0,37.0,39.32625,233.75,3.9851013e-05,2.9135022,-3.5978746
46.0,37.0,37.259144,233.75,4.0688625e-05,1.739159,-3.7296376
47.0,37.0,36.295082,237.25,4.1317446e-05,0.3763862,-3.5810745
49.0,37.0,34.813156,240.75,4.1909232e-05,0.10771367,-3.0845199
47.0,28.0,36.46833,241.75,4.2658306e-05,0.0,2.572
46.0,19.0,37.689423,243.25,4.3369746e-05,-0.46285927,-2.004864
46.0,31.0,37.412067,242.0,4.3891967e-05,-0.8695794,-1.8648188
46.0,46.0,37.20234,241.0,4.4340795e-05,-1.1676637,-2.291669
51.0,37.0,33.402042,268.0,4.4843662e-05,-0.8695794,-1.8648188
