Vmax,Rmax_IBT,Rmax_CK22,R34,fcor,u_trans,v_trans
37.0,46.0,56.38649,264.0,4.134837e-05,-1.9411135,1.6873834
39.0,46.0,52.332863,259.0,4.1909232e-05,-2.97585,3.5464787
39.0,46.0,52.86637,263.75,4.2931715e-05,-3.7148836,4.9298177
39.0,46.0,53.323742,268.25,4.409823e-05,-4.47461,4.9695582
40.0,46.0,52.39525,277.75,4.5085613e-05,-4.9695573,4.4746113
41.0,46.0,50.26435,286.75,4.6034886e-05,-5.196931,4.208391
41.0,46.0,49.356895,282.5,4.70352e-05,-5.4100595,3.9306364
41.0,46.0,48.402153,277.5,4.796257e-05,-6.2367687,3.6007993
44.0,37.0,45.448254,296.0,4.875509e-05,-7.4592757,3.4783168
46.0,28.0,42.13083,314.5,4.9402213e-05,-7.203507,2.765166
