Vmax,Rmax_IBT,Rmax_CK22,R34,fcor,u_trans,v_trans
24.0,46.0,51.314163,143.5,3.139818e-05,-0.5015162,-4.084526
26.0,46.0,48.28775,143.5,3.2559245e-05,0.21537332,-4.10956
26.0,46.0,48.334766,143.5,3.3971966e-05,0.50151646,-4.084526
26.0,46.0,48.3852,143.5,3.5529305e-05,-4.4970275e-07,-5.144
27.0,46.0,47.73718,147.5,3.7008507e-05,-1.0718958,-6.0790215
28.0,46.0,46.743614,152.5,3.8483773e-05,-1.5042926,-6.5158076
28.0,41.0,46.753407,152.5,3.9936454e-05,-1.8639115,-6.9562116
28.0,37.0,46.762,152.5,4.142137e-05,-1.7307749,-6.459339
31.0,37.0,42.993275,154.5,4.3005028e-05,-1.7307749,-6.459339
33.0,37.0,39.874584,157.5,4.458322e-05,-1.6177795,-6.4885616
33.0,37.0,39.813797,157.5,4.603485e-05,-1.3885778,-6.0145917
33.0,37.0,39.752365,157.5,4.748151e-05,-1.5042926,-6.5158076
34.0,31.0,39.108757,161.0,4.9006874e-05,-1.3903477,-6.5410686
