Vmax,Rmax_IBT,Rmax_CK22,R34,fcor,u_trans,v_trans
27.0,37.0,34.346992,106.75,2.8003418e-05,-8.406042,2.4103925
28.0,37.0,33.832645,111.0,2.882674e-05,-8.268372,2.8470287
29.0,37.0,33.50252,114.0,2.9237126e-05,-7.2506685,2.6390269
31.0,37.0,33.024265,118.0,2.9574905e-05,-7.378848,2.255938
32.0,37.0,32.71245,120.75,3.0035435e-05,-7.518239,1.7357235
33.0,37.0,32.25169,125.0,3.0571195e-05,-7.486802,1.8666699
36.0,31.0,32.88359,138.0,3.123005e-05,-7.4170957,2.1268167
39.0,28.0,33.63917,152.75,3.1814445e-05,-7.4530835,1.9970473
42.0,28.0,32.916206,166.0,3.2099826e-05,-7.518239,1.7357235
46.0,28.0,31.762753,180.5,3.231108e-05,-7.044228,1.4972953
55.0,22.0,27.99397,202.25,3.268286e-05,-6.585606,1.16122
