Vmax,Rmax_IBT,Rmax_CK22,R34,fcor,u_trans,v_trans
27.0,46.0,55.78975,171.5,4.1157735e-05,-8.679619,1.0657214
28.0,46.0,56.695732,185.0,4.142137e-05,-8.679619,1.0657214
28.0,46.0,57.39862,187.5,4.164643e-05,-8.169052,1.0030318
28.0,46.0,58.09922,189.75,4.1909232e-05,-8.12907,1.2875189
31.0,37.0,52.481216,189.75,4.225583e-05,-7.547387,1.604245
33.0,28.0,47.637768,189.75,4.2640077e-05,-7.017023,1.6200086
36.0,31.0,46.757607,206.0,4.2985943e-05,-6.4885616,1.6177806
39.0,37.0,45.500496,222.25,4.3369746e-05,-6.4281497,1.8432412
41.0,37.0,41.88938,224.5,4.3836815e-05,-6.359905,2.0664594
44.0,37.0,38.621517,226.75,4.4340795e-05,-6.359905,2.0664594
46.0,46.0,35.36106,226.75,4.482516e-05,-6.359905,2.0664594
57.0,41.0,27.490475,271.0,4.684267e-05,-5.548076,2.7059765
