Vmax,Rmax_IBT,Rmax_CK22,R34,fcor,u_trans,v_trans
41.0,37.0,21.799831,104.25,3.5529305e-05,-1.7210038,-1.9113686
47.0,37.0,21.968525,123.5,3.6145808e-05,-1.8574418,-2.4649088
54.0,37.0,21.399477,143.5,3.67623e-05,-2.837469,-2.216874
58.0,31.0,21.977322,165.25,3.716896e-05,-3.6987176,-1.8039843
62.0,28.0,21.792496,187.5,3.7500762e-05,-3.6666696,-1.8682624
63.0,28.0,21.807154,195.75,3.7850914e-05,-3.0864875,-1.85455
64.0,28.0,21.585382,205.75,3.8238195e-05,-2.6174154,-1.6355432
64.0,28.0,21.472244,205.75,3.8692328e-05,-2.5884728,-1.6809741
64.0,28.0,21.341618,205.75,3.9219805e-05,-2.8757265,-2.167016
