Vmax,Rmax_IBT,Rmax_CK22,R34,fcor,u_trans,v_trans
31.0,28.0,29.115812,104.0,3.9219805e-05,-5.6368685,0.49316204
32.0,28.0,29.8937,110.5,3.9342056e-05,-5.115821,0.5376939
33.0,28.0,30.325615,118.0,3.9464914e-05,-4.6042385,0.4839245
36.0,28.0,28.039766,118.0,3.9568833e-05,-4.084526,0.5015159
39.0,28.0,26.04286,118.0,3.9709896e-05,-3.5085115,0.8100043
39.0,28.0,26.0337,118.0,3.993586e-05,-2.9182484,1.0048336
39.0,28.0,26.023048,118.0,4.0199502e-05,-3.4434626,1.0527711
37.0,28.0,27.180317,118.0,4.0462422e-05,-4.5109434,1.0414342
36.0,28.0,28.00542,118.0,4.0688625e-05,-4.559266,0.8039215
36.0,28.0,27.375711,115.25,4.0847313e-05,-5.115821,0.5376939
36.0,28.0,26.933447,113.5,4.093299e-05,-5.1369505,0.26921716
34.0,22.0,29.755455,120.0,4.095103e-05,-5.144,6.134159e-08
33.0,19.0,32.557907,127.5,4.093299e-05,-4.628895,-0.08079715
33.0,19.0,34.751045,136.25,4.0914107e-05,-5.144,6.134159e-08
33.0,19.0,37.154144,146.0,4.093299e-05,-5.654953,0.19747426
34.0,19.0,35.90901,146.0,4.1018524e-05,-6.149311,0.5379949
36.0,19.0,34.164207,146.0,4.1177245e-05,-5.603333,0.7874981
37.0,19.0,33.070496,146.0,4.1384115e-05,-5.5544395,1.0796729
39.0,19.0,31.531477,146.0,4.1665367e-05,-5.5133753,1.272864
