Vmax,Rmax_IBT,Rmax_CK22,R34,fcor,u_trans,v_trans
39.0,33.0,33.36973,151.75,3.0322259e-05,-8.806023,2.8612514
40.0,28.0,31.668633,150.5,3.0753545e-05,-8.406042,2.4103925
44.0,19.0,28.353271,148.25,3.131743e-05,-8.406042,2.4103925
47.0,13.0,25.318182,144.5,3.195195e-05,-8.362695,2.55673
51.0,9.0,22.524925,141.25,3.2559245e-05,-8.943701,2.3964567
54.0,9.0,22.019482,148.0,3.307348e-05,-9.021887,2.0828683
57.0,9.0,21.437326,155.25,3.3550914e-05,-9.021887,2.0828683
58.0,9.0,21.13546,158.25,3.4045243e-05,-8.485043,2.1155593
59.0,9.0,20.616726,162.0,3.454095e-05,-8.485043,2.1155593
59.0,9.0,20.779564,164.25,3.5034616e-05,-8.485043,2.1155593
59.0,9.0,20.930277,166.5,3.5529305e-05,-8.485043,2.1155593
54.0,9.0,23.234537,164.5,3.6022284e-05,-8.485043,2.1155593
49.0,9.0,25.96343,162.0,3.651592e-05,-7.985922,1.9911145
52.0,13.0,23.829702,162.0,3.698923e-05,-7.985922,1.9911145
57.0,19.0,21.67557,162.0,3.7500762e-05,-7.9115686,2.2686045
59.0,19.0,20.509014,164.5,3.809643e-05,-7.827575,2.5433345
62.0,19.0,19.384691,166.75,3.872924e-05,-7.781996,2.6795564
64.0,19.0,18.208805,166.75,3.9341554e-05,-7.2956214,2.512084
