Vmax,Rmax_IBT,Rmax_CK22,R34,fcor,u_trans,v_trans
51.0,28.0,28.520674,185.0,3.252197e-05,-2.7972286,1.3043687
51.0,28.0,28.558603,185.0,3.231108e-05,-2.9353406,0.95375043
51.0,28.0,30.17635,198.0,3.2062828e-05,-2.9947207,0.7466679
51.0,28.0,31.967987,213.0,3.1814445e-05,-3.4781058,0.9319554
50.0,28.0,33.32402,213.0,3.149116e-05,-3.522114,0.74864763
49.0,28.0,34.24996,213.0,3.131743e-05,-4.1145735,-0.071819685
47.0,28.0,34.358833,203.5,3.1454136e-05,-4.510944,-1.0414339
46.0,28.0,33.888783,194.5,3.1814445e-05,-3.8418703,-1.4747552
46.0,31.0,35.15036,203.75,3.2292068e-05,-4.22935,-1.883028
46.0,37.0,36.35228,213.0,3.280731e-05,-6.886924,-2.1055458
46.0,37.0,36.276768,213.0,3.3179036e-05,-8.485043,-2.115559
46.0,37.0,36.201355,213.0,3.3550914e-05,-5.9624667,-1.5976379
49.0,31.0,33.65921,213.0,3.400904e-05,-2.841046,-1.2059529
51.0,28.0,31.332901,213.0,3.454095e-05,-2.4649084,-1.8574424
52.0,28.0,30.563248,215.0,3.5102898e-05,-3.2428217,-2.5335703
54.0,28.0,29.459496,218.0,3.577612e-05,-5.7912855,-3.3435993
54.0,28.0,29.25745,218.0,3.6583373e-05,-7.333339,-3.7365248
54.0,28.0,29.028992,218.0,3.7500762e-05,-6.3968544,-4.3147326
57.0,31.0,27.258396,222.5,3.8501854e-05,-4.8907084,-4.5606594
