Vmax,Rmax_IBT,Rmax_CK22,R34,fcor,u_trans,v_trans
28.0,28.0,46.63821,152.5,2.8327493e-05,-2.4969504,1.8141398
28.0,28.0,46.644974,152.5,2.882674e-05,-2.6334584,2.4557397
28.0,28.0,46.652023,152.5,2.9363035e-05,-2.3145502,2.7583723
28.0,28.0,46.65798,152.5,2.9824112e-05,-1.5117838,2.0807917
29.0,22.0,50.039413,170.0,3.009185e-05,-1.0597425,1.7637073
31.0,19.0,52.26178,187.25,3.0322259e-05,-0.7244884,1.3625648
32.0,19.0,54.31715,202.0,3.058365e-05,-0.50241655,1.4591243
33.0,19.0,55.211903,218.0,3.1068776e-05,-0.2688477,2.5579102
36.0,28.0,50.558876,218.0,3.195105e-05,0.0,4.1152
39.0,37.0,46.400303,218.0,3.305528e-05,-0.6443157,4.584545
41.0,28.0,43.42537,222.5,3.4188346e-05,-1.5039603,4.9192314
44.0,19.0,40.614475,227.0,3.5282377e-05,-2.244474,4.04914
47.0,19.0,36.600357,228.5,3.6183133e-05,-2.753606,3.0581899
51.0,19.0,32.647915,231.5,3.700857e-05,-2.8065593,3.009667
51.0,19.0,32.632507,233.75,3.7869642e-05,-2.58978,3.1981103
51.0,19.0,32.602955,236.0,3.872924e-05,-2.721211,3.745425
54.0,19.0,29.821434,233.75,3.958734e-05,-2.4533143,3.9261234
57.0,19.0,27.264256,231.25,4.0444127e-05,-1.8039854,3.698717
59.0,19.0,25.725475,240.5,4.13174e-05,-1.673802,3.7594228
