Vmax,Rmax_IBT,Rmax_CK22,R34,fcor,u_trans,v_trans
26.0,46.0,46.88279,139.0,3.872924e-05,-7.162149,0.75277144
26.0,46.0,46.885796,139.0,3.88325e-05,-6.661753,0.58282787
26.0,46.0,46.88983,139.0,3.897458e-05,-6.096802,0.9656391
28.0,46.0,42.47395,139.0,3.9268132e-05,-5.9624667,1.5976379
31.0,46.0,38.72765,139.0,3.9709896e-05,-6.3228717,2.1771395
32.0,46.0,37.374725,139.0,4.030317e-05,-6.2002645,2.5050676
33.0,46.0,35.484028,139.0,4.093299e-05,-6.7672906,2.4630916
34.0,41.0,34.30146,139.0,4.14578e-05,-6.359905,2.0664594
36.0,37.0,32.649624,139.0,4.1909232e-05,-5.9030786,1.8047506
40.0,37.0,29.284595,139.0,4.2292253e-05,-5.4392037,1.5596656
44.0,37.0,26.085445,139.0,4.2640077e-05,-5.465595,1.4645014
47.0,37.0,25.255325,150.0,4.300494e-05,-5.9624667,1.5976379
51.0,37.0,24.012497,162.0,4.3369746e-05,-5.4392037,1.5596656
54.0,37.0,22.449116,162.0,4.375183e-05,-5.4392037,1.5596656
57.0,37.0,21.026646,162.0,4.409823e-05,-5.4903216,1.3688912
57.0,37.0,20.987999,162.0,4.4358603e-05,-5.5544395,1.0796729
57.0,37.0,20.954657,162.0,4.458322e-05,-5.5724363,0.98257077
57.0,37.0,20.918697,162.0,4.4825276e-05,-5.5544395,1.0796729
57.0,37.0,20.8829,162.0,4.506766e-05,-5.0315914,1.0694966
