Vmax,Rmax_IBT,Rmax_CK22,R34,fcor,u_trans,v_trans
45.0,9.0,33.823185,184.75,3.128625e-05,-3.88467,4.797166
46.0,9.0,33.737183,194.5,3.231108e-05,-4.45888,3.483659
47.0,15.0,31.389885,184.75,3.2919204e-05,-4.8501964,2.9142904
49.0,22.0,28.932123,176.0,3.330315e-05,-3.7296379,1.7391584
51.0,22.0,27.914103,182.5,3.3674507e-05,-2.1570606,1.4008118
54.0,22.0,26.97194,189.75,3.404614e-05,-1.5990556,1.2948897
54.0,22.0,27.645418,197.25,3.4540906e-05,-1.6532501,1.970266
54.0,22.0,28.425758,206.25,3.5035337e-05,-1.1676636,2.291669
54.0,22.0,27.846348,199.75,3.536877e-05,-0.2414095,1.5242007
54.0,22.0,27.178158,194.5,3.577612e-05,0.75198,2.4596157
54.0,15.0,27.0305,194.5,3.6497444e-05,0.74864846,3.522114
54.0,9.0,26.875967,194.5,3.7254722e-05,0.21529637,3.0788817
54.0,9.0,28.945915,217.25,3.774664e-05,0.21507777,2.0463283
54.0,9.0,30.819687,240.75,3.8238195e-05,0.8373613,2.4318738
55.0,9.0,29.746555,241.25,3.8864273e-05,1.634729,3.2083364
57.0,9.0,28.275928,243.25,3.9709896e-05,1.6079367,3.7880616
59.0,9.0,26.153326,246.75,4.089635e-05,1.1982286,4.4718504
62.0,9.0,24.181612,252.5,4.2152973e-05,0.64431584,4.584545
69.0,15.0,19.3282,257.5,4.3181306e-05,0.07182014,4.1145735
