Vmax,Rmax_IBT,Rmax_CK22,R34,fcor,u_trans,v_trans
49.0,19.0,27.634762,164.5,3.1068776e-05,-4.6183224,-0.32294488
52.0,19.0,25.882126,167.75,3.1102772e-05,-5.144,6.134159e-08
57.0,19.0,24.084,171.5,3.1068776e-05,-5.1369505,-0.26921704
60.0,19.0,22.337513,171.5,3.1192933e-05,-4.6042385,-0.48392436
64.0,19.0,20.579529,171.5,3.131743e-05,-4.0926566,-0.43015498
65.0,19.0,21.804356,192.25,3.1335974e-05,-4.1051755,-0.2870621
67.0,19.0,22.515207,213.0,3.131743e-05,-4.1152,4.9073268e-08
65.0,19.0,23.249569,213.0,3.1335843e-05,-4.1051755,0.28706223
64.0,19.0,23.768589,213.0,3.131743e-05,-4.084526,0.5015159
64.0,19.0,23.78822,213.0,3.1248732e-05,-4.052681,0.7145969
64.0,19.0,23.839407,213.0,3.1068776e-05,-4.5284324,0.962547
65.0,19.0,23.412,213.0,3.0770327e-05,-4.9912014,1.2444466
67.0,19.0,22.804855,213.0,3.0322259e-05,-4.802338,1.843444
68.0,19.0,22.512016,213.0,2.9717943e-05,-4.087694,2.173466
69.0,19.0,22.02666,213.0,2.9076216e-05,-4.499044,2.4938607
69.0,20.0,22.177956,213.0,2.8577007e-05,-4.5833383,2.335326
69.0,22.0,22.330215,213.0,2.807779e-05,-4.499044,2.4938607
69.0,20.0,20.832724,188.5,2.7434164e-05,-4.499044,2.4938607
69.0,19.0,19.086838,164.25,2.6827835e-05,-4.735077,2.0099213
