Vmax,Rmax_IBT,Rmax_CK22,R34,fcor,u_trans,v_trans
29.0,37.0,36.939655,125.75,3.480692e-05,-2.1439936,-2.2201703
28.0,37.0,46.895893,150.25,3.5282377e-05,-1.0597421,-1.7637076
32.0,37.0,42.587517,158.25,3.5652647e-05,0.0,1.5432
36.0,37.0,39.08955,166.5,3.6022833e-05,-0.4977783,-1.9964805
37.0,24.0,34.25245,150.0,3.653446e-05,-0.9019923,-1.8493588
38.0,11.0,29.88097,134.5,3.700857e-05,-0.29445636,-1.514847
44.0,9.0,28.324305,152.75,3.7328522e-05,0.4670655,-0.91666746
51.0,9.0,26.23097,171.5,3.7500762e-05,0.89980876,-0.49877208
55.0,17.0,23.31384,166.5,3.7556136e-05,1.0288,-4.4970278e-08
59.0,26.0,20.870888,162.0,3.7500762e-05,0.9538867,0.38539532
58.0,26.0,21.599249,162.0,3.7414626e-05,0.35081995,0.37620834
56.0,26.0,22.378035,162.0,3.7254722e-05,0.57529765,0.8529139
58.0,26.0,21.445293,159.75,3.7045273e-05,1.0719968,1.1100851
59.0,26.0,20.510458,157.5,3.67623e-05,2.2046344,1.324678
58.0,35.0,21.657211,161.25,3.6374462e-05,3.2894945,1.4645772
56.0,46.0,22.975151,166.75,3.6022833e-05,3.4245644,1.1127083
59.0,35.0,23.64205,187.0,3.5843874e-05,3.0395107,0.53594786
61.0,26.0,23.859154,208.25,3.577612e-05,2.5657349,0.17941374
62.0,26.0,23.190182,207.0,3.5757486e-05,2.572,-1.1242569e-07
