Vmax,Rmax_IBT,Rmax_CK22,R34,fcor,u_trans,v_trans
18.0,46.0,34.212124,74.5,2.857718e-05,-10.761294,0.9414912
19.0,46.0,37.748222,85.75,2.8846376e-05,-10.743224,1.1291572
21.0,46.0,40.039894,97.25,2.9076216e-05,-8.169052,1.0030318
23.0,41.0,36.163086,98.25,2.9305242e-05,-5.5544395,1.0796729
26.0,37.0,33.183178,99.5,2.9574905e-05,-5.0121593,1.1571491
26.0,37.0,33.81598,101.25,2.9892257e-05,-5.4392037,1.5596656
26.0,37.0,34.770733,104.0,3.0322259e-05,-5.8005347,2.1112216
33.0,37.0,44.835434,176.0,3.4540953e-05,-4.1250043,2.1017933
33.0,37.0,44.81147,176.0,3.5035337e-05,-3.6666706,1.8682607
34.0,37.0,43.287926,176.0,3.540567e-05,-3.2083368,1.6347281
36.0,37.0,41.15614,176.0,3.577612e-05,-2.5587418,1.725893
