Vmax,Rmax_IBT,Rmax_CK22,R34,fcor,u_trans,v_trans
29.0,41.0,45.476856,154.5,2.0064192e-05,-4.1250043,2.1017933
31.0,37.0,45.316208,162.0,2.0549318e-05,-4.0491395,2.2444746
32.0,31.0,43.85779,162.0,2.1141193e-05,-3.4116557,2.3011906
33.0,28.0,41.81555,162.0,2.1808535e-05,-3.7923467,2.6554291
36.0,28.0,38.764256,162.0,2.2525503e-05,-3.7923467,2.6554291
39.0,28.0,36.065804,162.0,2.3317392e-05,-3.4940042,3.03729
42.0,28.0,34.055676,168.5,2.4196182e-05,-3.7002842,3.5733225
46.0,28.0,31.996822,176.0,2.5074483e-05,-4.20501,3.7862093
50.0,28.0,32.70024,199.0,2.584512e-05,-4.5189986,3.4053109
54.0,28.0,32.383118,222.0,2.6577594e-05,-4.691026,3.1641371
58.0,22.0,30.112984,227.0,2.7346614e-05,-4.4092693,2.649355
62.0,19.0,27.68008,231.5,2.807779e-05,-4.3141212,2.8016236
65.0,19.0,25.445648,231.5,2.8682982e-05,-4.161584,3.0235665
69.0,19.0,23.163288,231.5,2.9325609e-05,-5.1174836,3.451786
70.0,28.0,21.866726,222.5,3.014156e-05,-5.608358,3.6421106
