Vmax,Rmax_IBT,Rmax_CK22,R34,fcor,u_trans,v_trans
39.0,28.0,40.169006,185.0,3.241646e-05,-1.5290946,1.3768034
39.0,28.0,40.204983,185.0,3.206281e-05,-1.3986143,0.65218437
40.0,28.0,39.01665,185.0,3.1988337e-05,-1.0187877,-0.14318144
41.0,28.0,37.322132,185.0,3.206281e-05,-1.4676703,-0.47687522
44.0,22.0,34.757065,185.0,3.214972e-05,-1.5347463,-0.16130812
46.0,19.0,32.455456,185.0,3.231108e-05,-1.5036479,-0.34714466
46.0,19.0,33.77419,194.0,3.2559186e-05,-0.8427437,-0.59009534
46.0,19.0,35.060505,204.0,3.280731e-05,-0.7274714,-0.72747153
46.0,19.0,34.993652,203.5,3.2968477e-05,-0.9398556,-0.41845065
46.0,19.0,34.867157,203.5,3.305528e-05,-1.5036479,-0.34714466
49.0,19.0,32.967117,208.25,3.3959455e-05,-2.3847165,-0.9634887
51.0,19.0,31.31071,212.75,3.404614e-05,-2.572,3.0670794e-08
51.0,19.0,31.28611,212.75,3.415131e-05,-2.5247452,0.49076045
51.0,19.0,31.252684,212.75,3.4293596e-05,-1.9778922,-0.5671511
55.0,19.0,28.447927,212.75,3.4540888e-05,-1.664633,-1.2094275
