Vmax,Rmax_IBT,Rmax_CK22,R34,fcor,u_trans,v_trans
27.0,46.0,26.737457,83.5,3.342675e-05,-4.6042385,-0.48392436
28.0,46.0,31.030577,102.0,3.3550914e-05,-4.6119833,-0.40349606
29.0,37.0,34.339127,116.75,3.3532306e-05,-4.6232553,-0.24229534
31.0,28.0,36.85396,132.0,3.3550914e-05,-4.6042385,-0.48392436
32.0,28.0,38.940594,144.25,3.376123e-05,-4.559266,-0.8039214
33.0,28.0,40.23996,157.5,3.404614e-05,-4.025273,-0.8555991
36.0,28.0,39.087986,166.0,3.4274875e-05,-3.974978,-1.0650918
39.0,28.0,38.0751,176.0,3.454095e-05,-3.8155465,-1.5415819
42.0,28.0,35.845066,185.0,3.4911573e-05,-3.6987176,-1.8039843
46.0,28.0,33.2464,194.5,3.5282377e-05,-3.3386033,-1.3488841
49.0,28.0,31.043888,194.5,3.552925e-05,-3.4245641,-1.1127088
51.0,28.0,28.945515,194.5,3.577612e-05,-3.4245641,-1.1127088
52.0,28.0,28.146446,194.5,3.6053625e-05,-3.236378,-1.5784862
