Vmax,Rmax_IBT,Rmax_CK22,R34,fcor,u_trans,v_trans
59.0,37.0,22.37419,176.0,3.626943e-05,-2.5716083,-0.044887304
62.0,37.0,21.134617,176.0,3.6392496e-05,-2.05478,0.10768686
64.0,37.0,19.992931,176.0,3.651592e-05,-2.562213,0.22416456
64.0,37.0,18.327396,155.0,3.6516092e-05,-3.0746555,0.26899746
64.0,37.0,16.558758,134.0,3.651592e-05,-3.0788815,0.21529667
64.0,31.0,16.543743,134.0,3.6638718e-05,-3.0821702,0.16153029
64.0,28.0,16.528578,134.0,3.67623e-05,-3.5958652,0.188452
64.0,28.0,16.73338,136.0,3.6780748e-05,-4.10956,0.21537372
64.0,28.0,16.90952,138.5,3.67623e-05,-4.62678,0.16156985
64.0,28.0,17.08659,140.5,3.676219e-05,-4.6296,5.520743e-08
64.0,28.0,17.346233,143.5,3.67623e-05,-4.62678,-0.16157195
65.0,28.0,18.302465,159.0,3.676219e-05,-4.6232553,-0.24229534
67.0,28.0,18.914299,176.0,3.67623e-05,-4.10956,-0.21537364
