Vmax,Rmax_IBT,Rmax_CK22,R34,fcor,u_trans,v_trans
21.0,37.0,28.49009,69.5,3.766043e-05,-5.4392037,1.5596656
23.0,37.0,25.52086,69.5,3.7992504e-05,-5.465595,1.4645014
26.0,31.0,25.462574,76.25,3.837965e-05,-5.4392037,1.5596656
28.0,28.0,25.376808,83.5,3.872924e-05,-3.9557843,1.1343023
28.0,28.0,28.222752,92.5,3.8936847e-05,-2.9182484,1.0048336
28.0,28.0,31.07188,102.0,3.9219805e-05,-3.6987176,1.8039843
28.0,28.0,31.076004,102.0,3.9832947e-05,-5.041672,2.5688584
28.0,28.0,31.079926,102.0,4.0444127e-05,-4.22935,1.883028
31.0,22.0,28.467651,102.0,4.0706458e-05,-2.9182484,1.0048336
33.0,19.0,26.232597,102.0,4.093299e-05,-2.7251294,1.4489772
33.0,19.0,26.22644,102.0,4.138448e-05,-2.949603,2.0653336
33.0,19.0,26.219185,102.0,4.1909232e-05,-3.5274155,2.119484
33.0,37.0,35.084995,137.5,4.237853e-05,-4.087694,2.173466
