Vmax,Rmax_IBT,Rmax_CK22,R34,fcor,u_trans,v_trans
19.0,37.0,18.730957,43.0,2.9948462e-05,-4.084526,-0.5015177
21.0,37.0,18.721378,46.5,2.9824112e-05,-4.0926566,-0.43015498
22.0,31.0,20.64487,53.25,2.971803e-05,-4.6042385,-0.48392436
23.0,28.0,21.956762,60.25,2.9574905e-05,-5.0806684,-0.8046991
26.0,28.0,20.697205,62.5,2.9344186e-05,-5.031591,-1.0694989
28.0,28.0,19.6612,64.75,2.9076216e-05,-5.031591,-1.0694989
31.0,28.0,21.383846,76.25,2.8826533e-05,-5.031591,-1.0694989
33.0,28.0,22.828468,88.25,2.857718e-05,-5.031591,-1.0694989
36.0,28.0,21.840014,90.5,2.8308685e-05,-5.031591,-1.0694989
39.0,28.0,20.9747,93.0,2.807779e-05,-4.572602,-0.7242292
41.0,28.0,19.733622,93.0,2.7952638e-05,-4.6042385,-0.48392436
44.0,28.0,18.637747,93.0,2.7827968e-05,-4.559266,-0.8039214
46.0,28.0,18.49243,97.5,2.7577811e-05,-4.510944,-1.0414339
49.0,28.0,18.340706,102.0,2.7328068e-05,-4.559266,-0.8039214
52.0,28.0,17.497427,104.25,2.7165415e-05,-5.115821,-0.53769374
57.0,28.0,16.596495,106.5,2.707799e-05,-5.1369505,-0.26921704
