Vmax,Rmax_IBT,Rmax_CK22,R34,fcor,u_trans,v_trans
28.0,28.0,48.094162,157.5,3.0322259e-05,-3.6008,4.293911e-08
29.0,31.0,51.801758,176.0,3.0265992e-05,-4.1126933,-0.14361951
31.0,37.0,54.162834,194.75,3.0322259e-05,-4.559266,-0.8039214
32.0,37.0,52.242844,194.75,3.0639596e-05,-4.9447303,-1.4178778
33.0,37.0,49.556812,194.75,3.1068776e-05,-4.9447303,-1.4178778
36.0,37.0,48.291428,206.75,3.1422947e-05,-4.9447303,-1.4178778
39.0,37.0,46.991417,220.0,3.1814445e-05,-4.802338,-1.843444
40.0,37.0,47.3391,230.25,3.2292348e-05,-4.583337,-2.335328
41.0,37.0,46.830334,241.0,3.280731e-05,-4.1250033,-2.1017952
44.0,37.0,43.172703,241.0,3.3284115e-05,-3.6987176,-1.8039843
46.0,37.0,39.875664,241.0,3.3798577e-05,-4.087694,-2.173466
46.0,37.0,40.19539,244.0,3.439872e-05,-4.499044,-2.4938607
46.0,37.0,40.723156,250.0,3.5035337e-05,-4.499044,-2.4938607
49.0,37.0,37.540127,250.0,3.5671022e-05,-4.5418825,-2.414962
51.0,37.0,34.657284,250.0,3.626943e-05,-4.5418825,-2.414962
51.0,37.0,34.5122,250.0,3.6743506e-05,-4.5418825,-2.414962
51.0,37.0,34.355965,250.0,3.7254722e-05,-4.454835,-2.5719995
51.0,37.0,34.14268,250.0,3.795549e-05,-4.850195,-2.9142928
51.0,37.0,33.908173,250.0,3.872924e-05,-4.798595,-2.9984958
