Vmax,Rmax_IBT,Rmax_CK22,R34,fcor,u_trans,v_trans
28.0,19.0,31.740625,104.25,3.330315e-05,-4.528432,-0.962549
29.0,19.0,30.648088,104.25,3.3501205e-05,-4.595092,-0.56420743
31.0,19.0,29.136957,104.25,3.3550914e-05,-4.1152,4.9073268e-08
31.0,22.0,29.395075,105.25,3.344543e-05,-4.0995407,0.3586633
31.0,28.0,29.781967,106.5,3.330315e-05,-3.5986066,0.12566544
33.0,22.0,29.853008,116.0,3.3284367e-05,-3.5958652,-0.18845193
36.0,19.0,29.824364,125.0,3.330315e-05,-4.1145735,-0.071819685
37.0,19.0,34.06452,148.0,3.3284578e-05,-3.6008,4.293911e-08
39.0,19.0,37.197147,171.5,3.330315e-05,-3.5986066,-0.12566707
39.0,19.0,37.18934,171.5,3.3389602e-05,-3.5810745,-0.37638563
39.0,19.0,37.17489,171.5,3.3550914e-05,-3.57396,-0.43882802
39.0,19.0,34.813786,159.5,3.3705874e-05,-4.009728,-0.9257191
39.0,19.0,32.551636,148.0,3.404614e-05,-3.019885,-1.9611366
42.0,19.0,29.452711,148.0,3.4713717e-05,-2.1670153,-2.875727
46.0,19.0,26.445791,148.0,3.5529305e-05,-2.5897794,-3.1981113
50.0,19.0,27.79949,176.0,3.63066e-05,-2.8586583,-2.960227
