Vmax,Rmax_IBT,Rmax_CK22,R34,fcor,u_trans,v_trans
23.0,37.0,34.27444,93.0,3.7746686e-05,-3.992961,0.99555725
24.0,37.0,32.87599,93.0,3.7992504e-05,-3.974978,1.0650918
26.0,37.0,30.968779,93.0,3.8238195e-05,-3.4434626,1.0527711
27.0,37.0,28.903767,90.0,3.8483435e-05,-2.9182484,1.0048336
28.0,37.0,26.797745,88.0,3.872924e-05,-2.9353406,0.95375043
28.0,37.0,26.799065,88.0,3.895594e-05,-3.4613113,0.9925145
28.0,37.0,26.8006,88.0,3.9219805e-05,-3.9137876,1.2716672
29.0,37.0,26.427376,89.75,3.956903e-05,-4.3773727,1.5072504
31.0,37.0,25.894318,92.5,3.995476e-05,-4.3773727,1.5072504
31.0,37.0,26.407822,94.5,4.0321484e-05,-4.3773727,1.5072504
31.0,37.0,27.177551,97.0,4.0688625e-05,-4.892235,1.5895841
32.0,28.0,26.288807,97.0,4.105484e-05,-4.9192324,1.5039588
33.0,19.0,25.050758,97.0,4.142137e-05,-5.411155,1.6543547
33.0,22.0,26.68924,103.5,4.1786945e-05,-5.4392037,1.5596656
33.0,28.0,28.547302,111.0,4.2152973e-05,-5.9336767,1.7014533
34.0,28.0,26.52181,106.5,4.25546e-05,-5.9624667,1.5976379
36.0,28.0,24.243736,101.75,4.288343e-05,-6.096802,0.9656391
36.0,28.0,24.240543,101.75,4.3023305e-05,-6.149311,0.5379949
36.0,28.0,24.23824,101.75,4.3126656e-05,-5.115821,0.5376939
