Vmax,Rmax_IBT,Rmax_CK22,R34,fcor,u_trans,v_trans
24.0,22.0,13.734742,39.25,3.5597055e-05,-3.556468,-0.5632894
26.0,28.0,15.301896,46.0,3.577612e-05,-2.9947207,-0.74666786
27.0,28.0,40.116615,124.0,3.6004232e-05,-2.9353406,-0.95375043
28.0,28.0,62.318043,203.75,3.626943e-05,-2.841046,-1.2059529
31.0,28.0,56.33956,203.75,3.6515492e-05,-2.7972286,-1.3043687
33.0,28.0,51.194614,203.75,3.67623e-05,-3.4245641,-1.1127088
34.0,28.0,46.90405,192.0,3.7027614e-05,-4.025273,-0.8555991
36.0,28.0,42.005573,180.75,3.7254722e-05,-3.0072958,-0.6942893
39.0,28.0,38.68842,180.75,3.7414313e-05,-1.987489,-0.5325459
41.0,28.0,35.77344,180.75,3.7500762e-05,-1.542965,-0.026932383
44.0,31.0,35.75946,196.5,3.7482314e-05,-1.5316973,0.18806846
46.0,37.0,35.402893,213.0,3.7500762e-05,0.0,0.5144
49.0,37.0,33.760002,221.0,3.7691334e-05,1.0719969,-1.1100851
51.0,37.0,32.137352,229.5,3.7992504e-05,1.3225999,-1.576213
