Vmax,Rmax_IBT,Rmax_CK22,R34,fcor,u_trans,v_trans
31.0,30.0,56.405872,202.25,2.7496932e-05,-1.4757696,0.45118764
33.0,22.0,52.61892,206.25,2.7827968e-05,-0.81777143,1.3087078
37.0,24.0,47.113052,207.0,2.8233824e-05,-0.39260894,2.0197961
41.0,28.0,41.90773,208.5,2.882674e-05,0.31344795,2.5528288
45.0,28.0,38.35502,211.75,2.9388002e-05,0.8100037,3.5085118
49.0,28.0,34.714302,215.5,3.0322259e-05,0.0,4.6296
54.0,28.0,30.180452,215.5,3.1814445e-05,-0.9825723,5.5724363
57.0,22.0,28.21052,217.75,3.330315e-05,-1.8434454,4.8023376
58.0,22.0,27.453135,219.5,3.4231725e-05,-2.119485,3.5274146
59.0,22.0,26.525826,222.5,3.47882e-05,-1.9001774,2.4321167
62.0,22.0,25.332634,230.25,3.5164507e-05,-1.3246781,2.2046342
64.0,22.0,24.047382,238.75,3.577612e-05,-0.56328887,3.5564682
64.0,22.0,23.65065,238.75,3.700857e-05,-0.7159064,5.093939
