Vmax,Rmax_IBT,Rmax_CK22,R34,fcor,u_trans,v_trans
51.0,37.0,28.12638,204.0,4.506766e-05,0.42137182,0.29504773
51.0,31.0,29.15362,214.5,4.4946584e-05,0.45833376,0.23353274
51.0,28.0,30.20173,227.0,4.4825505e-05,0.48922348,0.15895833
49.0,31.0,32.034344,219.5,4.470439e-05,0.9727495,0.33494452
46.0,37.0,34.00398,213.0,4.458322e-05,0.86282426,0.56032467
46.0,37.0,33.47509,208.5,4.4443826e-05,0.7995278,0.64744484
46.0,37.0,32.921394,203.5,4.4340795e-05,0.890967,0.51439995
46.0,37.0,34.274216,215.0,4.4322598e-05,0.9937445,0.26627305
46.0,37.0,35.630955,227.0,4.4340795e-05,1.0231642,0.10753884
46.0,37.0,35.32084,224.25,4.432256e-05,1.0288,-4.4970278e-08
46.0,37.0,35.065662,222.25,4.4340795e-05,1.5410851,-0.08076483
46.0,37.0,35.309277,224.25,4.4425702e-05,1.5197554,-0.2679739
46.0,37.0,35.576782,227.0,4.458322e-05,1.3087077,-0.8177716
46.0,37.0,36.27977,233.5,4.4789125e-05,0.9287211,-1.2324542
46.0,37.0,37.029213,241.0,4.506766e-05,0.7716001,-1.3364503
49.0,31.0,33.623013,238.0,4.5394358e-05,0.6521846,-1.3986142
51.0,28.0,30.555922,236.5,4.5793287e-05,0.669889,-1.9454991
51.0,31.0,31.424608,250.75,4.6240126e-05,0.4628594,-2.004864
51.0,37.0,32.23059,266.5,4.675884e-05,0.44662338,-2.5329256
