Vmax,Rmax_IBT,Rmax_CK22,R34,fcor,u_trans,v_trans
19.0,46.0,44.882576,100.25,3.3445667e-05,-1.781934,-1.0287998
21.0,46.0,40.265343,97.25,3.305528e-05,-1.7996175,-0.9975442
22.0,46.0,38.54074,97.75,3.2720312e-05,-2.0267637,-1.5834814
23.0,46.0,36.762535,99.75,3.231108e-05,-2.2936418,-2.065205
24.0,46.0,33.739265,95.5,3.1690302e-05,-2.837469,-2.216874
26.0,46.0,30.851044,92.75,3.1068776e-05,-2.3985834,-1.9423344
26.0,41.0,26.930298,81.0,3.0676743e-05,-2.4969494,-1.8141412
26.0,37.0,23.044218,69.75,3.0322259e-05,-3.6666696,-1.8682624
27.0,37.0,22.655048,70.75,2.9824116e-05,-3.451297,-2.241299
28.0,37.0,22.487244,74.25,2.9325609e-05,-4.0491395,-2.2444746
31.0,41.0,27.081175,96.75,2.8951097e-05,-4.9192314,-1.5039612
33.0,46.0,31.110765,120.25,2.857718e-05,-5.3814583,-1.7485425
34.0,46.0,28.722559,114.0,2.8077913e-05,-4.735077,-2.0099213
36.0,46.0,26.21945,108.75,2.7578055e-05,-4.735077,-2.0099213
