Vmax,Rmax_IBT,Rmax_CK22,R34,fcor,u_trans,v_trans
34.0,37.0,43.196095,175.5,3.6601752e-05,-6.0145917,-1.3885787
36.0,37.0,43.05256,185.5,3.700857e-05,-4.892235,-1.5895841
39.0,37.0,41.38639,194.5,3.7463218e-05,-4.261569,-1.8089292
41.0,37.0,39.694237,203.5,3.7992504e-05,-5.2085843,-2.2109134
42.0,37.0,41.257256,222.5,3.855123e-05,-5.682092,-2.4119058
44.0,37.0,41.72963,240.5,3.9219805e-05,-5.398853,-2.9926329
45.0,31.0,40.721794,245.5,4.014988e-05,-5.234831,-3.2710865
46.0,28.0,39.04558,250.0,4.093299e-05,-5.72332,-2.312373
46.0,28.0,39.517868,255.0,4.11287e-05,-5.5347505,-1.1764487
46.0,28.0,40.01493,259.5,4.1177245e-05,-4.9912014,-1.2444464
