Vmax,Rmax_IBT,Rmax_CK22,R34,fcor,u_trans,v_trans
29.0,46.0,37.33718,126.75,3.0801366e-05,-1.0288,1.2268317e-08
33.0,37.0,44.4292,173.75,3.1068776e-05,1.5281817,-0.2147719
33.0,31.0,43.16137,168.5,3.1100066e-05,2.349639,-1.0461265
33.0,28.0,42.10411,164.25,3.131743e-05,1.6873837,-1.9411132
34.0,19.0,44.010094,178.0,3.1951015e-05,0.9537502,-2.9353406
36.0,9.0,44.894592,192.25,3.280731e-05,0.9257188,-4.009728
37.0,9.0,42.33123,187.0,3.363756e-05,0.99555683,-3.992961
39.0,9.0,39.46624,182.75,3.454095e-05,0.9257188,-4.009728
40.0,22.0,37.862015,181.5,3.5529152e-05,0.93195593,-3.4781058
41.0,37.0,35.82129,180.5,3.651592e-05,1.739159,-3.7296376
45.0,31.0,31.8873,178.75,3.741477e-05,2.6554298,-3.7923462
49.0,28.0,28.306713,178.25,3.8238195e-05,2.6451998,-3.152426
50.0,19.0,29.351503,194.0,3.8992614e-05,2.9602275,-2.8586578
51.0,9.0,29.744017,210.75,3.9709896e-05,4.0535274,-3.1669629
52.0,13.0,30.046543,225.5,4.0443807e-05,5.1174836,-3.4517856
54.0,19.0,29.685982,241.0,4.1177245e-05,5.2911224,-3.179227
55.0,19.0,30.305277,266.25,4.185423e-05,5.3458014,-3.0864005
