Vmax,Rmax_IBT,Rmax_CK22,R34,fcor,u_trans,v_trans
27.0,46.0,58.535927,180.5,2.989257e-05,-0.5359479,-3.0395107
28.0,46.0,59.490974,194.5,3.0571195e-05,0.0,2.572
28.0,46.0,59.496574,194.5,3.1155818e-05,0.0,2.0576
28.0,46.0,59.502384,194.5,3.1814445e-05,-0.37613717,-3.0633945
29.0,46.0,57.232723,194.5,3.2571665e-05,-1.0414333,-4.510944
31.0,46.0,54.05224,194.5,3.3550914e-05,-1.5895833,-4.892235
31.0,46.0,54.011894,194.5,3.4837656e-05,-1.7485417,-5.3814583
31.0,46.0,53.964977,194.5,3.626943e-05,-0.35882694,-5.1314697
31.0,46.0,53.91537,194.5,3.7715883e-05,1.1571485,-5.01216
31.0,46.0,53.87046,194.5,3.897458e-05,1.9565538,-4.1958423
31.0,46.0,53.840137,194.5,3.9801744e-05,2.2412987,-3.451297
31.0,46.0,53.81606,194.5,4.0444127e-05,2.0135422,-2.9851983
32.0,46.0,51.72992,194.5,4.1195388e-05,1.9611363,-3.019885
33.0,46.0,48.81506,194.5,4.1909232e-05,2.3145497,-2.7583728
36.0,46.0,44.481274,194.5,4.248158e-05,3.0096667,-2.8065596
39.0,46.0,40.659977,194.5,4.3126656e-05,3.7620835,-3.5081995
41.0,46.0,37.2295,194.5,4.406151e-05,4.5145,-4.2098393
44.0,46.0,34.14186,194.5,4.506766e-05,4.864233,-3.8003554
46.0,46.0,30.849922,190.0,4.5932236e-05,5.608358,-3.6421103
