Vmax,Rmax_IBT,Rmax_CK22,R34,fcor,u_trans,v_trans
28.0,46.0,39.590977,129.5,3.5263496e-05,-4.209839,-4.5145006
28.0,46.0,39.599594,129.5,3.626943e-05,-4.9695573,-4.4746113
29.0,46.0,38.170853,129.5,3.7242236e-05,-5.5439405,-3.7394347
31.0,46.0,36.17708,129.5,3.7992504e-05,-6.200263,-2.5050704
32.0,46.0,37.407734,139.0,3.8293507e-05,-5.5133758,-1.2728637
33.0,46.0,37.84601,148.0,3.8483773e-05,-4.9447303,-1.4178778
36.0,46.0,34.8457,148.0,3.89009e-05,-4.1610575,-2.0294824
39.0,46.0,32.203754,148.0,3.9464914e-05,-3.2428217,-2.5335703
41.0,46.0,29.849735,148.0,4.018076e-05,-2.3623376,-2.7175581
