Vmax,Rmax_IBT,Rmax_CK22,R34,fcor,u_trans,v_trans
27.0,46.0,32.660812,101.5,3.621893e-05,-3.0395107,0.5359477
28.0,46.0,31.05127,102.0,3.626943e-05,-2.349639,1.0461266
28.0,46.0,31.054829,102.0,3.67623e-05,-2.5282311,1.770286
31.0,46.0,28.480946,102.0,3.7254722e-05,-3.019885,1.9611366
32.0,46.0,27.557003,102.0,3.774635e-05,-2.5282311,1.770286
33.0,46.0,26.268871,102.0,3.8238195e-05,-2.837469,2.216874
34.0,46.0,28.612953,115.0,3.872879e-05,-2.837469,2.216874
36.0,46.0,30.67902,129.5,3.9219805e-05,-3.4116557,2.3011906
41.0,31.0,29.363087,145.0,3.9691568e-05,-4.499044,2.4938607
46.0,19.0,27.97808,162.0,4.0199502e-05,-4.5418825,2.414962
54.0,19.0,24.283964,175.0,4.079191e-05,-5.041672,2.5688584
