Vmax,Rmax_IBT,Rmax_CK22,R34,fcor,u_trans,v_trans
31.0,37.0,27.142206,97.25,4.227451e-05,-4.3773727,1.5072504
33.0,28.0,28.429245,111.25,4.2640077e-05,-3.867023,1.407481
33.0,28.0,28.42416,111.25,4.288343e-05,-3.7880614,1.6079371
33.0,26.0,28.883621,112.75,4.300873e-05,-5.046895,4.3871965
36.0,19.0,30.331413,129.75,4.409823e-05,-4.2704496,3.7122433
38.0,19.0,28.873482,129.75,4.47211e-05,-3.882227,3.3747668
39.0,19.0,27.948227,129.75,4.5309676e-05,-4.728565,4.728564
39.0,19.0,27.934887,129.75,4.5551555e-05,-4.6453204,4.810368
41.0,28.0,26.774857,134.5,4.5793287e-05,-3.9306557,4.070311
44.0,22.0,24.814331,134.5,4.675874e-05,-3.859019,4.1382923
46.0,19.0,23.045214,134.5,4.7722115e-05,-3.9306557,4.070311
47.0,19.0,22.335743,134.5,4.8664973e-05,-3.859019,4.1382923
49.0,19.0,21.352013,134.5,4.9641636e-05,-3.6371503,4.334585
