Vmax,Rmax_IBT,Rmax_CK22,R34,fcor,u_trans,v_trans
31.0,28.0,24.622133,88.0,2.7578055e-05,-6.6780353,-0.34998214
32.0,37.0,26.875269,99.0,2.7346518e-05,-6.126789,-0.7522766
33.0,46.0,28.776287,111.0,2.707799e-05,-6.138985,-0.6452325
34.0,41.0,27.945152,111.0,2.6952992e-05,-5.6368685,-0.49316186
36.0,37.0,26.785337,111.0,2.6827835e-05,-4.528432,-0.962549
37.0,37.0,27.862152,119.0,2.6595899e-05,-2.841046,-1.2059529
39.0,37.0,28.576996,127.25,2.6327272e-05,-3.3836453,-1.2315458
41.0,37.0,28.659992,136.75,2.5945576e-05,-3.5346434,-0.6870645
44.0,37.0,28.654488,145.75,2.5826394e-05,-2.5579104,0.26884696
44.0,37.0,29.20137,149.0,2.6307172e-05,-1.5990556,1.2948897
44.0,37.0,29.795223,152.5,2.707799e-05,-1.5896137,2.645561
46.0,41.0,27.97052,152.5,2.7827968e-05,-1.4645767,3.2894948
46.0,46.0,27.891125,152.5,2.857718e-05,-1.5784872,3.2363775
49.0,41.0,26.369694,153.5,2.9257615e-05,-1.9950879,3.5992353
51.0,37.0,25.012848,154.75,3.0073232e-05,-1.7342788,4.2924905
51.0,37.0,26.338852,166.25,3.1224045e-05,-1.5895832,4.892235
51.0,37.0,27.6599,178.25,3.2559245e-05,-2.3123717,5.7233205
57.0,31.0,24.232906,177.0,3.3922297e-05,-3.0359254,5.9583387
