Vmax,Rmax_IBT,Rmax_CK22,R34,fcor,u_trans,v_trans
21.0,46.0,64.67436,153.0,3.7149475e-05,-10.063182,-2.1389978
23.0,46.0,62.921776,166.5,3.651592e-05,-9.560022,-2.0320477
24.0,41.0,57.044106,158.0,3.6120928e-05,-8.150302,-1.1454515
26.0,37.0,50.800953,150.25,3.6022833e-05,-7.7054253,-0.40382555
28.0,37.0,51.56952,168.5,3.6299305e-05,-7.184057,0.5023589
31.0,37.0,52.06312,187.5,3.67623e-05,-7.574236,1.4722813
33.0,31.0,48.814003,193.0,3.713088e-05,-8.019455,1.8514384
36.0,28.0,45.960884,199.25,3.7500762e-05,-8.050547,1.7111946
45.0,19.0,41.721207,248.75,3.7851216e-05,-7.621003,1.2070489
54.0,9.0,34.988266,298.5,3.8238195e-05,-7.044228,1.4972953
63.0,9.0,26.145779,288.5,3.8698894e-05,-6.9226227,1.985029
72.0,9.0,19.646822,280.0,3.9219805e-05,-7.2956214,2.512084
