Vmax,Rmax_IBT,Rmax_CK22,R34,fcor,u_trans,v_trans
32.0,46.0,59.13369,220.0,2.6107913e-05,-1.7540995,1.8810419
33.0,46.0,57.817165,226.75,2.6577594e-05,-1.9611359,3.019885
34.0,46.0,56.349113,229.0,2.7465461e-05,-2.7259047,4.3623595
36.0,46.0,53.969357,231.25,2.857718e-05,-3.628281,4.9939
41.0,46.0,49.400856,252.5,2.9717852e-05,-4.47461,4.9695582
46.0,46.0,44.828674,273.0,3.0820032e-05,-5.196931,4.208391
47.0,41.0,44.524246,285.0,3.1783846e-05,-5.7912855,3.3435993
49.0,37.0,43.416466,296.25,3.2559245e-05,-5.594457,2.6087375
51.0,28.0,41.106976,310.25,3.3091863e-05,-5.2463775,2.1196725
54.0,19.0,38.73008,323.75,3.3550914e-05,-5.2463775,2.1196725
55.0,19.0,37.37999,326.25,3.413228e-05,-5.128252,2.3913426
57.0,19.0,35.432938,328.5,3.47882e-05,-5.5000057,2.802391
60.0,19.0,31.434967,330.75,3.5529196e-05,-5.904447,3.1394508
64.0,19.0,27.429523,333.0,3.626943e-05,-6.060662,2.8261323
65.0,20.0,26.325737,335.5,3.690323e-05,-6.2002645,2.5050676
67.0,22.0,24.859493,337.75,3.7500762e-05,-6.677208,2.697765
