Vmax,Rmax_IBT,Rmax_CK22,R34,fcor,u_trans,v_trans
44.0,37.0,32.292435,185.5,4.9402213e-05,-8.079185,-1.5704331
45.0,28.0,30.637817,180.5,4.9023347e-05,-9.700748,-1.1911045
46.0,19.0,28.579523,176.0,4.868306e-05,-10.743224,-1.129157
46.0,19.0,28.307219,172.25,4.854489e-05,-11.273737,-0.9863237
46.0,19.0,27.914213,169.0,4.844305e-05,-10.248852,-0.89665794
49.0,22.0,26.878681,177.0,4.8165355e-05,-9.2465105,-0.48459068
51.0,28.0,25.841,185.0,4.796257e-05,-8.229147,0.14363956
55.0,28.0,24.084208,194.0,4.8009813e-05,-7.1479206,0.8776529
59.0,28.0,22.012753,204.0,4.8202877e-05,-7.112936,1.1265789
60.0,22.0,21.356482,204.0,4.838806e-05,-7.5987763,1.3398693
62.0,19.0,20.410381,204.0,4.868306e-05,-7.547387,1.604245
64.0,22.0,18.947348,204.0,4.9126178e-05,-7.486802,1.8666699
