Vmax,Rmax_IBT,Rmax_CK22,R34,fcor,u_trans,v_trans
32.0,37.0,26.42141,97.5,1.6256578e-05,-6.6872,7.974406e-08
36.0,28.0,23.693127,97.5,1.6256854e-05,-6.6872,7.974406e-08
37.0,28.0,23.103642,97.5,1.6307324e-05,-7.1917305,0.376904
39.0,28.0,22.274284,97.5,1.6509784e-05,-7.6409082,1.0738611
42.0,28.0,23.22173,110.5,1.699592e-05,-8.079185,1.5704334
46.0,28.0,24.056774,125.0,1.7520999e-05,-8.079185,1.5704334
51.0,20.0,24.354137,140.5,1.7811491e-05,-8.105362,1.4291939
57.0,13.0,24.585892,157.5,1.8026287e-05,-8.150302,1.1454518
62.0,13.0,24.150545,170.5,1.825946e-05,-8.169052,1.0030318
67.0,13.0,23.80922,185.0,1.8531358e-05,-8.659697,1.2170426
68.0,13.0,24.259796,194.5,1.8890556e-05,-9.145204,1.4484587
69.0,13.0,24.42798,203.5,1.9288536e-05,-9.145204,1.4484587
73.0,13.0,23.900522,214.5,1.9666764e-05,-9.118532,1.607843
77.0,13.0,23.160454,227.0,2.0045187e-05,-9.145204,1.4484587
78.0,17.0,22.099861,218.75,2.0385123e-05,-9.145204,1.4484587
