Vmax,Rmax_IBT,Rmax_CK22,R34,fcor,u_trans,v_trans
21.0,46.0,110.03679,254.25,2.9593388e-05,-2.0294826,-4.1610575
23.0,46.0,89.18676,233.75,3.0571195e-05,-3.105781,-2.699814
24.0,46.0,97.83901,267.75,3.1087915e-05,-3.8155465,-1.5415819
26.0,46.0,103.770256,303.5,3.156599e-05,-2.501326,-2.5901988
27.0,41.0,83.72085,256.5,3.237905e-05,-0.9955566,-3.992961
28.0,37.0,64.48156,210.5,3.330315e-05,-1.2031684,-3.9353852
29.0,41.0,64.61387,220.0,3.4151362e-05,-1.4645768,-3.2894945
31.0,46.0,63.274742,229.0,3.5035337e-05,-1.2716666,-3.9137878
31.0,46.0,65.32783,237.0,3.5985828e-05,-0.785217,-4.0395923
31.0,46.0,67.47685,245.25,3.700857e-05,-0.32294425,-4.618323
49.0,41.0,36.94184,278.25,4.3976856e-05,-1.0414333,-4.510944
51.0,37.0,33.19024,275.5,4.506766e-05,-1.4074813,-3.867023
52.0,33.0,30.83426,261.5,4.600473e-05,-1.6347291,-3.2083364
