Vmax,Rmax_IBT,Rmax_CK22,R34,fcor,u_trans,v_trans
49.0,28.0,31.596748,192.0,3.0820032e-05,-4.595092,0.5642054
49.0,28.0,31.522882,192.5,3.097532e-05,-4.4718504,1.1982284
49.0,28.0,31.48759,194.25,3.131743e-05,-3.890998,1.3397782
49.0,28.0,31.370598,194.25,3.19196e-05,-3.8418703,1.4747552
49.0,28.0,31.246517,194.25,3.2559245e-05,-4.769434,1.926975
49.0,28.0,31.174454,194.25,3.293116e-05,-5.2085843,2.2109134
49.0,28.0,31.10262,194.25,3.330315e-05,-5.594457,2.6087375
47.0,28.0,32.285267,194.25,3.3903747e-05,-5.548076,2.7059765
46.0,28.0,33.085247,194.25,3.454095e-05,-5.1692057,2.3014786
46.0,28.0,34.136787,201.25,3.4979486e-05,-5.128252,2.3913426
46.0,28.0,35.098564,208.25,3.5529305e-05,-4.691026,3.1641371
47.0,28.0,34.236736,210.75,3.644168e-05,-4.20501,3.7862093
49.0,28.0,32.843376,213.0,3.7500762e-05,-4.5872836,4.13041
51.0,28.0,30.368269,213.0,3.8483555e-05,-4.72864,3.9677987
54.0,28.0,28.094692,213.0,3.9464914e-05,-4.5145,4.20984
55.0,28.0,29.596798,247.75,4.0407092e-05,-4.287988,4.4403396
57.0,28.0,29.57225,282.25,4.142137e-05,-4.6453204,4.810368
58.0,28.0,28.177029,282.25,4.25669e-05,-5.0026526,5.180396
59.0,28.0,26.32789,282.25,4.385554e-05,-5.062152,5.823339
