Vmax,Rmax_IBT,Rmax_CK22,R34,fcor,u_trans,v_trans
29.0,22.0,52.786938,180.25,4.082912e-05,-1.931969,3.633506
33.0,9.0,47.235924,189.75,4.1665367e-05,-1.5784872,3.2363775
34.0,9.0,47.01017,195.25,4.2396463e-05,-1.3043696,2.797228
36.0,9.0,45.880157,201.5,4.3126656e-05,-1.5217645,3.2634327
37.0,13.0,44.145657,201.5,4.4013406e-05,-1.931969,3.633506
39.0,19.0,41.737762,201.5,4.4825505e-05,-2.1164973,2.9131083
41.0,22.0,37.535587,197.5,4.5363984e-05,-2.5013263,2.590198
44.0,28.0,33.913445,194.5,4.5793287e-05,-2.3623376,2.7175581
47.0,20.0,30.436577,196.25,4.6276295e-05,-2.2168736,2.8374693
51.0,13.0,27.047596,198.75,4.675884e-05,-2.1049194,2.2572503
57.0,11.0,23.540794,203.0,4.7222435e-05,-1.9988195,1.618612
62.0,9.0,20.57327,208.0,4.7722115e-05,-2.6334584,2.4557397
67.0,9.0,17.98164,211.5,4.8341364e-05,-2.9098864,2.9098854
72.0,9.0,15.730649,215.25,4.892293e-05,-2.8757265,2.167016
76.0,9.0,13.653984,186.25,4.9290455e-05,-2.2709413,1.207481
