Vmax,Rmax_IBT,Rmax_CK22,R34,fcor,u_trans,v_trans
33.0,28.0,22.742006,88.0,3.7746686e-05,1.1676638,-2.2916687
36.0,28.0,24.785997,104.0,3.8305774e-05,2.3145497,-2.7583728
39.0,28.0,26.560162,120.5,3.897458e-05,2.4188538,-3.3292668
42.0,28.0,24.069895,120.5,3.9899674e-05,2.2444744,-4.0491395
46.0,28.0,21.654858,120.5,4.093299e-05,2.2444744,-4.0491395
49.0,31.0,20.307716,120.5,4.190916e-05,2.3844204,-3.9683418
51.0,37.0,19.075851,120.5,4.288343e-05,2.5720003,-4.4548345
57.0,31.0,20.755552,157.75,4.3873595e-05,2.5720003,-4.4548345
62.0,28.0,20.80817,196.75,4.4825505e-05,2.6554298,-3.7923462
