Vmax,Rmax_IBT,Rmax_CK22,R34,fcor,u_trans,v_trans
41.0,30.0,31.589254,156.0,3.475687e-05,1.4293293,-1.4801134
46.0,13.0,29.13292,166.75,3.5035337e-05,2.106859,-1.4752388
51.0,11.0,25.563042,166.75,3.5510824e-05,3.4898872,-2.1807244
57.0,9.0,22.608635,166.75,3.6022833e-05,3.019885,-1.9611363
58.0,9.0,22.662947,172.0,3.651595e-05,1.9988196,-1.6186119
59.0,9.0,22.27222,178.25,3.700857e-05,1.9113684,-1.7210041
55.0,9.0,24.69932,181.25,3.7537542e-05,1.6873837,-1.9411132
51.0,9.0,27.40649,185.25,3.7992504e-05,0.75198036,-2.4596157
50.0,9.0,27.312414,175.5,3.8275033e-05,-0.35795328,-2.5469694
49.0,9.0,26.890545,166.75,3.8483773e-05,-0.72448844,-1.3625648
51.0,9.0,28.891031,202.25,3.8766004e-05,-0.4583337,-0.2335328
54.0,9.0,29.50487,238.25,3.897458e-05,-0.14178793,0.49447298
58.0,9.0,24.274105,197.25,3.902982e-05,0.7881065,0.6612999
62.0,9.0,19.14825,157.25,3.897458e-05,1.5036479,0.34714445
63.0,9.0,18.207111,150.5,3.8814796e-05,2.5657349,-0.17941366
64.0,9.0,16.922262,143.25,3.872924e-05,3.0484014,-0.48281932
63.0,15.0,19.103828,164.0,3.8919377e-05,3.5346432,-0.6870651
62.0,22.0,21.099653,185.25,3.9219805e-05,4.0395923,-0.7852173
68.0,22.0,19.29184,201.0,3.9350212e-05,4.510944,-1.0414332
