Vmax,Rmax_IBT,Rmax_CK22,R34,fcor,u_trans,v_trans
46.0,19.0,17.330591,92.75,3.5529305e-05,-5.1369505,0.26921716
49.0,19.0,17.133846,97.25,3.5652472e-05,-5.115821,0.5376939
51.0,19.0,16.90944,102.0,3.577612e-05,-5.1369505,0.26921716
52.0,19.0,17.250359,106.5,3.579448e-05,-4.6296,5.520743e-08
54.0,19.0,17.377373,111.25,3.577612e-05,-4.6296,5.520743e-08
54.0,19.0,17.97068,115.75,3.5775804e-05,-4.6296,5.520743e-08
54.0,19.0,18.547287,120.5,3.577612e-05,-4.6296,5.520743e-08
55.0,19.0,18.77785,125.0,3.57573e-05,-4.6296,5.520743e-08
57.0,19.0,18.773937,129.75,3.577612e-05,-4.6183224,0.322945
57.0,19.0,19.276867,134.25,3.5899222e-05,-5.115821,0.5376939
57.0,19.0,19.761099,139.0,3.6022833e-05,-5.1369505,0.26921716
57.0,19.0,19.758966,139.0,3.6041143e-05,-5.144,6.134159e-08
57.0,19.0,19.761099,139.0,3.6022833e-05,-5.6584,6.7475746e-08
57.0,19.0,19.761127,139.0,3.6022524e-05,-5.6584,6.7475746e-08
57.0,19.0,19.761099,139.0,3.6022833e-05,-5.6575384,-0.098752074
58.0,19.0,19.35281,139.0,3.598539e-05,-5.6584,6.7475746e-08
59.0,19.0,18.75622,139.0,3.6022833e-05,-5.6368685,0.49316204
60.0,19.0,18.352222,139.0,3.6232068e-05,-6.0790215,1.0718954
62.0,19.0,17.772373,139.0,3.651592e-05,-6.0593886,1.1778251
