Vmax,Rmax_IBT,Rmax_CK22,R34,fcor,u_trans,v_trans
31.0,37.0,27.201365,97.25,3.2559245e-05,-4.2645693,2.8764882
33.0,31.0,25.73186,99.5,3.330314e-05,-4.691026,3.1641371
36.0,28.0,24.426804,102.0,3.404614e-05,-4.2645693,2.8764882
37.0,28.0,24.767462,106.5,3.4701414e-05,-3.8827093,2.5214612
39.0,28.0,24.715502,111.25,3.5282377e-05,-4.0093513,2.3147995
40.0,28.0,24.991676,115.75,3.5794463e-05,-4.1250043,2.1017933
41.0,28.0,24.889992,120.75,3.626943e-05,-4.1610575,2.0294824
41.0,31.0,24.86568,120.75,3.674366e-05,-4.1250043,2.1017933
41.0,37.0,24.839481,120.75,3.7254722e-05,-4.0093513,2.3147995
41.0,37.0,24.80878,120.75,3.7850998e-05,-3.8827093,2.5214612
41.0,37.0,24.77627,120.75,3.8483773e-05,-3.8827093,2.5214612
41.0,37.0,24.745626,120.75,3.907853e-05,-3.8827093,2.5214612
41.0,37.0,24.713043,120.75,3.9709896e-05,-4.2137184,2.9504766
41.0,31.0,24.24153,118.25,4.0462346e-05,-4.6350904,3.2455244
41.0,28.0,23.768538,116.0,4.1177245e-05,-4.454835,2.5719995
41.0,28.0,23.312654,113.5,4.1720115e-05,-4.6620474,2.173948
41.0,28.0,22.857265,111.25,4.2152973e-05,-4.261569,1.8089292
41.0,22.0,21.94297,106.5,4.2572716e-05,-3.8418703,1.4747552
41.0,19.0,21.02233,102.0,4.288343e-05,-3.992961,0.99555725
