Vmax,Rmax_IBT,Rmax_CK22,R34,fcor,u_trans,v_trans
26.0,46.0,33.497765,99.5,4.506766e-05,-2.5403342,0.40234962
27.0,46.0,32.94999,101.75,4.5170444e-05,-2.5157957,0.5347483
28.0,46.0,31.822767,104.25,4.5309676e-05,-2.4318738,0.83736134
28.0,46.0,31.823864,104.25,4.553335e-05,-1.8167529,0.9659848
28.0,46.0,31.825119,104.25,4.5793287e-05,-1.7449436,1.0903622
28.0,46.0,31.825115,104.25,4.603481e-05,-1.2641156,0.885143
28.0,46.0,31.825901,104.5,4.627635e-05,-1.2484752,0.9070699
28.0,46.0,32.112858,105.25,4.6499437e-05,-1.2641156,0.885143
28.0,46.0,32.542088,106.5,4.675884e-05,-1.7256485,1.1206495
28.0,46.0,33.541477,109.75,4.7084166e-05,-2.6174154,1.6355432
28.0,46.0,34.682693,113.5,4.748151e-05,-3.019885,1.9611366
29.0,46.0,35.982666,122.25,4.7944588e-05,-2.949603,2.0653336
31.0,46.0,36.681187,132.0,4.844305e-05,-2.8757265,2.167016
31.0,46.0,37.55503,135.25,4.890491e-05,-2.36432,1.9838994
31.0,46.0,38.54561,139.0,4.9402213e-05,-1.9839002,2.3643193
