Vmax,Rmax_IBT,Rmax_CK22,R34,fcor,u_trans,v_trans
31.0,37.0,31.954876,114.25,3.7728263e-05,0.99824023,-0.24888922
31.0,28.0,30.407692,109.0,3.7746686e-05,1.0286434,-0.017954977
32.0,28.0,31.390987,116.5,3.7746653e-05,0.9727495,0.33494452
33.0,28.0,32.102814,125.0,3.7746686e-05,1.0248852,-0.08966585
33.0,28.0,31.40816,122.25,3.7709815e-05,1.4591243,-0.50241673
33.0,28.0,30.935616,120.5,3.7746686e-05,1.977892,-0.5671514
33.0,31.0,32.791798,127.75,3.7973896e-05,2.004864,-0.4628592
33.0,37.0,34.978886,136.5,3.8238195e-05,2.4843612,-0.6656825
34.0,31.0,32.29886,130.25,3.8379425e-05,2.9668381,-0.85072714
36.0,28.0,29.656227,125.0,3.8483773e-05,3.0189548,-0.6416984
34.0,28.0,32.624,131.75,3.858797e-05,3.0484014,-0.48281932
33.0,28.0,35.53821,138.75,3.872924e-05,3.5657573,-0.5011344
34.0,22.0,36.53234,148.25,3.891897e-05,4.052681,-0.71459705
36.0,19.0,36.713654,157.5,3.9219805e-05,4.9192314,-1.5039601
37.0,22.0,37.409542,166.25,3.9617462e-05,5.6820927,-2.4119053
39.0,28.0,37.51229,175.75,4.0199502e-05,6.9930706,-3.2609231
40.0,19.0,36.15091,175.5,4.0908253e-05,7.7212005,-4.1054354
41.0,9.0,34.422268,175.75,4.1909232e-05,8.288482,-5.1792197
44.0,9.0,33.627666,189.25,4.328642e-05,8.006063,-5.605907
