Vmax,Rmax_IBT,Rmax_CK22,R34,fcor,u_trans,v_trans
26.0,37.0,55.720615,167.0,2.0801292e-05,0.5451811,-0.8724718
27.0,46.0,70.35748,218.0,2.122949e-05,0.45118824,-1.4757695
39.0,37.0,60.72298,287.0,2.6827835e-05,-1.8648189,-0.8695792
39.0,37.0,60.55022,287.0,2.7502942e-05,-0.9019923,-1.8493588
39.0,37.0,60.338394,287.0,2.8327528e-05,0.35795343,-2.5469694
41.0,37.0,55.32715,287.0,2.8951556e-05,1.5784868,-3.2363777
44.0,37.0,50.830772,287.0,2.9574905e-05,1.4645771,-3.2894945
49.0,28.0,46.640305,319.5,3.0247538e-05,0.93195593,-3.4781058
54.0,19.0,41.7015,351.5,3.1068776e-05,0.7852172,-4.0395923
59.0,19.0,35.50658,361.0,3.2149717e-05,0.7242289,-4.5726023
64.0,19.0,29.99141,370.0,3.330315e-05,0.64431614,-4.584545
