Vmax,Rmax_IBT,Rmax_CK22,R34,fcor,u_trans,v_trans
28.0,28.0,50.97238,166.5,3.5282377e-05,-6.0593886,1.1778251
28.0,28.0,48.134712,157.5,3.539425e-05,-6.1728,7.3609904e-08
28.0,28.0,45.289993,148.0,3.5282377e-05,-5.603333,-0.78749794
27.0,28.0,46.50982,143.5,3.5053064e-05,-4.492081,-1.1200018
26.0,28.0,46.84819,139.0,3.47882e-05,-4.025273,-0.8555991
27.0,28.0,46.51922,143.75,3.4590204e-05,-4.595092,-0.56420743
28.0,28.0,45.280964,148.25,3.454095e-05,-4.628895,0.080797255
29.0,28.0,44.937824,153.0,3.4788165e-05,-5.124426,0.44832912
31.0,28.0,43.740166,157.5,3.5035337e-05,-4.628895,-0.08079715
32.0,28.0,42.172523,157.5,3.496726e-05,-4.584545,-0.6443165
33.0,28.0,39.997513,157.5,3.47882e-05,-4.075151,-0.5727258
33.0,28.0,42.283577,167.0,3.4682347e-05,-3.5810745,-0.37638563
33.0,28.0,44.56218,176.0,3.454095e-05,-4.595092,-0.56420743
33.0,28.0,44.577007,176.0,3.4293942e-05,-6.126789,-0.7522766
33.0,28.0,44.591797,176.0,3.404614e-05,-6.138985,-0.6452325
33.0,28.0,44.60476,176.0,3.382911e-05,-5.6575384,-0.098752074
33.0,28.0,44.60655,176.0,3.3798577e-05,-5.6162233,0.6895844
33.0,28.0,44.59,176.0,3.4076787e-05,-5.4392037,1.5596656
33.0,28.0,44.56218,176.0,3.454095e-05,-5.836497,2.0096672
