Vmax,Rmax_IBT,Rmax_CK22,R34,fcor,u_trans,v_trans
33.0,28.0,35.46069,139.0,4.173247e-05,0.7995278,0.64744484
39.0,28.0,32.06059,148.0,4.1665367e-05,1.0161338,0.16093981
40.0,24.0,31.790474,152.0,4.175073e-05,0.8427436,-0.5900955
41.0,22.0,31.354685,157.0,4.1909232e-05,0.88185376,-0.52987117
44.0,22.0,29.12031,157.0,4.2031115e-05,1.4205232,-0.6029763
46.0,22.0,27.126,157.0,4.2152973e-05,0.88185376,-0.52987117
46.0,22.0,26.71596,154.5,4.225644e-05,0.7995279,-0.6474448
46.0,22.0,26.43245,152.5,4.239659e-05,1.387019,-0.6764943
46.0,22.0,26.071938,150.25,4.258535e-05,1.9077735,-0.7707905
46.0,22.0,25.693615,148.0,4.288343e-05,2.1811795,-1.3629527
46.0,17.0,25.657299,148.0,4.3333297e-05,2.25725,-2.1049197
46.0,13.0,25.59732,148.0,4.385554e-05,1.6186123,-1.9988192
49.0,15.0,25.113619,157.75,4.434075e-05,1.324678,-2.2046344
51.0,19.0,24.62775,168.75,4.4825505e-05,0.99754417,-1.7996175
54.0,20.0,23.574669,175.25,4.5291486e-05,0.9659847,-1.8167529
57.0,22.0,22.570587,183.0,4.5793287e-05,1.0049605,-2.3675385
58.0,22.0,21.85208,182.5,4.6342673e-05,1.0048335,-2.9182487
59.0,22.0,20.91973,183.0,4.6999867e-05,1.2315464,-3.3836453
60.0,22.0,20.077963,179.75,4.7752026e-05,1.5415815,-3.8155468
