Vmax,Rmax_IBT,Rmax_CK22,R34,fcor,u_trans,v_trans
40.0,28.0,22.79977,104.25,3.144144e-05,-5.4392037,1.5596656
41.0,28.0,24.211132,116.0,3.1814445e-05,-5.9624667,1.5976379
41.0,28.0,25.114052,120.5,3.2168125e-05,-5.9894414,1.4933358
41.0,28.0,26.002474,125.25,3.2559245e-05,-5.9030786,1.8047506
41.0,28.0,25.976662,125.25,3.3036344e-05,-5.836497,2.0096672
41.0,28.0,25.948694,125.25,3.3550914e-05,-6.3228717,2.1771395
41.0,31.0,25.921818,125.25,3.404615e-05,-5.836497,2.0096672
41.0,37.0,25.894934,125.25,3.454095e-05,-5.282572,2.0277884
41.0,37.0,25.867947,125.25,3.5034973e-05,-4.6620474,2.173948
41.0,37.0,25.841106,125.25,3.5529305e-05,-4.087694,2.173466
41.0,37.0,25.814133,125.25,3.6022528e-05,-3.5274155,2.119484
41.0,37.0,25.787228,125.25,3.651592e-05,-3.5274155,2.119484
41.0,37.0,27.073017,132.0,3.702698e-05,-3.5274155,2.119484
41.0,37.0,28.337368,139.0,3.7500762e-05,-3.1793177,1.6904734
41.0,41.0,30.415546,150.75,3.7850994e-05,-3.2083368,1.6347281
41.0,46.0,32.42707,162.0,3.8238195e-05,-2.949603,2.0653336
46.0,41.0,28.785091,166.5,3.8833492e-05,-3.1057816,2.6998134
51.0,37.0,25.692408,171.25,3.9464914e-05,-2.7175589,2.3623366
57.0,37.0,23.418175,180.25,3.9954557e-05,-2.36432,1.9838994
