Vmax,Rmax_IBT,Rmax_CK22,R34,fcor,u_trans,v_trans
31.0,41.0,31.013401,111.5,4.3142754e-05,-8.169052,1.0030318
31.0,46.0,41.146072,148.0,4.3369746e-05,-8.199081,0.7173266
31.0,46.0,41.1437,148.0,4.34906e-05,-8.210351,0.57412446
31.0,46.0,41.141296,148.0,4.3612705e-05,-8.199081,0.7173266
32.0,31.0,39.63411,148.0,4.3854747e-05,-7.6584864,0.94034237
33.0,19.0,37.533417,148.0,4.409823e-05,-7.6737313,0.80654085
34.0,19.0,36.228416,148.0,4.4255215e-05,-7.184057,0.5023589
36.0,19.0,34.40768,148.0,4.4340795e-05,-7.197213,0.25133088
41.0,19.0,32.499786,167.0,4.4358545e-05,-6.6872,7.974406e-08
46.0,19.0,30.354912,185.0,4.4340795e-05,-6.1728,7.3609904e-08
52.0,19.0,26.998514,201.5,4.4340002e-05,-5.6584,6.7475746e-08
59.0,19.0,23.467018,217.75,4.4340795e-05,-5.6584,6.7475746e-08
