Vmax,Rmax_IBT,Rmax_CK22,R34,fcor,u_trans,v_trans
33.0,37.0,56.023518,219.5,2.636477e-05,-4.62678,0.16156985
33.0,37.0,58.981873,231.25,2.6327272e-05,-4.1126933,-0.14361951
36.0,37.0,54.241894,231.25,2.6414737e-05,-3.5986066,-0.12566707
39.0,37.0,50.08691,231.25,2.6577594e-05,-3.5958652,0.188452
41.0,37.0,46.414047,231.25,2.6771444e-05,-3.0189548,0.641698
44.0,37.0,43.122528,231.25,2.707799e-05,-3.4046233,1.1723058
45.0,37.0,43.264282,241.0,2.7521653e-05,-3.7296379,1.7391584
46.0,37.0,42.62094,250.25,2.807779e-05,-3.7923467,2.6554291
49.0,37.0,39.03014,245.5,2.8683118e-05,-3.4404626,3.0978076
51.0,37.0,35.8,241.0,2.9325609e-05,-4.2137184,2.9504766
54.0,28.0,33.367203,241.0,2.99485e-05,-5.4502587,2.8979545
57.0,19.0,31.12597,241.0,3.0571195e-05,-5.0857368,2.4804783
