Vmax,Rmax_IBT,Rmax_CK22,R34,fcor,u_trans,v_trans
29.0,46.0,39.381046,133.75,2.928799e-05,-3.992961,-0.9955571
31.0,46.0,42.67663,153.0,2.9574905e-05,-3.9137876,-1.2716672
33.0,41.0,40.89303,159.25,2.9824281e-05,-3.890998,-1.3397782
36.0,37.0,39.465668,166.5,3.0073232e-05,-2.9002674,-1.0556108
36.0,37.0,40.283707,170.5,3.0340641e-05,-1.9209352,-0.7373776
36.0,37.0,41.515667,175.75,3.0571195e-05,-1.8940307,-0.80396855
37.0,37.0,41.028275,179.5,3.074071e-05,-1.8797112,-0.8369013
39.0,37.0,40.309967,185.25,3.0820032e-05,-1.420523,-0.60297644
39.0,37.0,40.309967,185.25,3.0820032e-05,-0.9889461,-0.28357556
