Vmax,Rmax_IBT,Rmax_CK22,R34,fcor,u_trans,v_trans
33.0,37.0,40.41838,157.5,2.9325609e-05,-1.2793709,-0.8629465
36.0,31.0,37.362274,157.5,2.9450177e-05,-1.7637072,-1.0597428
39.0,28.0,34.69229,157.5,2.9574905e-05,-2.349639,-1.0461266
45.0,37.0,30.526299,163.5,2.9805457e-05,-2.4318738,-0.83736134
51.0,46.0,27.094938,171.0,3.0073232e-05,-2.4168894,-0.8796756
54.0,46.0,25.553509,171.0,3.03222e-05,-2.3847165,-0.9634887
57.0,46.0,24.143597,171.0,3.0571195e-05,-2.3675385,-1.0049607
60.0,37.0,22.135954,168.0,3.0801264e-05,-2.8195667,-1.255352
64.0,28.0,20.300516,167.0,3.1068776e-05,-2.841046,-1.2059529
