Vmax,Rmax_IBT,Rmax_CK22,R34,fcor,u_trans,v_trans
46.0,28.0,36.35547,226.75,3.9709896e-05,-3.4404626,3.0978076
46.0,28.0,36.18076,226.75,4.046222e-05,-2.1164973,2.9131083
46.0,28.0,36.01516,226.75,4.1177245e-05,-2.0653346,2.9496024
46.0,28.0,35.86569,226.75,4.1823834e-05,-2.2168736,2.8374693
46.0,28.0,35.73361,226.75,4.239659e-05,-1.8141406,2.49695
46.0,28.0,34.61546,217.75,4.2919804e-05,-1.5117838,2.0807917
46.0,28.0,33.487034,208.5,4.3369746e-05,-1.4801137,1.429329
46.0,28.0,32.738636,203.5,4.3715863e-05,-2.1068592,1.4752383
46.0,28.0,31.891685,199.25,4.409823e-05,-2.25725,2.10492
46.0,28.0,31.783806,199.25,4.4686123e-05,-2.4094055,2.675916
46.0,28.0,31.669666,199.25,4.5309676e-05,-2.6759155,2.409406
49.0,28.0,31.464924,222.0,4.586583e-05,-3.019885,1.9611366
51.0,28.0,30.668747,245.25,4.627635e-05,-2.8195667,1.255352
55.0,31.0,27.228512,245.25,4.6433124e-05,-2.4596162,0.7519794
59.0,37.0,23.900005,245.25,4.651767e-05,-1.9335115,0.7037405
62.0,37.0,21.969193,243.25,4.6740577e-05,-2.3116984,1.1274902
64.0,37.0,20.13614,240.75,4.6999867e-05,-2.2916691,1.167663
64.0,37.0,20.69032,254.5,4.725854e-05,-2.3675385,1.0049607
64.0,37.0,21.099579,268.25,4.748151e-05,-2.9947207,0.7466679
