Vmax,Rmax_IBT,Rmax_CK22,R34,fcor,u_trans,v_trans
31.0,30.0,42.756435,155.0,4.5309676e-05,-3.2428217,2.5335703
33.0,28.0,39.566444,157.5,4.5551555e-05,-5.122693,4.2984486
34.0,28.0,39.512924,164.5,4.655339e-05,-5.5439405,3.7394347
36.0,28.0,38.568367,171.25,4.7240763e-05,-5.0857368,2.4804783
37.0,28.0,36.09385,166.75,4.7776e-05,-4.735077,2.0099213
39.0,28.0,33.1412,162.0,4.8202877e-05,-4.22935,1.883028
40.0,28.0,33.245213,168.75,4.868247e-05,-4.087694,2.173466
41.0,28.0,32.68437,176.0,4.916265e-05,-4.1250043,2.1017933
41.0,28.0,37.845985,208.5,4.9659448e-05,-4.1958427,1.9565531
