Vmax,Rmax_IBT,Rmax_CK22,R34,fcor,u_trans,v_trans
49.0,28.0,20.906364,129.5,4.627635e-05,-6.5410686,-1.3903486
49.0,28.0,21.482197,134.0,4.593141e-05,-5.9624667,-1.5976379
49.0,28.0,22.049126,139.0,4.5551555e-05,-5.9624667,-1.5976379
50.0,28.0,22.404432,145.75,4.5188062e-05,-5.9624667,-1.5976379
51.0,28.0,22.39644,153.0,4.4825505e-05,-5.9894414,-1.4933357
51.0,28.0,22.97631,157.5,4.446185e-05,-6.4885616,-1.6177803
51.0,28.0,23.543129,162.0,4.409823e-05,-5.9894414,-1.4933357
51.0,28.0,23.595125,162.0,4.373369e-05,-5.9624667,-1.5976379
51.0,28.0,23.647142,162.0,4.3369746e-05,-5.4392037,-1.5596656
52.0,28.0,23.076572,162.0,4.2986303e-05,-5.4392037,-1.5596656
54.0,28.0,22.236347,162.0,4.2640077e-05,-5.4903216,-1.3688911
55.0,28.0,22.249596,166.5,4.235939e-05,-5.5544395,-1.0796728
57.0,28.0,21.941847,171.25,4.2152973e-05,-6.126789,-0.7522766
58.0,28.0,22.058933,178.0,4.201284e-05,-6.661753,-0.5828276
59.0,28.0,21.836905,185.25,4.1909232e-05,-6.149311,-0.53799474
62.0,28.0,20.7504,187.5,4.1768282e-05,-6.149311,-0.53799474
64.0,28.0,19.726547,189.75,4.1665367e-05,-6.1643405,-0.32306045
67.0,28.0,18.785505,194.5,4.162827e-05,-6.1728,7.3609904e-08
69.0,28.0,17.850195,199.0,4.1665367e-05,-6.6831264,0.23337866
