Vmax,Rmax_IBT,Rmax_CK22,R34,fcor,u_trans,v_trans
33.0,28.0,29.770296,116.0,3.67623e-05,-4.8637476,1.6747227
34.0,28.0,27.735424,111.0,3.7063925e-05,-5.0315914,1.0694966
36.0,28.0,25.441895,106.75,3.7254722e-05,-4.584545,0.6443166
37.0,28.0,24.711893,106.75,3.739598e-05,-4.595092,0.5642054
39.0,28.0,23.688747,106.75,3.7500762e-05,-4.084526,0.5015159
41.0,28.0,22.148357,106.75,3.762337e-05,-4.084526,0.5015159
44.0,28.0,20.782118,106.75,3.7746686e-05,-4.084526,0.5015159
46.0,28.0,19.56209,106.75,3.7869497e-05,-4.595092,0.5642054
49.0,28.0,18.466019,106.75,3.7992504e-05,-4.6042385,0.4839245
49.0,28.0,19.525738,113.5,3.8096714e-05,-4.595092,0.5642054
49.0,28.0,20.541296,120.75,3.8238195e-05,-4.572602,0.72422934
50.0,28.0,20.695219,125.25,3.8446724e-05,-4.5109434,1.0414342
51.0,28.0,20.55874,129.75,3.872924e-05,-4.427309,1.3535628
51.0,28.0,20.524937,129.75,3.909687e-05,-4.3773727,1.5072504
51.0,28.0,20.49116,129.75,3.9464914e-05,-4.9447303,1.4178778
51.0,28.0,20.465336,129.75,3.9746476e-05,-5.0315914,1.0694966
51.0,28.0,20.446209,129.75,3.995476e-05,-5.093939,0.7159074
54.0,31.0,19.294474,129.75,4.0095343e-05,-5.115821,0.5376939
