Vmax,Rmax_IBT,Rmax_CK22,R34,fcor,u_trans,v_trans
36.0,37.0,43.70978,185.5,2.882674e-05,-3.0845199,0.10771323
37.0,37.0,43.169994,188.5,2.884537e-05,-4.10956,0.21537372
39.0,37.0,42.374767,194.5,2.882674e-05,-4.0995407,0.3586633
40.0,37.0,41.15177,194.5,2.8664526e-05,-3.5920286,0.25117946
41.0,37.0,39.414364,194.5,2.857718e-05,-4.10956,-0.21537364
44.0,37.0,38.572784,205.5,2.8770512e-05,-4.559266,-0.8039214
46.0,37.0,37.752346,217.75,2.9076216e-05,-4.5445414,-0.8833687
47.0,37.0,36.70124,217.75,2.9288058e-05,-3.992961,-0.9955571
49.0,37.0,35.204716,217.75,2.9574905e-05,-3.7594223,-1.6738026
51.0,37.0,32.893166,217.75,3.0035622e-05,-3.9261231,-2.4533148
54.0,37.0,30.75991,217.75,3.0571195e-05,-3.9261231,-2.4533148
58.0,28.0,28.887432,226.5,3.108751e-05,-4.0093513,-2.3147995
62.0,19.0,26.80099,236.25,3.156599e-05,-3.7296379,-1.7391584
