Vmax,Rmax_IBT,Rmax_CK22,R34,fcor,u_trans,v_trans
28.0,37.0,32.455753,106.5,3.3550914e-05,-4.064535,-0.6437593
31.0,41.0,38.26067,137.0,3.3742792e-05,-4.492081,-1.1200018
33.0,46.0,43.08641,169.0,3.404614e-05,-4.427308,-1.3535651
34.0,41.0,41.63788,169.0,3.4379933e-05,-4.3773727,-1.5072504
36.0,37.0,39.606297,169.0,3.47882e-05,-4.769433,-1.9269774
37.0,31.0,39.814243,176.0,3.5263747e-05,-4.6620474,-2.173948
39.0,28.0,39.282173,182.75,3.577612e-05,-4.1610575,-2.0294824
41.0,28.0,42.253372,218.25,3.6232243e-05,-4.1250033,-2.1017952
44.0,28.0,44.01926,254.75,3.67623e-05,-4.454835,-2.5719995
44.0,31.0,43.82695,254.75,3.7482103e-05,-4.850195,-2.9142928
44.0,37.0,43.625313,254.75,3.8238195e-05,-4.9003186,-2.8291996
44.0,31.0,43.447197,254.75,3.8906892e-05,-4.583337,-2.335328
44.0,28.0,43.298695,254.75,3.9464914e-05,-4.1250033,-2.1017952
46.0,28.0,39.633728,254.75,3.990577e-05,-3.7594223,-1.6738026
49.0,28.0,36.387455,254.75,4.0199502e-05,-3.9557843,-1.1343023
49.0,28.0,36.33972,254.75,4.0358183e-05,-3.5657573,-0.50113505
49.0,28.0,36.31385,254.75,4.0444127e-05,-3.587098,-0.3138303
51.0,31.0,34.91838,270.0,4.0529576e-05,-3.5657573,-0.50113505
54.0,37.0,33.290195,287.25,4.0688625e-05,-3.4046233,-1.1723058
