Vmax,Rmax_IBT,Rmax_CK22,R34,fcor,u_trans,v_trans
28.0,37.0,42.416615,139.0,3.280731e-05,-3.5958652,-0.18845193
28.0,37.0,41.98993,137.75,3.290047e-05,-2.9947207,0.7466679
28.0,37.0,41.70386,136.75,3.280731e-05,-1.1992917,0.9711672
26.0,37.0,42.875256,127.75,3.2360484e-05,0.26627302,0.9937445
23.0,37.0,44.69205,120.0,3.206281e-05,1.4205232,-0.6029763
24.0,37.0,42.856777,120.0,3.2391756e-05,2.1439939,-2.2201703
26.0,37.0,40.35593,120.0,3.305528e-05,2.4094057,-2.6759157
26.0,37.0,40.37502,120.0,3.379829e-05,2.8586586,-2.9602268
26.0,37.0,40.39387,120.0,3.454095e-05,3.7454252,-2.7212105
27.0,37.0,39.620686,122.5,3.505411e-05,4.087694,-2.1734657
28.0,37.0,38.166916,124.75,3.5529305e-05,4.0093513,-2.3148003
28.0,37.0,38.171944,124.75,3.6108984e-05,3.7923462,-2.6554298
28.0,37.0,38.177494,124.75,3.67623e-05,3.7454252,-2.7212105
31.0,37.0,35.93502,128.75,3.7463727e-05,3.6973627,-2.7861633
33.0,37.0,34.4055,134.5,3.8238195e-05,3.3302557,-3.21599
34.0,37.0,35.150475,142.25,3.9115344e-05,3.0372906,-3.4940038
