Vmax,Rmax_IBT,Rmax_CK22,R34,fcor,u_trans,v_trans
31.0,37.0,46.221336,166.75,4.239659e-05,-4.9447303,1.4178778
33.0,37.0,42.54097,168.75,4.2639767e-05,-5.5133753,1.272864
36.0,37.0,39.499622,171.25,4.288343e-05,-5.093939,0.7159074
39.0,37.0,34.215115,160.75,4.3144813e-05,-4.6232553,0.24229544
41.0,37.0,29.795492,150.5,4.3369746e-05,-4.1126933,0.14361764
44.0,30.0,27.76117,152.25,4.3490654e-05,-4.6119833,0.4034962
46.0,22.0,25.940924,155.0,4.3612705e-05,-5.5887356,0.8851692
49.0,22.0,24.890749,160.75,4.3855318e-05,-6.585606,1.16122
51.0,22.0,23.92411,166.75,4.409823e-05,-5.5887356,0.8851692
54.0,15.0,23.773819,180.0,4.4237033e-05,-5.115821,0.5376939
57.0,9.0,23.48371,194.5,4.4340795e-05,-5.6368685,0.49316204
60.0,15.0,23.202606,227.75,4.447984e-05,-6.149311,0.5379949
64.0,22.0,21.624268,261.5,4.458322e-05,-6.6831264,0.23337866
68.0,22.0,19.58509,261.25,4.4582986e-05,-7.2016,8.587822e-08
