Vmax,Rmax_IBT,Rmax_CK22,R34,fcor,u_trans,v_trans
24.0,37.0,43.170662,120.0,4.1389838e-05,4.9687223,1.3313653
26.0,37.0,46.945015,139.0,4.093299e-05,5.4392033,1.5596668
27.0,31.0,42.61884,131.5,4.06516e-05,5.9894414,1.4933355
28.0,28.0,38.205795,125.0,4.0444127e-05,5.5347505,1.1764473
28.0,28.0,38.77479,127.0,4.0265844e-05,5.1056576,0.62689584
28.0,28.0,39.629692,130.0,4.0199502e-05,7.2005033,0.12568508
31.0,28.0,38.72205,139.0,4.017486e-05,9.236646,-0.64588916
33.0,28.0,37.780415,148.0,4.0444127e-05,9.056865,-1.9250953
33.0,28.0,37.981964,149.0,4.1189276e-05,8.644208,-3.3182003
33.0,28.0,38.286804,150.25,4.2152973e-05,7.2670116,-3.8639388
33.0,22.0,36.096172,141.75,4.3021555e-05,6.5435386,-4.088858
33.0,19.0,34.215317,134.0,4.385554e-05,8.108038,-3.2758598
34.0,19.0,32.20696,130.5,4.4545788e-05,9.937445,-2.66273
36.0,19.0,29.932148,127.5,4.5309676e-05,9.937445,-2.66273
