Vmax,Rmax_IBT,Rmax_CK22,R34,fcor,u_trans,v_trans
41.0,46.0,42.594566,227.25,4.2780026e-05,0.35081995,-0.37620834
41.0,46.0,43.94203,236.5,4.288343e-05,0.4662047,-0.21739487
42.0,31.0,42.201385,235.0,4.2986812e-05,0.8427436,-0.5900955
44.0,19.0,39.90715,234.0,4.3126656e-05,0.56032467,-0.86282426
46.0,13.0,34.6093,216.25,4.3351498e-05,0.55303335,-1.4407014
49.0,9.0,30.109095,199.0,4.3612705e-05,0.72448856,-1.3625647
49.0,19.0,32.674618,224.25,4.3837215e-05,1.0719969,-1.1100851
49.0,28.0,35.044945,250.0,4.409823e-05,1.7819339,-1.0288001
50.0,28.0,33.508656,247.0,4.4425913e-05,2.2709413,-1.2074809
51.0,28.0,31.565285,245.25,4.4825505e-05,1.7210041,-1.9113684
52.0,28.0,30.485054,245.75,4.53276e-05,1.0049605,-2.3675385
54.0,28.0,29.04273,248.0,4.5793287e-05,1.454943,-1.454943
54.0,28.0,27.902866,231.0,4.6034864e-05,2.4318738,-0.8373612
54.0,28.0,26.694115,215.25,4.627635e-05,2.1322846,-1.438244
