Vmax,Rmax_IBT,Rmax_CK22,R34,fcor,u_trans,v_trans
28.0,37.0,38.199577,125.25,3.7992504e-05,-0.69428885,3.0072958
28.0,37.0,38.203053,125.25,3.8594222e-05,-0.46285924,2.004864
28.0,37.0,38.205162,125.25,3.897458e-05,-0.2662733,0.99374443
29.0,37.0,36.78948,125.25,3.9133964e-05,0.0,0.5144
31.0,37.0,34.828407,125.25,3.9219805e-05,0.57529765,0.8529139
32.0,31.0,31.677883,117.75,3.9446484e-05,1.0719968,1.1100851
33.0,28.0,28.515818,111.25,3.9709896e-05,1.6646334,1.2094269
34.0,28.0,27.609774,111.25,3.9973103e-05,1.833335,0.93413097
36.0,28.0,26.343899,111.25,4.0199502e-05,2.4168894,0.87967587
37.0,28.0,24.732826,107.5,4.0358438e-05,2.5157957,0.5347488
39.0,28.0,22.977518,104.25,4.0444127e-05,2.562213,0.22416471
40.0,22.0,22.95888,107.5,4.0462437e-05,3.0864,-1.3491083e-07
41.0,19.0,22.676424,111.25,4.0444127e-05,3.08593,-0.053864934
41.0,22.0,23.901405,117.75,4.042568e-05,3.0864,-1.3491083e-07
41.0,28.0,25.269302,124.75,4.0444127e-05,3.0746555,0.26899764
44.0,28.0,23.558687,124.75,4.0548024e-05,3.0395107,0.53594786
46.0,28.0,22.029774,124.75,4.0688625e-05,2.524745,0.4907609
49.0,28.0,21.168764,128.0,4.081074e-05,2.5157957,0.5347488
51.0,28.0,20.418016,131.75,4.093299e-05,2.004864,0.46285927
