Vmax,Rmax_IBT,Rmax_CK22,R34,fcor,u_trans,v_trans
32.0,37.0,28.12674,104.25,3.6496593e-05,-6.9226227,1.985029
33.0,28.0,29.741392,116.0,3.700857e-05,-7.4170957,2.1268167
34.0,28.0,28.802015,116.0,3.7482063e-05,-7.4530835,1.9970473
36.0,28.0,27.486523,116.0,3.7992504e-05,-7.378848,2.255938
37.0,28.0,26.655403,116.0,3.8568993e-05,-6.7672906,2.4630916
39.0,28.0,25.487373,116.0,3.9219805e-05,-6.6291075,2.81389
40.0,28.0,25.252903,118.0,3.99722e-05,-7.048917,3.13838
41.0,28.0,24.662258,120.25,4.0688625e-05,-7.2506685,2.6390269
42.0,28.0,23.96939,120.25,4.125035e-05,-7.949956,2.1301837
44.0,28.0,23.0061,120.25,4.1665367e-05,-7.574236,1.4722813
45.0,28.0,22.396736,120.25,4.1945124e-05,-7.6409082,1.0738611
46.0,28.0,21.542242,120.25,4.2152973e-05,-7.1479206,0.8776529
47.0,28.0,22.400785,129.5,4.2377553e-05,-7.1315145,1.0022703
