Vmax,Rmax_IBT,Rmax_CK22,R34,fcor,u_trans,v_trans
23.0,28.0,26.26542,71.75,3.0571195e-05,-3.4046233,1.1723058
24.0,28.0,31.387707,89.0,3.116808e-05,-3.3292673,2.418853
26.0,28.0,35.593838,106.5,3.206281e-05,-3.1669621,4.053528
27.0,28.0,36.40167,113.0,3.3178752e-05,-3.628281,4.9939
28.0,28.0,36.731243,120.5,3.4293596e-05,-5.122693,4.2984486
29.0,28.0,46.902054,159.5,3.509117e-05,-5.9583397,3.0359237
31.0,28.0,55.274975,199.0,3.577612e-05,-5.4502587,2.8979545
32.0,28.0,62.2186,234.25,3.651529e-05,-4.7455335,3.081786
33.0,28.0,67.09676,271.0,3.7254722e-05,-5.73205,3.4441614
34.0,28.0,66.2281,279.75,3.8010665e-05,-6.8128233,3.6224432
