Vmax,Rmax_IBT,Rmax_CK22,R34,fcor,u_trans,v_trans
24.0,31.0,43.541122,122.0,3.2559205e-05,-1.2484752,0.9070699
26.0,28.0,45.112576,134.5,3.280731e-05,0.0,1.0288
27.0,28.0,43.227383,133.75,3.2980886e-05,1.1505953,1.7058278
28.0,28.0,40.99618,134.5,3.330315e-05,1.1561857,2.8616602
29.0,22.0,40.491013,137.5,3.4064647e-05,0.31383038,3.587098
31.0,19.0,39.419197,141.25,3.47882e-05,-1.4008113,2.1570609
33.0,13.0,37.493546,146.25,3.4967754e-05,-2.9668384,0.85072666
36.0,9.0,36.059128,153.0,3.5035337e-05,-2.0126367,0.42779866
37.0,9.0,40.25493,177.75,3.5424237e-05,-1.3750014,0.70059776
39.0,9.0,43.35914,203.5,3.577612e-05,-1.2641156,0.885143
