Vmax,Rmax_IBT,Rmax_CK22,R34,fcor,u_trans,v_trans
29.0,46.0,57.217598,194.5,3.6090518e-05,-5.7912855,3.3435993
31.0,46.0,53.981987,194.5,3.67623e-05,-5.4502587,2.8979545
32.0,46.0,53.146427,199.0,3.7463713e-05,-4.6620474,2.173948
33.0,46.0,51.31565,203.5,3.8238195e-05,-3.9683423,2.3844194
33.0,46.0,52.36316,208.0,3.9096358e-05,-4.161584,3.0235665
33.0,46.0,53.396076,213.0,3.995476e-05,-5.234831,3.2710865
34.0,41.0,51.355408,213.0,4.070723e-05,-5.904447,3.1394508
36.0,37.0,48.507553,213.0,4.142137e-05,-5.904447,3.1394508
36.0,37.0,48.43467,213.0,4.2051426e-05,-5.904447,3.1394508
36.0,37.0,48.33808,213.0,4.288343e-05,-7.19847,3.990177
