Vmax,Rmax_IBT,Rmax_CK22,R34,fcor,u_trans,v_trans
23.0,41.0,46.21662,123.5,4.1945736e-05,-3.3145537,1.406945
23.0,37.0,54.179794,143.5,4.2152973e-05,-2.7251294,1.4489772
24.0,41.0,51.661697,143.0,4.2481868e-05,-1.6532501,1.970266
26.0,46.0,48.617508,143.5,4.288343e-05,-1.687384,1.941113
27.0,41.0,44.044334,135.75,4.3296877e-05,-1.9113681,1.7210042
28.0,37.0,39.652622,129.5,4.385554e-05,-1.6532501,1.970266
32.0,22.0,34.85306,129.5,4.464974e-05,-1.2553515,2.819567
36.0,9.0,30.437979,129.5,4.5551555e-05,-1.0650932,3.9749777
37.0,15.0,29.442059,129.5,4.6505516e-05,-1.1343035,3.9557838
39.0,22.0,28.058939,129.5,4.7240763e-05,-1.6809736,2.588473
41.0,24.0,31.617092,165.0,4.7451544e-05,-1.6432723,1.2382948
