Vmax,Rmax_IBT,Rmax_CK22,R34,fcor,u_trans,v_trans
32.0,46.0,45.466393,169.0,3.2490098e-05,-3.8580015,6.6822515
33.0,46.0,43.120598,169.0,3.404614e-05,-5.0671396,6.4856443
33.0,46.0,43.06538,169.0,3.5270856e-05,-6.0193334,5.6131196
33.0,46.0,43.019684,169.0,3.626943e-05,-5.122693,4.2984486
33.0,41.0,39.251434,153.75,3.711256e-05,-4.3345866,3.6371489
33.0,37.0,35.561974,139.0,3.7992504e-05,-4.72864,3.9677987
36.0,28.0,31.09919,131.5,3.920089e-05,-5.5167465,4.6290984
39.0,19.0,27.447788,125.0,4.0444127e-05,-5.674938,4.433748
40.0,22.0,27.342655,128.75,4.145866e-05,-5.269585,4.1170516
41.0,28.0,27.158564,134.25,4.239659e-05,-3.374768,3.882226
