Vmax,Rmax_IBT,Rmax_CK22,R34,fcor,u_trans,v_trans
31.0,37.0,50.18647,181.0,4.1091764e-05,-1.7637078,1.059742
33.0,37.0,44.998108,178.25,4.142137e-05,-2.9002674,1.0556108
34.0,37.0,40.94554,167.75,4.1598298e-05,-3.5657573,0.5011352
36.0,37.0,36.633408,157.25,4.1665367e-05,-3.587098,0.31383038
39.0,37.0,34.42201,160.5,4.1665306e-05,-3.5920286,0.25117946
41.0,37.0,32.509182,164.25,4.1665367e-05,-3.5986066,0.12566544
45.0,37.0,30.767763,174.0,4.176891e-05,-3.0395107,0.5359477
49.0,37.0,28.771759,184.75,4.1909232e-05,-3.0395107,0.5359477
55.0,28.0,25.570396,198.5,4.2012547e-05,-2.5157957,0.5347483
62.0,19.0,22.3596,213.0,4.2152973e-05,-2.9515393,0.9023753
