Vmax,Rmax_IBT,Rmax_CK22,R34,fcor,u_trans,v_trans
41.0,37.0,24.322603,120.5,4.456449e-05,-4.6296,5.520743e-08
44.0,37.0,22.675991,120.5,4.458322e-05,-5.1369505,0.26921716
46.0,31.0,21.201431,120.5,4.4704215e-05,-5.6368685,0.49316204
49.0,28.0,19.877892,120.5,4.4825505e-05,-6.1643405,0.32306057
47.0,28.0,21.708754,127.25,4.4843327e-05,-6.1728,7.3609904e-08
46.0,28.0,23.360315,134.5,4.4825505e-05,-6.1728,7.3609904e-08
45.0,28.0,24.336082,134.5,4.484315e-05,-6.1728,7.3609904e-08
44.0,28.0,25.026638,134.5,4.4825505e-05,-6.1643405,-0.32306045
41.0,28.0,26.905336,134.5,4.470386e-05,-6.149311,-0.53799474
39.0,28.0,29.023888,134.5,4.458322e-05,-6.1643405,-0.32306045
39.0,28.0,29.024958,134.5,4.4564338e-05,-6.1728,7.3609904e-08
39.0,28.0,29.023888,134.5,4.458322e-05,-6.6872,7.974406e-08
40.0,28.0,28.148968,134.5,4.456443e-05,-6.6872,7.974406e-08
41.0,28.0,26.913412,134.5,4.458322e-05,-7.197213,0.25133088
45.0,28.0,24.348549,134.5,4.4685716e-05,-7.184057,0.5023589
49.0,28.0,21.867641,134.5,4.4825505e-05,-7.6866384,0.6724937
51.0,28.0,20.510103,134.5,4.496446e-05,-7.184057,0.5023589
54.0,28.0,19.28302,134.5,4.506766e-05,-6.6831264,0.23337866
57.0,28.0,18.4553,136.75,4.5066754e-05,-6.1728,7.3609904e-08
