Vmax,Rmax_IBT,Rmax_CK22,R34,fcor,u_trans,v_trans
57.0,37.0,31.399734,310.0,3.9109276e-05,-3.9306557,4.070311
59.0,37.0,28.370663,310.0,4.0199502e-05,-3.4517875,5.117482
62.0,37.0,25.74473,324.0,4.1506435e-05,-2.8979535,5.450259
64.0,37.0,23.039526,337.75,4.288343e-05,-2.992632,5.398853
64.0,37.0,22.689459,342.5,4.4152643e-05,-3.4517875,5.117482
64.0,37.0,22.35291,347.0,4.5309676e-05,-3.88467,4.797166
63.0,37.0,23.226187,356.75,4.6330544e-05,-3.859019,4.1382923
62.0,37.0,23.755943,365.75,4.7240763e-05,-4.0703125,3.9306548
59.0,37.0,25.922432,368.0,4.810066e-05,-3.7620835,3.5081997
57.0,37.0,28.449678,370.25,4.892293e-05,-3.7620835,3.5081997
55.0,37.0,29.840548,368.0,4.9743336e-05,-3.508199,3.7620838
