Vmax,Rmax_IBT,Rmax_CK22,R34,fcor,u_trans,v_trans
31.0,37.0,59.040955,213.0,2.9325609e-05,4.0703125,-3.9306545
31.0,37.0,60.271248,217.5,3.0465293e-05,3.8356209,-5.4778333
31.0,37.0,61.497047,222.0,3.156599e-05,2.3844204,-3.9683418
32.0,41.0,61.58889,232.0,3.211853e-05,0.8039684,-1.8940308
33.0,46.0,60.680428,243.0,3.2559245e-05,0.49076077,-2.524745
33.0,46.0,58.771477,234.0,3.3284552e-05,0.56328917,-3.5564682
33.0,46.0,57.04754,226.75,3.404614e-05,0.21529634,-3.0788817
29.0,46.0,66.71985,227.25,3.7076243e-05,0.7466676,-2.9947207
31.0,46.0,61.968998,224.5,3.7746686e-05,0.8711122,-3.493841
