Vmax,Rmax_IBT,Rmax_CK22,R34,fcor,u_trans,v_trans
33.0,41.0,42.36457,166.5,3.852599e-05,3.5564682,0.56328934
33.0,37.0,42.3664,166.5,3.8483773e-05,4.62678,-0.16157055
34.0,37.0,51.71926,214.0,3.8722843e-05,4.595092,-0.5642061
35.0,37.0,54.568726,231.5,3.8895552e-05,5.317157,-1.9352865
36.0,37.0,58.53899,261.5,3.9219805e-05,6.200264,-2.5050693
37.0,37.0,56.20047,261.5,3.9833045e-05,6.1556,-2.6128974
38.0,37.0,55.09683,261.5,4.000273e-05,5.7320495,-3.4441626
38.0,37.0,55.067738,261.5,4.0143746e-05,4.798595,-2.9984958
39.0,37.0,52.94412,261.5,4.0444127e-05,4.161057,-2.029483
39.0,37.0,52.859497,261.5,4.082799e-05,4.350401,-1.5834162
39.0,37.0,52.782463,261.5,4.1177245e-05,4.9447303,-1.4178786
42.0,37.0,46.228962,261.5,4.1555628e-05,5.4111547,-1.6543561
44.0,37.0,42.94395,261.5,4.1805193e-05,5.6820927,-2.4119053
