Vmax,Rmax_IBT,Rmax_CK22,R34,fcor,u_trans,v_trans
28.0,37.0,25.40432,83.5,4.1665367e-05,-4.362359,2.7259054
29.0,37.0,26.430614,89.5,4.2396696e-05,-4.6350904,3.2455244
31.0,37.0,27.140411,97.5,4.3126656e-05,-3.8381126,2.5888395
34.0,31.0,26.870651,108.5,4.364846e-05,-3.5274155,2.119484
39.0,28.0,26.249737,120.5,4.409823e-05,-4.1958427,1.9565531
41.0,28.0,24.377018,120.5,4.4583543e-05,-4.735077,2.0099213
44.0,28.0,22.708252,120.5,4.506766e-05,-4.6620474,2.173948
47.0,28.0,24.017746,143.5,4.5569235e-05,-4.087694,2.173466
51.0,28.0,24.190887,166.5,4.6034886e-05,-3.6987176,1.8039843
