Vmax,Rmax_IBT,Rmax_CK22,R34,fcor,u_trans,v_trans
31.0,37.0,43.97619,157.0,2.857718e-05,0.31344795,2.5528288
32.0,37.0,43.48412,161.0,2.932559e-05,0.26899746,3.0746555
33.0,37.0,42.744686,167.0,3.0073232e-05,0.31344795,2.5528288
33.0,37.0,42.719364,167.0,3.0714327e-05,0.75198,2.4596157
33.0,37.0,42.695198,167.0,3.131743e-05,0.64169866,3.0189548
33.0,37.0,42.670128,167.0,3.1938616e-05,0.053865105,3.08593
33.0,37.0,42.645027,167.0,3.2559245e-05,-0.2152961,3.0788817
33.0,37.0,42.619522,167.0,3.3179236e-05,-0.2688477,2.5579102
33.0,37.0,42.59389,167.0,3.3798577e-05,-0.2688477,2.5579102
32.0,37.0,44.82622,167.0,3.443583e-05,0.0,2.572
31.0,37.0,46.438766,167.0,3.5035337e-05,0.0,2.0576
31.0,37.0,47.69841,171.5,3.5566318e-05,0.26884723,2.5579104
31.0,37.0,48.953957,176.0,3.6022833e-05,0.4277991,2.0126367
32.0,31.0,45.251762,168.5,3.6429694e-05,0.451188,1.4757695
33.0,28.0,41.32958,162.0,3.67623e-05,0.42536357,1.4834191
33.0,28.0,41.318832,162.0,3.7027014e-05,0.46706542,0.9166675
33.0,28.0,41.30953,162.0,3.7254722e-05,0.545181,0.87247187
34.0,28.0,39.923004,162.0,3.7463848e-05,0.60471344,0.8323167
36.0,28.0,37.97906,162.0,3.7746686e-05,1.5834814,2.0267637
