Vmax,Rmax_IBT,Rmax_CK22,R34,fcor,u_trans,v_trans
29.0,46.0,64.05133,217.5,3.055246e-05,-4.9447303,1.4178778
31.0,46.0,63.002235,227.0,3.1068776e-05,-5.128252,2.3913426
32.0,46.0,60.637386,227.0,3.1882373e-05,-5.1174836,3.451786
33.0,46.0,57.313446,227.0,3.280731e-05,-4.72864,3.9677987
34.0,41.0,56.98005,234.75,3.356313e-05,-4.287988,4.4403396
36.0,37.0,55.562237,243.5,3.454095e-05,-4.6291003,5.5167446
37.0,37.0,54.635582,249.5,3.6053276e-05,-5.503283,6.795985
39.0,37.0,52.751102,257.0,3.7746686e-05,-5.8514132,6.498654
40.0,37.0,51.602135,263.75,3.9219427e-05,-5.920455,5.717316
41.0,37.0,49.54199,271.0,4.0688625e-05,-5.7173176,5.9204526
44.0,37.0,44.74353,271.0,4.2274456e-05,-5.737106,6.5997844
46.0,37.0,40.383495,271.0,4.385554e-05,-6.539814,7.2632003
49.0,37.0,36.441704,271.0,4.5345325e-05,-7.274716,7.2747135
51.0,37.0,32.875557,271.0,4.675884e-05,-7.487013,6.2823477
