Vmax,Rmax_IBT,Rmax_CK22,R34,fcor,u_trans,v_trans
31.0,46.0,43.78466,157.0,3.8028928e-05,-10.248852,0.89665824
33.0,46.0,42.300034,167.0,3.8238195e-05,-10.161337,1.6093985
39.0,37.0,43.044724,204.0,3.7254722e-05,-9.625117,-1.6971673
41.0,37.0,41.685448,215.25,3.684691e-05,-8.210351,-0.5741242
44.0,37.0,40.273567,226.75,3.651592e-05,-8.723498,-0.610007
45.0,37.0,40.353973,236.25,3.6251084e-05,-9.208477,-0.9678487
46.0,37.0,39.71807,245.5,3.6022833e-05,-8.169052,-1.0030354
49.0,22.0,38.060658,257.0,3.5774745e-05,-7.1315145,-1.0022701
51.0,9.0,36.381927,268.5,3.5529305e-05,-7.1315145,-1.0022701
54.0,9.0,34.564667,278.0,3.5244928e-05,-7.658486,-0.94034576
57.0,9.0,32.777534,287.0,3.5035337e-05,-7.7054253,-0.40382555
60.0,9.0,29.846766,291.5,3.4997873e-05,-7.2016,8.587822e-08
64.0,9.0,26.793116,296.0,3.5035337e-05,-7.2016,8.587822e-08
68.0,19.0,24.379808,298.5,3.5053654e-05,-7.197213,-0.25133413
