Vmax,Rmax_IBT,Rmax_CK22,R34,fcor,u_trans,v_trans
40.0,31.0,38.33367,185.0,3.809626e-05,-4.2137184,-2.9504766
44.0,28.0,35.236855,194.5,3.872924e-05,-5.8706813,-1.9075009
46.0,19.0,33.875595,203.5,3.901771e-05,-7.7113,-0.26928657
49.0,9.0,32.524162,213.0,3.897458e-05,-7.621003,1.2070489
50.0,9.0,32.87574,224.5,3.8501657e-05,-6.886925,2.1055422
51.0,9.0,32.631485,236.0,3.7992504e-05,-7.092191,1.2505447
51.0,9.0,33.501198,245.5,3.801023e-05,-7.197213,0.25133088
51.0,9.0,34.33974,254.75,3.7992504e-05,-7.112936,1.1265789
52.0,9.0,33.672127,257.0,3.7395603e-05,-7.4170957,2.1268167
54.0,9.0,32.55468,259.25,3.67623e-05,-7.069287,1.3741292
57.0,9.0,30.524548,261.5,3.6546244e-05,-7.697204,0.5382417
59.0,9.0,28.598862,263.75,3.651592e-05,-8.229147,0.14363956
60.0,9.0,27.803736,263.75,3.6515612e-05,-8.744801,1.042807e-07
62.0,9.0,26.665535,263.75,3.651592e-05,-8.210351,0.57412446
63.0,9.0,26.441315,273.5,3.633638e-05,-7.162149,0.75277144
64.0,9.0,25.761896,282.5,3.626943e-05,-6.637355,-0.8149663
65.0,9.0,24.987186,284.75,3.6564863e-05,-6.8092465,-2.3446116
67.0,9.0,23.818209,287.0,3.700857e-05,-6.459339,-1.7307743
69.0,19.0,22.249083,294.25,3.7340244e-05,-6.6048694,-1.0461088
