Vmax,Rmax_IBT,Rmax_CK22,R34,fcor,u_trans,v_trans
33.0,46.0,48.582893,190.0,2.807779e-05,-1.6214108,1.2667851
33.0,46.0,48.56895,190.0,2.8340095e-05,-2.36432,1.9838994
33.0,46.0,48.54283,190.0,2.882674e-05,-2.6334584,2.4557397
33.0,46.0,54.0837,212.5,2.9711973e-05,-2.4557393,2.6334586
33.0,46.0,59.70281,236.25,3.0820032e-05,-2.119485,3.5274146
33.0,46.0,59.595287,236.25,3.193823e-05,-1.9565544,4.1958423
33.0,46.0,59.486088,236.25,3.305528e-05,-2.8764894,4.264569
33.0,46.0,58.836494,234.0,3.40653e-05,-3.508199,3.7620838
33.0,46.0,58.1909,231.5,3.5035337e-05,-3.637358,3.6373568
33.0,46.0,58.098576,231.5,3.598547e-05,-3.097807,3.4404635
33.0,46.0,57.99785,231.5,3.700857e-05,-2.850266,3.648175
34.0,46.0,55.713486,231.5,3.8219645e-05,-2.6493561,4.4092684
36.0,46.0,52.517044,231.5,3.9464914e-05,-2.2121344,5.762805
36.0,46.0,52.36943,231.5,4.0529514e-05,-2.3843749,7.338352
36.0,46.0,52.21086,231.5,4.1665367e-05,-3.347604,7.5188456
36.0,46.0,52.000328,231.5,4.316276e-05,-4.7627587,7.3340073
36.0,46.0,51.798996,231.5,4.458322e-05,-5.180398,5.0026517
37.0,46.0,49.6991,231.5,4.5467074e-05,-5.345802,3.0863996
39.0,46.0,46.7926,231.5,4.627635e-05,-5.1174836,3.451786
