Vmax,Rmax_IBT,Rmax_CK22,R34,fcor,u_trans,v_trans
46.0,28.0,25.409935,143.5,3.8569506e-05,-5.122693,4.2984486
46.0,28.0,25.302984,143.5,3.9709896e-05,-5.5167465,4.6290984
46.0,28.0,25.196453,143.5,4.0847022e-05,-5.9964585,4.855836
46.0,28.0,25.09703,143.5,4.1909232e-05,-6.2423763,4.53535
46.0,28.0,25.968119,150.0,4.2798216e-05,-6.613904,3.9740324
46.0,28.0,26.923187,157.5,4.3612705e-05,-6.7485657,3.740791
49.0,28.0,26.10515,166.0,4.453384e-05,-6.875007,3.5029888
51.0,28.0,25.284948,176.0,4.5309676e-05,-6.8092465,2.3446116
54.0,22.0,23.484802,175.5,4.5744513e-05,-6.5643377,1.2759771
57.0,19.0,21.947681,176.0,4.6034886e-05,-6.541069,1.3903457
60.0,19.0,20.159826,179.25,4.645069e-05,-6.987682,1.7422252
64.0,19.0,18.32487,182.75,4.675884e-05,-6.6221204,0.9306796
68.0,19.0,17.662685,205.5,4.6848996e-05,-6.6872,7.974406e-08
72.0,19.0,16.464432,229.5,4.675884e-05,-6.661753,-0.5828276
73.0,19.0,16.00166,222.5,4.660746e-05,-6.096802,-0.96563894
