Vmax,Rmax_IBT,Rmax_CK22,R34,fcor,u_trans,v_trans
59.0,28.0,30.640537,291.75,3.5529305e-05,-3.0746555,0.26899746
59.0,28.0,32.75808,335.75,3.536889e-05,-3.0746555,-0.26899737
59.0,28.0,34.322754,379.75,3.5282377e-05,-2.042263,0.25075796
59.0,28.0,34.026962,379.75,3.5738864e-05,-1.7058278,1.1505953
59.0,28.0,33.685913,379.75,3.626943e-05,-1.7256485,1.1206495
59.0,37.0,33.630764,379.75,3.6355534e-05,-2.2916691,1.167663
59.0,46.0,33.52848,379.75,3.651592e-05,-2.949603,2.0653336
59.0,37.0,33.06041,379.75,3.72546e-05,-3.6973627,2.7861636
59.0,28.0,32.598568,379.75,3.7992504e-05,-4.5833383,2.335326
59.0,28.0,32.421127,377.5,3.817059e-05,-5.411155,1.6543547
59.0,28.0,32.30783,375.25,3.8238195e-05,-5.0121593,1.1571491
59.0,28.0,31.9827,368.5,3.8495782e-05,-4.492081,1.1200019
59.0,28.0,31.55949,363.25,3.897458e-05,-4.6620474,2.173948
59.0,41.0,28.857943,298.25,3.981279e-05,-5.291123,3.179226
62.0,28.0,23.2867,229.0,4.1665367e-05,-7.697204,0.5382417
64.0,31.0,22.35035,242.5,4.159732e-05,-7.714825,-0.13466191
67.0,37.0,21.37178,257.25,4.142137e-05,-7.2016,8.587822e-08
