Vmax,Rmax_IBT,Rmax_CK22,R34,fcor,u_trans,v_trans
34.0,37.0,40.72275,166.5,4.1841642e-05,-5.9624667,1.5976379
39.0,37.0,37.353336,176.0,4.2152973e-05,-6.2839127,2.2871566
41.0,37.0,35.97963,185.25,4.2621916e-05,-6.578989,2.9291546
44.0,37.0,34.532486,194.25,4.3126656e-05,-6.8491282,2.2254176
47.0,31.0,31.188349,196.5,4.3629858e-05,-7.044228,1.4972953
51.0,28.0,27.8344,199.0,4.409823e-05,-7.017023,1.6200086
57.0,20.0,24.755785,208.25,4.4444118e-05,-6.395002,1.9551464
62.0,13.0,21.946335,217.75,4.4825505e-05,-5.3501225,1.8421949
65.0,13.0,19.800058,217.75,4.5393106e-05,-4.802338,1.843444
69.0,13.0,17.634266,217.75,4.6034886e-05,-5.128252,2.3913426
75.0,13.0,15.448162,224.5,4.6655856e-05,-6.010416,2.9314744
