Vmax,Rmax_IBT,Rmax_CK22,R34,fcor,u_trans,v_trans
26.0,46.0,34.12324,102.0,3.5529305e-05,-5.6584,6.7475746e-08
26.0,46.0,34.12361,102.0,3.554763e-05,-5.6584,6.7475746e-08
26.0,46.0,34.12324,102.0,3.5529305e-05,-5.1369505,-0.26921704
27.0,46.0,33.57748,104.25,3.540569e-05,-5.115821,-0.53769374
28.0,46.0,32.471653,106.5,3.5282377e-05,-4.6183224,-0.32294488
29.0,46.0,32.02079,108.75,3.5263576e-05,-4.1152,4.9073268e-08
31.0,46.0,31.056137,111.25,3.5282377e-05,-3.6008,4.293911e-08
32.0,41.0,32.515953,120.25,3.526364e-05,-3.6008,4.293911e-08
33.0,37.0,33.294895,129.75,3.5282377e-05,-3.5958652,0.188452
33.0,37.0,34.44135,134.25,3.535017e-05,-3.5657573,0.5011352
33.0,37.0,35.578537,139.25,3.5529305e-05,-3.4613113,0.9925145
34.0,37.0,33.85624,136.75,3.5825495e-05,-3.2894945,1.4645773
36.0,37.0,31.721447,134.5,3.626943e-05,-2.9851987,2.0135417
36.0,37.0,31.696896,134.5,3.6829973e-05,-2.5013263,2.590198
36.0,37.0,31.667332,134.5,3.7500762e-05,-1.8545493,3.0864878
37.0,31.0,30.662947,134.5,3.8219678e-05,-0.9537499,2.935341
39.0,28.0,29.254187,134.5,3.897458e-05,-0.37613782,3.0633945
39.0,28.0,29.213995,134.5,3.967314e-05,0.053865105,3.08593
39.0,28.0,29.169514,134.5,4.0444127e-05,0.0,3.6008
