Vmax,Rmax_IBT,Rmax_CK22,R34,fcor,u_trans,v_trans
22.0,46.0,34.118206,86.75,3.55666e-05,-5.9336767,1.7014533
23.0,46.0,32.48313,88.0,3.577612e-05,-5.465595,1.4645014
27.0,37.0,31.902885,99.0,3.591737e-05,-4.5109434,1.0414342
31.0,28.0,31.062256,111.0,3.6022833e-05,-4.595092,0.5642054
32.0,28.0,30.04861,111.0,3.6145957e-05,-4.62678,0.16156985
33.0,28.0,28.638468,111.0,3.626943e-05,-5.144,6.134159e-08
34.0,28.0,27.76231,111.0,3.6466558e-05,-5.6575384,-0.098752074
36.0,28.0,26.541224,111.0,3.651592e-05,-5.1369505,-0.26921704
39.0,28.0,28.792957,130.5,3.6219782e-05,-4.084526,-0.5015177
41.0,28.0,30.600227,150.5,3.577612e-05,-4.0395923,-0.78521657
42.0,31.0,31.35117,159.0,3.538731e-05,-3.992961,-0.9955571
44.0,37.0,31.717962,168.75,3.5035337e-05,-3.974978,-1.0650918
44.0,31.0,31.75326,168.75,3.4732435e-05,-3.4781058,-0.9319554
44.0,28.0,31.775448,168.75,3.454095e-05,-1.8648189,-0.8695792
