Vmax,Rmax_IBT,Rmax_CK22,R34,fcor,u_trans,v_trans
46.0,46.0,40.39569,222.5,2.0297284e-05,-8.446829,2.2633204
49.0,37.0,37.95458,222.5,2.0800888e-05,-7.9115686,2.2686045
51.0,28.0,35.721405,222.5,2.130504e-05,-7.985922,1.9911145
51.0,28.0,34.337585,213.0,2.1751828e-05,-7.486802,1.8666699
51.0,28.0,32.82806,204.0,2.231176e-05,-6.7672906,2.4630916
51.0,28.0,35.87919,227.0,2.3134347e-05,-6.472756,3.1569724
51.0,28.0,38.436234,250.0,2.4070872e-05,-6.875007,3.5029888
51.0,28.0,38.715263,254.75,2.5024612e-05,-7.397435,3.6079686
51.0,28.0,38.975662,259.25,2.5826394e-05,-6.578989,2.9291546
52.0,22.0,37.344635,254.75,2.6257765e-05,-5.723321,2.31237
54.0,19.0,35.222363,250.0,2.6577594e-05,-5.411155,1.6543547
57.0,31.0,33.932228,259.25,2.7059647e-05,-5.4903216,1.3688912
59.0,46.0,32.53214,268.75,2.7578055e-05,-4.427309,1.3535628
59.0,46.0,32.349133,268.75,2.8020952e-05,-3.1493306,1.7457025
59.0,46.0,32.120487,268.75,2.857718e-05,-2.8586588,2.9602263
60.0,46.0,31.007202,268.5,2.9431652e-05,-2.721211,3.745425
62.0,46.0,29.482126,268.75,3.0322259e-05,-3.4420075,3.8227372
63.0,46.0,28.492964,268.75,3.096292e-05,-3.997639,3.237224
64.0,46.0,27.200258,268.75,3.156599e-05,-3.54648,2.9758492
