Vmax,Rmax_IBT,Rmax_CK22,R34,fcor,u_trans,v_trans
44.0,22.0,29.92162,157.5,3.394096e-05,-0.8427437,0.59009534
46.0,19.0,28.765936,162.0,3.3798577e-05,-0.9919501,1.1821597
49.0,13.0,29.524683,179.75,3.3445598e-05,-0.6764945,1.3870189
51.0,9.0,30.058342,199.0,3.305528e-05,-0.7244884,1.3625648
54.0,13.0,28.289747,199.0,3.278872e-05,-0.8851434,1.2641153
57.0,19.0,26.685621,199.0,3.2559245e-05,-0.9919501,1.1821597
58.0,22.0,24.745754,184.75,3.231107e-05,-1.071997,1.1100849
59.0,28.0,22.672401,171.25,3.206281e-05,-0.7645473,0.6884017
62.0,19.0,21.542698,171.0,3.1851636e-05,-1.1646681,1.0124301
64.0,9.0,20.506842,171.0,3.156599e-05,-1.4801137,1.429329
64.0,9.0,21.016062,176.75,3.110615e-05,-2.143994,2.2201698
64.0,9.0,21.564718,182.75,3.0571195e-05,-1.7210038,1.9113686
65.0,13.0,21.204285,180.0,3.0054469e-05,-1.7210038,1.9113686
67.0,19.0,20.518429,178.25,2.9574905e-05,-1.7210038,1.9113686
69.0,22.0,19.844162,180.0,2.9126011e-05,-1.9702666,1.6532495
