Vmax,Rmax_IBT,Rmax_CK22,R34,fcor,u_trans,v_trans
22.0,46.0,42.757256,106.5,4.8220812e-05,-2.0576,2.4536634e-08
26.0,46.0,43.92431,129.25,4.8202877e-05,-2.572,3.0670794e-08
29.0,41.0,38.159313,129.25,4.8220645e-05,-2.572,3.0670794e-08
33.0,37.0,32.981205,129.25,4.8202877e-05,-3.0788815,0.21529667
34.0,37.0,31.87221,129.25,4.808287e-05,-3.5810745,0.37638572
36.0,37.0,30.321903,129.25,4.796257e-05,-3.0633945,0.37613693
36.0,37.0,31.643684,135.5,4.794442e-05,-2.5528288,0.31344745
36.0,37.0,33.35134,143.75,4.796257e-05,-2.5469694,0.3579537
37.0,31.0,31.287071,139.0,4.794439e-05,-2.572,3.0670794e-08
39.0,28.0,28.885147,134.5,4.796257e-05,-2.5247452,-0.49076036
42.0,22.0,25.957357,134.5,4.8046684e-05,-2.4723651,-0.7089389
46.0,19.0,23.14963,134.5,4.8202877e-05,-2.4318738,-0.83736134
50.0,19.0,21.937473,141.25,4.8406913e-05,-2.2274175,-1.2859998
