Vmax,Rmax_IBT,Rmax_CK22,R34,fcor,u_trans,v_trans
26.0,37.0,42.066208,125.0,3.7586655e-05,-5.1369505,-0.26921704
28.0,28.0,39.608902,130.0,3.7500762e-05,-6.126789,-0.7522766
31.0,22.0,39.258614,140.75,3.7568127e-05,-6.1127267,-0.85908866
33.0,19.0,38.981285,152.75,3.7746686e-05,-5.1408668,0.17952205
36.0,19.0,39.880096,171.0,3.7955302e-05,-3.890998,1.3397782
39.0,19.0,40.427757,190.0,3.8238195e-05,-3.6987176,1.8039843
42.0,19.0,38.319534,203.0,3.8532286e-05,-4.087694,2.173466
46.0,19.0,35.679363,217.75,3.897458e-05,-5.234831,3.2710865
46.0,13.0,36.352226,224.25,3.9673017e-05,-6.5435386,4.088858
46.0,9.0,37.080406,231.5,4.0444127e-05,-6.578989,2.9291546
50.0,9.0,33.641285,237.25,4.1109928e-05,-6.515807,1.5042937
54.0,9.0,30.187176,245.5,4.1665367e-05,-6.126789,0.75227386
54.0,13.0,31.443233,265.25,4.2030828e-05,-5.603333,0.7874981
54.0,19.0,32.637657,287.0,4.239659e-05,-5.3814583,1.7485425
55.0,19.0,32.93113,321.75,4.2986092e-05,-5.5000057,2.802391
57.0,19.0,31.9216,356.25,4.3612705e-05,-4.9960704,2.6564584
59.0,22.0,28.87116,363.25,4.4080087e-05,-4.623397,2.2549803
62.0,28.0,25.997677,370.0,4.458322e-05,-4.362359,2.7259054
64.0,31.0,23.198729,363.0,4.5309018e-05,-4.2137184,2.9504766
