Vmax,Rmax_IBT,Rmax_CK22,R34,fcor,u_trans,v_trans
21.0,46.0,27.691212,67.75,3.7004265e-05,-0.86294687,1.2793705
23.0,46.0,29.883814,81.0,3.7746686e-05,-0.9019927,1.8493586
26.0,46.0,31.446547,94.0,3.8275128e-05,-1.0049603,2.3675385
28.0,46.0,33.204987,108.75,3.872924e-05,-0.8796764,2.4168892
28.0,41.0,33.207855,108.75,3.9133945e-05,-0.837361,2.4318738
28.0,37.0,33.210163,108.75,3.9464914e-05,-0.6698888,1.9454991
31.0,31.0,31.42932,112.75,3.9764986e-05,-0.6029762,1.4205232
33.0,28.0,30.322065,118.0,3.995476e-05,-0.9711675,1.1992915
37.0,28.0,27.2067,118.0,3.99731e-05,-1.2641156,0.885143
41.0,28.0,24.291376,118.0,3.995476e-05,-1.420523,0.60297644
46.0,28.0,24.869667,140.75,4.005876e-05,-1.4834192,0.42536333
51.0,28.0,24.77112,164.25,4.0199502e-05,-1.9778922,0.5671511
