Vmax,Rmax_IBT,Rmax_CK22,R34,fcor,u_trans,v_trans
36.0,46.0,33.512646,143.5,4.4806973e-05,-6.6221204,-0.9306794
39.0,46.0,30.934414,143.5,4.458322e-05,-6.661753,-0.5828276
40.0,41.0,30.696648,147.0,4.4425244e-05,-6.6861815,-0.116707
41.0,37.0,30.304108,153.0,4.4340795e-05,-7.2016,8.587822e-08
44.0,37.0,29.862465,164.0,4.4321812e-05,-7.2005033,0.12568462
46.0,37.0,29.38576,176.0,4.4340795e-05,-7.197213,0.25133088
49.0,37.0,29.44506,194.5,4.437624e-05,-7.714825,0.13466209
51.0,37.0,29.115665,213.0,4.4340795e-05,-7.7113,-0.26928657
55.0,31.0,26.275002,213.0,4.4207183e-05,-8.169052,-1.0030354
59.0,28.0,23.535648,213.0,4.385554e-05,-7.949956,-2.1301837
59.0,28.0,23.568121,210.75,4.314432e-05,-7.734046,-2.814962
59.0,28.0,23.595892,208.5,4.239659e-05,-7.378847,-2.2559419
