Vmax,Rmax_IBT,Rmax_CK22,R34,fcor,u_trans,v_trans
36.0,22.0,39.472088,166.75,3.0073232e-05,-4.9912014,1.2444466
39.0,33.0,36.59375,166.75,3.0446365e-05,-4.623397,2.2549803
41.0,46.0,34.04648,166.75,3.0820032e-05,-4.6620474,2.173948
44.0,37.0,31.781239,166.75,3.1136988e-05,-5.282572,2.0277884
46.0,28.0,29.73546,166.75,3.156599e-05,-5.723321,2.31237
49.0,24.0,27.849575,166.75,3.225515e-05,-6.1555996,2.6128979
51.0,22.0,26.10992,166.75,3.305528e-05,-5.594457,2.6087375
54.0,26.0,25.689468,176.75,3.379828e-05,-5.4502587,2.8979545
57.0,31.0,25.166313,187.25,3.454095e-05,-5.291123,3.179226
60.0,30.0,22.236431,177.75,3.5263238e-05,-5.1769457,3.3619483
