Vmax,Rmax_IBT,Rmax_CK22,R34,fcor,u_trans,v_trans
32.0,46.0,41.035954,152.5,3.9795617e-05,-2.0375755,0.28636295
33.0,46.0,38.93274,152.5,3.995476e-05,-2.0197961,0.39260834
36.0,41.0,35.800583,152.5,4.018111e-05,-2.0048637,0.4628596
39.0,37.0,33.056828,152.5,4.0444127e-05,-1.9568938,0.6358336
41.0,37.0,31.29525,156.5,4.068846e-05,-2.384717,0.9634875
44.0,37.0,29.962206,162.0,4.093299e-05,-2.8814027,1.1060663
46.0,37.0,29.446472,173.0,4.123235e-05,-3.4245641,1.1127088
49.0,37.0,28.900343,185.0,4.142137e-05,-3.0746555,0.26899746
57.0,31.0,25.16833,204.0,4.1280888e-05,-2.042263,-0.25075886
64.0,28.0,21.699917,222.0,4.1177245e-05,-1.4834192,0.42536333
