Vmax,Rmax_IBT,Rmax_CK22,R34,fcor,u_trans,v_trans
34.0,46.0,39.624786,160.25,3.4466713e-05,-0.8039683,-1.8940308
36.0,46.0,39.672115,168.75,3.5035337e-05,-0.62222284,-2.4956007
36.0,41.0,43.04993,184.5,3.5967296e-05,-0.5889127,-3.029694
36.0,39.0,44.220932,190.25,3.6358608e-05,-1.0694983,-5.031591
36.0,37.0,46.538296,201.25,3.700857e-05,-1.6543565,-5.4111547
39.0,37.0,42.665802,201.25,3.785116e-05,-1.9269766,-4.7694335
41.0,37.0,39.207806,201.25,3.872924e-05,-1.7342789,-4.29249
41.0,37.0,39.04009,201.25,3.986888e-05,-1.2031684,-3.9353852
41.0,37.0,38.948185,201.25,4.049281e-05,-1.6591,-4.322104
41.0,37.0,38.883316,201.25,4.093299e-05,-2.6554294,-3.7923465
41.0,35.0,39.215973,203.75,4.1220188e-05,-3.1524265,-2.6451993
42.0,31.0,39.089996,211.5,4.1616648e-05,-3.1493306,-1.7457025
44.0,28.0,38.57824,222.5,4.2152973e-05,-3.1793177,-1.6904734
45.0,28.0,38.364212,231.5,4.2780037e-05,-3.451297,-2.241299
45.0,28.0,37.90934,233.5,4.2953558e-05,-3.54648,-2.9758492
45.0,28.0,38.093212,235.5,4.3119424e-05,-3.0581892,-2.7536068
46.0,28.0,37.39235,240.5,4.3369746e-05,-2.6334584,-2.4557397
50.0,28.0,33.55776,245.5,4.3873508e-05,-2.590199,-2.5013258
54.0,28.0,29.643412,250.0,4.4340795e-05,-2.837469,-2.216874
