Vmax,Rmax_IBT,Rmax_CK22,R34,fcor,u_trans,v_trans
46.0,31.0,38.021988,236.25,3.8483773e-05,-4.8642325,3.8003554
52.0,31.0,31.414719,236.25,3.934203e-05,-5.5439405,3.7394347
59.0,31.0,25.813948,236.25,4.0199502e-05,-5.5439405,3.7394347
59.0,31.0,26.238468,246.25,4.1054715e-05,-5.5439405,3.7394347
59.0,31.0,26.41516,257.0,4.1909232e-05,-6.172977,3.709097
60.0,33.0,25.33774,257.0,4.2797157e-05,-6.8128233,3.6224432
62.0,37.0,23.94924,257.0,4.3612705e-05,-7.5188446,3.3476052
62.0,39.0,24.047874,263.5,4.427493e-05,-7.734046,2.814962
62.0,41.0,24.065556,270.75,4.4825505e-05,-7.378848,2.255938
62.0,41.0,23.903444,270.75,4.529036e-05,-6.9226227,1.985029
62.0,41.0,23.729061,270.75,4.5793287e-05,-6.2839127,2.2871566
63.0,35.0,22.748182,270.75,4.6462752e-05,-6.060662,2.8261323
64.0,31.0,21.413094,270.75,4.7240763e-05,-5.8487573,3.242019
