Vmax,Rmax_IBT,Rmax_CK22,R34,fcor,u_trans,v_trans
29.0,37.0,54.51512,185.0,3.065766e-05,-6.6048694,1.0461091
31.0,37.0,51.5692,185.0,3.0820032e-05,-6.650567,0.699002
31.0,37.0,51.564857,185.0,3.099362e-05,-7.174196,0.62766075
31.0,37.0,51.556667,185.0,3.131743e-05,-6.5643377,1.2759771
32.0,37.0,49.713615,185.0,3.1864078e-05,-5.836497,2.0096672
33.0,37.0,47.128944,185.0,3.2559245e-05,-5.9583397,3.0359237
33.0,37.0,47.08526,185.0,3.3321485e-05,-5.6710668,3.5436769
33.0,37.0,47.043304,185.0,3.404614e-05,-5.234831,3.2710865
33.0,37.0,47.01007,185.0,3.4614717e-05,-4.499044,2.4938607
33.0,37.0,46.985344,185.0,3.5035337e-05,-4.802338,1.843444
33.0,37.0,46.968582,185.0,3.5319274e-05,-4.9912014,1.2444466
33.0,37.0,46.956078,185.0,3.5529305e-05,-5.0121593,1.1571491
