Vmax,Rmax_IBT,Rmax_CK22,R34,fcor,u_trans,v_trans
28.0,19.0,38.180008,125.0,3.700857e-05,-7.112936,-1.1265788
29.0,22.0,36.80625,125.0,3.682949e-05,-6.637355,-0.8149663
31.0,28.0,34.90925,125.0,3.67623e-05,-7.174196,-0.6276606
32.0,28.0,34.115025,126.5,3.672481e-05,-7.2005033,-0.12568446
33.0,28.0,33.285126,129.5,3.67623e-05,-6.1643405,0.32306057
33.0,28.0,33.282654,129.5,3.6866528e-05,-5.0806684,0.80469924
33.0,28.0,33.27936,129.5,3.700857e-05,-5.5544395,1.0796729
36.0,37.0,41.801693,179.5,3.7057613e-05,-6.0379095,1.283396
39.0,46.0,48.100185,231.5,3.7254722e-05,-5.4903216,1.3688912
