Vmax,Rmax_IBT,Rmax_CK22,R34,fcor,u_trans,v_trans
31.0,37.0,29.8082,106.5,2.1946826e-05,-1.4757696,0.45118764
33.0,37.0,27.651636,106.5,2.231176e-05,-2.1570606,1.4008118
33.0,37.0,27.643867,106.5,2.2990664e-05,-2.7983472,2.2660568
33.0,37.0,27.634026,106.5,2.3819783e-05,-3.2428217,2.5335703
37.0,31.0,26.974174,115.0,2.4554032e-05,-3.597875,2.9135017
41.0,28.0,26.379871,125.0,2.53252e-05,-3.0372913,3.4940033
46.0,22.0,23.423,125.0,2.6145508e-05,-2.4533143,3.9261234
51.0,19.0,21.001598,125.0,2.707799e-05,-3.2455256,4.6350894
58.0,22.0,20.852451,143.0,2.8165292e-05,-3.9678004,4.7286386
64.0,28.0,20.098307,162.0,2.9325609e-05,-4.2984505,5.1226916
