Vmax,Rmax_IBT,Rmax_CK22,R34,fcor,u_trans,v_trans
26.0,37.0,70.03606,208.25,2.1537942e-05,-1.6854874,1.1801907
28.0,37.0,63.623665,208.25,2.1808535e-05,-1.9411135,1.6873834
31.0,37.0,58.188362,208.25,2.2148151e-05,-2.2201705,2.1439936
33.0,37.0,53.512325,208.25,2.2563274e-05,-2.3985834,1.9423344
34.0,28.0,56.781563,229.25,2.3084924e-05,-2.6455615,1.589613
36.0,19.0,58.681564,250.0,2.3568628e-05,-3.2083368,1.6347281
39.0,22.0,54.202038,250.0,2.3838493e-05,-3.7594223,1.6738026
41.0,28.0,50.245735,250.0,2.4070872e-05,-3.3145537,1.406945
44.0,28.0,50.056877,271.0,2.4409794e-05,-3.2894945,1.4645773
46.0,28.0,49.411377,291.75,2.4823696e-05,-3.236378,1.5784862
46.0,28.0,49.23438,291.75,2.5287502e-05,-3.599235,1.9950885
46.0,28.0,49.029133,291.75,2.5826394e-05,-3.3292673,2.418853
49.0,28.0,44.00639,280.0,2.6433429e-05,-3.1524265,2.6451993
51.0,28.0,39.542015,268.5,2.707799e-05,-3.3292673,2.418853
55.0,28.0,35.909164,268.75,2.7665674e-05,-3.4898872,2.1807244
59.0,28.0,32.152256,268.5,2.8327528e-05,-3.597875,2.9135017
62.0,22.0,29.890652,268.5,2.9163253e-05,-3.9306557,4.070311
64.0,19.0,27.748993,268.5,3.0073232e-05,-4.001094,4.0010924
