Vmax,Rmax_IBT,Rmax_CK22,R34,fcor,u_trans,v_trans
36.0,37.0,48.461838,210.75,3.7254722e-05,0.0,0.5144
36.0,37.0,45.88738,198.75,3.716834e-05,0.99824023,0.24888925
36.0,37.0,43.30053,187.5,3.7254722e-05,0.8107055,-0.6333926
37.0,30.0,41.79413,187.5,3.7746562e-05,0.6521846,-1.3986142
38.0,22.0,40.354683,187.5,3.8238195e-05,1.128625,-1.0524598
41.0,24.0,44.49781,231.5,3.8256425e-05,1.987489,-0.532546
43.0,26.0,46.76158,275.5,3.8238195e-05,3.4046235,-1.1723057
44.0,24.0,45.441776,279.0,3.8624974e-05,4.350401,-1.5834162
46.0,22.0,43.563957,285.0,3.897458e-05,4.0995407,-0.3586634
44.0,22.0,46.45777,288.75,3.8813032e-05,4.6042385,0.48392478
43.0,22.0,48.762127,294.0,3.872924e-05,7.6737313,-0.806542
45.0,22.0,45.074688,294.0,3.9234365e-05,9.982403,-2.4888923
48.0,22.0,40.865627,294.0,3.995476e-05,9.889461,-2.8357573
52.0,22.0,36.47561,306.75,4.0397324e-05,9.184179,-3.3427675
56.0,22.0,32.156445,319.5,4.1177245e-05,10.633812,-5.186456
58.0,15.0,29.476263,315.25,4.2794018e-05,11.697515,-6.4840374
59.0,9.0,26.924051,312.5,4.458322e-05,11.916678,-6.071849
