Vmax,Rmax_IBT,Rmax_CK22,R34,fcor,u_trans,v_trans
19.0,46.0,41.29736,93.0,3.8606504e-05,-0.35081992,-0.37620836
21.0,46.0,46.38843,111.0,3.8483773e-05,-0.51439995,-0.890967
23.0,46.0,41.38314,111.0,3.8219776e-05,-0.46706548,-0.9166675
26.0,46.0,37.298996,111.0,3.7992504e-05,-0.61914724,-0.82163626
27.0,46.0,34.966797,108.5,3.790033e-05,-0.5144,6.1341585e-09
28.0,46.0,32.497017,106.5,3.7992504e-05,-0.49877197,0.8998088
28.0,41.0,32.498703,106.5,3.82504e-05,-0.4511881,1.4757695
28.0,37.0,32.501656,106.5,3.872924e-05,-1.2553515,2.819567
29.0,37.0,31.893656,108.5,3.9483235e-05,-1.9611359,3.019885
31.0,37.0,31.043585,111.0,4.0199502e-05,-2.7583733,2.3145492
32.0,37.0,32.472424,120.0,4.0499173e-05,-2.9182484,1.0048336
33.0,37.0,33.197083,130.0,4.0688625e-05,-2.9002674,1.0556108
36.0,37.0,27.890442,118.0,4.1018393e-05,-3.1793177,1.6904734
39.0,37.0,23.522503,106.5,4.142137e-05,-3.0864885,1.8545485
