Vmax,Rmax_IBT,Rmax_CK22,R34,fcor,u_trans,v_trans
24.0,37.0,21.250801,60.25,4.3752214e-05,-4.595092,0.5642054
26.0,37.0,20.04113,60.25,4.385554e-05,-4.0926566,0.4301551
27.0,37.0,19.308414,60.25,4.3976786e-05,-4.084526,0.5015159
28.0,37.0,18.303852,60.25,4.409823e-05,-3.556468,0.56328946
31.0,31.0,21.367136,76.5,4.4237426e-05,-3.0395107,0.5359477
33.0,28.0,23.84843,92.75,4.4340795e-05,-3.0746555,0.26899746
36.0,28.0,22.096348,92.75,4.435878e-05,-3.0864,3.6804952e-08
39.0,28.0,20.56995,92.75,4.4340795e-05,-3.08593,-0.053864766
44.0,28.0,18.874462,97.25,4.4340733e-05,-3.6008,4.293911e-08
49.0,28.0,17.447145,102.0,4.4340795e-05,-3.6002517,0.06284231
57.0,28.0,15.626189,108.75,4.4358825e-05,-3.6008,4.293911e-08
