Vmax,Rmax_IBT,Rmax_CK22,R34,fcor,u_trans,v_trans
49.0,22.0,31.349657,187.5,2.857718e-05,-5.548076,2.7059765
50.0,17.0,27.849634,168.0,2.900707e-05,-4.9192324,1.5039588
51.0,13.0,24.456898,150.5,2.9325609e-05,-4.492081,1.1200019
51.0,13.0,27.353163,172.25,2.968071e-05,-4.492081,1.1200019
51.0,13.0,30.107708,194.5,3.0073232e-05,-4.4718504,1.1982284
51.0,13.0,30.012146,194.5,3.0552397e-05,-4.9192324,1.5039588
51.0,13.0,29.909355,194.5,3.1068776e-05,-5.2463775,2.1196725
51.0,15.0,31.148766,205.5,3.1528005e-05,-5.0857368,2.4804783
51.0,19.0,32.408104,217.5,3.206281e-05,-5.73205,3.4441614
52.0,20.0,30.620049,210.0,3.280791e-05,-6.1073027,3.8162675
54.0,22.0,28.646492,204.0,3.3550914e-05,-4.9960704,2.6564584
54.0,22.0,28.535412,204.0,3.4045475e-05,-4.292491,1.7342775
54.0,22.0,28.424152,204.0,3.454095e-05,-4.0491395,2.2444746
54.0,22.0,28.358997,204.75,3.524502e-05,-4.161584,3.0235665
54.0,22.0,28.31832,206.25,3.6022833e-05,-5.1174836,3.451786
54.0,20.0,28.015034,204.75,3.678094e-05,-5.291123,3.179226
54.0,19.0,27.766855,204.0,3.7500762e-05,-4.362359,2.7259054
58.0,20.0,22.414701,171.5,3.8096583e-05,-3.2865446,2.4765897
62.0,22.0,17.56986,139.0,3.872924e-05,-3.0096667,2.8065598
