Vmax,Rmax_IBT,Rmax_CK22,R34,fcor,u_trans,v_trans
26.0,37.0,30.93098,92.75,3.577612e-05,3.4434621,-1.052772
26.0,37.0,30.93064,92.75,3.5757334e-05,3.974978,-1.065092
26.0,37.0,30.93098,92.75,3.577612e-05,4.350401,-1.5834162
26.0,37.0,30.9379,92.75,3.6195306e-05,4.735077,-2.009921
26.0,37.0,30.9472,92.75,3.67623e-05,4.699278,-2.092253
26.0,37.0,30.955566,92.75,3.7272985e-05,4.769434,-1.9269763
26.0,37.0,30.963215,92.75,3.7746686e-05,5.3501225,-1.8421946
27.0,37.0,31.020308,96.25,3.8151888e-05,5.4392033,-1.5596664
28.0,37.0,31.066463,102.0,3.8483773e-05,5.4903216,-1.3688908
29.0,37.0,29.980076,102.0,3.8728904e-05,5.5133758,-1.2728628
31.0,37.0,28.475752,102.0,3.897458e-05,5.465595,-1.4645015
32.0,31.0,27.547071,102.0,3.9268638e-05,5.870682,-1.9074997
33.0,28.0,26.251884,102.0,3.9709896e-05,5.2463775,-2.119674
36.0,22.0,24.320494,102.0,4.0370585e-05,5.0416718,-2.568859
39.0,19.0,22.621313,102.0,4.1177245e-05,4.63509,-3.2455254
41.0,28.0,28.77439,143.0,4.1994244e-05,3.8227367,-3.4420083
44.0,37.0,33.204407,185.5,4.288343e-05,3.5733232,-3.7002835
46.0,37.0,34.976753,220.25,4.381904e-05,3.4420083,-3.8227367
49.0,37.0,35.36658,257.0,4.4825505e-05,3.0235674,-4.1615834
