Vmax,Rmax_IBT,Rmax_CK22,R34,fcor,u_trans,v_trans
39.0,37.0,59.022263,277.75,2.6827835e-05,-1.0287999,-1.781934
41.0,37.0,54.38056,277.75,2.711188e-05,-0.28636262,-2.0375755
44.0,37.0,50.26584,277.75,2.7328068e-05,-1.8186785,-1.8186787
44.0,37.0,50.187443,277.75,2.7578055e-05,-1.8333348,-0.9341312
51.0,37.0,40.33181,277.75,2.7827968e-05,-0.9889461,-0.28357556
52.0,37.0,38.3992,269.5,2.7827944e-05,-0.5144,6.1341585e-09
54.0,37.0,36.097946,261.5,2.7827968e-05,0.88185376,-0.52987117
55.0,37.0,35.085884,261.5,2.809029e-05,1.2948899,-1.5990553
57.0,37.0,33.5907,261.5,2.857718e-05,1.0903622,-1.7449436
58.0,37.0,33.178303,269.5,2.9232124e-05,1.7866616,-1.8501418
58.0,37.0,32.829823,271.75,2.9494913e-05,1.339778,-3.8909981
59.0,37.0,32.176697,277.75,3.0073232e-05,0.7852172,-4.0395923
60.0,37.0,31.48849,277.75,3.071129e-05,-0.6443159,-4.584545
60.0,37.0,30.934814,277.75,3.1050135e-05,-0.25117886,-3.5920289
62.0,37.0,29.316187,277.75,3.206281e-05,-0.376386,-3.5810745
63.0,31.0,28.661055,286.75,3.291265e-05,-0.28706154,-4.105176
64.0,28.0,27.525427,296.25,3.3798577e-05,-0.21537305,-4.10956
67.0,28.0,25.473063,305.75,3.491186e-05,-1.7342789,-4.29249
69.0,28.0,23.418396,314.75,3.6022833e-05,-1.8830274,-4.22935
