Vmax,Rmax_IBT,Rmax_CK22,R34,fcor,u_trans,v_trans
33.0,46.0,42.754387,167.0,2.9824112e-05,0.0,3.6008
36.0,41.0,40.289436,170.0,3.050277e-05,0.9537501,2.935341
39.0,37.0,38.43896,176.0,3.1068776e-05,0.9537501,2.935341
39.0,37.0,38.374733,176.0,3.1777177e-05,0.64169866,3.0189548
39.0,37.0,38.303604,176.0,3.2559245e-05,0.21529637,3.0788817
39.0,37.0,38.21918,176.0,3.348278e-05,0.0,3.0864
39.0,37.0,38.14488,176.0,3.4293596e-05,0.22416456,2.562213
40.0,37.0,37.04985,176.75,3.468311e-05,0.5671514,1.977892
41.0,37.0,35.70951,178.0,3.5035337e-05,0.85072714,2.9668381
44.0,37.0,33.564034,181.0,3.5776106e-05,1.052772,3.4434621
46.0,37.0,31.766392,184.75,3.651592e-05,1.4489771,2.7251294
46.0,37.0,34.709557,207.25,3.694086e-05,1.4801135,1.4293292
46.0,37.0,37.696106,231.25,3.7254722e-05,1.5990556,1.2948897
49.0,37.0,37.61081,258.0,3.7605234e-05,1.5528905,1.349907
51.0,37.0,36.85094,284.5,3.7992504e-05,1.9702663,1.6532496
55.0,41.0,29.186195,237.0,3.842867e-05,1.7866614,1.850142
59.0,46.0,22.11634,189.75,3.897458e-05,0.57857406,2.50608
