Vmax,Rmax_IBT,Rmax_CK22,R34,fcor,u_trans,v_trans
59.0,28.0,20.57189,152.5,3.3798577e-05,-6.7232733,2.5808215
57.0,24.0,21.61491,152.5,3.4274824e-05,-7.1541514,2.8904626
54.0,22.0,22.764936,152.5,3.47882e-05,-7.3383517,2.384376
50.0,30.0,27.228104,170.5,3.538693e-05,-6.987682,1.7422252
46.0,37.0,32.508163,190.0,3.6022833e-05,-7.1541514,2.8904626
44.0,37.0,34.17955,185.75,3.665735e-05,-7.333341,3.7365215
41.0,37.0,36.259956,183.0,3.7254722e-05,-7.2506685,2.6390269
41.0,37.0,36.198563,183.0,3.776489e-05,-6.5643377,1.2759771
41.0,37.0,36.14155,183.0,3.8238195e-05,-5.4392037,1.5596656
41.0,37.0,36.562855,185.5,3.867305e-05,-5.0857368,2.4804783
41.0,37.0,37.106796,189.75,3.9219805e-05,-4.9489484,2.7432468
42.0,37.0,36.973766,196.25,4.0040748e-05,-4.9003186,2.8291996
44.0,37.0,36.20627,203.5,4.093299e-05,-4.362359,2.7259054
46.0,37.0,33.025406,201.0,4.1683204e-05,-3.7923467,2.6554291
49.0,37.0,30.304276,199.0,4.239659e-05,-3.54648,2.9758492
51.0,30.0,28.044643,199.0,4.3071494e-05,-3.637358,3.6373568
54.0,22.0,25.961037,199.0,4.385554e-05,-3.7122447,4.2704487
59.0,20.0,22.39991,199.0,4.4928154e-05,-4.3871984,5.0468936
64.0,19.0,19.38623,199.0,4.6034886e-05,-4.72864,3.9677987
