Vmax,Rmax_IBT,Rmax_CK22,R34,fcor,u_trans,v_trans
31.0,41.0,30.706482,109.75,2.7221819e-05,1.4306251,4.4030113
33.0,37.0,31.708712,122.75,2.8327528e-05,1.1982286,4.4718504
34.0,37.0,33.912716,135.75,2.9344279e-05,0.80392164,4.559266
36.0,37.0,35.785885,150.25,3.0322259e-05,0.3586633,4.0995407
40.0,31.0,34.113,159.75,3.1317442e-05,0.07182014,4.1145735
44.0,28.0,32.046307,169.0,3.231108e-05,7.1952445e-07,4.1152
47.0,37.0,34.184994,205.25,3.3284563e-05,0.16157071,4.62678
51.0,46.0,34.519367,243.0,3.4293596e-05,-0.24229458,4.6232553
57.0,41.0,30.694271,255.75,3.5350302e-05,-0.32294413,4.618323
62.0,37.0,27.050129,268.5,3.651592e-05,0.0,5.144
