Vmax,Rmax_IBT,Rmax_CK22,R34,fcor,u_trans,v_trans
28.0,31.0,28.029984,92.25,3.1422936e-05,-3.890998,1.3397782
31.0,37.0,29.142475,104.0,3.1814445e-05,-3.890998,1.3397782
33.0,31.0,30.226631,117.0,3.2168187e-05,-3.867023,1.407481
36.0,28.0,31.449139,132.0,3.2559245e-05,-3.7880614,1.6079371
40.0,28.0,28.435799,132.0,3.3017852e-05,-4.1250043,2.1017933
44.0,28.0,25.560192,132.0,3.3550914e-05,-4.499044,2.4938607
46.0,28.0,23.982502,132.0,3.4169567e-05,-4.499044,2.4938607
49.0,28.0,22.552742,132.0,3.47882e-05,-5.1692057,2.3014786
55.0,22.0,22.215757,153.25,3.530041e-05,-5.3501225,1.8421949
62.0,19.0,21.218395,175.75,3.577612e-05,-6.3228717,2.1771395
65.0,19.0,21.351181,202.5,3.6287864e-05,-6.8092465,2.3446116
69.0,19.0,20.626453,229.0,3.67623e-05,-6.9226227,1.985029
