Vmax,Rmax_IBT,Rmax_CK22,R34,fcor,u_trans,v_trans
27.0,28.0,26.0402,81.25,3.8164188e-05,-3.5274155,2.119484
28.0,28.0,23.958982,79.0,3.872924e-05,-3.6973627,2.7861636
31.0,28.0,24.601181,88.0,3.946473e-05,-4.0535274,3.1669629
33.0,28.0,25.052052,97.5,4.0199502e-05,-4.362359,2.7259054
36.0,28.0,23.210964,97.5,4.072516e-05,-4.6620474,2.173948
39.0,28.0,21.59985,97.5,4.1177245e-05,-4.6620474,2.173948
39.0,28.0,24.967638,113.5,4.170159e-05,-4.6620474,2.173948
39.0,28.0,28.255764,129.75,4.2152973e-05,-4.8637476,1.6747227
39.0,28.0,28.239565,129.75,4.246948e-05,-5.0315914,1.0694966
39.0,28.0,28.230885,129.75,4.2640077e-05,-5.124426,0.44832912
42.0,28.0,25.498243,129.75,4.267642e-05,-5.144,6.134159e-08
46.0,28.0,22.888304,129.75,4.2640077e-05,-4.6296,5.520743e-08
50.0,28.0,22.167858,139.0,4.2657968e-05,-4.6296,5.520743e-08
54.0,28.0,21.067595,148.25,4.2640077e-05,-4.6183224,-0.32294488
59.0,28.0,19.201756,152.75,4.2518328e-05,-4.595092,-0.56420743
