Vmax,Rmax_IBT,Rmax_CK22,R34,fcor,u_trans,v_trans
37.0,46.0,38.948433,176.0,4.653571e-05,0.10768666,-2.05478
39.0,46.0,36.93754,176.0,4.6999867e-05,-0.18806858,-1.5316973
39.0,46.0,36.910896,176.0,4.7276888e-05,-0.13449885,-1.5373278
39.0,46.0,36.906197,176.0,4.7325528e-05,-0.9287209,-1.2324544
39.0,46.0,36.89116,176.0,4.748151e-05,-0.46706548,-0.9166675
39.0,46.0,35.15314,166.5,4.7740155e-05,-0.23142964,-1.002432
39.0,46.0,33.39626,157.5,4.796257e-05,-0.09815212,-0.50494903
41.0,46.0,32.332672,166.5,4.8118778e-05,0.23353276,-0.45833373
44.0,46.0,31.199905,176.0,4.8202877e-05,0.0,0.0
