Vmax,Rmax_IBT,Rmax_CK22,R34,fcor,u_trans,v_trans
23.0,46.0,15.109146,41.5,3.0378204e-05,-3.9261231,2.4533148
23.0,46.0,15.110391,41.5,3.0571195e-05,-4.2137184,2.9504766
26.0,37.0,13.737427,41.5,3.1012765e-05,-3.997639,3.237224
28.0,28.0,12.608248,41.5,3.156599e-05,-3.6481745,2.8502665
29.0,28.0,15.481304,52.5,3.216816e-05,-3.2428217,2.5335703
31.0,28.0,18.144152,65.0,3.280731e-05,-2.4557393,2.6334586
33.0,31.0,24.790178,95.75,3.3408454e-05,-2.1164973,2.9131083
36.0,37.0,30.310007,127.25,3.404614e-05,-2.3145502,2.7583723
39.0,37.0,31.735224,144.5,3.4751032e-05,-2.5013263,2.590198
41.0,37.0,32.757618,162.0,3.5529305e-05,-2.0135427,2.985198
45.0,31.0,31.504702,174.25,3.6355726e-05,-1.4069444,3.314554
49.0,28.0,29.832497,187.75,3.7254722e-05,-1.5415812,3.815547
54.0,31.0,25.980946,187.75,3.8219783e-05,-1.5834175,4.350401
59.0,37.0,22.743355,187.75,3.9219805e-05,-0.5727251,4.075151
65.0,46.0,19.533154,187.75,4.0199473e-05,0.3763861,3.5810745
