Vmax,Rmax_IBT,Rmax_CK22,R34,fcor,u_trans,v_trans
23.0,28.0,39.511124,106.5,3.5035337e-05,-0.83736104,-2.4318738
24.0,28.0,38.920204,109.25,3.552915e-05,-0.70374066,-1.9335115
26.0,28.0,38.07275,113.5,3.6022833e-05,-1.618612,-1.9988195
27.0,28.0,34.20279,106.25,3.655299e-05,-2.1068592,-1.4752383
28.0,28.0,30.356133,99.75,3.700857e-05,-2.3116984,-1.1274902
31.0,28.0,28.083172,100.5,3.7291662e-05,-2.3847165,-0.9634887
33.0,28.0,26.261564,101.75,3.7500762e-05,-2.2709413,-1.207481
33.0,31.0,27.904245,108.5,3.7746486e-05,-1.664633,-1.2094275
33.0,37.0,29.766905,116.0,3.7992504e-05,-2.1322846,-1.4382441
36.0,37.0,28.49293,120.0,3.8219743e-05,-2.672901,-1.5431998
39.0,37.0,27.516663,125.0,3.8483773e-05,-2.7251294,-1.4489772
42.0,22.0,26.104685,131.5,3.8814927e-05,-3.2083359,-1.6347296
46.0,9.0,24.602837,139.0,3.9219805e-05,-3.6666696,-1.8682624
46.0,9.0,24.968502,141.5,3.9746905e-05,-3.6987176,-1.8039843
46.0,9.0,25.536068,145.75,4.0199502e-05,-3.3386033,-1.3488841
