Vmax,Rmax_IBT,Rmax_CK22,R34,fcor,u_trans,v_trans
33.0,46.0,34.446896,134.75,4.10549e-05,-3.5920286,-0.25117934
36.0,46.0,34.221725,145.75,4.093299e-05,-3.587098,-0.3138303
39.0,37.0,38.751358,182.25,4.0829065e-05,-4.084526,-0.5015177
41.0,28.0,41.90926,220.0,4.0688625e-05,-4.052681,-0.7145968
44.0,28.0,38.417656,218.75,4.0462288e-05,-3.992961,-0.9955571
46.0,28.0,35.415733,217.75,4.0199502e-05,-3.867023,-1.407481
49.0,22.0,32.461395,213.75,3.9973038e-05,-3.7594223,-1.6738026
51.0,19.0,29.915888,210.5,3.9709896e-05,-3.867023,-1.407481
54.0,22.0,28.805042,220.0,3.9286995e-05,-3.493841,-0.8711125
57.0,28.0,27.658134,229.5,3.897458e-05,-3.0395107,-0.5359476
62.0,28.0,25.91045,264.5,3.8986862e-05,-3.0746555,-0.26899737
