Vmax,Rmax_IBT,Rmax_CK22,R34,fcor,u_trans,v_trans
39.0,37.0,37.719837,171.5,2.707799e-05,-5.1314692,-0.35882762
42.0,37.0,34.225357,171.5,2.7109061e-05,-5.115821,0.5376939
46.0,37.0,30.853119,171.5,2.7328068e-05,-5.0315914,1.0694966
50.0,37.0,28.925041,176.0,2.7646678e-05,-4.9192324,1.5039588
54.0,37.0,26.81457,180.75,2.807779e-05,-4.802338,1.843444
54.0,37.0,26.724756,180.75,2.8539564e-05,-4.699278,2.0922532
54.0,37.0,26.620747,180.75,2.9076216e-05,-4.499044,2.4938607
54.0,41.0,27.679293,190.0,2.9680685e-05,-3.8827093,2.5214612
54.0,46.0,28.66912,199.0,3.0322259e-05,-3.7923467,2.6554291
54.0,46.0,28.525692,199.0,3.096295e-05,-3.7454257,2.7212098
54.0,46.0,28.391134,199.0,3.156599e-05,-3.4116557,2.3011906
55.0,46.0,28.668509,208.25,3.2044096e-05,-2.9851987,2.0135417
