Vmax,Rmax_IBT,Rmax_CK22,R34,fcor,u_trans,v_trans
33.0,46.0,29.968052,115.5,2.6646358e-05,-3.563868,2.0575995
36.0,46.0,30.037918,125.0,2.707799e-05,-2.0652046,2.2936423
39.0,41.0,30.895447,138.5,2.7540507e-05,-1.8574418,2.4649088
41.0,37.0,31.66309,152.75,2.807779e-05,-1.7702868,2.5282307
47.0,31.0,29.800001,170.0,2.8701981e-05,-0.5530336,1.4407012
54.0,28.0,27.498085,187.5,2.9325609e-05,-0.28357586,0.98894596
55.0,28.0,27.078787,189.5,2.9824094e-05,-1.4008113,2.1570609
57.0,28.0,26.42799,192.0,3.0322259e-05,-1.5896137,2.645561
58.0,22.0,25.818655,193.25,3.0925745e-05,-0.34714442,1.5036479
59.0,19.0,24.965147,194.5,3.156599e-05,-0.43015632,4.0926566
59.0,19.0,24.832092,194.5,3.2149743e-05,-0.50151706,4.084526
59.0,19.0,24.682917,194.5,3.280731e-05,-0.39940992,1.4906167
59.0,19.0,25.59135,207.0,3.365617e-05,-0.26899835,3.0746553
59.0,19.0,26.392975,220.0,3.454095e-05,-0.21537295,4.10956
59.0,19.0,26.276924,220.75,3.528237e-05,-0.28706145,4.105176
59.0,19.0,26.174911,222.25,3.6022833e-05,-0.2152961,3.0788817
60.0,31.0,25.474367,225.0,3.684851e-05,-0.2152961,3.0788817
62.0,46.0,24.504616,229.25,3.7746686e-05,-0.24229458,4.6232553
64.0,37.0,23.026161,235.75,3.8710838e-05,-1.5895832,4.892235
