Vmax,Rmax_IBT,Rmax_CK22,R34,fcor,u_trans,v_trans
27.0,37.0,35.859943,111.0,3.709459e-05,-5.4392037,1.5596656
28.0,37.0,33.90849,111.0,3.7500762e-05,-5.2085843,2.2109134
28.0,37.0,34.48368,113.0,3.816411e-05,-5.4502587,2.8979545
28.0,37.0,35.344963,116.0,3.897458e-05,-5.8487573,3.242019
31.0,37.0,32.32276,116.0,3.9868293e-05,-6.4166737,3.2694561
33.0,37.0,29.719286,116.0,4.0688625e-05,-6.578989,2.9291546
33.0,37.0,30.40107,118.75,4.1232008e-05,-6.7672906,2.4630916
33.0,37.0,31.407711,122.75,4.1665367e-05,-6.8491282,2.2254176
37.0,37.0,31.298428,137.5,4.211654e-05,-6.359905,2.0664594
41.0,37.0,30.433727,152.75,4.2640077e-05,-5.128252,2.3913426
47.0,37.0,26.82341,162.0,4.3350592e-05,-3.7454257,2.7212098
