Vmax,Rmax_IBT,Rmax_CK22,R34,fcor,u_trans,v_trans
41.0,37.0,38.324112,190.0,3.0571195e-05,-3.0633945,-0.3761383
44.0,37.0,36.787315,196.0,3.0583553e-05,-2.4723651,0.7089389
46.0,37.0,35.419228,203.5,3.0820032e-05,-2.1570606,1.4008118
50.0,37.0,32.190975,203.5,3.136706e-05,-1.8501421,1.7866613
54.0,37.0,28.96894,203.5,3.206281e-05,-1.5834811,2.026764
57.0,41.0,27.483253,207.5,3.2664633e-05,-1.6355429,2.6174157
59.0,46.0,26.199415,213.0,3.330315e-05,-1.3043696,2.797228
60.0,41.0,25.41379,213.0,3.3971726e-05,-1.4069444,3.314554
62.0,37.0,24.301819,213.0,3.47882e-05,-2.3844206,3.9683416
63.0,37.0,24.66009,232.5,3.5844074e-05,-3.40531,4.5189996
64.0,37.0,24.369246,252.25,3.700857e-05,-3.8003547,4.8642335
