Vmax,Rmax_IBT,Rmax_CK22,R34,fcor,u_trans,v_trans
24.0,46.0,40.64029,113.75,3.5898738e-05,-6.0790215,1.0718954
26.0,46.0,39.675095,118.0,3.626943e-05,-6.6221204,0.9306796
28.0,41.0,33.910156,111.0,3.6534486e-05,-7.1479206,0.8776529
31.0,37.0,29.09103,104.25,3.67623e-05,-7.112936,1.1265789
34.0,37.0,25.959015,104.25,3.6989873e-05,-7.069287,1.3741292
39.0,37.0,23.05984,104.25,3.7254722e-05,-5.5133753,1.272864
42.0,28.0,21.636896,107.5,3.7567683e-05,-4.427309,1.3535628
46.0,19.0,20.227032,111.0,3.7992504e-05,-4.261569,1.8089292
49.0,15.0,21.55604,128.25,3.855096e-05,-4.5833383,2.335326
51.0,13.0,22.5064,146.0,3.9219805e-05,-4.9003186,2.8291996
54.0,13.0,22.732567,160.25,3.991776e-05,-4.7455335,3.081786
57.0,13.0,22.778969,176.0,4.0688625e-05,-5.0564623,3.540572
60.0,13.0,22.130129,194.25,4.1561467e-05,-5.0564623,3.540572
64.0,13.0,20.876036,213.0,4.239659e-05,-5.291123,3.179226
68.0,20.0,18.923897,213.0,4.3059405e-05,-5.594457,2.6087375
