Vmax,Rmax_IBT,Rmax_CK22,R34,fcor,u_trans,v_trans
21.0,46.0,21.623482,53.0,4.7824356e-05,-7.7113,0.2692831
23.0,46.0,22.161207,60.5,4.7722115e-05,-6.6709104,0.4664761
27.0,46.0,25.214846,78.25,4.7907226e-05,-5.627403,0.59146327
31.0,46.0,27.14382,97.25,4.8202877e-05,-5.603333,0.7874981
33.0,46.0,31.504654,123.5,4.8460755e-05,-6.1127267,0.85908884
36.0,46.0,34.812683,150.5,4.868306e-05,-5.5887356,0.8851692
37.0,41.0,37.92325,171.75,4.8784616e-05,-5.0494905,0.9815209
39.0,37.0,40.06333,194.5,4.892293e-05,-4.9687223,1.3313649
41.0,43.0,39.345455,212.25,4.922791e-05,-4.892235,1.5895841
