Vmax,Rmax_IBT,Rmax_CK22,R34,fcor,u_trans,v_trans
36.0,37.0,48.008423,213.0,4.2152973e-05,-6.17186,0.10772967
39.0,37.0,45.05346,219.75,4.2201722e-05,-5.1314692,0.3588278
41.0,37.0,42.28198,226.75,4.239659e-05,-4.559266,0.8039215
46.0,22.0,36.653374,236.25,4.2864536e-05,-4.4502573,1.27609
51.0,9.0,31.806297,245.25,4.3369746e-05,-4.4718504,1.1982284
55.0,11.0,29.147436,257.25,4.3593984e-05,-4.492081,1.1200019
59.0,13.0,26.141563,268.5,4.385554e-05,-5.2085843,2.2109134
60.0,13.0,25.31145,273.5,4.440754e-05,-5.398853,2.9926329
62.0,13.0,24.029358,278.0,4.506766e-05,-5.041672,2.5688584
63.0,20.0,23.255686,287.0,4.5690475e-05,-4.735077,2.0099213
64.0,28.0,22.048634,296.25,4.627635e-05,-4.1610575,2.0294824
