Vmax,Rmax_IBT,Rmax_CK22,R34,fcor,u_trans,v_trans
26.0,46.0,30.927235,92.5,3.5405887e-05,-2.384717,0.9634875
28.0,46.0,28.199032,92.5,3.5282377e-05,-2.7251294,1.4489772
31.0,28.0,26.940071,96.5,3.484363e-05,-2.8757265,2.167016
33.0,9.0,26.319813,102.0,3.4293596e-05,-2.3985834,1.9423344
37.0,22.0,26.280766,113.0,3.376141e-05,-2.4969504,1.8141398
41.0,37.0,25.967266,125.0,3.330315e-05,-2.841046,1.2059529
50.0,28.0,23.485672,140.5,3.3018005e-05,-3.522114,0.74864763
59.0,19.0,21.183147,157.5,3.280731e-05,-3.522114,0.74864763
63.0,19.0,20.699726,167.5,3.2540553e-05,-2.9947207,0.7466679
