Vmax,Rmax_IBT,Rmax_CK22,R34,fcor,u_trans,v_trans
28.0,46.0,73.4206,241.0,3.9918225e-05,-3.1493306,-1.7457025
28.0,46.0,73.40346,241.0,4.0444127e-05,-2.837469,-2.216874
28.0,46.0,67.91074,222.0,4.089613e-05,-2.501326,-2.5901988
28.0,46.0,62.335976,204.0,4.142137e-05,-2.2660568,-2.7983472
28.0,39.0,55.53781,181.25,4.2152755e-05,-2.3623376,-2.7175581
28.0,31.0,48.870087,160.0,4.288343e-05,-2.6759155,-2.409406
29.0,31.0,67.83305,232.5,4.3405616e-05,-3.4898872,-2.1807244
31.0,31.0,81.96326,305.5,4.385554e-05,-4.699278,-2.0922532
32.0,31.0,78.0686,305.5,4.4395434e-05,-5.9030776,-1.8047534
33.0,31.0,72.677124,305.5,4.4825505e-05,-6.5410686,-1.3903486
36.0,26.0,64.75208,305.5,4.5055374e-05,-6.126789,-0.7522766
39.0,22.0,57.93563,305.5,4.506766e-05,-6.6861815,0.116707146
41.0,22.0,49.709816,285.0,4.4843364e-05,-6.126789,0.75227386
44.0,22.0,42.738327,264.0,4.458322e-05,-5.603333,0.7874981
49.0,20.0,32.795692,231.75,4.449185e-05,-5.1369505,0.26921716
54.0,19.0,25.442314,199.25,4.458322e-05,-4.584545,-0.6443165
55.0,20.0,26.904617,237.25,4.4855522e-05,-4.350401,-1.5834161
57.0,22.0,26.414085,275.75,4.5309676e-05,-4.087694,-2.173466
59.0,24.0,24.409554,289.25,4.585943e-05,-3.8827093,-2.5214612
