Vmax,Rmax_IBT,Rmax_CK22,R34,fcor,u_trans,v_trans
31.0,37.0,41.410736,148.0,2.7827968e-05,-6.126789,0.75227386
32.0,37.0,40.669827,150.5,2.7915214e-05,-5.627403,0.59146327
33.0,37.0,39.32248,152.75,2.807779e-05,-5.5887356,0.8851692
33.0,37.0,38.614784,150.0,2.828947e-05,-6.0379095,1.283396
33.0,37.0,38.138214,148.25,2.857718e-05,-6.0379095,1.283396
33.0,37.0,36.496178,141.75,2.8932318e-05,-6.541069,1.3903457
33.0,37.0,35.203136,136.5,2.9325609e-05,-7.518239,1.7357235
37.0,31.0,32.8227,141.75,2.9718667e-05,-8.019455,1.8514384
41.0,28.0,30.614964,148.25,3.0073232e-05,-6.515807,1.5042937
