Vmax,Rmax_IBT,Rmax_CK22,R34,fcor,u_trans,v_trans
47.0,22.0,35.65994,223.75,3.654523e-05,-3.3616366,1.2904108
51.0,9.0,29.262222,199.0,3.67623e-05,-5.2085843,2.2109134
50.0,13.0,37.65874,279.75,3.7236136e-05,-7.4530835,1.9970473
49.0,19.0,43.428818,361.0,3.7746686e-05,-8.105362,1.4291939
45.0,19.0,50.861725,357.25,3.806784e-05,-8.711524,0.7621595
41.0,19.0,58.795815,354.25,3.8238195e-05,-7.7113,0.2692831
40.0,22.0,60.96519,340.75,3.827319e-05,-5.654953,-0.19747682
39.0,28.0,61.91174,328.75,3.8238195e-05,-5.654953,-0.19747682
39.0,28.0,61.166252,322.75,3.8219823e-05,-5.6584,6.7475746e-08
39.0,28.0,60.471176,317.25,3.8238195e-05,-5.1432166,-0.08977461
39.0,41.0,51.231094,260.5,3.8342012e-05,-4.62678,0.16156985
39.0,28.0,51.567875,254.75,3.872924e-05,-5.093939,0.7159074
40.0,19.0,49.642532,254.75,3.8870254e-05,-5.6506453,0.29613888
41.0,9.0,46.954105,254.75,3.897458e-05,-5.1369505,0.26921716
49.0,19.0,35.831753,250.75,3.899257e-05,-5.1314692,0.3588278
