Vmax,Rmax_IBT,Rmax_CK22,R34,fcor,u_trans,v_trans
19.0,37.0,24.345903,56.0,3.8379247e-05,-2.0099206,4.735077
21.0,37.0,22.668777,56.0,3.9219805e-05,-1.6591008,4.322104
22.0,46.0,21.677652,56.0,3.999147e-05,-1.1723053,3.4046235
36.0,41.0,24.53208,103.25,4.385556e-05,0.8695794,1.8648188
39.0,37.0,24.860336,113.5,4.4340795e-05,0.3218796,2.0322676
42.0,37.0,24.470284,124.75,4.4740693e-05,-0.4511881,1.4757695
46.0,37.0,23.716364,136.75,4.506766e-05,-0.9070703,1.248475
47.0,37.0,23.0659,136.75,4.530972e-05,-0.9919501,1.1821597
49.0,37.0,22.148272,136.75,4.5551555e-05,-0.5278058,1.4501336
51.0,41.0,20.739763,136.75,4.589597e-05,-0.21507816,2.0463283
54.0,46.0,19.455118,136.75,4.627635e-05,-0.50241655,1.4591243
55.0,46.0,19.098892,137.5,4.663819e-05,-0.9070703,1.248475
