Vmax,Rmax_IBT,Rmax_CK22,R34,fcor,u_trans,v_trans
36.0,46.0,40.53853,173.5,3.700857e-05,-0.33494443,-0.97274953
37.0,46.0,44.196,197.75,3.716858e-05,-0.41845053,-0.93985564
39.0,46.0,46.625454,222.5,3.7254722e-05,-0.36868888,-0.9604676
39.0,46.0,46.606525,222.5,3.7377755e-05,-0.55303335,-1.4407014
39.0,46.0,46.58745,222.5,3.7500762e-05,-0.4987722,-0.8998087
39.0,46.0,46.58275,222.5,3.7531503e-05,-0.5752977,-0.85291386
39.0,46.0,46.549545,222.5,3.7746686e-05,-0.5278055,-1.4501337
37.0,46.0,48.962242,222.5,3.8391707e-05,-0.3218794,-2.0322676
36.0,46.0,50.648438,222.5,3.9219805e-05,-0.044887558,-2.5716083
36.0,46.0,50.55314,222.5,3.9973107e-05,0.17941363,-2.5657349
36.0,46.0,50.462227,222.5,4.0688625e-05,0.4023494,-2.5403345
