Vmax,Rmax_IBT,Rmax_CK22,R34,fcor,u_trans,v_trans
42.0,37.0,33.11621,167.75,3.257751e-05,-8.163975,3.1338549
46.0,37.0,32.949936,189.75,3.330315e-05,-8.108039,3.2758577
46.0,37.0,32.829315,189.75,3.4045075e-05,-7.5761228,3.2158742
46.0,37.0,32.70855,189.75,3.47882e-05,-7.5761228,3.2158742
46.0,37.0,31.891521,184.75,3.5509933e-05,-8.108039,3.2758577
46.0,37.0,31.168161,180.5,3.626943e-05,-8.584982,3.468555
46.0,46.0,31.049911,180.5,3.707605e-05,-9.538868,3.85395
46.0,37.0,32.24414,194.5,4.1177245e-05,-7.8707714,2.406334
46.0,37.0,32.15582,194.5,4.169999e-05,-8.12907,1.2875189
46.0,37.0,32.079315,194.5,4.2152973e-05,-8.185313,0.8603102
50.0,30.0,29.387362,199.0,4.2433345e-05,-7.6737313,0.80654085
54.0,22.0,26.584484,203.5,4.2640077e-05,-6.5643377,1.2759771
59.0,26.0,24.198244,221.0,4.2882435e-05,-5.9336767,1.7014533
64.0,31.0,21.789806,241.0,4.3126656e-05,-5.5347505,1.1764463
68.0,30.0,19.691418,241.0,4.336937e-05,-5.6162233,0.6895844
