Vmax,Rmax_IBT,Rmax_CK22,R34,fcor,u_trans,v_trans
28.0,19.0,45.334183,148.0,4.2640077e-05,-6.5856066,-1.1612198
28.0,19.0,40.928078,133.75,4.3004355e-05,-5.5133758,-1.2728637
28.0,19.0,36.799286,120.5,4.3369746e-05,-6.1127267,-0.85908866
28.0,19.0,40.220985,131.5,4.3527078e-05,-6.6709104,-0.46647593
28.0,19.0,43.92558,143.5,4.3612705e-05,-6.661753,-0.5828276
28.0,19.0,43.926178,143.5,4.373415e-05,-6.126789,-0.7522766
28.0,19.0,43.926758,143.5,4.385554e-05,-5.6162233,-0.6895869
28.0,22.0,48.04476,156.75,4.3976466e-05,-4.6042385,-0.48392436
28.0,28.0,52.413326,171.25,4.409823e-05,-3.5810745,-0.37638563
31.0,31.0,49.918518,180.5,4.425555e-05,-2.562213,-0.22416449
33.0,37.0,47.573334,190.0,4.4340795e-05,-3.08593,0.053864837
33.0,31.0,42.20283,167.0,4.4237815e-05,-3.5958652,0.188452
33.0,28.0,37.061398,146.0,4.409823e-05,-3.08593,0.053864837
34.0,28.0,37.31617,152.5,4.4043514e-05,-2.0375755,-0.2863629
36.0,28.0,37.051937,159.75,4.409823e-05,-0.8427437,-0.59009534
