Vmax,Rmax_IBT,Rmax_CK22,R34,fcor,u_trans,v_trans
26.0,41.0,19.985504,60.25,3.842849e-05,-2.143994,2.2201698
28.0,37.0,21.116684,69.5,3.897458e-05,-1.9839002,2.3643193
32.0,31.0,18.211954,67.25,3.9587423e-05,-1.9001774,2.4321167
36.0,28.0,15.6672945,65.0,4.0199502e-05,-1.8141406,2.49695
40.0,22.0,16.754578,76.25,4.070688e-05,-1.5117838,2.0807917
44.0,19.0,17.327587,88.25,4.1177245e-05,-1.5834811,2.026764
47.0,19.0,17.081472,95.0,4.1610485e-05,-1.5117838,2.0807917
51.0,19.0,16.57452,101.75,4.2152973e-05,-1.2553515,2.819567
57.0,19.0,16.216516,113.25,4.300505e-05,-0.93195647,3.4781055
62.0,19.0,15.645308,125.25,4.385554e-05,-0.42954382,3.0563633
