Vmax,Rmax_IBT,Rmax_CK22,R34,fcor,u_trans,v_trans
26.0,37.0,52.339012,155.0,3.4256507e-05,0.85559785,-4.0252733
26.0,37.0,59.59298,176.0,3.5282377e-05,0.35882726,-5.1314697
28.0,37.0,50.146606,164.0,3.6355716e-05,-0.39470965,-5.6446166
31.0,37.0,42.572033,153.0,3.7500762e-05,-0.89324653,-5.065851
31.0,37.0,44.321373,159.5,3.8673737e-05,-1.430625,-4.4030113
31.0,37.0,46.301735,166.5,3.995476e-05,-2.5107033,-5.6391335
32.0,37.0,44.56993,166.5,4.1256204e-05,-3.6224422,-6.812824
33.0,37.0,42.12349,166.5,4.288343e-05,-4.8867993,-8.464186
34.0,37.0,38.85411,159.0,4.5151475e-05,-6.0406265,-8.955596
36.0,37.0,35.36367,152.75,4.748151e-05,-8.218642,-8.510653
37.0,41.0,34.066334,152.75,4.9287984e-05,-9.859633,-7.4297695
