Vmax,Rmax_IBT,Rmax_CK22,R34,fcor,u_trans,v_trans
29.0,37.0,32.032246,108.75,3.945871e-05,0.0,0.5144
31.0,37.0,29.76015,106.5,3.9464914e-05,-0.9287209,1.2324544
32.0,31.0,35.026443,130.25,3.9985167e-05,-1.9001774,2.4321167
33.0,28.0,39.332012,155.0,4.0688625e-05,-3.1057816,2.6998134
36.0,28.0,37.940292,163.75,4.126906e-05,-4.087694,2.173466
39.0,28.0,36.684425,173.5,4.1665367e-05,-4.0252733,0.8555973
52.0,22.0,26.315773,190.25,4.166536e-05,-3.6008,4.293911e-08
67.0,19.0,19.307705,208.5,4.1665367e-05,-2.4318738,0.83736134
72.0,19.0,17.014137,210.5,4.209778e-05,-2.143994,2.2201698
