Vmax,Rmax_IBT,Rmax_CK22,R34,fcor,u_trans,v_trans
28.0,41.0,53.007427,173.25,3.8237973e-05,-3.7002842,3.5733225
31.0,37.0,55.157486,199.0,3.897458e-05,-3.7002842,3.5733225
31.0,41.0,59.956734,217.25,3.9569128e-05,-3.215991,3.3302548
31.0,46.0,64.90148,236.25,4.0199502e-05,-2.476589,3.286545
31.0,46.0,64.84276,236.25,4.10549e-05,-2.119485,3.5274146
31.0,46.0,64.782974,236.25,4.1909232e-05,-1.9611359,3.019885
32.0,46.0,62.07912,236.25,4.2518237e-05,-2.1670153,2.875727
33.0,46.0,58.304623,236.25,4.3126656e-05,-2.0653346,2.9496024
37.0,37.0,54.534863,257.25,4.397689e-05,-2.3011916,3.411655
41.0,28.0,49.394897,277.5,4.4825505e-05,-2.4094055,2.675916
42.0,28.0,51.185585,310.5,4.5430665e-05,-2.590199,2.5013258
44.0,28.0,50.909763,342.75,4.6034886e-05,-1.9081333,3.0536516
49.0,22.0,40.744762,342.75,4.684284e-05,-1.5415812,3.815547
54.0,19.0,32.714214,342.75,4.7722115e-05,-2.5888405,3.8381116
55.0,20.0,31.085493,345.0,4.8545433e-05,-3.508199,3.7620838
