Vmax,Rmax_IBT,Rmax_CK22,R34,fcor,u_trans,v_trans
26.0,46.0,35.966274,108.25,2.7809227e-05,0.0,0.5144
28.0,46.0,34.534805,113.25,2.807779e-05,1.0098981,-0.19630432
31.0,41.0,34.578865,123.5,2.830877e-05,1.6646334,-1.2094269
33.0,37.0,34.642586,134.5,2.857718e-05,1.8501421,-1.7866611
37.0,28.0,35.327713,152.5,2.8914104e-05,1.5117837,-2.0807917
41.0,19.0,35.07273,171.5,2.9325609e-05,1.1676638,-2.2916687
41.0,19.0,35.02537,171.5,2.9786706e-05,0.9217223,-2.401169
41.0,19.0,34.97009,171.5,3.0322259e-05,1.0049605,-2.3675385
42.0,19.0,37.211586,189.5,3.0963063e-05,0.99754417,-1.7996175
44.0,19.0,38.572426,208.5,3.156599e-05,1.1505955,-1.7058276
45.0,19.0,37.417572,208.5,3.1957163e-05,1.2948899,-1.5990553
46.0,19.0,35.808968,208.5,3.231108e-05,1.7540997,-1.8810418
52.0,19.0,30.384754,207.75,3.277018e-05,2.1439939,-2.2201703
