Vmax,Rmax_IBT,Rmax_CK22,R34,fcor,u_trans,v_trans
24.0,28.0,15.195749,43.5,3.3513206e-05,-7.6409082,-1.0738609
26.0,28.0,19.945446,60.5,3.3798577e-05,-8.169052,-1.0030354
28.0,31.0,26.767681,88.0,3.3940283e-05,-8.185313,-0.86030996
31.0,37.0,32.360817,115.5,3.404614e-05,-8.210351,-0.5741242
32.0,37.0,33.7828,125.0,3.420593e-05,-8.229147,-0.14363937
33.0,37.0,34.50791,134.5,3.4293596e-05,-8.744801,1.042807e-07
36.0,37.0,34.02944,143.5,3.4188277e-05,-9.25779,0.16159451
39.0,37.0,33.496754,152.5,3.404614e-05,-8.723498,0.6100073
42.0,37.0,31.990017,162.0,3.3989476e-05,-8.732816,0.4576692
46.0,37.0,30.135063,171.5,3.404614e-05,-10.8007555,-0.18852669
46.0,33.0,33.366653,193.5,3.4144443e-05,-11.829398,-0.20648159
46.0,31.0,35.048218,205.5,3.421861e-05,-10.248852,-0.89665794
46.0,28.0,39.672928,241.0,3.454095e-05,-9.625117,-1.6971673
47.0,28.0,40.98688,263.0,3.5016095e-05,-9.560022,-2.0320477
49.0,28.0,41.38774,287.0,3.5529305e-05,-9.089083,-1.7667373
50.0,28.0,41.587173,305.5,3.586153e-05,-8.611948,-1.5185183
51.0,28.0,40.777,324.0,3.626943e-05,-8.485043,-2.115559
57.0,28.0,34.8363,338.0,3.691519e-05,-8.316799,-2.7022932
62.0,28.0,29.422363,351.5,3.7746686e-05,-7.9887724,-3.556831
