Vmax,Rmax_IBT,Rmax_CK22,R34,fcor,u_trans,v_trans
28.0,37.0,38.867775,127.0,3.421201e-05,0.071820356,-4.1145735
28.0,37.0,38.877525,127.0,3.5282377e-05,0.56328917,-3.5564682
28.0,37.0,39.73847,130.0,3.5955152e-05,1.3043692,-2.7972283
28.0,37.0,41.026264,134.5,3.651592e-05,1.2553518,-2.8195667
29.0,41.0,37.628914,127.75,3.7254358e-05,1.5784868,-3.2363777
31.0,46.0,34.26297,122.5,3.7992504e-05,2.4094057,-2.6759157
31.0,41.0,32.590622,116.75,3.860532e-05,3.9261231,-2.4533148
31.0,37.0,31.045006,111.0,3.9219805e-05,6.629108,-2.8138895
33.0,37.0,29.85598,116.0,3.9808583e-05,8.523139,-3.617858
36.0,37.0,29.053894,123.0,4.0688625e-05,9.083765,-4.8299236
40.0,28.0,27.665724,130.5,4.2109612e-05,9.27018,-6.4910507
44.0,19.0,25.967289,138.75,4.385554e-05,9.3231125,-7.284014
