Vmax,Rmax_IBT,Rmax_CK22,R34,fcor,u_trans,v_trans
31.0,37.0,61.89239,222.0,2.7059077e-05,-3.0864,3.6804952e-08
33.0,37.0,56.66187,222.0,2.707799e-05,-3.0845199,-0.10771463
36.0,37.0,52.12709,222.0,2.718409e-05,-3.5920286,-0.25117934
39.0,37.0,48.15675,222.0,2.7328068e-05,-3.587098,-0.3138303
42.0,41.0,44.974693,232.0,2.741531e-05,-3.5657573,-0.50113505
46.0,46.0,41.48242,241.0,2.7578055e-05,-3.9557843,-1.1343023
47.0,46.0,39.90419,238.5,2.791538e-05,-3.8418703,-1.4747552
49.0,46.0,37.75206,236.0,2.8327528e-05,-4.322104,-1.6590996
55.0,46.0,32.222668,236.0,2.8720744e-05,-4.892235,-1.5895841
62.0,46.0,27.474464,236.0,2.9076216e-05,-5.01216,-1.1571488
70.0,46.0,22.688969,236.0,2.934425e-05,-4.559266,-0.8039214
